0.427327 0 6 10000.000000
0.953030 0 19 30000.000000
1.055893 0 12 10000.000000
1.225480 0 2 10000.000000
1.776734 0 2 5000000.000000
1.902967 0 7 2000000.000000
2.010860 0 6 1000000.000000
2.033662 0 1 10000.000000
2.614260 0 16 5000000.000000
2.676195 0 9 80000.000000
2.685528 0 14 2000000.000000
2.739176 0 6 5000000.000000
3.134643 0 4 2000000.000000
3.428651 0 6 30000.000000
3.642377 0 26 2000000.000000
3.681538 0 19 80000.000000
4.217915 0 5 10000.000000
4.427937 0 1 2000000.000000
4.651600 0 13 10000000.000000
5.115987 0 18 200000.000000
5.727463 0 16 5000000.000000
5.727711 0 10 2000000.000000
5.884063 0 4 10000000.000000
6.005011 0 25 10000.000000
6.166314 0 1 30000.000000
6.563657 0 15 1000000.000000
6.756025 0 7 5000000.000000
6.769617 0 10 2000000.000000
6.788110 0 22 50000.000000
6.936285 0 26 80000.000000
7.216695 0 8 2000000.000000
7.833542 0 5 10000000.000000
7.957521 0 8 30000.000000
8.006635 0 25 50000.000000
8.038286 0 14 200000.000000
8.241475 0 15 30000000.000000
8.569633 0 15 1000000.000000
8.621244 0 15 80000.000000
8.750073 0 4 80000.000000
9.043297 0 2 80000.000000
9.076408 0 10 30000.000000
10.015193 0 22 2000000.000000
10.346995 0 0 2000000.000000
11.439683 0 18 50000.000000
11.464768 0 26 20000.000000
12.157936 0 6 30000.000000
12.734495 0 14 5000000.000000
12.936856 0 0 30000.000000
13.678602 0 6 5000000.000000
13.813702 0 10 80000.000000
13.897024 0 15 10000.000000
14.082390 0 24 80000.000000
14.298160 0 2 20000.000000
14.477429 0 0 50000.000000
14.805610 0 16 30000000.000000
14.889658 0 1 10000000.000000
15.774027 0 24 10000000.000000
15.792115 0 22 50000.000000
16.081918 0 6 5000000.000000
16.262258 0 9 50000.000000
16.274308 0 9 200000.000000
16.663677 0 3 200000.000000
16.792220 0 15 1000000.000000
17.507063 0 23 1000000.000000
17.532972 0 1 10000.000000
17.758776 0 15 200000.000000
17.908661 0 21 10000.000000
18.182090 0 24 30000.000000
18.384415 0 3 50000.000000
18.590109 0 8 80000.000000
18.964037 0 5 80000.000000
19.671164 0 13 1000000.000000
19.691746 0 22 20000.000000
20.460441 0 17 10000.000000
21.284665 0 11 30000.000000
21.711196 0 23 1000000.000000
22.019733 0 4 10000000.000000
22.150566 0 22 2000000.000000
22.835007 0 2 10000.000000
23.081673 0 3 2000000.000000
23.264329 0 15 1000000.000000
23.337656 0 25 1000000.000000
23.896057 0 8 5000000.000000
23.957106 0 11 80000.000000
23.962733 0 26 30000000.000000
24.443481 0 25 10000.000000
25.319489 0 17 30000.000000
25.498826 0 12 30000.000000
26.355005 0 9 30000.000000
26.587912 0 3 200000.000000
26.653839 0 7 2000000.000000
27.297363 0 19 5000000.000000
27.544199 0 26 10000000.000000
28.087378 0 8 5000000.000000
28.659581 0 23 20000.000000
29.000126 0 10 10000.000000
29.550145 0 18 80000.000000
0.695907 1 25 10000.000000
0.701840 1 10 10000.000000
0.923755 1 17 30000000.000000
1.109562 1 17 50000.000000
1.323448 1 7 80000.000000
1.449405 1 5 5000000.000000
1.708072 1 9 20000.000000
2.029298 1 11 10000.000000
3.225189 1 12 20000.000000
3.357474 1 1 10000.000000
3.436208 1 7 10000.000000
3.495283 1 25 10000.000000
4.193334 1 6 50000.000000
4.259105 1 16 10000.000000
4.366315 1 10 1000000.000000
4.594683 1 4 200000.000000
4.852586 1 13 50000.000000
4.894660 1 23 30000.000000
4.945774 1 1 20000.000000
5.400367 1 23 10000000.000000
6.161725 1 26 50000.000000
7.072975 1 17 5000000.000000
7.624604 1 4 10000.000000
7.888605 1 26 50000.000000
8.765540 1 25 50000.000000
8.928785 1 0 2000000.000000
9.733388 1 5 5000000.000000
9.962425 1 0 10000.000000
10.044966 1 24 20000.000000
10.409958 1 7 20000.000000
10.649799 1 13 30000.000000
10.698173 1 20 200000.000000
10.879090 1 3 10000000.000000
11.237024 1 18 10000000.000000
11.389474 1 8 10000000.000000
11.638815 1 1 30000.000000
11.687953 1 21 2000000.000000
12.493390 1 21 30000.000000
12.549696 1 26 200000.000000
13.134165 1 21 80000.000000
13.482605 1 26 200000.000000
13.894330 1 8 10000.000000
14.013086 1 13 10000.000000
14.774668 1 11 10000.000000
14.841569 1 25 30000.000000
14.944769 1 22 10000.000000
16.332061 1 7 10000.000000
17.059231 1 16 20000.000000
17.061250 1 10 10000000.000000
17.219783 1 3 200000.000000
17.385093 1 0 80000.000000
18.682980 1 3 1000000.000000
19.236157 1 1 80000.000000
19.248739 1 26 10000.000000
19.312654 1 24 1000000.000000
19.868687 1 14 80000.000000
20.145229 1 8 5000000.000000
21.296460 1 6 200000.000000
21.615510 1 4 20000.000000
22.026110 1 4 2000000.000000
22.159035 1 13 80000.000000
22.890958 1 7 200000.000000
23.158557 1 19 200000.000000
24.742819 1 19 10000.000000
25.608362 1 20 50000.000000
25.724168 1 25 80000.000000
25.772711 1 5 80000.000000
26.108865 1 4 20000.000000
27.067125 1 5 10000.000000
27.324739 1 23 80000.000000
27.353049 1 1 50000.000000
27.394335 1 3 10000000.000000
27.510860 1 21 10000.000000
28.114064 1 3 1000000.000000
28.526439 1 5 20000.000000
29.025318 1 5 2000000.000000
29.121198 1 22 50000.000000
29.269698 1 1 2000000.000000
29.345948 1 25 10000.000000
0.259209 2 22 200000.000000
0.290070 2 5 80000.000000
1.208961 2 1 10000000.000000
1.405403 2 12 30000.000000
2.537796 2 22 50000.000000
2.582122 2 25 5000000.000000
3.208744 2 13 10000.000000
3.271508 2 17 30000.000000
3.328804 2 9 5000000.000000
3.374547 2 4 10000.000000
3.676052 2 26 200000.000000
3.974647 2 25 200000.000000
4.380612 2 18 10000000.000000
4.466794 2 22 2000000.000000
4.755441 2 13 10000000.000000
5.915263 2 13 200000.000000
5.916112 2 12 10000000.000000
6.793214 2 3 1000000.000000
6.843463 2 23 80000.000000
6.946690 2 8 80000.000000
7.260456 2 10 30000.000000
7.842460 2 25 10000.000000
7.844144 2 21 30000000.000000
7.886472 2 1 10000.000000
8.215350 2 5 1000000.000000
8.517872 2 21 10000000.000000
8.832772 2 5 10000000.000000
9.084189 2 2 2000000.000000
9.427719 2 1 80000.000000
9.466615 2 4 1000000.000000
9.579522 2 19 10000000.000000
9.726242 2 13 80000.000000
10.433367 2 15 2000000.000000
10.781381 2 23 5000000.000000
11.014066 2 20 200000.000000
11.794940 2 19 80000.000000
11.921944 2 15 1000000.000000
12.238918 2 4 5000000.000000
13.459990 2 0 80000.000000
14.140766 2 7 10000.000000
14.171700 2 16 80000.000000
14.339321 2 14 80000.000000
14.903056 2 9 10000.000000
14.911414 2 6 5000000.000000
15.546258 2 3 5000000.000000
16.730185 2 3 80000.000000
16.861961 2 18 2000000.000000
17.254885 2 5 30000.000000
17.913690 2 21 20000.000000
18.453421 2 22 2000000.000000
18.990725 2 26 80000.000000
19.392441 2 22 20000.000000
19.455104 2 10 5000000.000000
19.959249 2 1 30000000.000000
19.962701 2 10 5000000.000000
20.066503 2 4 10000.000000
20.498708 2 25 1000000.000000
20.531453 2 10 50000.000000
21.020094 2 12 80000.000000
21.127256 2 23 80000.000000
21.250374 2 16 30000.000000
21.414666 2 0 10000.000000
22.215267 2 5 10000000.000000
22.750486 2 18 200000.000000
22.912348 2 11 10000.000000
23.590205 2 3 10000000.000000
24.464311 2 17 80000.000000
26.137150 2 13 5000000.000000
27.075120 2 3 20000.000000
27.471478 2 26 5000000.000000
28.520372 2 23 10000000.000000
29.026408 2 1 80000.000000
29.237259 2 26 1000000.000000
29.284023 2 7 10000.000000
29.288951 2 6 10000000.000000
29.360330 2 1 5000000.000000
29.693924 2 19 5000000.000000
29.901038 2 24 30000.000000
0.491414 3 23 5000000.000000
1.334919 3 23 200000.000000
1.537208 3 18 10000.000000
1.896118 3 7 80000.000000
1.961182 3 14 30000.000000
2.401451 3 25 10000.000000
2.451702 3 8 30000.000000
3.591247 3 19 10000000.000000
3.891742 3 6 50000.000000
4.184133 3 5 80000.000000
4.649856 3 26 20000.000000
4.697455 3 7 10000.000000
5.393576 3 5 5000000.000000
6.360212 3 21 80000.000000
6.641398 3 14 10000000.000000
6.786773 3 21 20000.000000
6.820450 3 7 10000.000000
6.953895 3 23 2000000.000000
7.025903 3 6 30000.000000
7.046221 3 23 10000000.000000
7.311196 3 12 1000000.000000
7.319298 3 26 10000000.000000
7.418120 3 25 80000.000000
7.455302 3 4 20000.000000
8.096806 3 5 5000000.000000
8.682308 3 26 30000.000000
8.700355 3 26 10000.000000
8.722958 3 14 30000.000000
8.975253 3 19 2000000.000000
9.022344 3 17 2000000.000000
9.298396 3 0 80000.000000
9.481420 3 6 10000.000000
9.618538 3 7 1000000.000000
10.149314 3 11 50000.000000
10.366469 3 21 200000.000000
11.519423 3 11 80000.000000
11.811814 3 7 5000000.000000
12.323749 3 6 2000000.000000
12.484191 3 6 50000.000000
12.834484 3 10 10000.000000
12.958864 3 24 10000.000000
12.959422 3 21 50000.000000
12.988373 3 5 30000.000000
14.082081 3 6 1000000.000000
14.227658 3 6 50000.000000
14.583774 3 20 30000.000000
14.692597 3 13 10000000.000000
14.970188 3 19 10000000.000000
15.708245 3 7 200000.000000
15.800580 3 22 200000.000000
15.855926 3 5 20000.000000
16.223965 3 25 30000000.000000
16.412862 3 21 10000.000000
16.420258 3 7 50000.000000
16.670531 3 19 2000000.000000
17.204763 3 16 30000.000000
17.272622 3 4 80000.000000
17.471665 3 17 200000.000000
17.610247 3 24 1000000.000000
18.462207 3 12 10000.000000
18.730886 3 9 2000000.000000
18.868457 3 15 50000.000000
18.894252 3 10 1000000.000000
19.206110 3 4 30000.000000
19.228339 3 16 10000.000000
19.351494 3 9 80000.000000
20.291439 3 10 80000.000000
20.796343 3 23 30000.000000
20.960350 3 16 30000.000000
22.416187 3 20 30000000.000000
22.550965 3 25 30000.000000
22.577675 3 13 2000000.000000
22.681591 3 9 30000.000000
23.488642 3 17 50000.000000
23.519721 3 5 1000000.000000
23.978357 3 25 10000000.000000
24.321652 3 23 5000000.000000
24.526068 3 14 10000.000000
24.773137 3 0 10000000.000000
25.289751 3 14 50000.000000
25.455173 3 22 10000.000000
25.695613 3 16 30000.000000
25.767193 3 8 50000.000000
25.851540 3 25 1000000.000000
26.391653 3 20 30000.000000
26.937802 3 21 10000.000000
27.470537 3 5 5000000.000000
28.257839 3 25 2000000.000000
28.583750 3 15 1000000.000000
28.593989 3 25 80000.000000
29.125910 3 22 10000.000000
29.992755 3 23 2000000.000000
0.719930 4 16 1000000.000000
2.469979 4 15 1000000.000000
2.633950 4 17 10000.000000
3.128744 4 21 30000.000000
3.366239 4 14 5000000.000000
4.748356 4 22 2000000.000000
4.832286 4 11 80000.000000
4.845089 4 8 2000000.000000
5.135666 4 16 10000.000000
5.644411 4 0 50000.000000
5.699834 4 25 200000.000000
6.153003 4 14 80000.000000
7.457296 4 19 1000000.000000
7.474809 4 12 10000.000000
7.508353 4 15 80000.000000
8.476075 4 23 5000000.000000
8.955336 4 8 10000.000000
9.101365 4 20 80000.000000
9.118629 4 2 10000000.000000
9.536180 4 16 50000.000000
10.228216 4 25 20000.000000
10.543849 4 16 80000.000000
10.906397 4 21 1000000.000000
11.520838 4 3 30000000.000000
11.537381 4 15 30000000.000000
11.830813 4 10 10000.000000
12.114058 4 7 5000000.000000
12.550169 4 4 80000.000000
13.577314 4 16 1000000.000000
14.502476 4 20 30000.000000
14.957065 4 14 30000000.000000
15.016916 4 8 10000.000000
15.840944 4 5 200000.000000
16.063704 4 25 5000000.000000
16.306489 4 4 20000.000000
16.625556 4 1 5000000.000000
16.648754 4 26 10000000.000000
17.226088 4 1 200000.000000
17.240699 4 14 10000.000000
18.409281 4 8 5000000.000000
18.563463 4 1 5000000.000000
19.087804 4 4 30000.000000
19.183754 4 6 10000.000000
19.238625 4 14 1000000.000000
19.278092 4 14 30000.000000
20.136598 4 26 10000.000000
20.182060 4 12 1000000.000000
20.933287 4 1 10000000.000000
21.571777 4 24 1000000.000000
22.199638 4 2 30000.000000
22.237965 4 3 10000.000000
22.362083 4 20 1000000.000000
22.590291 4 9 200000.000000
22.917041 4 11 1000000.000000
23.015635 4 19 5000000.000000
24.090412 4 14 80000.000000
24.197250 4 0 50000.000000
24.688891 4 7 50000.000000
24.817593 4 20 50000.000000
25.476070 4 6 30000.000000
25.724648 4 17 10000.000000
25.750660 4 13 30000000.000000
26.047617 4 17 10000.000000
26.256751 4 24 80000.000000
26.546253 4 19 1000000.000000
26.588399 4 5 80000.000000
26.600945 4 18 10000000.000000
26.909346 4 24 2000000.000000
27.626099 4 13 10000000.000000
27.702214 4 12 5000000.000000
28.667933 4 5 50000.000000
28.786329 4 3 30000000.000000
29.049094 4 11 80000.000000
29.382130 4 17 30000.000000
29.395338 4 5 10000.000000
29.686671 4 1 200000.000000
0.062140 5 18 80000.000000
0.513851 5 3 50000.000000
1.272949 5 7 80000.000000
2.001665 5 1 200000.000000
2.177531 5 16 10000.000000
2.382008 5 21 10000000.000000
2.993661 5 9 2000000.000000
3.487728 5 24 80000.000000
4.143300 5 20 200000.000000
4.304491 5 5 80000.000000
4.856038 5 14 10000.000000
5.053911 5 10 1000000.000000
5.452733 5 9 50000.000000
5.528452 5 4 10000000.000000
5.637127 5 13 10000.000000
5.767071 5 4 200000.000000
6.154031 5 25 200000.000000
7.253955 5 19 10000000.000000
7.552313 5 25 2000000.000000
7.802240 5 21 20000.000000
7.942555 5 16 1000000.000000
7.966849 5 11 50000.000000
8.030561 5 12 5000000.000000
8.817174 5 15 10000.000000
9.285820 5 8 30000.000000
9.596949 5 10 50000.000000
10.148126 5 7 10000.000000
10.406263 5 21 50000.000000
10.415998 5 9 200000.000000
10.435486 5 25 5000000.000000
10.533671 5 9 5000000.000000
11.247114 5 17 10000.000000
11.376708 5 26 50000.000000
11.448193 5 13 80000.000000
11.896821 5 18 200000.000000
12.275104 5 1 80000.000000
12.919492 5 2 2000000.000000
13.001245 5 11 10000.000000
13.294685 5 10 2000000.000000
13.846141 5 25 10000.000000
14.560934 5 8 2000000.000000
16.468505 5 14 5000000.000000
17.397281 5 17 10000.000000
17.473971 5 26 5000000.000000
17.574632 5 12 200000.000000
19.247233 5 12 10000.000000
19.459634 5 16 1000000.000000
19.626719 5 1 5000000.000000
19.798255 5 0 1000000.000000
19.832231 5 2 10000.000000
19.962627 5 1 5000000.000000
20.126012 5 15 5000000.000000
20.702089 5 4 10000.000000
21.364644 5 22 30000.000000
22.287898 5 3 1000000.000000
22.749026 5 22 2000000.000000
22.832497 5 7 2000000.000000
22.862935 5 5 5000000.000000
22.871076 5 23 30000.000000
23.557042 5 3 50000.000000
23.881828 5 18 50000.000000
24.770925 5 2 30000.000000
24.799646 5 6 20000.000000
25.063306 5 12 10000.000000
26.049405 5 12 50000.000000
26.220306 5 13 10000.000000
26.767824 5 17 50000.000000
28.325126 5 21 10000000.000000
29.123484 5 5 80000.000000
29.376064 5 14 200000.000000
29.481050 5 16 1000000.000000
29.708109 5 9 10000.000000
0.144960 6 8 50000.000000
0.655501 6 26 30000.000000
1.192532 6 24 1000000.000000
1.729135 6 1 80000.000000
1.991692 6 6 10000.000000
2.028869 6 12 80000.000000
2.209491 6 1 5000000.000000
2.294734 6 18 30000.000000
2.904572 6 11 2000000.000000
2.982770 6 5 10000.000000
3.043465 6 11 80000.000000
3.329313 6 1 5000000.000000
3.449636 6 21 5000000.000000
3.930425 6 14 200000.000000
3.968824 6 14 30000.000000
4.132243 6 1 80000.000000
4.288053 6 16 1000000.000000
4.531315 6 16 20000.000000
4.606407 6 8 5000000.000000
5.159643 6 18 30000.000000
5.271090 6 26 80000.000000
5.764734 6 0 5000000.000000
6.069751 6 6 5000000.000000
6.074815 6 3 10000.000000
6.522011 6 17 200000.000000
6.569904 6 24 1000000.000000
7.305543 6 23 50000.000000
7.444628 6 24 80000.000000
7.450564 6 3 80000.000000
7.555871 6 6 1000000.000000
7.753303 6 13 2000000.000000
7.771148 6 2 2000000.000000
7.839844 6 13 5000000.000000
8.056599 6 20 1000000.000000
8.176178 6 15 20000.000000
8.882135 6 24 30000.000000
8.994036 6 21 2000000.000000
10.005190 6 20 80000.000000
10.136492 6 21 50000.000000
10.300276 6 7 30000.000000
10.689663 6 20 50000.000000
10.745679 6 18 5000000.000000
11.183039 6 8 50000.000000
11.197713 6 12 5000000.000000
11.613131 6 16 5000000.000000
11.652201 6 7 10000.000000
11.798782 6 4 30000.000000
12.747920 6 9 10000.000000
12.832598 6 6 50000.000000
12.859582 6 0 5000000.000000
13.205062 6 19 2000000.000000
13.348527 6 14 1000000.000000
13.792172 6 11 30000.000000
14.004725 6 19 1000000.000000
14.331873 6 19 30000.000000
14.477356 6 22 80000.000000
15.018953 6 9 2000000.000000
15.446863 6 6 50000.000000
15.457945 6 18 30000.000000
15.726566 6 18 10000000.000000
16.433714 6 16 5000000.000000
16.779153 6 14 20000.000000
17.368586 6 24 50000.000000
17.425472 6 16 2000000.000000
17.658592 6 3 10000000.000000
17.815501 6 3 2000000.000000
18.017554 6 3 30000.000000
18.324089 6 3 30000.000000
18.402014 6 2 200000.000000
18.530861 6 25 1000000.000000
18.786132 6 11 50000.000000
19.112263 6 11 10000.000000
19.376493 6 12 10000.000000
19.575718 6 0 50000.000000
19.832143 6 14 30000.000000
19.990379 6 26 10000000.000000
20.511213 6 6 2000000.000000
20.670683 6 2 30000.000000
21.350697 6 14 5000000.000000
21.379027 6 23 50000.000000
21.683608 6 23 30000.000000
21.884220 6 18 10000.000000
22.485512 6 21 200000.000000
22.874195 6 20 200000.000000
23.141546 6 6 30000.000000
23.650377 6 22 200000.000000
24.575595 6 17 10000.000000
24.978393 6 5 5000000.000000
25.174912 6 1 200000.000000
25.281371 6 21 80000.000000
25.772151 6 13 10000000.000000
27.178317 6 8 80000.000000
27.613244 6 11 10000.000000
28.329525 6 12 80000.000000
28.444509 6 6 80000.000000
29.291469 6 20 50000.000000
29.418695 6 12 10000.000000
29.760958 6 8 2000000.000000
0.233681 7 12 2000000.000000
0.702274 7 7 30000.000000
0.728839 7 8 10000.000000
1.226708 7 3 30000.000000
1.492555 7 13 80000.000000
2.432112 7 16 30000.000000
2.455772 7 2 5000000.000000
2.825883 7 20 80000.000000
2.839073 7 19 50000.000000
3.087818 7 14 200000.000000
3.773557 7 17 30000.000000
4.138249 7 17 80000.000000
4.359099 7 13 5000000.000000
5.113303 7 4 10000000.000000
5.796795 7 12 5000000.000000
6.293683 7 10 80000.000000
6.407465 7 18 80000.000000
6.507166 7 20 20000.000000
6.538003 7 25 1000000.000000
6.618415 7 3 2000000.000000
6.764344 7 20 200000.000000
7.121134 7 15 30000.000000
7.121623 7 19 5000000.000000
7.255548 7 1 20000.000000
7.539311 7 15 30000.000000
7.735449 7 15 30000.000000
8.151065 7 19 5000000.000000
8.442351 7 6 30000.000000
8.446007 7 6 10000.000000
8.449473 7 20 10000.000000
8.891501 7 12 30000.000000
9.065494 7 20 10000.000000
9.837922 7 25 80000.000000
9.844623 7 20 50000.000000
10.650456 7 26 10000.000000
11.375527 7 24 30000.000000
11.402630 7 5 10000.000000
11.421984 7 4 10000.000000
12.037822 7 10 50000.000000
12.359717 7 26 50000.000000
12.820098 7 25 200000.000000
13.044429 7 19 10000.000000
14.595830 7 25 30000.000000
14.754422 7 23 2000000.000000
15.082477 7 25 10000000.000000
15.601069 7 0 80000.000000
15.812158 7 13 30000000.000000
17.439316 7 20 80000.000000
17.570317 7 23 1000000.000000
17.997744 7 24 200000.000000
18.211240 7 14 80000.000000
18.331814 7 3 10000.000000
18.777406 7 23 80000.000000
19.340357 7 23 2000000.000000
20.275794 7 18 50000.000000
20.275929 7 20 10000000.000000
20.360539 7 14 1000000.000000
20.845967 7 8 80000.000000
21.011380 7 15 5000000.000000
21.101960 7 22 10000000.000000
21.590689 7 15 200000.000000
22.015427 7 3 10000.000000
22.288105 7 21 50000.000000
22.375913 7 13 10000.000000
22.411065 7 14 80000.000000
22.754908 7 1 50000.000000
23.692873 7 10 10000.000000
23.696627 7 10 20000.000000
24.412200 7 18 30000000.000000
24.927593 7 17 80000.000000
26.947975 7 17 80000.000000
27.417559 7 26 50000.000000
27.619852 7 0 50000.000000
27.745171 7 23 20000.000000
28.134802 7 17 10000.000000
29.301333 7 8 10000.000000
29.704023 7 3 10000000.000000
0.265291 8 6 20000.000000
0.398232 8 12 20000.000000
0.654769 8 4 50000.000000
0.789067 8 9 5000000.000000
1.133205 8 16 1000000.000000
1.901217 8 16 200000.000000
2.555167 8 15 10000000.000000
3.012956 8 22 30000.000000
3.274811 8 16 80000.000000
4.119134 8 21 30000.000000
4.779649 8 12 80000.000000
5.038681 8 1 30000.000000
5.126835 8 15 5000000.000000
5.888117 8 15 30000.000000
6.138345 8 23 10000000.000000
6.917180 8 12 80000.000000
6.971498 8 22 10000.000000
7.094092 8 1 5000000.000000
7.181062 8 12 50000.000000
7.234130 8 10 10000.000000
7.406744 8 18 10000.000000
7.504477 8 18 10000000.000000
7.824209 8 22 50000.000000
8.243175 8 17 30000000.000000
8.248722 8 4 200000.000000
8.436921 8 6 2000000.000000
9.090247 8 10 50000.000000
9.368895 8 13 30000.000000
9.475913 8 15 2000000.000000
10.008857 8 16 1000000.000000
10.019638 8 10 2000000.000000
10.111978 8 3 5000000.000000
10.230805 8 4 50000.000000
10.553252 8 20 30000.000000
10.746255 8 3 10000.000000
11.228870 8 19 2000000.000000
12.035763 8 8 1000000.000000
12.134056 8 6 2000000.000000
12.733150 8 12 80000.000000
13.159389 8 10 50000.000000
13.195445 8 1 10000.000000
14.383899 8 11 10000.000000
14.510849 8 1 200000.000000
14.747080 8 5 1000000.000000
15.036598 8 16 5000000.000000
16.057274 8 17 1000000.000000
16.231139 8 12 80000.000000
16.248465 8 9 10000000.000000
16.858339 8 3 50000.000000
17.163686 8 23 10000.000000
17.425701 8 11 10000.000000
17.578019 8 6 10000.000000
17.961345 8 14 10000.000000
18.320292 8 2 5000000.000000
18.351146 8 14 1000000.000000
18.842110 8 21 10000.000000
18.929863 8 6 2000000.000000
19.485490 8 17 1000000.000000
19.653841 8 9 50000.000000
19.796222 8 24 20000.000000
20.307195 8 5 30000.000000
20.357239 8 18 50000.000000
20.670129 8 23 50000.000000
21.112642 8 13 10000.000000
21.203532 8 18 200000.000000
22.346076 8 11 200000.000000
22.535227 8 24 10000.000000
22.817531 8 1 200000.000000
22.935285 8 19 10000000.000000
23.306067 8 15 10000.000000
23.363594 8 20 10000.000000
24.298692 8 1 50000.000000
24.471681 8 10 30000.000000
24.539545 8 6 10000.000000
24.740655 8 18 10000000.000000
24.755334 8 22 50000.000000
25.432639 8 6 1000000.000000
27.049480 8 19 80000.000000
27.226951 8 2 200000.000000
27.246823 8 7 30000.000000
27.315350 8 14 2000000.000000
28.006599 8 1 50000.000000
28.260578 8 25 50000.000000
29.573220 8 16 10000.000000
0.657392 9 10 5000000.000000
1.026849 9 2 80000.000000
2.310153 9 20 50000.000000
2.377099 9 7 2000000.000000
2.491698 9 15 80000.000000
2.613034 9 11 2000000.000000
3.326008 9 22 10000.000000
4.157507 9 8 10000.000000
4.385166 9 8 80000.000000
4.477161 9 10 5000000.000000
4.515141 9 22 10000.000000
5.322343 9 19 20000.000000
5.788541 9 14 50000.000000
5.900022 9 15 5000000.000000
6.183202 9 1 1000000.000000
7.031332 9 18 10000.000000
7.123525 9 25 200000.000000
7.178716 9 20 80000.000000
7.259897 9 18 200000.000000
7.291717 9 21 200000.000000
7.594717 9 4 10000000.000000
8.345049 9 2 80000.000000
8.764802 9 0 80000.000000
10.398965 9 17 50000.000000
11.963202 9 0 10000000.000000
12.319892 9 23 10000.000000
12.483650 9 7 2000000.000000
12.484956 9 20 80000.000000
12.512233 9 15 5000000.000000
13.106331 9 22 5000000.000000
13.163615 9 2 20000.000000
13.273160 9 17 80000.000000
13.327779 9 12 2000000.000000
13.717926 9 8 10000.000000
14.439716 9 12 10000.000000
14.581234 9 0 5000000.000000
14.640000 9 13 200000.000000
14.751521 9 15 10000.000000
15.264636 9 2 30000.000000
15.271029 9 0 10000.000000
15.527819 9 22 30000.000000
15.651250 9 13 50000.000000
15.917999 9 17 5000000.000000
16.190920 9 1 10000.000000
16.364948 9 9 30000.000000
18.285932 9 11 1000000.000000
18.569315 9 26 10000.000000
19.045389 9 0 1000000.000000
19.511451 9 12 1000000.000000
19.848180 9 20 1000000.000000
20.682577 9 16 10000.000000
20.791789 9 2 20000.000000
21.132015 9 1 50000.000000
21.404435 9 4 20000.000000
21.559121 9 2 5000000.000000
22.194224 9 10 30000000.000000
22.260327 9 6 5000000.000000
22.279453 9 5 1000000.000000
22.448335 9 23 30000.000000
23.218422 9 18 80000.000000
23.925518 9 19 5000000.000000
23.993796 9 5 10000000.000000
24.927157 9 19 50000.000000
25.372871 9 23 2000000.000000
25.831907 9 3 80000.000000
25.851810 9 7 10000.000000
25.923938 9 15 30000000.000000
26.113703 9 10 80000.000000
26.244994 9 6 10000.000000
27.598410 9 8 10000.000000
27.742067 9 8 80000.000000
28.253774 9 5 10000.000000
28.407201 9 19 10000000.000000
28.677661 9 11 200000.000000
29.354431 9 6 80000.000000
29.565147 9 21 30000.000000
29.666455 9 9 1000000.000000
29.707246 9 21 50000.000000
29.776453 9 22 50000.000000
0.097417 10 22 10000000.000000
0.367843 10 23 200000.000000
1.197886 10 23 30000.000000
1.334859 10 2 50000.000000
1.450857 10 1 80000.000000
1.577314 10 10 30000000.000000
1.900986 10 5 80000.000000
1.911340 10 6 10000.000000
2.518043 10 22 50000.000000
2.935596 10 26 30000.000000
3.009752 10 4 50000.000000
3.319372 10 13 80000.000000
4.726358 10 8 1000000.000000
5.253451 10 3 50000.000000
5.469767 10 13 10000.000000
6.513174 10 8 10000.000000
6.688442 10 2 80000.000000
7.400224 10 0 1000000.000000
7.480029 10 6 50000.000000
7.650962 10 20 80000.000000
8.334447 10 4 10000.000000
8.677775 10 22 5000000.000000
9.163886 10 12 80000.000000
9.346837 10 25 20000.000000
9.905991 10 6 10000.000000
10.067901 10 19 5000000.000000
10.193507 10 18 2000000.000000
10.402388 10 13 20000.000000
10.427978 10 6 80000.000000
10.907707 10 17 50000.000000
11.346775 10 4 50000.000000
11.420487 10 16 1000000.000000
11.853794 10 3 2000000.000000
11.885393 10 20 10000.000000
11.938399 10 13 50000.000000
12.558224 10 6 5000000.000000
12.788642 10 23 1000000.000000
13.439302 10 16 10000.000000
13.623147 10 8 5000000.000000
13.768517 10 20 10000.000000
13.865811 10 0 20000.000000
15.218182 10 13 80000.000000
15.615920 10 23 30000.000000
15.771206 10 6 50000.000000
15.975069 10 6 30000.000000
16.154854 10 26 50000.000000
16.662144 10 22 2000000.000000
16.932791 10 6 10000000.000000
16.998258 10 10 50000.000000
17.097707 10 24 10000.000000
17.263960 10 2 20000.000000
17.722604 10 20 20000.000000
17.722671 10 25 5000000.000000
17.991866 10 22 80000.000000
18.424688 10 13 80000.000000
18.529108 10 10 2000000.000000
18.570120 10 6 10000.000000
18.639903 10 5 10000.000000
18.963096 10 2 80000.000000
19.412305 10 20 10000.000000
19.474778 10 8 1000000.000000
20.144333 10 18 5000000.000000
20.314708 10 24 10000000.000000
20.739458 10 6 200000.000000
20.862411 10 13 80000.000000
21.080554 10 9 10000.000000
21.364616 10 11 5000000.000000
21.559282 10 3 10000000.000000
21.840194 10 1 10000000.000000
22.058303 10 6 10000000.000000
22.354067 10 3 200000.000000
22.673697 10 0 30000000.000000
22.931710 10 18 80000.000000
23.069015 10 1 50000.000000
23.174947 10 22 80000.000000
23.854930 10 17 2000000.000000
24.141503 10 19 5000000.000000
24.256499 10 11 30000.000000
24.391459 10 11 80000.000000
24.749201 10 2 10000.000000
25.023657 10 10 10000.000000
25.032969 10 2 30000000.000000
25.048137 10 19 50000.000000
25.848784 10 9 20000.000000
26.799956 10 3 80000.000000
26.945040 10 12 1000000.000000
26.947430 10 10 5000000.000000
27.439083 10 6 1000000.000000
27.615162 10 23 20000.000000
27.816585 10 0 50000.000000
28.175487 10 7 80000.000000
28.504974 10 26 10000000.000000
28.549895 10 15 1000000.000000
29.126437 10 5 10000.000000
29.174091 10 0 10000.000000
29.447381 10 13 30000000.000000
29.457106 10 24 30000.000000
29.584834 10 10 1000000.000000
29.840924 10 9 10000000.000000
0.217115 11 25 80000.000000
0.266662 11 24 80000.000000
0.284327 11 25 50000.000000
0.696856 11 0 2000000.000000
1.104255 11 24 30000.000000
1.438874 11 0 200000.000000
1.739105 11 3 2000000.000000
1.943057 11 4 1000000.000000
2.128212 11 24 50000.000000
2.437366 11 1 50000.000000
2.643124 11 24 30000000.000000
2.857887 11 10 10000.000000
3.195129 11 1 2000000.000000
3.453815 11 4 30000000.000000
3.777430 11 12 80000.000000
4.883142 11 20 2000000.000000
5.251988 11 5 50000.000000
5.649459 11 25 10000.000000
5.739322 11 24 2000000.000000
5.863618 11 23 30000.000000
6.427579 11 11 50000.000000
7.312631 11 24 1000000.000000
7.456355 11 9 50000.000000
7.992863 11 6 2000000.000000
8.645721 11 25 20000.000000
8.707394 11 9 1000000.000000
9.641431 11 25 20000.000000
9.744893 11 1 2000000.000000
9.846785 11 4 1000000.000000
10.233280 11 16 2000000.000000
11.184302 11 24 1000000.000000
11.769111 11 20 1000000.000000
11.792814 11 26 10000000.000000
12.464756 11 21 30000.000000
12.580050 11 5 10000.000000
12.620534 11 12 2000000.000000
12.648540 11 8 50000.000000
12.758994 11 20 10000.000000
14.057544 11 26 30000.000000
14.111229 11 13 10000.000000
14.777039 11 11 1000000.000000
15.048255 11 14 20000.000000
15.112865 11 8 80000.000000
15.481491 11 15 1000000.000000
16.309814 11 10 10000.000000
16.631958 11 6 50000.000000
16.785128 11 3 200000.000000
17.209346 11 26 5000000.000000
17.890047 11 6 50000.000000
18.725252 11 4 20000.000000
19.320843 11 16 30000.000000
19.849303 11 17 10000.000000
20.567631 11 14 5000000.000000
20.797357 11 19 80000.000000
21.431083 11 14 1000000.000000
21.450057 11 4 200000.000000
21.788903 11 5 20000.000000
22.011090 11 24 10000.000000
22.325260 11 7 30000.000000
22.418556 11 3 30000.000000
22.435129 11 22 30000.000000
23.251055 11 14 30000.000000
23.876069 11 24 2000000.000000
24.181518 11 16 50000.000000
25.552891 11 22 2000000.000000
25.729758 11 4 10000.000000
26.134576 11 25 80000.000000
26.389569 11 13 1000000.000000
27.119823 11 4 10000000.000000
27.448904 11 19 5000000.000000
27.491775 11 16 200000.000000
27.894461 11 5 80000.000000
28.274205 11 5 50000.000000
28.988363 11 2 5000000.000000
29.256241 11 20 5000000.000000
29.327394 11 19 80000.000000
29.414555 11 4 5000000.000000
29.846088 11 13 10000.000000
0.244908 12 19 50000.000000
0.312860 12 21 30000.000000
0.392373 12 1 5000000.000000
1.454951 12 20 1000000.000000
1.829832 12 19 10000.000000
3.519569 12 6 10000.000000
3.755549 12 17 80000.000000
3.872270 12 3 2000000.000000
4.101046 12 12 80000.000000
5.437473 12 23 2000000.000000
5.693927 12 17 2000000.000000
5.930576 12 18 50000.000000
6.703400 12 4 5000000.000000
7.392618 12 26 5000000.000000
7.533386 12 5 10000.000000
7.627150 12 0 80000.000000
8.389140 12 9 30000.000000
8.703160 12 17 10000.000000
9.539151 12 9 1000000.000000
9.810854 12 16 80000.000000
9.981444 12 5 10000.000000
10.204207 12 14 80000.000000
11.179142 12 10 10000.000000
11.420659 12 8 80000.000000
11.466543 12 20 80000.000000
11.987701 12 1 5000000.000000
12.161452 12 18 10000000.000000
12.648017 12 21 50000.000000
12.910324 12 19 200000.000000
13.355139 12 10 1000000.000000
13.857165 12 26 1000000.000000
13.980513 12 0 10000.000000
14.184180 12 9 50000.000000
15.034422 12 9 10000.000000
15.573824 12 16 2000000.000000
15.601730 12 9 50000.000000
15.909616 12 20 10000.000000
16.191651 12 23 1000000.000000
16.336597 12 7 200000.000000
16.655795 12 15 1000000.000000
16.859252 12 13 80000.000000
16.956983 12 11 2000000.000000
17.047340 12 26 30000.000000
17.094351 12 5 30000.000000
17.474387 12 19 5000000.000000
17.961668 12 5 80000.000000
18.035495 12 3 30000000.000000
18.053144 12 17 10000.000000
18.106906 12 12 10000.000000
18.177898 12 9 50000.000000
18.210485 12 13 10000.000000
18.483745 12 2 10000.000000
18.934617 12 8 1000000.000000
19.408172 12 15 50000.000000
19.896585 12 7 200000.000000
19.975264 12 6 1000000.000000
20.283807 12 10 80000.000000
20.780782 12 2 10000000.000000
20.858632 12 17 10000.000000
22.545852 12 16 1000000.000000
22.986262 12 1 10000.000000
23.254943 12 17 10000.000000
23.430840 12 1 30000.000000
23.779314 12 12 10000000.000000
23.866943 12 11 10000.000000
24.103354 12 4 2000000.000000
24.522871 12 18 1000000.000000
24.592118 12 9 80000.000000
24.871434 12 9 2000000.000000
25.049433 12 4 80000.000000
26.966963 12 6 5000000.000000
27.100014 12 14 50000.000000
27.270757 12 6 10000.000000
28.252327 12 14 20000.000000
28.432896 12 3 10000.000000
28.938349 12 21 1000000.000000
0.376016 13 15 10000000.000000
1.014356 13 14 2000000.000000
1.408462 13 24 1000000.000000
2.500968 13 7 10000.000000
2.683305 13 10 1000000.000000
2.961891 13 22 10000.000000
3.249662 13 23 20000.000000
4.350101 13 0 1000000.000000
5.291989 13 7 10000000.000000
5.307660 13 11 30000.000000
5.718394 13 4 50000.000000
5.826043 13 19 30000.000000
6.768286 13 5 80000.000000
6.897109 13 22 2000000.000000
7.422863 13 15 50000.000000
8.663364 13 1 20000.000000
8.940892 13 18 80000.000000
9.218918 13 24 80000.000000
9.576743 13 4 30000.000000
10.102820 13 13 10000.000000
10.793325 13 22 50000.000000
10.924050 13 4 2000000.000000
10.982057 13 18 20000.000000
11.712832 13 24 10000.000000
12.479249 13 15 1000000.000000
12.674964 13 17 10000.000000
12.818966 13 24 50000.000000
12.902025 13 19 10000.000000
12.991884 13 20 5000000.000000
13.153438 13 26 5000000.000000
13.485009 13 4 10000.000000
13.608089 13 17 80000.000000
13.970134 13 5 200000.000000
14.106760 13 16 50000.000000
14.851740 13 25 200000.000000
15.738156 13 2 5000000.000000
15.989194 13 0 30000000.000000
16.868834 13 11 10000.000000
17.333734 13 6 200000.000000
17.893862 13 22 50000.000000
17.915901 13 23 2000000.000000
18.696746 13 13 30000.000000
18.745025 13 10 30000.000000
18.793261 13 11 80000.000000
18.983425 13 9 10000.000000
19.654682 13 7 2000000.000000
19.828728 13 26 5000000.000000
20.667491 13 14 10000000.000000
21.383988 13 17 50000.000000
21.489551 13 9 30000.000000
21.548931 13 5 1000000.000000
21.773270 13 8 50000.000000
22.882336 13 12 1000000.000000
23.576335 13 3 5000000.000000
24.268541 13 7 10000000.000000
24.272255 13 12 10000000.000000
25.164229 13 0 30000.000000
25.356191 13 12 50000.000000
25.878362 13 9 200000.000000
26.097832 13 8 1000000.000000
26.750223 13 22 10000.000000
27.059152 13 21 80000.000000
27.651303 13 13 2000000.000000
0.200995 14 4 50000.000000
0.463983 14 11 1000000.000000
1.002484 14 8 80000.000000
1.652847 14 3 1000000.000000
2.245798 14 0 200000.000000
2.497289 14 25 2000000.000000
4.058025 14 7 1000000.000000
4.512700 14 7 30000.000000
4.787196 14 24 5000000.000000
4.863763 14 23 5000000.000000
4.964182 14 11 80000.000000
5.131933 14 5 10000.000000
5.301616 14 13 10000.000000
5.364059 14 8 200000.000000
5.967341 14 0 2000000.000000
6.888563 14 15 80000.000000
6.939722 14 3 30000000.000000
7.213300 14 23 5000000.000000
7.660886 14 21 10000.000000
7.908889 14 16 5000000.000000
7.927697 14 3 80000.000000
9.264713 14 19 200000.000000
9.325588 14 25 30000.000000
9.748906 14 8 1000000.000000
10.137693 14 11 2000000.000000
10.975656 14 5 5000000.000000
11.190535 14 15 50000.000000
12.329807 14 15 80000.000000
12.768263 14 16 2000000.000000
12.981960 14 9 80000.000000
14.012489 14 23 5000000.000000
14.059009 14 26 30000.000000
14.523267 14 18 80000.000000
14.694679 14 15 50000.000000
14.695606 14 26 200000.000000
14.754731 14 1 1000000.000000
15.424706 14 9 2000000.000000
15.727890 14 7 200000.000000
16.431347 14 8 1000000.000000
16.509399 14 19 10000.000000
17.105516 14 24 30000.000000
17.308648 14 3 2000000.000000
18.631491 14 25 10000000.000000
19.182841 14 15 10000.000000
19.433327 14 21 1000000.000000
19.553974 14 9 2000000.000000
19.857058 14 16 80000.000000
19.866805 14 22 80000.000000
19.884595 14 8 80000.000000
19.929974 14 9 10000.000000
20.107183 14 4 200000.000000
20.552099 14 3 10000.000000
20.723637 14 19 10000.000000
20.867654 14 26 5000000.000000
20.957268 14 14 10000000.000000
21.071764 14 8 10000.000000
21.266545 14 5 80000.000000
21.738366 14 25 50000.000000
21.931669 14 9 80000.000000
22.314056 14 7 200000.000000
22.443154 14 4 10000.000000
22.912725 14 25 1000000.000000
23.137134 14 13 2000000.000000
23.227819 14 18 10000000.000000
23.450602 14 9 10000.000000
23.450957 14 22 10000000.000000
24.101831 14 0 2000000.000000
24.790155 14 5 10000.000000
24.842128 14 9 5000000.000000
26.885046 14 9 80000.000000
27.168734 14 0 10000.000000
28.042319 14 24 10000.000000
28.158146 14 23 5000000.000000
28.210433 14 9 50000.000000
28.599755 14 2 10000000.000000
28.835700 14 24 10000000.000000
29.180391 14 10 2000000.000000
29.275605 14 17 5000000.000000
29.406590 14 10 5000000.000000
29.737957 14 22 5000000.000000
29.842583 14 13 5000000.000000
29.986303 14 22 20000.000000
0.462729 15 5 50000.000000
0.746075 15 11 80000.000000
1.040639 15 9 5000000.000000
1.130707 15 15 80000.000000
1.370880 15 4 5000000.000000
1.972412 15 4 50000.000000
2.032633 15 13 80000.000000
2.410909 15 6 10000.000000
3.272069 15 8 10000.000000
3.349467 15 1 50000.000000
4.051770 15 21 10000.000000
4.520722 15 4 50000.000000
4.964939 15 4 20000.000000
5.028586 15 13 10000000.000000
5.964882 15 6 10000.000000
6.575618 15 9 2000000.000000
6.882740 15 13 10000000.000000
7.138014 15 14 10000.000000
7.367685 15 18 200000.000000
8.013600 15 9 1000000.000000
8.476864 15 21 30000.000000
8.849763 15 23 1000000.000000
8.860912 15 17 30000.000000
9.159804 15 1 30000.000000
9.163858 15 1 20000.000000
9.383133 15 6 50000.000000
9.536959 15 25 10000000.000000
9.657974 15 15 2000000.000000
9.752363 15 0 10000000.000000
10.099163 15 9 2000000.000000
10.313812 15 25 5000000.000000
10.451692 15 23 10000000.000000
10.657716 15 0 30000.000000
11.137055 15 11 10000.000000
11.834864 15 18 1000000.000000
12.067897 15 13 2000000.000000
12.614315 15 24 50000.000000
13.007189 15 9 1000000.000000
13.297452 15 18 1000000.000000
13.531639 15 17 200000.000000
13.634663 15 18 200000.000000
14.041612 15 3 1000000.000000
14.152010 15 24 1000000.000000
14.202405 15 24 30000.000000
14.613913 15 9 1000000.000000
14.690730 15 24 10000.000000
14.708389 15 2 1000000.000000
15.635709 15 8 5000000.000000
15.709663 15 20 200000.000000
16.275395 15 9 2000000.000000
16.602774 15 18 30000.000000
17.259939 15 13 2000000.000000
17.671386 15 26 80000.000000
17.743301 15 23 1000000.000000
17.952939 15 10 50000.000000
19.104803 15 25 10000.000000
19.318797 15 0 1000000.000000
19.426430 15 23 10000.000000
20.356773 15 25 10000.000000
20.914829 15 15 10000000.000000
20.938502 15 4 50000.000000
21.004114 15 3 2000000.000000
21.418554 15 22 10000.000000
21.455331 15 24 10000000.000000
21.897288 15 9 10000.000000
22.803110 15 15 200000.000000
23.390397 15 22 30000.000000
23.497322 15 10 5000000.000000
24.144934 15 12 2000000.000000
24.517739 15 1 10000.000000
24.607112 15 9 50000.000000
24.839530 15 2 200000.000000
25.024010 15 6 30000.000000
25.524372 15 0 30000.000000
26.480572 15 7 5000000.000000
26.699414 15 0 10000.000000
26.868295 15 17 30000.000000
27.406033 15 6 20000.000000
27.577409 15 20 10000.000000
28.198985 15 16 1000000.000000
28.654786 15 14 5000000.000000
28.772423 15 8 10000000.000000
28.800494 15 22 200000.000000
28.819081 15 10 10000.000000
29.107696 15 13 50000.000000
29.326511 15 19 80000.000000
29.382566 15 16 20000.000000
0.295226 16 10 1000000.000000
0.354063 16 9 1000000.000000
0.645866 16 5 5000000.000000
0.946580 16 4 2000000.000000
0.976253 16 17 1000000.000000
1.471436 16 15 10000000.000000
2.184578 16 22 30000000.000000
3.049750 16 16 200000.000000
3.795232 16 16 1000000.000000
4.224449 16 21 80000.000000
4.668265 16 19 200000.000000
4.981909 16 9 5000000.000000
5.002640 16 12 5000000.000000
5.121320 16 2 1000000.000000
5.330385 16 23 30000000.000000
6.099310 16 16 50000.000000
6.858675 16 20 50000.000000
7.749379 16 23 20000.000000
8.376164 16 4 10000000.000000
8.961367 16 9 50000.000000
9.753876 16 11 30000000.000000
9.767337 16 19 10000.000000
10.188278 16 11 50000.000000
10.478792 16 23 20000.000000
10.587592 16 17 10000.000000
11.215267 16 18 200000.000000
11.332296 16 11 1000000.000000
11.748616 16 0 50000.000000
12.854075 16 11 2000000.000000
13.184616 16 17 5000000.000000
13.313972 16 11 30000000.000000
13.322618 16 20 80000.000000
13.689853 16 5 1000000.000000
13.858507 16 18 1000000.000000
15.093534 16 5 200000.000000
15.303946 16 20 50000.000000
15.325506 16 14 5000000.000000
15.560611 16 1 10000.000000
15.799542 16 26 30000.000000
16.210731 16 19 1000000.000000
16.449578 16 19 80000.000000
16.532883 16 4 1000000.000000
16.577799 16 26 1000000.000000
16.724014 16 15 2000000.000000
17.316270 16 23 10000.000000
17.372447 16 24 20000.000000
17.539914 16 12 5000000.000000
17.976333 16 0 10000.000000
18.472236 16 6 50000.000000
18.712086 16 5 30000.000000
19.055437 16 9 30000.000000
19.170408 16 17 200000.000000
19.706253 16 5 20000.000000
19.813193 16 16 50000.000000
20.286759 16 20 10000000.000000
20.376380 16 25 50000.000000
20.393510 16 8 1000000.000000
21.026349 16 20 10000.000000
21.351965 16 23 10000.000000
21.972509 16 23 5000000.000000
21.980423 16 14 10000000.000000
22.342478 16 16 10000000.000000
22.838818 16 10 30000.000000
23.362483 16 11 2000000.000000
23.934674 16 24 2000000.000000
24.032194 16 6 80000.000000
24.034681 16 20 20000.000000
24.510040 16 8 10000.000000
24.687709 16 19 30000.000000
25.014273 16 7 30000.000000
26.284294 16 21 80000.000000
26.445395 16 18 1000000.000000
27.804227 16 24 2000000.000000
27.875026 16 15 10000.000000
28.059067 16 8 10000.000000
28.287739 16 17 1000000.000000
28.391364 16 21 10000.000000
29.379373 16 1 30000.000000
29.461052 16 12 80000.000000
29.477200 16 15 50000.000000
0.704390 17 7 1000000.000000
0.966215 17 21 30000.000000
1.327667 17 22 80000.000000
1.355950 17 3 20000.000000
1.463304 17 4 5000000.000000
1.669473 17 20 5000000.000000
2.395003 17 4 10000.000000
2.827800 17 17 10000.000000
2.878585 17 22 2000000.000000
2.988178 17 26 20000.000000
3.084417 17 21 80000.000000
3.277491 17 15 50000.000000
3.399139 17 23 5000000.000000
4.127263 17 14 50000.000000
4.278132 17 18 5000000.000000
5.118109 17 12 2000000.000000
5.615803 17 12 1000000.000000
5.758802 17 3 5000000.000000
6.076976 17 2 80000.000000
6.081135 17 26 5000000.000000
6.681809 17 5 10000.000000
6.790376 17 4 1000000.000000
6.862485 17 3 5000000.000000
7.229067 17 0 80000.000000
7.588277 17 4 2000000.000000
7.924024 17 17 10000.000000
8.178058 17 16 200000.000000
8.212838 17 19 50000.000000
8.292157 17 0 10000.000000
8.808824 17 15 50000.000000
9.147420 17 24 200000.000000
9.173479 17 21 80000.000000
9.762527 17 11 10000.000000
9.969151 17 21 80000.000000
10.415044 17 19 50000.000000
11.608845 17 19 10000000.000000
11.918158 17 1 1000000.000000
12.666993 17 7 10000.000000
12.945111 17 23 5000000.000000
13.993308 17 7 1000000.000000
14.122650 17 22 5000000.000000
14.439406 17 5 80000.000000
14.574321 17 9 200000.000000
14.634707 17 3 50000.000000
15.263662 17 25 1000000.000000
15.840177 17 6 30000.000000
15.846486 17 24 50000.000000
16.805636 17 10 200000.000000
16.998270 17 14 200000.000000
17.978521 17 11 200000.000000
18.177215 17 14 50000.000000
20.783020 17 20 5000000.000000
21.362607 17 5 1000000.000000
21.675748 17 25 10000000.000000
21.987934 17 12 200000.000000
22.071178 17 24 1000000.000000
22.530662 17 3 30000.000000
22.859976 17 24 2000000.000000
23.078379 17 4 200000.000000
23.436648 17 0 10000.000000
23.592571 17 13 10000000.000000
23.755426 17 14 200000.000000
23.991853 17 22 200000.000000
24.166389 17 7 30000.000000
25.974524 17 6 10000.000000
27.445013 17 21 1000000.000000
27.945366 17 11 5000000.000000
28.194118 17 14 10000000.000000
28.260509 17 19 30000000.000000
28.501943 17 23 200000.000000
28.578351 17 17 10000000.000000
29.661501 17 16 80000.000000
29.719677 17 11 10000000.000000
29.825950 17 11 80000.000000
0.001722 18 19 5000000.000000
0.466519 18 23 30000.000000
0.746732 18 6 50000.000000
1.309149 18 4 10000.000000
1.629501 18 12 10000000.000000
1.822936 18 0 10000.000000
2.004596 18 3 5000000.000000
2.095304 18 17 10000.000000
2.273731 18 13 30000.000000
2.571152 18 9 30000.000000
2.794721 18 5 50000.000000
2.824726 18 25 50000.000000
3.408686 18 15 1000000.000000
3.735598 18 22 30000000.000000
4.854879 18 7 80000.000000
5.371773 18 20 200000.000000
5.855882 18 7 10000.000000
5.899475 18 21 30000.000000
6.421914 18 5 1000000.000000
7.090359 18 4 30000000.000000
7.507568 18 26 2000000.000000
7.605608 18 15 20000.000000
7.848161 18 4 50000.000000
8.047682 18 11 50000.000000
8.083069 18 26 1000000.000000
8.266169 18 12 5000000.000000
8.277064 18 15 80000.000000
8.425408 18 16 2000000.000000
8.604837 18 4 10000000.000000
8.751538 18 7 1000000.000000
8.927109 18 7 5000000.000000
9.484320 18 26 10000000.000000
9.787737 18 23 80000.000000
10.504474 18 5 10000000.000000
10.531928 18 13 200000.000000
11.056403 18 24 30000.000000
11.348002 18 4 10000.000000
11.361391 18 20 80000.000000
11.436481 18 7 2000000.000000
11.919077 18 4 80000.000000
12.128458 18 14 10000000.000000
12.604606 18 4 80000.000000
13.133517 18 6 200000.000000
13.624086 18 10 10000.000000
13.650053 18 10 80000.000000
14.112845 18 26 80000.000000
14.524102 18 24 80000.000000
15.522902 18 9 2000000.000000
15.638355 18 24 10000.000000
15.741047 18 26 20000.000000
16.618675 18 14 2000000.000000
17.217444 18 11 10000.000000
17.840840 18 25 200000.000000
18.133970 18 20 20000.000000
18.522803 18 15 50000.000000
18.826988 18 5 1000000.000000
18.841551 18 4 10000.000000
18.895499 18 10 30000.000000
19.316043 18 20 50000.000000
19.402684 18 25 10000.000000
20.260186 18 16 200000.000000
20.408133 18 10 1000000.000000
20.785352 18 11 1000000.000000
22.019888 18 0 80000.000000
22.310835 18 12 2000000.000000
22.457490 18 7 10000000.000000
22.583343 18 13 30000.000000
23.141475 18 22 30000.000000
23.232599 18 2 30000000.000000
23.329441 18 22 200000.000000
23.778290 18 3 30000.000000
23.808801 18 8 1000000.000000
24.215348 18 26 50000.000000
24.418683 18 22 80000.000000
24.948316 18 17 5000000.000000
25.139725 18 12 10000.000000
25.158294 18 6 50000.000000
25.171713 18 25 5000000.000000
25.802791 18 19 30000.000000
26.442260 18 15 1000000.000000
26.525351 18 14 1000000.000000
26.730536 18 9 200000.000000
26.871542 18 8 200000.000000
27.563250 18 1 30000.000000
28.038162 18 10 80000.000000
29.229366 18 16 80000.000000
29.297657 18 12 1000000.000000
0.007527 19 25 10000.000000
0.240331 19 5 1000000.000000
0.339404 19 20 2000000.000000
0.855703 19 18 1000000.000000
1.347742 19 7 5000000.000000
2.511723 19 5 1000000.000000
2.924788 19 3 50000.000000
3.258339 19 19 20000.000000
4.035995 19 8 10000.000000
4.359790 19 8 2000000.000000
4.574694 19 7 2000000.000000
5.249202 19 11 10000.000000
5.484003 19 0 80000.000000
5.555913 19 20 10000000.000000
5.616697 19 12 10000.000000
5.661934 19 19 1000000.000000
5.711344 19 7 10000.000000
6.125060 19 8 20000.000000
6.573578 19 25 2000000.000000
6.656022 19 11 20000.000000
6.785629 19 12 50000.000000
6.840780 19 26 5000000.000000
7.210246 19 19 2000000.000000
7.296348 19 12 50000.000000
7.914419 19 26 50000.000000
9.115137 19 23 30000000.000000
10.160205 19 10 5000000.000000
10.300734 19 20 1000000.000000
10.741183 19 7 80000.000000
11.510769 19 4 2000000.000000
11.551361 19 8 1000000.000000
11.610460 19 8 5000000.000000
12.682463 19 0 20000.000000
12.825845 19 21 200000.000000
13.203219 19 21 80000.000000
14.126927 19 20 80000.000000
14.129986 19 26 200000.000000
14.647387 19 11 80000.000000
14.784433 19 0 5000000.000000
14.858740 19 24 2000000.000000
15.013357 19 6 5000000.000000
15.080989 19 11 5000000.000000
15.416897 19 6 2000000.000000
15.621615 19 4 1000000.000000
16.345310 19 6 1000000.000000
16.734994 19 10 10000.000000
16.835254 19 11 50000.000000
17.360373 19 19 10000.000000
17.455053 19 13 10000.000000
17.646006 19 25 10000.000000
18.312073 19 7 50000.000000
18.502443 19 2 2000000.000000
18.913745 19 0 80000.000000
18.988875 19 4 50000.000000
19.894612 19 16 200000.000000
20.867136 19 16 30000000.000000
21.007899 19 0 10000000.000000
21.315748 19 1 5000000.000000
21.501134 19 20 5000000.000000
21.633108 19 24 200000.000000
21.800723 19 19 30000000.000000
21.860594 19 3 2000000.000000
21.953544 19 4 200000.000000
21.966990 19 3 80000.000000
22.153154 19 14 80000.000000
22.452589 19 13 1000000.000000
22.809420 19 9 10000.000000
24.113019 19 7 10000000.000000
24.698540 19 18 1000000.000000
24.865945 19 10 5000000.000000
25.230816 19 17 10000.000000
25.929111 19 19 30000.000000
25.973099 19 26 2000000.000000
26.187189 19 1 1000000.000000
26.268191 19 3 20000.000000
26.931036 19 23 1000000.000000
26.934059 19 22 80000.000000
27.889455 19 15 200000.000000
28.564028 19 17 2000000.000000
28.577768 19 5 1000000.000000
28.977877 19 10 2000000.000000
29.057714 19 15 30000.000000
29.615193 19 22 20000.000000
29.757501 19 2 80000.000000
29.789030 19 11 200000.000000
0.108578 20 10 10000.000000
0.311403 20 0 50000.000000
0.337959 20 8 80000.000000
0.517018 20 11 200000.000000
0.724760 20 23 30000.000000
0.937557 20 24 30000000.000000
1.292705 20 16 10000000.000000
1.424604 20 24 5000000.000000
1.608904 20 7 10000000.000000
3.504529 20 12 30000.000000
4.124078 20 8 10000000.000000
4.800482 20 8 10000000.000000
5.188780 20 4 5000000.000000
6.234224 20 24 80000.000000
6.284782 20 7 80000.000000
6.801272 20 7 2000000.000000
6.972582 20 10 1000000.000000
7.269641 20 9 10000.000000
7.565775 20 22 30000.000000
7.899847 20 18 5000000.000000
8.160867 20 13 10000.000000
8.518768 20 15 5000000.000000
9.190109 20 24 30000.000000
9.363581 20 12 10000.000000
10.845838 20 16 2000000.000000
10.929085 20 22 5000000.000000
11.043984 20 25 5000000.000000
11.151049 20 10 80000.000000
11.793672 20 23 5000000.000000
11.868916 20 13 10000.000000
12.253653 20 4 10000000.000000
13.339238 20 10 10000.000000
13.661150 20 16 10000.000000
13.819726 20 12 2000000.000000
13.975843 20 17 10000.000000
14.831871 20 7 2000000.000000
15.030198 20 7 80000.000000
15.552002 20 11 10000.000000
15.958785 20 24 2000000.000000
16.369187 20 14 10000000.000000
16.780303 20 26 200000.000000
17.061150 20 0 5000000.000000
18.330687 20 1 10000.000000
18.377708 20 20 20000.000000
18.382464 20 6 30000.000000
18.570236 20 17 10000000.000000
18.579828 20 26 2000000.000000
19.405014 20 4 5000000.000000
19.813031 20 8 30000.000000
20.197912 20 4 20000.000000
21.030838 20 8 2000000.000000
21.150893 20 19 50000.000000
21.151581 20 11 10000.000000
21.169287 20 9 30000000.000000
21.295977 20 5 10000.000000
21.874341 20 12 10000000.000000
23.667762 20 10 2000000.000000
23.990862 20 22 1000000.000000
24.251921 20 12 10000.000000
25.168855 20 14 30000.000000
25.781813 20 21 10000.000000
25.822830 20 7 10000.000000
26.253346 20 21 30000.000000
26.598736 20 2 50000.000000
26.838958 20 16 10000.000000
27.360318 20 7 50000.000000
27.414122 20 6 80000.000000
27.662390 20 18 1000000.000000
28.037565 20 7 2000000.000000
29.555814 20 15 10000.000000
29.818197 20 1 10000.000000
29.958733 20 10 10000.000000
0.065073 21 2 50000.000000
0.714276 21 0 1000000.000000
0.988542 21 25 1000000.000000
1.110582 21 10 5000000.000000
2.197223 21 9 1000000.000000
2.289925 21 17 30000.000000
2.364246 21 7 10000.000000
3.064044 21 11 80000.000000
3.135976 21 14 200000.000000
3.214720 21 26 1000000.000000
3.477240 21 22 1000000.000000
4.672124 21 16 5000000.000000
5.159355 21 22 80000.000000
5.194843 21 20 2000000.000000
5.543583 21 10 10000000.000000
5.727249 21 23 5000000.000000
5.827776 21 3 1000000.000000
5.901923 21 4 2000000.000000
6.141191 21 1 10000000.000000
6.269675 21 10 10000.000000
6.298759 21 10 20000.000000
6.509820 21 18 80000.000000
6.849941 21 25 80000.000000
8.320975 21 20 10000000.000000
8.393222 21 10 5000000.000000
8.533891 21 11 30000.000000
8.553673 21 26 5000000.000000
9.010603 21 14 5000000.000000
9.070361 21 10 80000.000000
9.208340 21 18 5000000.000000
10.049072 21 16 10000.000000
10.249394 21 21 1000000.000000
10.338354 21 16 5000000.000000
10.379839 21 11 10000.000000
10.449835 21 6 200000.000000
12.150510 21 16 80000.000000
12.780708 21 0 1000000.000000
13.412292 21 13 80000.000000
13.579690 21 0 80000.000000
13.634660 21 17 2000000.000000
13.905502 21 25 80000.000000
14.411176 21 21 30000.000000
15.161154 21 7 10000.000000
15.323250 21 19 20000.000000
15.396348 21 5 30000.000000
15.494031 21 26 50000.000000
15.548189 21 2 2000000.000000
15.718211 21 19 20000.000000
16.197464 21 12 80000.000000
16.243839 21 25 80000.000000
16.757609 21 14 1000000.000000
17.033859 21 24 2000000.000000
17.384346 21 1 50000.000000
17.480727 21 2 200000.000000
17.510596 21 5 1000000.000000
18.334736 21 0 10000000.000000
18.583164 21 10 50000.000000
19.571442 21 17 10000.000000
20.167481 21 19 50000.000000
20.340366 21 23 80000.000000
20.798579 21 13 30000.000000
22.006067 21 8 30000000.000000
22.030693 21 9 50000.000000
22.084530 21 13 2000000.000000
22.728871 21 20 10000.000000
23.315589 21 1 5000000.000000
23.377134 21 4 10000.000000
23.741709 21 10 1000000.000000
23.750181 21 14 80000.000000
23.815865 21 22 10000.000000
23.831217 21 10 1000000.000000
24.055746 21 13 50000.000000
24.208247 21 23 5000000.000000
24.283990 21 26 30000000.000000
24.431780 21 18 20000.000000
24.685591 21 18 30000.000000
24.828599 21 11 50000.000000
25.079989 21 9 1000000.000000
25.201799 21 15 10000000.000000
25.579244 21 3 80000.000000
26.183796 21 12 10000.000000
26.646424 21 4 30000.000000
26.717972 21 9 10000.000000
26.828047 21 0 10000.000000
26.864481 21 6 2000000.000000
27.933586 21 21 20000.000000
28.398620 21 23 50000.000000
28.630645 21 26 5000000.000000
29.679278 21 16 10000.000000
29.749812 21 13 80000.000000
29.818705 21 15 50000.000000
29.854839 21 16 2000000.000000
0.043613 22 8 80000.000000
0.760641 22 9 5000000.000000
2.110700 22 26 5000000.000000
2.415660 22 10 10000.000000
2.916665 22 22 50000.000000
3.418825 22 6 1000000.000000
3.736225 22 23 50000.000000
4.054758 22 6 80000.000000
4.220242 22 17 10000.000000
4.732408 22 8 10000000.000000
4.908844 22 8 2000000.000000
5.384818 22 11 1000000.000000
5.442862 22 10 30000.000000
5.638317 22 9 1000000.000000
5.921489 22 6 80000.000000
6.112713 22 14 2000000.000000
6.828210 22 13 5000000.000000
7.259007 22 16 80000.000000
7.484582 22 24 10000.000000
7.554140 22 13 1000000.000000
7.642310 22 18 10000000.000000
8.161815 22 24 2000000.000000
8.263048 22 25 200000.000000
8.353503 22 6 5000000.000000
8.573799 22 20 80000.000000
9.502815 22 8 80000.000000
10.401116 22 26 20000.000000
10.735633 22 3 1000000.000000
10.930023 22 22 5000000.000000
12.121888 22 13 200000.000000
12.437656 22 10 2000000.000000
12.557300 22 21 2000000.000000
14.550433 22 23 80000.000000
15.486579 22 26 5000000.000000
15.643672 22 14 2000000.000000
16.012581 22 3 5000000.000000
16.028385 22 5 50000.000000
16.531980 22 20 80000.000000
17.232035 22 20 50000.000000
19.341825 22 24 200000.000000
19.552694 22 19 2000000.000000
19.800632 22 3 200000.000000
21.713527 22 3 30000.000000
22.087523 22 7 50000.000000
22.286991 22 7 200000.000000
22.389866 22 4 10000000.000000
24.109612 22 10 30000.000000
24.218314 22 3 10000000.000000
24.222725 22 13 30000000.000000
25.419234 22 5 2000000.000000
25.504796 22 15 80000.000000
25.886015 22 22 10000.000000
25.968018 22 25 1000000.000000
26.267455 22 1 30000.000000
27.002276 22 4 80000.000000
27.634918 22 20 5000000.000000
27.663971 22 9 10000000.000000
27.718014 22 5 10000.000000
28.397798 22 7 2000000.000000
28.513583 22 26 50000.000000
28.846362 22 21 30000000.000000
29.358902 22 20 1000000.000000
29.678234 22 7 10000.000000
29.702384 22 0 80000.000000
0.051019 23 26 80000.000000
0.157576 23 26 80000.000000
1.165805 23 3 5000000.000000
1.872705 23 12 30000.000000
2.125174 23 26 80000.000000
2.244492 23 8 80000.000000
2.286975 23 18 10000000.000000
2.347658 23 16 10000.000000
2.717173 23 2 50000.000000
2.769845 23 2 10000.000000
3.478144 23 11 20000.000000
3.489814 23 1 80000.000000
3.909819 23 10 5000000.000000
4.743494 23 26 80000.000000
5.236143 23 18 2000000.000000
5.673880 23 17 1000000.000000
5.692828 23 10 30000.000000
5.710482 23 10 20000.000000
5.738103 23 11 10000.000000
6.306784 23 3 10000.000000
6.488114 23 15 80000.000000
6.776744 23 2 50000.000000
6.995783 23 17 200000.000000
7.083394 23 22 50000.000000
7.839310 23 7 30000000.000000
7.971128 23 6 10000.000000
8.038830 23 4 80000.000000
8.390372 23 14 50000.000000
8.837215 23 1 2000000.000000
10.267242 23 21 5000000.000000
10.520887 23 2 2000000.000000
11.025329 23 16 50000.000000
11.216338 23 17 10000.000000
11.261320 23 3 10000.000000
11.511393 23 0 30000000.000000
11.572263 23 16 1000000.000000
12.449955 23 6 2000000.000000
12.992335 23 10 10000.000000
13.394245 23 15 50000.000000
13.903038 23 4 50000.000000
14.137182 23 19 30000.000000
14.256620 23 15 10000.000000
15.643523 23 6 200000.000000
15.756623 23 16 80000.000000
16.312008 23 4 10000.000000
16.322076 23 21 10000000.000000
16.498640 23 11 80000.000000
17.089859 23 23 5000000.000000
17.635471 23 15 2000000.000000
18.258663 23 7 30000.000000
19.126779 23 21 20000.000000
20.539962 23 4 50000.000000
20.544639 23 14 10000000.000000
20.652123 23 12 50000.000000
21.504446 23 9 20000.000000
21.653926 23 4 10000.000000
22.361339 23 4 1000000.000000
23.330899 23 19 1000000.000000
24.378853 23 10 80000.000000
24.745855 23 12 20000.000000
24.763749 23 19 200000.000000
25.162865 23 26 200000.000000
25.916008 23 6 5000000.000000
26.522162 23 9 1000000.000000
26.983524 23 16 80000.000000
27.323404 23 9 10000000.000000
27.877821 23 12 50000.000000
28.095453 23 16 20000.000000
28.159493 23 6 1000000.000000
29.087279 23 7 10000.000000
29.238112 23 23 5000000.000000
29.811638 23 11 5000000.000000
0.128582 24 19 80000.000000
0.240051 24 5 50000.000000
0.694727 24 1 1000000.000000
0.996464 24 22 20000.000000
1.017798 24 12 30000.000000
1.641347 24 1 50000.000000
1.993338 24 10 30000.000000
2.509360 24 1 5000000.000000
3.415884 24 15 5000000.000000
3.616558 24 26 5000000.000000
4.205102 24 18 10000.000000
4.416361 24 16 200000.000000
4.987394 24 5 20000.000000
5.744814 24 18 10000.000000
7.121528 24 13 10000.000000
7.419714 24 23 10000.000000
7.926112 24 11 80000.000000
9.074102 24 2 1000000.000000
9.103514 24 7 200000.000000
9.219979 24 22 80000.000000
9.269708 24 23 200000.000000
9.421025 24 0 80000.000000
9.662395 24 23 2000000.000000
10.464040 24 22 200000.000000
10.494826 24 1 200000.000000
11.310502 24 12 50000.000000
11.415744 24 25 10000.000000
11.541937 24 6 50000.000000
12.928745 24 19 30000.000000
13.728168 24 10 2000000.000000
15.574038 24 5 5000000.000000
15.627421 24 15 5000000.000000
16.270893 24 23 5000000.000000
16.558573 24 18 80000.000000
16.892874 24 3 5000000.000000
17.210119 24 22 5000000.000000
18.497756 24 0 30000.000000
18.552552 24 11 50000.000000
18.625384 24 13 200000.000000
19.076599 24 8 10000.000000
19.520427 24 16 5000000.000000
19.558767 24 23 5000000.000000
19.984863 24 0 80000.000000
20.184727 24 22 20000.000000
20.368742 24 5 30000.000000
20.544957 24 2 200000.000000
21.130290 24 0 5000000.000000
21.205322 24 5 80000.000000
21.311576 24 24 80000.000000
21.492908 24 15 2000000.000000
21.577252 24 15 10000000.000000
22.213553 24 5 5000000.000000
22.665138 24 22 50000.000000
22.809087 24 1 10000.000000
22.918198 24 11 200000.000000
22.963152 24 12 10000.000000
23.460534 24 8 2000000.000000
24.171073 24 19 5000000.000000
24.475227 24 16 30000.000000
25.116359 24 6 10000000.000000
25.121387 24 9 80000.000000
25.476583 24 10 1000000.000000
25.748338 24 16 10000.000000
25.759511 24 22 1000000.000000
26.165723 24 17 200000.000000
26.385523 24 19 10000000.000000
27.162837 24 0 200000.000000
27.217733 24 10 20000.000000
27.332722 24 19 200000.000000
27.522264 24 9 80000.000000
28.006209 24 9 10000.000000
28.014351 24 9 1000000.000000
29.043527 24 7 200000.000000
29.213038 24 16 10000.000000
0.195278 25 6 200000.000000
0.748756 25 8 5000000.000000
1.225140 25 20 10000.000000
1.516867 25 14 80000.000000
2.325512 25 12 10000.000000
2.540817 25 12 10000.000000
2.609504 25 26 20000.000000
2.683546 25 12 20000.000000
3.731689 25 23 5000000.000000
3.733255 25 10 20000.000000
3.742547 25 22 1000000.000000
3.787061 25 25 1000000.000000
3.973440 25 2 1000000.000000
4.733667 25 23 10000.000000
4.933910 25 14 50000.000000
5.378711 25 23 1000000.000000
5.449048 25 23 10000.000000
5.870133 25 25 10000.000000
5.873602 25 0 80000.000000
6.187050 25 15 10000.000000
6.368948 25 0 50000.000000
6.662245 25 19 1000000.000000
6.853273 25 10 5000000.000000
7.162306 25 14 30000.000000
7.327553 25 16 2000000.000000
8.069337 25 11 20000.000000
8.084150 25 22 10000.000000
8.513888 25 6 30000.000000
8.595243 25 6 1000000.000000
8.790432 25 13 10000.000000
10.052757 25 3 5000000.000000
10.189063 25 3 80000.000000
10.520768 25 18 10000.000000
11.383836 25 5 80000.000000
11.671177 25 2 1000000.000000
12.116507 25 9 1000000.000000
12.487501 25 10 5000000.000000
12.940366 25 7 10000.000000
13.592724 25 6 20000.000000
14.290221 25 5 5000000.000000
14.442679 25 25 10000000.000000
14.817010 25 24 50000.000000
15.196586 25 26 10000000.000000
15.399592 25 7 5000000.000000
15.668809 25 21 50000.000000
16.732887 25 14 10000.000000
17.702140 25 7 10000.000000
18.078666 25 1 1000000.000000
18.257779 25 18 1000000.000000
18.808203 25 22 50000.000000
19.212517 25 6 20000.000000
19.727172 25 2 50000.000000
20.057209 25 21 30000.000000
20.364752 25 15 30000.000000
20.755315 25 20 10000000.000000
21.054284 25 13 5000000.000000
21.359033 25 9 2000000.000000
21.484081 25 1 80000.000000
21.734907 25 2 50000.000000
21.794376 25 18 30000.000000
21.849202 25 23 2000000.000000
22.786185 25 25 10000.000000
23.395286 25 12 10000000.000000
23.477394 25 7 200000.000000
23.703785 25 11 50000.000000
24.631587 25 3 10000000.000000
24.701845 25 11 50000.000000
25.720562 25 23 200000.000000
25.934018 25 19 2000000.000000
26.814116 25 22 200000.000000
27.298744 25 20 10000000.000000
27.825667 25 9 10000.000000
27.934138 25 23 30000.000000
28.189422 25 16 5000000.000000
28.756853 25 13 10000000.000000
28.917863 25 10 80000.000000
28.982559 25 18 200000.000000
29.293150 25 1 80000.000000
29.329949 25 24 20000.000000
0.295686 26 13 1000000.000000
0.409323 26 15 10000000.000000
0.728976 26 15 10000.000000
1.385504 26 26 5000000.000000
1.658467 26 21 10000000.000000
1.726795 26 0 80000.000000
2.861854 26 9 80000.000000
3.108666 26 14 10000000.000000
3.622471 26 11 20000.000000
3.767658 26 18 30000.000000
4.141577 26 9 30000.000000
4.832322 26 24 2000000.000000
5.679030 26 2 50000.000000
5.846415 26 6 2000000.000000
5.898293 26 8 50000.000000
5.989289 26 1 5000000.000000
6.569798 26 16 80000.000000
6.961894 26 15 20000.000000
7.075689 26 5 1000000.000000
7.297803 26 20 10000.000000
7.795336 26 11 30000.000000
8.556302 26 16 10000.000000
8.600042 26 2 200000.000000
8.765324 26 1 80000.000000
8.899343 26 13 2000000.000000
9.118320 26 3 50000.000000
9.760118 26 13 10000000.000000
10.174266 26 9 2000000.000000
10.471400 26 21 50000.000000
10.552533 26 9 1000000.000000
10.848405 26 23 80000.000000
10.917750 26 2 50000.000000
10.954349 26 16 50000.000000
10.979166 26 22 80000.000000
11.182302 26 21 10000.000000
11.206554 26 21 10000.000000
11.220983 26 25 30000.000000
11.747234 26 14 10000.000000
11.958169 26 2 2000000.000000
12.433683 26 3 200000.000000
12.536257 26 25 30000.000000
13.536806 26 5 30000000.000000
14.469037 26 23 30000000.000000
14.807602 26 5 200000.000000
15.069257 26 18 50000.000000
17.446862 26 9 10000.000000
17.448555 26 25 5000000.000000
17.952874 26 16 30000.000000
18.700922 26 17 10000.000000
18.780728 26 25 50000.000000
18.860875 26 15 5000000.000000
19.215177 26 21 80000.000000
19.371511 26 19 1000000.000000
19.563100 26 3 80000.000000
20.250800 26 14 20000.000000
21.363478 26 16 2000000.000000
21.733441 26 2 10000000.000000
22.002205 26 1 20000.000000
22.348499 26 25 200000.000000
23.000429 26 16 5000000.000000
23.036098 26 21 80000.000000
23.064335 26 20 50000.000000
23.137711 26 25 80000.000000
23.286485 26 12 1000000.000000
23.714689 26 20 50000.000000
24.563495 26 5 10000.000000
24.624100 26 19 80000.000000
24.954501 26 11 2000000.000000
25.115748 26 25 2000000.000000
25.228946 26 12 80000.000000
26.756107 26 25 2000000.000000
26.995497 26 13 80000.000000
27.168460 26 0 10000.000000
27.334671 26 16 20000.000000
28.009105 26 21 10000000.000000
28.218735 26 4 10000.000000
28.395566 26 9 10000.000000
28.907232 26 13 50000.000000
29.374677 26 22 80000.000000
29.412433 26 1 1000000.000000
29.921779 26 25 200000.000000
