1.691757 0 17 200000.000000
2.011770 0 4 10000.000000
3.239588 0 25 50000.000000
4.434883 0 23 200000.000000
4.548731 0 3 50000.000000
4.725818 0 24 80000.000000
5.360767 0 2 50000.000000
5.498423 0 5 80000.000000
5.593597 0 15 10000.000000
6.232625 0 0 10000.000000
6.643981 0 22 200000.000000
6.688681 0 17 10000000.000000
7.125026 0 4 2000000.000000
7.713709 0 7 2000000.000000
7.841503 0 21 10000.000000
8.115080 0 25 30000.000000
9.339749 0 23 5000000.000000
10.334621 0 19 200000.000000
12.295307 0 20 80000.000000
12.360330 0 17 1000000.000000
13.057017 0 4 10000.000000
14.117631 0 2 80000.000000
14.331563 0 3 10000.000000
15.491215 0 15 1000000.000000
15.632767 0 3 1000000.000000
16.695532 0 19 200000.000000
16.982858 0 5 200000.000000
17.495230 0 25 80000.000000
18.108728 0 7 2000000.000000
18.386344 0 0 20000.000000
19.220820 0 10 30000.000000
19.270511 0 18 1000000.000000
19.458641 0 6 50000.000000
20.324706 0 21 50000.000000
22.717866 0 15 50000.000000
23.719733 0 11 50000.000000
26.022380 0 16 2000000.000000
26.104378 0 3 5000000.000000
26.152272 0 26 30000.000000
26.672441 0 26 30000000.000000
27.919251 0 2 2000000.000000
28.258337 0 7 50000.000000
28.424632 0 16 10000.000000
28.945285 0 6 10000.000000
29.519425 0 16 20000.000000
29.622224 0 3 50000.000000
0.320122 1 20 50000.000000
1.355281 1 26 30000.000000
2.594733 1 22 20000.000000
2.994827 1 15 20000.000000
4.672884 1 21 20000.000000
4.859233 1 8 10000.000000
6.928351 1 3 5000000.000000
8.407684 1 2 2000000.000000
8.570976 1 8 10000000.000000
10.518044 1 10 1000000.000000
11.067463 1 8 50000.000000
11.837961 1 18 10000.000000
11.950417 1 1 10000000.000000
13.222209 1 26 5000000.000000
13.245412 1 8 10000.000000
14.386685 1 21 20000.000000
14.459318 1 13 2000000.000000
14.489483 1 6 20000.000000
14.912031 1 2 10000.000000
15.614847 1 24 80000.000000
16.115210 1 11 80000.000000
16.331219 1 7 1000000.000000
16.760897 1 21 5000000.000000
16.876197 1 21 80000.000000
17.507976 1 16 50000.000000
18.809706 1 2 200000.000000
18.867236 1 11 30000.000000
19.677928 1 0 1000000.000000
21.576647 1 22 80000.000000
21.712037 1 7 2000000.000000
21.939223 1 18 50000.000000
21.943004 1 21 80000.000000
22.050496 1 26 5000000.000000
22.388972 1 7 30000000.000000
24.058940 1 0 200000.000000
24.675281 1 15 10000.000000
24.723920 1 14 10000.000000
24.890599 1 3 5000000.000000
25.257720 1 26 50000.000000
25.736909 1 0 2000000.000000
25.826766 1 19 80000.000000
29.352456 1 3 80000.000000
29.856082 1 12 10000.000000
1.180361 2 21 50000.000000
1.436751 2 3 20000.000000
2.419021 2 0 80000.000000
4.807950 2 8 1000000.000000
5.659884 2 19 200000.000000
5.961415 2 0 1000000.000000
7.068228 2 14 30000000.000000
7.092345 2 19 10000.000000
8.272499 2 1 30000.000000
8.680454 2 3 80000.000000
11.519310 2 15 10000.000000
11.882132 2 7 80000.000000
12.126745 2 18 1000000.000000
12.593754 2 23 2000000.000000
14.048914 2 19 1000000.000000
14.921577 2 25 1000000.000000
14.971079 2 22 2000000.000000
16.237675 2 19 2000000.000000
16.585892 2 0 10000000.000000
16.857765 2 11 30000.000000
17.048398 2 13 80000.000000
18.337913 2 8 1000000.000000
18.422039 2 0 1000000.000000
18.777281 2 19 20000.000000
19.059314 2 7 10000000.000000
19.443635 2 11 200000.000000
19.773995 2 24 10000.000000
20.087845 2 15 80000.000000
21.328869 2 7 10000000.000000
23.204338 2 26 5000000.000000
23.269526 2 26 200000.000000
23.668990 2 17 1000000.000000
24.033924 2 3 10000000.000000
26.081543 2 5 20000.000000
26.089053 2 15 50000.000000
26.898186 2 1 10000000.000000
27.171531 2 16 10000000.000000
27.552452 2 6 10000000.000000
29.639958 2 25 50000.000000
0.788217 3 12 10000.000000
1.090199 3 20 50000.000000
2.575272 3 5 5000000.000000
7.181118 3 4 30000.000000
9.292627 3 12 5000000.000000
9.505621 3 11 10000.000000
9.698227 3 15 2000000.000000
13.116452 3 14 20000.000000
13.350844 3 20 200000.000000
13.622344 3 19 80000.000000
14.263369 3 26 80000.000000
14.871721 3 4 2000000.000000
15.870106 3 13 50000.000000
18.054389 3 14 10000.000000
20.732182 3 15 50000.000000
22.044090 3 18 10000000.000000
23.331845 3 7 20000.000000
23.343698 3 13 2000000.000000
23.661644 3 8 80000.000000
23.697266 3 0 50000.000000
24.128916 3 6 1000000.000000
26.144017 3 20 5000000.000000
26.703001 3 10 1000000.000000
26.802683 3 15 10000000.000000
27.531700 3 3 30000.000000
28.190922 3 18 10000000.000000
29.666915 3 4 2000000.000000
29.771541 3 7 20000.000000
0.220959 4 20 10000000.000000
1.291889 4 11 10000000.000000
1.486036 4 22 10000.000000
1.815140 4 15 50000.000000
3.189782 4 19 5000000.000000
4.821103 4 20 2000000.000000
6.984903 4 24 10000.000000
8.568617 4 25 80000.000000
10.216744 4 21 200000.000000
10.380019 4 14 2000000.000000
10.505336 4 4 80000.000000
11.643791 4 24 50000.000000
11.846032 4 26 20000.000000
13.178308 4 25 80000.000000
16.105780 4 4 10000.000000
16.351594 4 11 10000.000000
16.436612 4 26 5000000.000000
17.041447 4 0 10000000.000000
17.203284 4 2 10000.000000
18.421470 4 13 1000000.000000
18.929648 4 6 10000.000000
19.465465 4 16 1000000.000000
20.434802 4 16 200000.000000
20.972860 4 11 10000.000000
21.454463 4 23 200000.000000
23.011103 4 19 50000.000000
23.957468 4 17 10000.000000
24.188017 4 24 5000000.000000
24.203656 4 9 10000.000000
24.442746 4 9 30000.000000
24.802904 4 17 1000000.000000
28.831496 4 16 50000.000000
29.325903 4 20 10000.000000
29.590102 4 16 10000000.000000
29.654383 4 21 10000.000000
29.988466 4 12 30000000.000000
0.645777 5 14 10000.000000
1.835654 5 8 5000000.000000
4.301243 5 16 30000.000000
4.401378 5 18 5000000.000000
5.314085 5 7 2000000.000000
5.863803 5 2 80000.000000
8.163299 5 16 30000000.000000
8.714470 5 18 1000000.000000
11.428995 5 10 2000000.000000
12.133434 5 6 5000000.000000
13.229988 5 10 80000.000000
13.796727 5 22 80000.000000
14.753421 5 1 80000.000000
14.911110 5 5 1000000.000000
15.104460 5 19 200000.000000
15.136500 5 0 2000000.000000
15.228033 5 18 2000000.000000
16.867972 5 15 10000000.000000
17.922038 5 5 10000.000000
19.694786 5 9 5000000.000000
20.339318 5 7 10000.000000
21.305615 5 25 1000000.000000
21.490985 5 15 2000000.000000
22.078776 5 0 1000000.000000
22.212648 5 23 30000.000000
23.250015 5 4 80000.000000
24.454504 5 7 20000.000000
26.774580 5 15 1000000.000000
26.866123 5 16 5000000.000000
27.129608 5 8 30000.000000
27.249810 5 26 80000.000000
27.872009 5 4 20000.000000
28.711546 5 21 1000000.000000
28.857553 5 4 2000000.000000
29.771632 5 16 10000000.000000
0.248576 6 1 80000.000000
0.751171 6 3 10000.000000
1.531790 6 8 10000.000000
2.147132 6 22 5000000.000000
2.352712 6 6 5000000.000000
2.595743 6 21 2000000.000000
4.888484 6 13 50000.000000
5.013639 6 15 80000.000000
5.347603 6 15 10000.000000
6.359676 6 11 5000000.000000
8.848192 6 18 5000000.000000
9.614462 6 10 50000.000000
10.318629 6 18 10000.000000
11.369241 6 4 10000.000000
11.378159 6 20 1000000.000000
12.180757 6 24 10000000.000000
12.784618 6 16 1000000.000000
12.955691 6 0 2000000.000000
13.055417 6 8 50000.000000
15.033503 6 12 10000.000000
15.669265 6 2 30000.000000
16.843745 6 19 1000000.000000
16.858427 6 12 5000000.000000
18.535830 6 6 1000000.000000
18.567292 6 17 80000.000000
18.791304 6 13 5000000.000000
22.794070 6 18 80000.000000
24.457386 6 20 30000.000000
25.273050 6 5 20000.000000
27.345653 6 20 50000.000000
28.817169 6 7 80000.000000
28.904925 6 10 10000.000000
29.153116 6 23 50000.000000
29.263409 6 26 50000.000000
0.469621 7 21 50000.000000
1.199722 7 12 10000000.000000
1.322550 7 6 30000.000000
1.819234 7 11 30000.000000
2.681834 7 2 20000.000000
2.814097 7 8 10000.000000
3.253729 7 25 80000.000000
4.343709 7 17 5000000.000000
6.623537 7 22 1000000.000000
8.458142 7 14 80000.000000
9.078312 7 12 10000.000000
10.142082 7 16 2000000.000000
14.303162 7 18 30000.000000
15.828750 7 5 2000000.000000
16.025365 7 25 80000.000000
16.411458 7 23 10000000.000000
16.820027 7 5 1000000.000000
17.123155 7 4 30000000.000000
19.959376 7 3 30000000.000000
20.287714 7 19 10000000.000000
20.484759 7 11 10000.000000
20.730476 7 13 5000000.000000
20.755380 7 11 80000.000000
21.054230 7 14 10000.000000
21.712176 7 18 5000000.000000
21.979790 7 24 80000.000000
22.913393 7 13 200000.000000
26.071340 7 12 80000.000000
26.729857 7 17 30000000.000000
27.590432 7 24 200000.000000
27.751594 7 11 10000.000000
0.266616 8 23 50000.000000
1.853921 8 8 5000000.000000
2.377331 8 16 80000.000000
2.495522 8 9 1000000.000000
2.715555 8 5 10000.000000
4.626619 8 15 80000.000000
5.744451 8 19 80000.000000
6.885755 8 11 200000.000000
7.008759 8 11 200000.000000
7.038211 8 24 2000000.000000
7.494512 8 22 5000000.000000
7.631812 8 26 30000.000000
8.656804 8 21 2000000.000000
10.189960 8 3 1000000.000000
10.612789 8 4 30000.000000
11.176637 8 17 50000.000000
11.796993 8 8 5000000.000000
11.806624 8 21 80000.000000
11.902508 8 25 10000.000000
13.066047 8 12 80000.000000
13.771053 8 25 10000000.000000
14.528785 8 0 10000.000000
15.215577 8 4 80000.000000
15.237027 8 13 10000.000000
15.310409 8 18 200000.000000
15.322473 8 13 10000.000000
15.672803 8 0 30000.000000
17.172693 8 0 2000000.000000
17.984442 8 2 10000.000000
21.185245 8 1 10000000.000000
21.523091 8 23 30000.000000
21.865066 8 1 80000.000000
22.106521 8 6 10000.000000
26.724969 8 7 10000.000000
26.749601 8 16 1000000.000000
26.830155 8 13 2000000.000000
28.509484 8 24 10000.000000
28.802835 8 9 10000.000000
28.926053 8 13 5000000.000000
29.128301 8 7 30000.000000
29.637732 8 12 30000000.000000
29.811588 8 24 5000000.000000
0.041496 9 22 1000000.000000
1.651003 9 22 5000000.000000
1.876464 9 5 10000.000000
3.151353 9 26 200000.000000
3.235637 9 4 200000.000000
3.555095 9 22 10000.000000
3.627161 9 1 80000.000000
5.116971 9 21 30000.000000
6.633138 9 0 20000.000000
6.721626 9 25 30000.000000
6.748259 9 26 2000000.000000
8.569181 9 4 80000.000000
11.106614 9 25 80000.000000
11.161196 9 22 1000000.000000
12.389745 9 21 10000000.000000
12.767267 9 11 20000.000000
13.772924 9 5 1000000.000000
14.406181 9 8 50000.000000
14.536149 9 7 50000.000000
17.875205 9 1 2000000.000000
19.988509 9 13 10000000.000000
20.801166 9 1 10000.000000
22.879610 9 4 80000.000000
24.254377 9 26 10000.000000
24.845225 9 7 5000000.000000
26.011144 9 6 10000000.000000
26.390740 9 10 10000.000000
27.375049 9 24 5000000.000000
28.932298 9 11 10000000.000000
29.607269 9 7 10000.000000
2.198145 10 1 200000.000000
2.252293 10 0 200000.000000
2.846079 10 2 30000.000000
2.889981 10 6 80000.000000
3.275400 10 21 30000000.000000
3.780281 10 11 10000.000000
4.419657 10 20 80000.000000
5.328602 10 15 5000000.000000
5.699606 10 12 10000.000000
6.416894 10 6 10000.000000
6.711029 10 17 30000.000000
6.944239 10 4 20000.000000
7.541476 10 13 50000.000000
7.669941 10 25 80000.000000
8.312101 10 9 1000000.000000
8.749522 10 8 30000.000000
8.789188 10 2 30000.000000
8.910035 10 6 10000000.000000
9.460244 10 10 10000000.000000
9.931548 10 3 30000.000000
10.513691 10 9 30000.000000
13.227658 10 5 5000000.000000
13.831159 10 4 1000000.000000
15.039939 10 5 30000.000000
15.710063 10 13 2000000.000000
16.353340 10 14 50000.000000
16.557054 10 14 30000.000000
18.431583 10 20 10000000.000000
18.731971 10 8 10000.000000
19.968994 10 2 10000.000000
20.286194 10 17 80000.000000
21.212620 10 17 80000.000000
21.303130 10 23 30000.000000
21.449447 10 13 5000000.000000
21.723107 10 24 50000.000000
23.623569 10 0 1000000.000000
23.932473 10 25 10000.000000
24.414285 10 15 50000.000000
26.193799 10 16 50000.000000
26.911399 10 24 200000.000000
27.608481 10 21 80000.000000
27.854123 10 22 1000000.000000
27.959564 10 18 80000.000000
29.059084 10 13 5000000.000000
29.444141 10 0 1000000.000000
3.359090 11 5 50000.000000
4.273879 11 4 50000.000000
4.929546 11 26 50000.000000
6.531321 11 7 2000000.000000
10.279454 11 24 50000.000000
10.822116 11 6 5000000.000000
12.593273 11 17 2000000.000000
13.206132 11 8 1000000.000000
14.415717 11 12 1000000.000000
14.548396 11 14 50000.000000
14.551284 11 16 2000000.000000
15.246647 11 9 20000.000000
15.335200 11 22 30000000.000000
16.515221 11 15 1000000.000000
16.526536 11 4 2000000.000000
20.811004 11 3 5000000.000000
20.860571 11 21 5000000.000000
22.426545 11 21 30000000.000000
23.821246 11 13 2000000.000000
25.006221 11 5 30000000.000000
25.856323 11 22 10000000.000000
27.566914 11 13 30000.000000
28.053222 11 21 30000.000000
29.025198 11 6 30000000.000000
29.532697 11 8 80000.000000
29.907270 11 4 30000.000000
0.140871 12 8 10000.000000
0.525493 12 24 20000.000000
2.845871 12 18 200000.000000
3.400728 12 6 80000.000000
3.741606 12 16 10000.000000
6.632552 12 21 50000.000000
7.220307 12 22 200000.000000
8.324417 12 20 10000.000000
9.173649 12 16 30000.000000
10.242265 12 8 80000.000000
10.274890 12 15 80000.000000
10.598106 12 13 80000.000000
11.690412 12 4 1000000.000000
12.005517 12 5 5000000.000000
12.094478 12 19 5000000.000000
12.970873 12 25 80000.000000
14.229835 12 12 10000.000000
14.761816 12 8 80000.000000
16.032829 12 23 50000.000000
16.292435 12 15 80000.000000
16.759065 12 2 5000000.000000
16.897545 12 1 50000.000000
18.089047 12 13 30000.000000
18.293596 12 22 30000.000000
20.818351 12 8 1000000.000000
21.137343 12 4 1000000.000000
22.287833 12 2 200000.000000
23.200817 12 23 80000.000000
27.277720 12 26 1000000.000000
27.291437 12 24 10000000.000000
28.512192 12 0 50000.000000
28.745613 12 23 80000.000000
29.548239 12 7 80000.000000
0.501274 13 22 10000.000000
0.722690 13 25 80000.000000
1.678330 13 21 30000.000000
2.408641 13 9 80000.000000
2.620695 13 14 1000000.000000
2.638168 13 16 10000.000000
3.936488 13 14 30000.000000
4.300777 13 1 2000000.000000
4.583747 13 10 80000.000000
4.844363 13 25 10000.000000
4.855256 13 14 200000.000000
5.275370 13 24 10000.000000
8.024910 13 21 5000000.000000
8.345928 13 23 80000.000000
8.523861 13 15 200000.000000
9.422882 13 0 30000.000000
14.630348 13 11 2000000.000000
15.402277 13 10 30000.000000
15.922909 13 15 80000.000000
17.428147 13 0 1000000.000000
18.229570 13 19 80000.000000
19.196907 13 11 1000000.000000
19.234133 13 3 10000.000000
19.631799 13 3 1000000.000000
20.672863 13 20 30000.000000
21.517009 13 9 5000000.000000
21.770518 13 20 10000.000000
22.089885 13 24 50000.000000
23.159483 13 8 10000.000000
25.050427 13 9 2000000.000000
26.789022 13 1 1000000.000000
28.962309 13 23 5000000.000000
29.322688 13 24 10000.000000
29.415433 13 18 80000.000000
29.467703 13 3 50000.000000
29.492504 13 3 50000.000000
29.733359 13 13 10000000.000000
29.744069 13 8 80000.000000
2.069521 14 4 10000000.000000
2.751241 14 18 10000.000000
3.886759 14 18 5000000.000000
5.816036 14 10 80000.000000
6.018552 14 11 80000.000000
6.701520 14 14 10000000.000000
6.778050 14 16 1000000.000000
7.517026 14 22 5000000.000000
7.735606 14 22 20000.000000
7.928525 14 18 30000.000000
9.282484 14 3 50000.000000
10.990999 14 10 80000.000000
11.866614 14 6 5000000.000000
13.119023 14 7 10000.000000
13.182550 14 17 50000.000000
15.956232 14 24 50000.000000
16.165053 14 5 1000000.000000
16.306597 14 24 10000.000000
16.806577 14 5 2000000.000000
17.679300 14 23 200000.000000
18.007722 14 19 5000000.000000
18.130708 14 14 50000.000000
20.996088 14 11 2000000.000000
21.337874 14 3 80000.000000
22.512267 14 17 80000.000000
22.618881 14 5 2000000.000000
22.910279 14 9 5000000.000000
24.596893 14 4 80000.000000
24.999477 14 18 1000000.000000
26.406606 14 23 80000.000000
27.373417 14 5 200000.000000
28.062974 14 9 10000000.000000
28.346375 14 25 20000.000000
29.808002 14 11 2000000.000000
1.658912 15 19 30000000.000000
2.802715 15 8 30000.000000
3.862719 15 11 10000000.000000
5.013858 15 9 80000.000000
5.290093 15 21 5000000.000000
5.807849 15 8 20000.000000
7.353557 15 7 10000.000000
8.343174 15 9 10000.000000
9.036062 15 17 2000000.000000
10.584186 15 10 1000000.000000
11.660062 15 4 20000.000000
14.176695 15 7 80000.000000
14.571225 15 16 80000.000000
15.104739 15 25 30000000.000000
15.339346 15 0 10000000.000000
16.750136 15 6 2000000.000000
16.761308 15 11 30000.000000
16.982810 15 4 50000.000000
17.904030 15 0 10000.000000
18.359335 15 23 10000000.000000
19.513092 15 25 2000000.000000
19.549656 15 22 2000000.000000
21.247517 15 17 10000.000000
21.860993 15 1 2000000.000000
22.236977 15 7 10000000.000000
23.874257 15 22 50000.000000
24.146025 15 23 1000000.000000
24.372605 15 10 5000000.000000
24.868724 15 23 5000000.000000
26.347983 15 16 5000000.000000
26.532575 15 11 30000.000000
29.389215 15 5 30000.000000
29.494992 15 16 10000.000000
29.668092 15 23 1000000.000000
2.453869 16 0 10000000.000000
4.464801 16 26 20000.000000
4.737263 16 24 2000000.000000
5.302998 16 25 10000.000000
5.986210 16 15 2000000.000000
6.016348 16 0 5000000.000000
7.509835 16 16 30000.000000
7.674639 16 23 30000.000000
7.858980 16 2 20000.000000
8.533117 16 14 80000.000000
8.599328 16 19 10000.000000
8.676820 16 0 10000000.000000
10.156263 16 5 200000.000000
12.797167 16 4 2000000.000000
12.948008 16 19 5000000.000000
13.147215 16 10 5000000.000000
13.205600 16 19 80000.000000
15.821141 16 22 80000.000000
19.250636 16 20 200000.000000
20.205388 16 9 10000.000000
20.317467 16 9 30000.000000
20.872002 16 19 10000.000000
20.918653 16 10 1000000.000000
20.934396 16 0 5000000.000000
22.219506 16 26 200000.000000
22.823464 16 16 80000.000000
23.435605 16 18 50000.000000
24.113926 16 0 10000000.000000
24.973294 16 26 10000.000000
25.269273 16 6 10000.000000
27.128905 16 20 80000.000000
27.459199 16 15 30000.000000
27.899559 16 4 200000.000000
28.878321 16 7 20000.000000
29.499238 16 20 30000.000000
29.917034 16 21 10000.000000
0.051870 17 14 1000000.000000
0.287457 17 6 10000.000000
1.141865 17 7 80000.000000
1.499172 17 26 1000000.000000
1.907202 17 10 5000000.000000
2.282461 17 3 10000.000000
3.387899 17 9 10000.000000
4.440716 17 3 1000000.000000
6.451066 17 12 20000.000000
6.674107 17 4 200000.000000
6.829053 17 15 20000.000000
7.211891 17 22 20000.000000
8.548041 17 7 10000.000000
8.565560 17 5 80000.000000
8.631704 17 7 20000.000000
8.683555 17 25 50000.000000
10.496490 17 17 80000.000000
10.912342 17 8 30000.000000
12.417176 17 0 2000000.000000
12.532254 17 20 10000000.000000
13.327176 17 0 200000.000000
13.851071 17 0 50000.000000
15.803331 17 20 10000.000000
17.773856 17 6 2000000.000000
18.432756 17 2 10000.000000
21.283172 17 15 80000.000000
22.723623 17 7 1000000.000000
23.489743 17 25 200000.000000
24.501150 17 2 10000.000000
26.252673 17 21 200000.000000
26.489970 17 18 80000.000000
26.607891 17 20 1000000.000000
28.316820 17 12 30000.000000
2.181339 18 22 10000.000000
2.781843 18 25 50000.000000
2.789173 18 11 1000000.000000
2.859325 18 5 10000.000000
4.709335 18 24 1000000.000000
6.329883 18 20 10000000.000000
8.254293 18 19 200000.000000
9.025827 18 19 30000.000000
9.746985 18 12 5000000.000000
9.868149 18 22 5000000.000000
10.606918 18 20 30000.000000
10.691608 18 2 30000000.000000
12.637035 18 23 2000000.000000
12.694851 18 11 1000000.000000
13.028701 18 7 10000.000000
13.357690 18 7 5000000.000000
15.114406 18 14 10000000.000000
16.482311 18 11 1000000.000000
18.307256 18 21 20000.000000
18.549480 18 4 10000.000000
19.074900 18 3 10000.000000
19.769420 18 0 30000.000000
21.705625 18 20 200000.000000
22.586962 18 7 20000.000000
24.514372 18 9 80000.000000
25.793358 18 21 50000.000000
26.198022 18 16 80000.000000
26.246133 18 21 10000.000000
26.550509 18 11 50000.000000
26.604089 18 22 1000000.000000
26.631329 18 6 5000000.000000
27.094845 18 14 10000.000000
27.336534 18 14 2000000.000000
27.410514 18 13 50000.000000
27.600320 18 3 80000.000000
28.948449 18 15 50000.000000
29.571144 18 4 80000.000000
29.799712 18 6 1000000.000000
29.946082 18 25 10000.000000
1.985080 19 9 200000.000000
3.060957 19 5 5000000.000000
4.027316 19 14 80000.000000
4.033579 19 21 5000000.000000
4.204265 19 0 200000.000000
4.440574 19 18 80000.000000
5.413860 19 2 20000.000000
6.173617 19 14 2000000.000000
6.406212 19 12 10000.000000
6.666397 19 15 10000000.000000
6.847843 19 25 80000.000000
7.693063 19 4 80000.000000
10.139127 19 3 10000.000000
11.020132 19 8 50000.000000
12.243835 19 7 1000000.000000
12.305936 19 12 80000.000000
13.868296 19 18 1000000.000000
14.141830 19 24 20000.000000
14.917169 19 16 20000.000000
17.120737 19 18 30000.000000
19.976097 19 14 30000.000000
22.399725 19 1 10000000.000000
22.822892 19 11 10000.000000
24.127298 19 6 20000.000000
26.611026 19 6 1000000.000000
26.627042 19 10 1000000.000000
28.895754 19 19 1000000.000000
29.280910 19 12 5000000.000000
29.395153 19 24 2000000.000000
1.731617 20 21 2000000.000000
1.764023 20 4 1000000.000000
2.267971 20 25 1000000.000000
2.385013 20 13 20000.000000
3.029374 20 16 10000000.000000
3.928627 20 19 5000000.000000
4.039243 20 24 10000.000000
5.185851 20 5 80000.000000
7.133012 20 23 10000.000000
7.204079 20 19 30000.000000
7.274554 20 18 30000.000000
7.927958 20 2 80000.000000
7.956294 20 7 10000.000000
8.849701 20 17 10000.000000
9.483594 20 6 50000.000000
10.787497 20 18 20000.000000
10.843870 20 23 20000.000000
13.174634 20 23 10000000.000000
13.867627 20 7 20000.000000
14.862568 20 21 1000000.000000
14.889264 20 7 10000.000000
17.223687 20 20 50000.000000
22.399099 20 9 20000.000000
23.252306 20 19 2000000.000000
23.676372 20 5 80000.000000
23.958396 20 13 1000000.000000
24.433463 20 14 80000.000000
24.653666 20 14 80000.000000
27.441566 20 26 5000000.000000
27.597812 20 19 30000000.000000
28.342604 20 23 5000000.000000
29.935443 20 21 50000.000000
0.139344 21 23 10000.000000
0.266629 21 2 5000000.000000
0.730737 21 22 30000000.000000
1.920593 21 16 80000.000000
2.066118 21 0 80000.000000
3.440487 21 22 10000.000000
4.390991 21 25 20000.000000
4.555450 21 20 10000000.000000
4.619205 21 14 10000000.000000
5.063970 21 4 30000.000000
5.577422 21 21 2000000.000000
6.046875 21 12 5000000.000000
6.875600 21 1 5000000.000000
7.614567 21 3 50000.000000
8.114964 21 20 200000.000000
9.949056 21 17 30000.000000
10.644095 21 10 1000000.000000
10.728535 21 25 5000000.000000
12.785657 21 22 10000.000000
13.693303 21 7 10000.000000
15.270088 21 2 200000.000000
15.413272 21 9 30000.000000
16.178215 21 6 1000000.000000
16.357412 21 19 10000000.000000
16.512516 21 8 50000.000000
18.207429 21 0 80000.000000
18.417079 21 5 10000.000000
19.818269 21 17 30000.000000
19.957363 21 21 2000000.000000
20.695593 21 20 30000.000000
21.385133 21 8 30000000.000000
22.163692 21 25 50000.000000
22.277706 21 9 20000.000000
22.879558 21 12 2000000.000000
25.422128 21 16 10000.000000
27.252263 21 4 5000000.000000
28.057086 21 10 1000000.000000
28.656513 21 19 30000000.000000
28.886606 21 5 5000000.000000
29.268585 21 4 5000000.000000
29.566476 21 13 30000.000000
3.113199 22 21 5000000.000000
4.216622 22 21 20000.000000
6.185604 22 3 50000.000000
6.574921 22 22 5000000.000000
10.476039 22 8 30000.000000
10.710943 22 23 30000.000000
12.025958 22 10 80000.000000
13.035295 22 19 80000.000000
13.552219 22 25 1000000.000000
14.117858 22 3 20000.000000
15.161667 22 16 1000000.000000
16.376478 22 5 1000000.000000
16.825775 22 24 10000.000000
18.596522 22 24 1000000.000000
18.978852 22 12 30000.000000
19.442377 22 21 5000000.000000
19.787368 22 18 2000000.000000
19.919260 22 24 2000000.000000
20.131887 22 8 30000000.000000
20.613800 22 7 50000.000000
22.847216 22 11 200000.000000
23.222538 22 2 80000.000000
24.593839 22 9 80000.000000
27.503987 22 21 5000000.000000
28.622586 22 8 10000000.000000
29.126718 22 26 1000000.000000
29.831885 22 4 5000000.000000
1.329585 23 21 30000.000000
2.845875 23 14 10000000.000000
3.007340 23 18 200000.000000
3.949689 23 2 50000.000000
4.388523 23 11 5000000.000000
4.825001 23 5 80000.000000
5.491349 23 20 5000000.000000
5.692992 23 16 30000.000000
5.721183 23 9 30000.000000
7.700940 23 20 30000.000000
8.351088 23 26 10000000.000000
8.857448 23 10 200000.000000
8.865614 23 25 30000.000000
9.286898 23 22 10000000.000000
10.757598 23 4 1000000.000000
10.863372 23 17 50000.000000
12.378125 23 17 50000.000000
13.384894 23 22 80000.000000
13.576762 23 9 80000.000000
15.160535 23 26 5000000.000000
15.521164 23 23 200000.000000
16.995212 23 7 10000000.000000
17.134379 23 24 30000.000000
19.850840 23 6 1000000.000000
19.919058 23 2 10000.000000
20.223485 23 22 1000000.000000
21.664712 23 6 10000.000000
22.284595 23 0 50000.000000
23.647244 23 13 50000.000000
23.892020 23 7 5000000.000000
24.304959 23 11 1000000.000000
24.972899 23 10 10000.000000
27.803309 23 7 80000.000000
27.845474 23 16 80000.000000
28.703971 23 18 50000.000000
29.094467 23 4 2000000.000000
29.970842 23 25 1000000.000000
0.070742 24 10 10000000.000000
0.223390 24 12 50000.000000
1.615661 24 17 10000000.000000
2.439068 24 21 1000000.000000
4.479956 24 10 80000.000000
5.334025 24 7 80000.000000
7.759600 24 21 30000.000000
7.814476 24 10 1000000.000000
8.069970 24 4 50000.000000
9.479668 24 5 50000.000000
14.408686 24 2 50000.000000
14.455605 24 19 50000.000000
15.534281 24 7 30000.000000
17.789418 24 22 30000.000000
18.227940 24 4 2000000.000000
18.813691 24 11 200000.000000
19.526638 24 5 5000000.000000
19.745070 24 8 50000.000000
20.127145 24 16 5000000.000000
21.050861 24 24 80000.000000
23.224090 24 19 2000000.000000
23.683407 24 25 1000000.000000
24.472589 24 13 2000000.000000
26.564233 24 20 1000000.000000
27.390847 24 19 30000.000000
29.505345 24 21 50000.000000
0.525853 25 11 5000000.000000
0.992190 25 1 10000.000000
1.070350 25 3 30000000.000000
1.185114 25 18 10000.000000
2.637777 25 23 1000000.000000
3.072789 25 10 80000.000000
3.666595 25 14 1000000.000000
4.101263 25 13 30000.000000
8.875239 25 10 5000000.000000
9.254741 25 18 5000000.000000
11.193173 25 4 1000000.000000
12.654611 25 4 2000000.000000
13.076363 25 25 10000.000000
13.120884 25 14 80000.000000
14.242348 25 23 50000.000000
14.403732 25 1 50000.000000
18.542845 25 0 200000.000000
19.365479 25 3 2000000.000000
19.578415 25 4 1000000.000000
21.019245 25 26 2000000.000000
21.195506 25 23 30000000.000000
21.732508 25 2 50000.000000
21.807857 25 6 10000.000000
22.166434 25 3 10000.000000
22.524048 25 4 80000.000000
23.215935 25 18 2000000.000000
27.494017 25 11 1000000.000000
28.066117 25 5 10000.000000
28.195730 25 9 5000000.000000
28.717499 25 5 80000.000000
29.481644 25 16 5000000.000000
0.844106 26 18 80000.000000
1.484152 26 2 30000.000000
5.168091 26 9 200000.000000
6.129411 26 5 10000.000000
6.350257 26 23 2000000.000000
7.909101 26 7 1000000.000000
9.139992 26 18 20000.000000
9.859456 26 19 2000000.000000
10.332145 26 18 30000.000000
13.389473 26 5 50000.000000
13.605500 26 21 50000.000000
14.388227 26 10 80000.000000
14.814609 26 4 20000.000000
15.305693 26 7 50000.000000
15.498659 26 3 10000.000000
16.356569 26 9 10000000.000000
17.165146 26 3 2000000.000000
17.450935 26 22 50000.000000
19.459130 26 8 1000000.000000
20.744177 26 10 1000000.000000
22.215257 26 7 80000.000000
23.150053 26 19 200000.000000
23.626008 26 9 1000000.000000
24.654140 26 25 30000000.000000
25.440322 26 23 80000.000000
25.869584 26 26 10000000.000000
28.305097 26 25 5000000.000000
28.978462 26 6 20000.000000
