0.386272 0 6 10000.000000
0.589261 0 19 30000.000000
0.739760 0 12 10000.000000
1.175476 0 2 10000.000000
1.279546 0 2 5000000.000000
1.441054 0 7 2000000.000000
1.648321 0 6 1000000.000000
1.875096 0 1 10000.000000
2.104442 0 16 5000000.000000
2.308598 0 9 80000.000000
2.620937 0 14 2000000.000000
2.636269 0 6 5000000.000000
3.013639 0 4 2000000.000000
3.083558 0 6 30000.000000
3.766604 0 26 2000000.000000
4.742303 0 19 80000.000000
4.933759 0 5 10000.000000
4.989198 0 1 2000000.000000
5.049944 0 13 10000000.000000
5.105832 0 18 200000.000000
5.428195 0 16 5000000.000000
5.651306 0 10 2000000.000000
5.906666 0 4 10000000.000000
5.911472 0 25 10000.000000
6.681386 0 1 30000.000000
7.101914 0 15 1000000.000000
7.617968 0 7 5000000.000000
7.748842 0 10 2000000.000000
7.912517 0 22 50000.000000
8.201227 0 26 80000.000000
8.224181 0 8 2000000.000000
8.489380 0 5 10000000.000000
8.623194 0 8 30000.000000
8.713776 0 25 50000.000000
9.405305 0 14 200000.000000
9.798797 0 15 30000000.000000
10.063272 0 15 1000000.000000
10.866614 0 15 80000.000000
11.124862 0 4 80000.000000
11.286573 0 2 80000.000000
11.301224 0 10 30000.000000
11.481969 0 22 2000000.000000
11.496576 0 0 2000000.000000
11.502590 0 18 50000.000000
11.878270 0 26 20000.000000
12.001660 0 6 30000.000000
12.341164 0 14 5000000.000000
12.893633 0 0 30000.000000
12.907329 0 6 5000000.000000
13.136921 0 10 80000.000000
13.649731 0 15 10000.000000
13.714163 0 24 80000.000000
13.774970 0 2 20000.000000
13.971091 0 0 50000.000000
14.114954 0 16 30000000.000000
14.489726 0 1 10000000.000000
14.643759 0 24 10000000.000000
14.659526 0 22 50000.000000
15.120642 0 6 5000000.000000
15.140096 0 9 50000.000000
15.369430 0 9 200000.000000
15.395951 0 3 200000.000000
15.636334 0 15 1000000.000000
16.244615 0 23 1000000.000000
16.307614 0 1 10000.000000
17.100741 0 15 200000.000000
17.609277 0 21 10000.000000
17.724163 0 24 30000.000000
18.222919 0 3 50000.000000
18.244925 0 8 80000.000000
18.251374 0 5 80000.000000
18.300934 0 13 1000000.000000
18.692601 0 22 20000.000000
19.147998 0 17 10000.000000
19.315460 0 11 30000.000000
20.341512 0 23 1000000.000000
20.421206 0 4 10000000.000000
20.461563 0 22 2000000.000000
20.539673 0 2 10000.000000
20.643502 0 3 2000000.000000
21.185831 0 15 1000000.000000
22.470039 0 25 1000000.000000
22.563890 0 8 5000000.000000
22.805037 0 11 80000.000000
23.089297 0 26 30000000.000000
23.157272 0 25 10000.000000
23.194888 0 17 30000.000000
23.352384 0 12 30000.000000
23.654529 0 9 30000.000000
24.458296 0 3 200000.000000
24.792448 0 7 2000000.000000
24.946343 0 19 5000000.000000
25.323612 0 26 10000000.000000
25.542538 0 8 5000000.000000
25.946509 0 23 20000.000000
26.119707 0 10 10000.000000
26.377940 0 18 80000.000000
26.608773 0 25 10000.000000
26.904415 0 10 10000.000000
27.047951 0 17 30000000.000000
27.807526 0 17 50000.000000
27.859403 0 7 80000.000000
28.044958 0 5 5000000.000000
28.326922 0 9 20000.000000
28.739277 0 11 10000.000000
28.751071 0 12 20000.000000
29.190957 0 1 10000.000000
29.383042 0 7 10000.000000
29.608424 0 25 10000.000000
29.644456 0 6 50000.000000
0.059034 1 16 10000.000000
0.598819 1 10 1000000.000000
0.868100 1 4 200000.000000
1.671080 1 13 50000.000000
2.041489 1 23 30000.000000
2.262298 1 1 20000.000000
2.506857 1 23 10000000.000000
2.610334 1 26 50000.000000
3.149115 1 17 5000000.000000
3.659066 1 4 10000.000000
4.027964 1 26 50000.000000
4.069139 1 25 50000.000000
4.640912 1 0 2000000.000000
4.753827 1 5 5000000.000000
5.286157 1 0 10000.000000
6.187235 1 24 20000.000000
6.495849 1 7 20000.000000
7.065394 1 13 30000.000000
7.360976 1 20 200000.000000
7.681039 1 3 10000000.000000
7.685142 1 18 10000000.000000
7.769314 1 8 10000000.000000
7.847744 1 1 30000.000000
7.884986 1 21 2000000.000000
8.168953 1 21 30000.000000
8.401801 1 26 200000.000000
8.442899 1 21 80000.000000
8.782825 1 26 200000.000000
8.838997 1 8 10000.000000
9.273816 1 13 10000.000000
9.463167 1 11 10000.000000
9.784405 1 25 30000.000000
10.152988 1 22 10000.000000
10.639952 1 7 10000.000000
10.924737 1 16 20000.000000
11.048842 1 10 10000000.000000
11.357649 1 3 200000.000000
11.381814 1 0 80000.000000
11.643954 1 3 1000000.000000
11.761654 1 1 80000.000000
11.869510 1 26 10000.000000
12.686951 1 24 1000000.000000
12.914243 1 14 80000.000000
13.018473 1 8 5000000.000000
13.066052 1 6 200000.000000
13.251557 1 4 20000.000000
13.403862 1 4 2000000.000000
13.688506 1 13 80000.000000
13.916973 1 7 200000.000000
13.960294 1 19 200000.000000
14.403407 1 19 10000.000000
14.743000 1 20 50000.000000
14.858322 1 25 80000.000000
15.488759 1 5 80000.000000
16.735088 1 4 20000.000000
17.035883 1 5 10000.000000
17.086659 1 23 80000.000000
17.111188 1 1 50000.000000
17.453594 1 3 10000000.000000
17.764298 1 21 10000.000000
17.932760 1 3 1000000.000000
18.016080 1 5 20000.000000
18.119862 1 5 2000000.000000
18.129969 1 22 50000.000000
19.224379 1 1 2000000.000000
19.462837 1 25 10000.000000
20.205286 1 22 200000.000000
20.562220 1 5 80000.000000
21.164614 1 1 10000000.000000
21.253747 1 12 30000.000000
21.401306 1 22 50000.000000
21.699934 1 25 5000000.000000
21.738944 1 13 10000.000000
22.461125 1 17 30000.000000
22.562615 1 9 5000000.000000
22.982933 1 4 10000.000000
23.021823 1 26 200000.000000
23.405025 1 25 200000.000000
23.597470 1 18 10000000.000000
24.216596 1 22 2000000.000000
24.331225 1 13 10000000.000000
24.412096 1 13 200000.000000
24.543974 1 12 10000000.000000
24.723028 1 3 1000000.000000
24.926726 1 23 80000.000000
25.265304 1 8 80000.000000
25.619321 1 10 30000.000000
25.725359 1 25 10000.000000
26.046611 1 21 30000000.000000
26.566956 1 1 10000.000000
27.255695 1 5 1000000.000000
27.326756 1 21 10000000.000000
27.333094 1 5 10000000.000000
27.484352 1 2 2000000.000000
28.301162 1 1 80000.000000
28.454422 1 4 1000000.000000
28.569454 1 19 10000000.000000
29.269311 1 13 80000.000000
29.683614 1 15 2000000.000000
0.227782 2 23 5000000.000000
1.088024 2 20 200000.000000
1.094040 2 19 80000.000000
1.291592 2 15 1000000.000000
1.405922 2 4 5000000.000000
1.477244 2 0 80000.000000
1.787157 2 7 10000.000000
2.535252 2 16 80000.000000
3.589498 2 14 80000.000000
3.661488 2 9 10000.000000
3.980317 2 6 5000000.000000
4.439333 2 3 5000000.000000
4.462388 2 3 80000.000000
4.516698 2 18 2000000.000000
4.564404 2 5 30000.000000
4.681663 2 21 20000.000000
6.257958 2 22 2000000.000000
6.558894 2 26 80000.000000
6.595523 2 22 20000.000000
6.896475 2 10 5000000.000000
6.915539 2 1 30000000.000000
7.326693 2 10 5000000.000000
7.343364 2 4 10000.000000
7.643179 2 25 1000000.000000
7.780043 2 10 50000.000000
8.495233 2 12 80000.000000
8.649089 2 23 80000.000000
9.048883 2 16 30000.000000
9.109084 2 0 10000.000000
9.171658 2 5 10000000.000000
9.721218 2 18 200000.000000
9.772421 2 11 10000.000000
10.616710 2 3 10000000.000000
10.766754 2 17 80000.000000
10.850861 2 13 5000000.000000
10.915402 2 3 20000.000000
11.174888 2 26 5000000.000000
11.339125 2 23 10000000.000000
11.516962 2 1 80000.000000
11.570180 2 26 1000000.000000
12.317845 2 7 10000.000000
12.374934 2 6 10000000.000000
12.746221 2 1 5000000.000000
12.792027 2 19 5000000.000000
12.835483 2 24 30000.000000
13.192629 2 23 5000000.000000
13.806919 2 23 200000.000000
14.165999 2 18 10000.000000
14.419167 2 7 80000.000000
14.490128 2 14 30000.000000
15.013822 2 25 10000.000000
15.105513 2 8 30000.000000
15.209020 2 19 10000000.000000
15.264497 2 6 50000.000000
15.562911 2 5 80000.000000
15.735084 2 26 20000.000000
16.054834 2 7 10000.000000
16.588356 2 5 5000000.000000
16.655559 2 21 80000.000000
16.949480 2 14 10000000.000000
17.342812 2 21 20000.000000
17.476734 2 7 10000.000000
17.881909 2 23 2000000.000000
17.982143 2 6 30000.000000
18.082533 2 23 10000000.000000
18.574637 2 12 1000000.000000
18.736809 2 26 10000000.000000
19.235194 2 25 80000.000000
19.899814 2 4 20000.000000
20.587248 2 5 5000000.000000
22.993241 2 26 30000.000000
23.091545 2 26 10000.000000
23.130460 2 14 30000.000000
23.224500 2 19 2000000.000000
23.441451 2 17 2000000.000000
23.584328 2 0 80000.000000
24.094170 2 6 10000.000000
24.311024 2 7 1000000.000000
24.943642 2 11 50000.000000
25.596919 2 21 200000.000000
26.551807 2 11 80000.000000
27.029963 2 7 5000000.000000
27.791589 2 6 2000000.000000
27.914006 2 6 50000.000000
29.491896 2 10 10000.000000
0.233487 3 24 10000.000000
0.501460 3 21 50000.000000
0.662078 3 5 30000.000000
0.993248 3 6 1000000.000000
1.235564 3 6 50000.000000
1.316772 3 20 30000.000000
1.347452 3 13 10000000.000000
1.548609 3 19 10000000.000000
1.582666 3 7 200000.000000
1.784072 3 22 200000.000000
1.994050 3 5 20000.000000
2.027150 3 25 30000000.000000
2.316049 3 21 10000.000000
2.506730 3 7 50000.000000
2.512334 3 19 2000000.000000
2.674427 3 16 30000.000000
2.812640 3 4 80000.000000
2.904322 3 17 200000.000000
2.991446 3 24 1000000.000000
3.418274 3 12 10000.000000
3.603145 3 9 2000000.000000
3.781400 3 15 50000.000000
3.807466 3 10 1000000.000000
3.837649 3 4 30000.000000
3.882822 3 16 10000.000000
4.490210 3 9 80000.000000
4.549268 3 10 80000.000000
5.097220 3 23 30000.000000
5.931387 3 16 30000.000000
6.663925 3 20 30000000.000000
6.691563 3 25 30000.000000
6.694467 3 13 2000000.000000
6.838166 3 9 30000.000000
7.158208 3 17 50000.000000
7.229251 3 5 1000000.000000
7.545754 3 25 10000000.000000
8.387406 3 23 5000000.000000
8.419587 3 14 10000.000000
8.743674 3 0 10000000.000000
9.036910 3 14 50000.000000
9.087289 3 22 10000.000000
9.592985 3 16 30000.000000
9.655354 3 8 50000.000000
10.063046 3 25 1000000.000000
10.089014 3 20 30000.000000
10.220071 3 21 10000.000000
11.993905 3 5 5000000.000000
12.124397 3 25 2000000.000000
12.476147 3 15 1000000.000000
12.527023 3 25 80000.000000
12.820457 3 22 10000.000000
13.260388 3 23 2000000.000000
13.786486 3 16 1000000.000000
14.163095 3 15 1000000.000000
14.820630 3 17 10000.000000
14.952453 3 21 30000.000000
15.061799 3 14 5000000.000000
15.105671 3 22 2000000.000000
15.153084 3 11 80000.000000
15.371017 3 8 2000000.000000
15.460297 3 16 10000.000000
15.515637 3 0 50000.000000
15.737963 3 25 200000.000000
16.233979 3 14 80000.000000
17.038234 3 19 1000000.000000
17.439100 3 12 10000.000000
17.599289 3 15 80000.000000
17.812074 3 23 5000000.000000
17.858539 3 8 10000.000000
18.031178 3 20 80000.000000
18.152340 3 2 10000000.000000
18.474852 3 16 50000.000000
18.480737 3 25 20000.000000
18.555101 3 16 80000.000000
18.584720 3 21 1000000.000000
18.853540 3 3 30000000.000000
18.915881 3 15 30000000.000000
19.067694 3 10 10000.000000
19.299827 3 7 5000000.000000
19.642617 3 4 80000.000000
21.448461 3 16 1000000.000000
21.468334 3 20 30000.000000
21.679447 3 14 30000000.000000
21.822163 3 8 10000.000000
21.872952 3 5 200000.000000
21.936018 3 25 5000000.000000
22.719044 3 4 20000.000000
22.743280 3 1 5000000.000000
22.955719 3 26 10000000.000000
23.372075 3 1 200000.000000
23.596665 3 14 10000.000000
23.655488 3 8 5000000.000000
23.809028 3 1 5000000.000000
23.816464 3 4 30000.000000
24.707306 3 6 10000.000000
25.305069 3 14 1000000.000000
25.450550 3 14 30000.000000
25.541803 3 26 10000.000000
25.727244 3 12 1000000.000000
25.830170 3 1 10000000.000000
26.436109 3 24 1000000.000000
26.879743 3 2 30000.000000
26.964764 3 3 10000.000000
27.064627 3 20 1000000.000000
27.444632 3 9 200000.000000
27.507799 3 11 1000000.000000
27.559738 3 19 5000000.000000
27.806786 3 14 80000.000000
27.936311 3 0 50000.000000
28.421765 3 7 50000.000000
28.544079 3 20 50000.000000
28.684273 3 6 30000.000000
28.750694 3 17 10000.000000
29.500362 3 13 30000000.000000
29.853348 3 17 10000.000000
29.999227 3 24 80000.000000
0.494586 4 19 1000000.000000
0.870395 4 5 80000.000000
0.987526 4 18 10000000.000000
1.231444 4 24 2000000.000000
1.422480 4 13 10000000.000000
1.520477 4 12 5000000.000000
2.315983 4 5 50000.000000
2.826757 4 3 30000000.000000
3.956489 4 11 80000.000000
4.368894 4 17 30000.000000
4.798332 4 5 10000.000000
5.360399 4 1 200000.000000
5.894693 4 18 80000.000000
6.264263 4 3 50000.000000
6.293673 4 7 80000.000000
6.528989 4 1 200000.000000
6.689481 4 16 10000.000000
7.476255 4 21 10000000.000000
7.956020 4 9 2000000.000000
8.411325 4 24 80000.000000
8.547726 4 20 200000.000000
8.681744 4 5 80000.000000
8.734354 4 14 10000.000000
9.124261 4 10 1000000.000000
9.363706 4 9 50000.000000
9.461550 4 4 10000000.000000
10.271727 4 13 10000.000000
10.332687 4 4 200000.000000
10.837665 4 25 200000.000000
11.317383 4 19 10000000.000000
11.390033 4 25 2000000.000000
11.399080 4 21 20000.000000
11.752051 4 16 1000000.000000
12.252493 4 11 50000.000000
12.663429 4 12 5000000.000000
12.892157 4 15 10000.000000
13.001339 4 8 30000.000000
13.252396 4 10 50000.000000
13.596423 4 7 10000.000000
13.664391 4 21 50000.000000
13.878876 4 9 200000.000000
15.985194 4 25 5000000.000000
16.088187 4 9 5000000.000000
16.148043 4 17 10000.000000
16.660284 4 26 50000.000000
16.855269 4 13 80000.000000
17.311585 4 18 200000.000000
17.450592 4 1 80000.000000
17.595735 4 2 2000000.000000
17.865092 4 11 10000.000000
18.043602 4 10 2000000.000000
18.215416 4 25 10000.000000
18.395048 4 8 2000000.000000
18.592102 4 14 5000000.000000
18.798677 4 17 10000.000000
20.210052 4 26 5000000.000000
20.457059 4 12 200000.000000
21.196763 4 12 10000.000000
21.827954 4 16 1000000.000000
22.094248 4 1 5000000.000000
23.471289 4 0 1000000.000000
23.627247 4 2 10000.000000
23.708020 4 1 5000000.000000
23.961411 4 15 5000000.000000
24.442235 4 4 10000.000000
24.455772 4 22 30000.000000
25.114343 4 3 1000000.000000
25.377404 4 22 2000000.000000
26.664097 4 7 2000000.000000
27.349970 4 5 5000000.000000
27.611462 4 23 30000.000000
28.660498 4 3 50000.000000
28.881374 4 18 50000.000000
28.956842 4 2 30000.000000
29.665506 4 6 20000.000000
29.684207 4 12 10000.000000
29.919428 4 12 50000.000000
0.245095 5 13 10000.000000
0.412439 5 17 50000.000000
0.523607 5 21 10000000.000000
0.744555 5 5 80000.000000
0.748934 5 14 200000.000000
1.087461 5 16 1000000.000000
1.731865 5 9 10000.000000
1.791706 5 8 50000.000000
2.139783 5 26 30000.000000
2.140009 5 24 1000000.000000
2.168669 5 1 80000.000000
2.796554 5 6 10000.000000
2.836967 5 12 80000.000000
3.194310 5 1 5000000.000000
3.885401 5 18 30000.000000
4.006558 5 11 2000000.000000
4.288778 5 5 10000.000000
4.427660 5 11 80000.000000
4.574967 5 1 5000000.000000
4.855516 5 21 5000000.000000
5.033027 5 14 200000.000000
5.303845 5 14 30000.000000
5.613670 5 1 80000.000000
5.740302 5 16 1000000.000000
6.257003 5 16 20000.000000
6.598275 5 8 5000000.000000
7.210849 5 18 30000.000000
7.572720 5 26 80000.000000
7.645190 5 0 5000000.000000
7.648264 5 6 5000000.000000
8.292615 5 3 10000.000000
8.324753 5 17 200000.000000
8.510217 5 24 1000000.000000
9.685658 5 23 50000.000000
9.994502 5 24 80000.000000
10.401283 5 3 80000.000000
10.524939 5 6 1000000.000000
11.129887 5 13 2000000.000000
11.485701 5 2 2000000.000000
11.825769 5 13 5000000.000000
11.829046 5 20 1000000.000000
12.439165 5 15 20000.000000
12.946824 5 24 30000.000000
13.142301 5 21 2000000.000000
13.692658 5 20 80000.000000
13.960450 5 21 50000.000000
14.056358 5 7 30000.000000
14.167811 5 20 50000.000000
14.345561 5 18 5000000.000000
14.511507 5 8 50000.000000
14.615214 5 12 5000000.000000
15.455121 5 16 5000000.000000
15.840090 5 7 10000.000000
16.315435 5 4 30000.000000
16.640852 5 9 10000.000000
16.867461 5 6 50000.000000
17.666209 5 0 5000000.000000
17.706785 5 19 2000000.000000
18.582575 5 14 1000000.000000
19.026778 5 11 30000.000000
19.529604 5 19 1000000.000000
20.146979 5 19 30000.000000
20.240932 5 22 80000.000000
20.803908 5 9 2000000.000000
21.306391 5 6 50000.000000
21.320578 5 18 30000.000000
21.467680 5 18 10000000.000000
22.400175 5 16 5000000.000000
22.443299 5 14 20000.000000
22.541253 5 24 50000.000000
22.719082 5 16 2000000.000000
22.978330 5 3 10000000.000000
23.264946 5 3 2000000.000000
23.308038 5 3 30000.000000
23.924720 5 3 30000.000000
24.262169 5 2 200000.000000
24.409162 5 25 1000000.000000
24.413286 5 11 50000.000000
24.487492 5 11 10000.000000
24.575974 5 12 10000.000000
24.682432 5 0 50000.000000
26.390766 5 14 30000.000000
26.401341 5 26 10000000.000000
26.473152 5 6 2000000.000000
27.443813 5 2 30000.000000
27.607008 5 14 5000000.000000
27.791897 5 23 50000.000000
28.098568 5 23 30000.000000
28.681413 5 18 10000.000000
29.577883 5 21 200000.000000
29.585416 5 20 200000.000000
29.724720 5 6 30000.000000
0.567703 6 22 200000.000000
0.686972 6 17 10000.000000
1.369493 6 5 5000000.000000
2.166967 6 1 200000.000000
2.527511 6 21 80000.000000
2.955472 6 13 10000000.000000
3.193170 6 8 80000.000000
3.249851 6 11 10000.000000
3.656996 6 12 80000.000000
3.811652 6 6 80000.000000
3.983639 6 20 50000.000000
4.022672 6 12 10000.000000
4.239359 6 8 2000000.000000
4.656324 6 12 2000000.000000
5.266434 6 7 30000.000000
5.518086 6 8 10000.000000
5.551921 6 3 30000.000000
5.723293 6 13 80000.000000
6.569265 6 16 30000.000000
7.255577 6 2 5000000.000000
7.567693 6 20 80000.000000
7.571810 6 19 50000.000000
7.925239 6 14 200000.000000
8.215521 6 17 30000.000000
8.220472 6 17 80000.000000
8.483963 6 13 5000000.000000
8.583862 6 4 10000000.000000
9.379000 6 12 5000000.000000
10.201676 6 10 80000.000000
10.954713 6 18 80000.000000
11.350396 6 20 20000.000000
11.935023 6 25 1000000.000000
12.749116 6 3 2000000.000000
12.983555 6 20 200000.000000
13.321160 6 15 30000.000000
13.475383 6 19 5000000.000000
13.484011 6 1 20000.000000
13.582198 6 15 30000.000000
13.858772 6 15 30000.000000
14.156527 6 19 5000000.000000
14.273201 6 6 30000.000000
14.327702 6 6 10000.000000
14.379452 6 20 10000.000000
14.939903 6 12 30000.000000
14.947876 6 20 10000.000000
15.790925 6 25 80000.000000
17.130659 6 20 50000.000000
17.364401 6 26 10000.000000
17.908124 6 24 30000.000000
18.221000 6 5 10000.000000
19.187738 6 4 10000.000000
19.501592 6 10 50000.000000
19.855039 6 26 50000.000000
20.076990 6 25 200000.000000
20.166454 6 19 10000.000000
20.251809 6 25 30000.000000
20.462008 6 23 2000000.000000
20.662890 6 25 10000000.000000
20.958737 6 0 80000.000000
21.189390 6 13 30000000.000000
21.454531 6 20 80000.000000
21.604532 6 23 1000000.000000
22.308697 6 24 200000.000000
22.675796 6 14 80000.000000
22.982096 6 3 10000.000000
23.041042 6 23 80000.000000
23.220741 6 23 2000000.000000
23.326514 6 18 50000.000000
23.727506 6 20 10000000.000000
24.667308 6 14 1000000.000000
24.960141 6 8 80000.000000
25.086497 6 15 5000000.000000
25.339741 6 22 10000000.000000
25.535455 6 15 200000.000000
25.988413 6 3 10000.000000
26.025549 6 21 50000.000000
26.080325 6 13 10000.000000
26.272861 6 14 80000.000000
26.838057 6 1 50000.000000
27.143581 6 10 10000.000000
27.299191 6 10 20000.000000
27.804253 6 18 30000000.000000
27.818185 6 17 80000.000000
27.922799 6 17 80000.000000
28.377986 6 26 50000.000000
28.502651 6 0 50000.000000
29.734924 6 23 20000.000000
29.831709 6 17 10000.000000
0.450736 7 8 10000.000000
0.543041 7 3 10000000.000000
1.441779 7 6 20000.000000
1.684471 7 12 20000.000000
2.337957 7 4 50000.000000
2.386364 7 9 5000000.000000
2.500879 7 16 1000000.000000
2.670219 7 16 200000.000000
2.697742 7 15 10000000.000000
3.122248 7 22 30000.000000
3.250448 7 16 80000.000000
4.576091 7 21 30000.000000
4.668051 7 12 80000.000000
4.732951 7 1 30000.000000
4.837630 7 15 5000000.000000
5.270844 7 15 30000.000000
5.364872 7 23 10000000.000000
5.687376 7 12 80000.000000
6.098029 7 22 10000.000000
6.908956 7 1 5000000.000000
7.155658 7 12 50000.000000
7.285237 7 10 10000.000000
7.413103 7 18 10000.000000
7.506295 7 18 10000000.000000
7.552452 7 22 50000.000000
7.786622 7 17 30000000.000000
7.884595 7 4 200000.000000
7.899739 7 6 2000000.000000
8.086025 7 10 50000.000000
8.201149 7 13 30000.000000
8.954552 7 15 2000000.000000
8.992520 7 16 1000000.000000
9.184454 7 10 2000000.000000
9.212111 7 3 5000000.000000
9.350385 7 4 50000.000000
10.111516 7 20 30000.000000
10.141718 7 3 10000.000000
10.512082 7 19 2000000.000000
10.966954 7 8 1000000.000000
10.968941 7 6 2000000.000000
11.068361 7 12 80000.000000
11.132800 7 10 50000.000000
11.422929 7 1 10000.000000
12.008404 7 11 10000.000000
12.487963 7 1 200000.000000
13.155332 7 5 1000000.000000
13.284719 7 16 5000000.000000
13.865440 7 17 1000000.000000
14.323365 7 12 80000.000000
14.482930 7 9 10000000.000000
14.619029 7 3 50000.000000
14.844497 7 23 10000.000000
15.351632 7 11 10000.000000
15.494822 7 6 10000.000000
15.712646 7 14 10000.000000
16.187993 7 2 5000000.000000
16.274563 7 14 1000000.000000
16.603664 7 21 10000.000000
17.623128 7 6 2000000.000000
17.671773 7 17 1000000.000000
18.034691 7 9 50000.000000
18.597880 7 24 20000.000000
18.700868 7 5 30000.000000
18.804213 7 18 50000.000000
19.214700 7 23 50000.000000
19.474817 7 13 10000.000000
19.938692 7 18 200000.000000
19.983307 7 11 200000.000000
20.201397 7 24 10000.000000
20.332169 7 1 200000.000000
20.879974 7 19 10000000.000000
21.070169 7 15 10000.000000
21.133181 7 20 10000.000000
21.466071 7 1 50000.000000
21.796069 7 10 30000.000000
21.978417 7 6 10000.000000
22.068966 7 18 10000000.000000
22.540764 7 22 50000.000000
22.686258 7 6 1000000.000000
22.794179 7 19 80000.000000
23.415659 7 2 200000.000000
23.785479 7 7 30000.000000
23.909041 7 14 2000000.000000
24.953375 7 1 50000.000000
25.334120 7 25 50000.000000
25.691679 7 16 10000.000000
25.769547 7 10 5000000.000000
26.063865 7 2 80000.000000
26.527968 7 20 50000.000000
26.805768 7 7 2000000.000000
26.898683 7 15 80000.000000
27.811065 7 11 2000000.000000
27.961468 7 22 10000.000000
28.289141 7 8 10000.000000
28.499474 7 8 80000.000000
28.610871 7 10 5000000.000000
29.737989 7 22 10000.000000
0.052835 8 19 20000.000000
0.527613 8 14 50000.000000
2.002827 8 15 5000000.000000
2.080102 8 1 1000000.000000
2.629309 8 18 10000.000000
2.807809 8 25 200000.000000
2.838334 8 20 80000.000000
2.976698 8 18 200000.000000
3.182969 8 21 200000.000000
3.843772 8 4 10000000.000000
3.900591 8 2 80000.000000
3.991369 8 0 80000.000000
4.325226 8 17 50000.000000
4.366926 8 0 10000000.000000
4.383481 8 23 10000.000000
4.724140 8 7 2000000.000000
4.840785 8 20 80000.000000
5.121929 8 15 5000000.000000
5.572246 8 22 5000000.000000
6.225046 8 2 20000.000000
7.173314 8 17 80000.000000
7.352689 8 12 2000000.000000
7.383962 8 8 10000.000000
7.812217 8 12 10000.000000
8.114668 8 0 5000000.000000
8.183004 8 13 200000.000000
8.656140 8 15 10000.000000
9.468231 8 2 30000.000000
9.751050 8 0 10000.000000
9.764641 8 22 30000.000000
9.817570 8 13 50000.000000
10.368537 8 17 5000000.000000
10.372682 8 1 10000.000000
10.492178 8 9 30000.000000
10.815075 8 11 1000000.000000
11.067359 8 26 10000.000000
11.212867 8 0 1000000.000000
11.231000 8 12 1000000.000000
11.257270 8 20 1000000.000000
11.327805 8 16 10000.000000
11.400196 8 2 20000.000000
11.400285 8 1 50000.000000
11.492409 8 4 20000.000000
11.694133 8 2 5000000.000000
11.724061 8 10 30000000.000000
11.813551 8 6 5000000.000000
11.886968 8 5 1000000.000000
12.012858 8 23 30000.000000
12.096838 8 18 80000.000000
12.207731 8 19 5000000.000000
12.406283 8 5 10000000.000000
12.721241 8 19 50000.000000
13.357456 8 23 2000000.000000
13.535782 8 3 80000.000000
14.040419 8 7 10000.000000
14.725361 8 15 30000000.000000
14.976080 8 10 80000.000000
15.098620 8 6 10000.000000
15.147164 8 8 10000.000000
15.650060 8 8 80000.000000
15.721261 8 5 10000.000000
16.758440 8 19 10000000.000000
17.253924 8 11 200000.000000
17.373652 8 6 80000.000000
17.404183 8 21 30000.000000
17.446000 8 9 1000000.000000
17.467397 8 21 50000.000000
17.677033 8 22 50000.000000
17.709447 8 22 10000000.000000
18.109440 8 23 200000.000000
18.570145 8 23 30000.000000
18.921906 8 2 50000.000000
18.958759 8 1 80000.000000
19.274712 8 10 30000000.000000
19.945420 8 5 80000.000000
20.145876 8 6 10000.000000
20.529146 8 22 50000.000000
21.006562 8 26 30000.000000
21.169735 8 4 50000.000000
21.572508 8 13 80000.000000
22.453259 8 8 1000000.000000
24.320661 8 3 50000.000000
24.737844 8 13 10000.000000
25.021392 8 8 10000.000000
25.354097 8 2 80000.000000
25.730973 8 0 1000000.000000
25.907462 8 6 50000.000000
26.683482 8 20 80000.000000
26.930777 8 4 10000.000000
27.855645 8 22 5000000.000000
27.878525 8 12 80000.000000
27.966928 8 25 20000.000000
28.029142 8 6 10000.000000
28.260666 8 19 5000000.000000
28.330311 8 18 2000000.000000
29.233495 8 13 20000.000000
29.319822 8 6 80000.000000
29.488539 8 17 50000.000000
29.545683 8 4 50000.000000
29.625510 8 16 1000000.000000
29.766956 8 3 2000000.000000
0.028668 9 20 10000.000000
0.173241 9 13 50000.000000
0.897487 9 6 5000000.000000
1.147625 9 23 1000000.000000
1.306016 9 16 10000.000000
1.478575 9 8 5000000.000000
1.837975 9 20 10000.000000
2.009457 9 0 20000.000000
2.437598 9 13 80000.000000
2.548746 9 23 30000.000000
2.864434 9 6 50000.000000
3.176337 9 6 30000.000000
3.751510 9 26 50000.000000
3.984453 9 22 2000000.000000
4.247252 9 6 10000000.000000
4.513194 9 10 50000.000000
4.750502 9 24 10000.000000
5.251492 9 2 20000.000000
5.432570 9 20 20000.000000
5.787478 9 25 5000000.000000
5.789351 9 22 80000.000000
6.078266 9 13 80000.000000
6.198108 9 10 2000000.000000
6.222515 9 6 10000.000000
6.366644 9 5 10000.000000
6.663769 9 2 80000.000000
7.404694 9 20 10000.000000
7.436843 9 8 1000000.000000
7.903750 9 18 5000000.000000
8.055169 9 24 10000000.000000
8.713154 9 6 200000.000000
8.941039 9 13 80000.000000
9.298633 9 9 10000.000000
9.406078 9 11 5000000.000000
9.505597 9 3 10000000.000000
9.792091 9 1 10000000.000000
10.317255 9 6 10000000.000000
11.191061 9 3 200000.000000
11.504161 9 0 30000000.000000
12.100566 9 18 80000.000000
12.376413 9 1 50000.000000
12.628112 9 22 80000.000000
12.990007 9 17 2000000.000000
13.082616 9 19 5000000.000000
13.758412 9 11 30000.000000
14.629438 9 11 80000.000000
14.670422 9 2 10000.000000
15.293143 9 10 10000.000000
15.306564 9 2 30000000.000000
15.979309 9 19 50000.000000
16.767818 9 9 20000.000000
16.931274 9 3 80000.000000
16.941022 9 12 1000000.000000
17.281719 9 10 5000000.000000
17.453441 9 6 1000000.000000
17.680219 9 23 20000.000000
18.025278 9 0 50000.000000
18.106025 9 7 80000.000000
18.371845 9 26 10000000.000000
18.550446 9 15 1000000.000000
18.811359 9 5 10000.000000
18.940733 9 0 10000.000000
19.477610 9 13 30000000.000000
20.020060 9 24 30000.000000
20.066042 9 10 1000000.000000
20.220292 9 9 10000000.000000
20.232399 9 25 80000.000000
20.621362 9 24 80000.000000
21.273620 9 25 50000.000000
21.306481 9 0 2000000.000000
21.474825 9 24 30000.000000
21.595368 9 0 200000.000000
22.153200 9 3 2000000.000000
22.903796 9 4 1000000.000000
23.331059 9 24 50000.000000
23.347888 9 1 50000.000000
23.592564 9 24 30000000.000000
23.798308 9 10 10000.000000
23.849885 9 1 2000000.000000
23.855499 9 4 30000000.000000
24.001701 9 12 80000.000000
24.472456 9 20 2000000.000000
24.513867 9 5 50000.000000
24.581220 9 25 10000.000000
24.784019 9 24 2000000.000000
25.065037 9 23 30000.000000
25.390493 9 11 50000.000000
25.416631 9 24 1000000.000000
25.470442 9 9 50000.000000
25.675454 9 6 2000000.000000
25.743431 9 25 20000.000000
25.787987 9 9 1000000.000000
25.990297 9 25 20000.000000
26.214063 9 1 2000000.000000
27.064282 9 4 1000000.000000
27.247440 9 16 2000000.000000
27.481069 9 24 1000000.000000
27.893247 9 20 1000000.000000
28.074886 9 26 10000000.000000
28.422122 9 21 30000.000000
28.693903 9 5 10000.000000
29.067052 9 12 2000000.000000
29.104133 9 8 50000.000000
29.560579 9 20 10000.000000
29.679950 9 26 30000.000000
0.160548 10 13 10000.000000
1.035649 10 11 1000000.000000
1.273379 10 14 20000.000000
2.629340 10 8 80000.000000
3.366603 10 15 1000000.000000
3.649846 10 10 10000.000000
4.634573 10 6 50000.000000
5.019015 10 3 200000.000000
5.926330 10 26 5000000.000000
6.042470 10 6 50000.000000
6.127201 10 4 20000.000000
6.341704 10 16 30000.000000
6.514641 10 17 10000.000000
6.717519 10 14 5000000.000000
7.047483 10 19 80000.000000
7.102813 10 14 1000000.000000
7.805970 10 4 200000.000000
7.912165 10 5 20000.000000
7.927192 10 24 10000.000000
8.125695 10 7 30000.000000
8.591797 10 3 30000.000000
8.835906 10 22 30000.000000
8.878384 10 14 30000.000000
9.375524 10 24 2000000.000000
9.704837 10 16 50000.000000
9.861962 10 22 2000000.000000
9.890248 10 4 10000.000000
9.973974 10 25 80000.000000
10.009000 10 13 1000000.000000
10.119061 10 4 10000000.000000
10.937281 10 19 5000000.000000
11.610139 10 16 200000.000000
11.835077 10 5 80000.000000
12.087698 10 5 50000.000000
12.565261 10 2 5000000.000000
13.782535 10 20 5000000.000000
13.925212 10 19 80000.000000
13.933346 10 4 5000000.000000
14.086608 10 13 10000.000000
14.778304 10 19 50000.000000
14.947008 10 21 30000.000000
15.045745 10 1 5000000.000000
15.048899 10 20 1000000.000000
15.191330 10 19 10000.000000
16.435146 10 6 10000.000000
16.540202 10 17 80000.000000
18.018669 10 3 2000000.000000
18.314227 10 12 80000.000000
18.397370 10 23 2000000.000000
18.408753 10 17 2000000.000000
18.845196 10 18 50000.000000
19.350699 10 4 5000000.000000
19.847368 10 26 5000000.000000
19.851866 10 5 10000.000000
20.571401 10 0 80000.000000
21.473711 10 9 30000.000000
22.407935 10 17 10000.000000
22.418148 10 9 1000000.000000
22.851509 10 16 80000.000000
23.021702 10 5 10000.000000
23.314245 10 14 80000.000000
23.768691 10 10 10000.000000
23.774896 10 8 80000.000000
23.872641 10 20 80000.000000
24.279566 10 1 5000000.000000
25.112327 10 18 10000000.000000
25.181056 10 21 50000.000000
25.888221 10 19 200000.000000
26.070245 10 10 1000000.000000
26.172241 10 26 1000000.000000
26.475300 10 0 10000.000000
26.643703 10 9 50000.000000
27.394241 10 9 10000.000000
27.460818 10 16 2000000.000000
27.932424 10 9 50000.000000
27.963981 10 20 10000.000000
28.434854 10 23 1000000.000000
28.524671 10 7 200000.000000
28.941911 10 15 1000000.000000
28.978428 10 13 80000.000000
29.050613 10 11 2000000.000000
29.212998 10 26 30000.000000
29.327637 10 5 30000.000000
29.712527 10 19 5000000.000000
0.004964 11 5 80000.000000
0.529518 11 3 30000000.000000
0.627149 11 17 10000.000000
0.732359 11 12 10000.000000
0.951309 11 9 50000.000000
0.965443 11 13 10000.000000
1.040136 11 2 10000.000000
1.196225 11 8 1000000.000000
1.381582 11 15 50000.000000
1.451206 11 7 200000.000000
1.777027 11 6 1000000.000000
1.798544 11 10 80000.000000
1.836363 11 2 10000000.000000
1.917603 11 17 10000.000000
2.405674 11 16 1000000.000000
2.419582 11 1 10000.000000
2.672302 11 17 10000.000000
2.755328 11 1 30000.000000
3.199989 11 12 10000000.000000
3.307927 11 11 10000.000000
3.601209 11 4 2000000.000000
3.819911 11 18 1000000.000000
4.145924 11 9 80000.000000
4.359552 11 9 2000000.000000
4.558325 11 4 80000.000000
5.166912 11 6 5000000.000000
5.351118 11 14 50000.000000
5.516434 11 6 10000.000000
5.607078 11 14 20000.000000
6.496539 11 3 10000.000000
6.514705 11 21 1000000.000000
7.466003 11 15 10000000.000000
7.571249 11 14 2000000.000000
8.189368 11 24 1000000.000000
8.302399 11 7 10000.000000
9.093948 11 10 1000000.000000
9.882720 11 22 10000.000000
10.811349 11 23 20000.000000
10.986598 11 0 1000000.000000
11.084719 11 7 10000000.000000
11.113660 11 11 30000.000000
11.114011 11 4 50000.000000
11.769394 11 19 30000.000000
12.485923 11 5 80000.000000
12.681095 11 22 2000000.000000
12.844573 11 15 50000.000000
13.179943 11 1 20000.000000
13.235219 11 18 80000.000000
13.286066 11 24 80000.000000
13.340348 11 4 30000.000000
13.469681 11 13 10000.000000
13.479958 11 22 50000.000000
13.489317 11 4 2000000.000000
14.761065 11 18 20000.000000
15.297206 11 24 10000.000000
16.102719 11 15 1000000.000000
16.229523 11 17 10000.000000
16.620030 11 24 50000.000000
16.990319 11 19 10000.000000
18.115237 11 20 5000000.000000
18.187035 11 26 5000000.000000
18.472381 11 4 10000.000000
18.747908 11 17 80000.000000
18.978332 11 5 200000.000000
19.287175 11 16 50000.000000
20.273126 11 25 200000.000000
20.302092 11 2 5000000.000000
20.305862 11 0 30000000.000000
21.707990 11 11 10000.000000
21.789491 11 6 200000.000000
21.875752 11 22 50000.000000
22.135568 11 23 2000000.000000
22.354175 11 13 30000.000000
22.492264 11 10 30000.000000
23.102108 11 11 80000.000000
23.160297 11 9 10000.000000
23.178083 11 7 2000000.000000
24.218567 11 26 5000000.000000
24.367565 11 14 10000000.000000
24.647119 11 17 50000.000000
24.737120 11 9 30000.000000
25.030424 11 5 1000000.000000
25.039433 11 8 50000.000000
25.184603 11 12 1000000.000000
25.342153 11 3 5000000.000000
25.653627 11 7 10000000.000000
25.757666 11 12 10000000.000000
25.898715 11 0 30000.000000
25.919137 11 12 50000.000000
26.071633 11 9 200000.000000
26.509443 11 8 1000000.000000
26.634076 11 22 10000.000000
26.651935 11 21 80000.000000
27.104371 11 13 2000000.000000
27.719319 11 4 50000.000000
27.736789 11 11 1000000.000000
27.775954 11 8 80000.000000
27.864414 11 3 1000000.000000
28.105510 11 0 200000.000000
28.297476 11 25 2000000.000000
28.360228 11 7 1000000.000000
28.388858 11 7 30000.000000
28.778077 11 24 5000000.000000
28.882643 11 23 5000000.000000
29.441722 11 11 80000.000000
29.736743 11 5 10000.000000
29.782469 11 13 10000.000000
0.209360 12 8 200000.000000
0.647838 12 0 2000000.000000
0.739409 12 15 80000.000000
2.195575 12 3 30000000.000000
2.361439 12 23 5000000.000000
2.429931 12 21 10000.000000
2.631086 12 16 5000000.000000
2.928049 12 3 80000.000000
3.300591 12 19 200000.000000
3.444432 12 25 30000.000000
4.012570 12 8 1000000.000000
4.174261 12 11 2000000.000000
4.579488 12 5 5000000.000000
4.695806 12 15 50000.000000
4.704385 12 15 80000.000000
5.941074 12 16 2000000.000000
5.946647 12 9 80000.000000
5.960727 12 23 5000000.000000
6.060883 12 26 30000.000000
6.457280 12 18 80000.000000
6.500161 12 15 50000.000000
6.659353 12 26 200000.000000
6.996874 12 1 1000000.000000
7.122135 12 9 2000000.000000
7.192414 12 7 200000.000000
7.871440 12 8 1000000.000000
8.150532 12 19 10000.000000
8.152278 12 24 30000.000000
8.305461 12 3 2000000.000000
8.408060 12 25 10000000.000000
8.564767 12 15 10000.000000
8.703329 12 21 1000000.000000
9.012609 12 9 2000000.000000
9.029071 12 16 80000.000000
9.241163 12 22 80000.000000
9.741885 12 8 80000.000000
10.064658 12 9 10000.000000
10.929391 12 4 200000.000000
11.170326 12 3 10000.000000
11.186060 12 19 10000.000000
11.389295 12 26 5000000.000000
11.576615 12 14 10000000.000000
11.704231 12 8 10000.000000
11.907058 12 5 80000.000000
12.048019 12 25 50000.000000
12.386268 12 9 80000.000000
12.471406 12 7 200000.000000
12.543820 12 4 10000.000000
12.703402 12 25 1000000.000000
12.704073 12 13 2000000.000000
12.942616 12 18 10000000.000000
13.100727 12 9 10000.000000
13.249655 12 22 10000000.000000
14.119329 12 0 2000000.000000
14.277327 12 5 10000.000000
14.625512 12 9 5000000.000000
15.090081 12 9 80000.000000
15.193523 12 0 10000.000000
15.283801 12 24 10000.000000
15.329461 12 23 5000000.000000
15.795159 12 9 50000.000000
16.367616 12 2 10000000.000000
16.377114 12 24 10000000.000000
16.518503 12 10 2000000.000000
16.574812 12 17 5000000.000000
16.824276 12 10 5000000.000000
16.932058 12 22 5000000.000000
17.068584 12 13 5000000.000000
17.173232 12 22 20000.000000
17.296556 12 5 50000.000000
17.431589 12 11 80000.000000
17.456775 12 9 5000000.000000
17.905756 12 15 80000.000000
18.031287 12 4 5000000.000000
18.231432 12 4 50000.000000
18.427042 12 13 80000.000000
18.621284 12 6 10000.000000
19.376128 12 8 10000.000000
19.509144 12 1 50000.000000
19.524884 12 21 10000.000000
19.637096 12 4 50000.000000
19.673558 12 4 20000.000000
19.814731 12 13 10000000.000000
19.869077 12 6 10000.000000
20.159408 12 9 2000000.000000
20.357395 12 13 10000000.000000
21.428910 12 14 10000.000000
21.489250 12 18 200000.000000
21.873853 12 9 1000000.000000
22.054506 12 21 30000.000000
22.298133 12 23 1000000.000000
23.077926 12 17 30000.000000
23.233932 12 1 30000.000000
23.996676 12 1 20000.000000
24.293213 12 6 50000.000000
24.390993 12 25 10000000.000000
24.545715 12 15 2000000.000000
24.549064 12 0 10000000.000000
24.817395 12 9 2000000.000000
24.973862 12 25 5000000.000000
25.305321 12 23 10000000.000000
25.457999 12 0 30000.000000
26.115259 12 11 10000.000000
26.401674 12 18 1000000.000000
26.690812 12 13 2000000.000000
27.081002 12 24 50000.000000
27.173320 12 9 1000000.000000
27.204821 12 18 1000000.000000
27.474993 12 17 200000.000000
27.919570 12 18 200000.000000
28.370989 12 3 1000000.000000
28.379575 12 24 1000000.000000
29.938766 12 24 30000.000000
29.987277 12 9 1000000.000000
0.613302 13 24 10000.000000
0.925596 13 2 1000000.000000
1.375216 13 8 5000000.000000
1.445061 13 20 200000.000000
1.484856 13 9 2000000.000000
1.805905 13 18 30000.000000
1.812162 13 13 2000000.000000
2.222827 13 26 80000.000000
2.235621 13 23 1000000.000000
2.346386 13 10 50000.000000
2.349094 13 25 10000.000000
2.549990 13 0 1000000.000000
3.005256 13 23 10000.000000
3.195562 13 25 10000.000000
3.547033 13 15 10000000.000000
4.376523 13 4 50000.000000
4.449721 13 3 2000000.000000
4.473663 13 22 10000.000000
4.640331 13 24 10000000.000000
4.647942 13 9 10000.000000
4.781568 13 15 200000.000000
5.202607 13 22 30000.000000
5.245836 13 10 5000000.000000
5.459878 13 12 2000000.000000
5.490583 13 1 10000.000000
5.649320 13 9 50000.000000
5.805519 13 2 200000.000000
5.868103 13 6 30000.000000
6.221724 13 0 30000.000000
6.245015 13 7 5000000.000000
6.477722 13 0 10000.000000
6.566301 13 17 30000.000000
6.925220 13 6 20000.000000
6.995772 13 20 10000.000000
7.586669 13 16 1000000.000000
7.950120 13 14 5000000.000000
8.468796 13 8 10000000.000000
8.869506 13 22 200000.000000
9.602301 13 10 10000.000000
9.637930 13 13 50000.000000
9.990216 13 19 80000.000000
10.037075 13 16 20000.000000
10.052442 13 10 1000000.000000
10.128113 13 9 1000000.000000
10.398416 13 5 5000000.000000
10.697550 13 4 2000000.000000
11.162205 13 17 1000000.000000
11.282138 13 15 10000000.000000
11.284897 13 22 30000000.000000
11.396807 13 16 200000.000000
11.511698 13 16 1000000.000000
11.802362 13 21 80000.000000
11.945131 13 19 200000.000000
12.231091 13 9 5000000.000000
12.352984 13 12 5000000.000000
12.430275 13 2 1000000.000000
12.524304 13 23 30000000.000000
12.680779 13 16 50000.000000
12.737634 13 20 50000.000000
13.090023 13 23 20000.000000
13.163096 13 4 10000000.000000
13.433745 13 9 50000.000000
14.089741 13 11 30000000.000000
14.361750 13 19 10000.000000
14.389566 13 11 50000.000000
14.595561 13 23 20000.000000
14.747735 13 17 10000.000000
14.772307 13 18 200000.000000
15.880510 13 11 1000000.000000
16.128464 13 0 50000.000000
16.202122 13 11 2000000.000000
16.385467 13 17 5000000.000000
16.623334 13 11 30000000.000000
16.791636 13 20 80000.000000
17.084428 13 5 1000000.000000
17.904227 13 18 1000000.000000
18.345045 13 5 200000.000000
19.180778 13 20 50000.000000
19.239053 13 14 5000000.000000
19.491266 13 1 10000.000000
19.546921 13 26 30000.000000
19.777564 13 19 1000000.000000
20.310187 13 19 80000.000000
20.378192 13 4 1000000.000000
20.621364 13 26 1000000.000000
20.678333 13 15 2000000.000000
20.708726 13 23 10000.000000
21.345674 13 24 20000.000000
22.160623 13 12 5000000.000000
22.250911 13 0 10000.000000
22.634933 13 6 50000.000000
22.724868 13 5 30000.000000
22.873525 13 9 30000.000000
23.271108 13 17 200000.000000
23.288695 13 5 20000.000000
23.789466 13 16 50000.000000
23.924356 13 20 10000000.000000
24.348452 13 25 50000.000000
24.479403 13 8 1000000.000000
25.317093 13 20 10000.000000
25.529334 13 23 10000.000000
26.045699 13 23 5000000.000000
26.367891 13 14 10000000.000000
26.509533 13 16 10000000.000000
26.605328 13 10 30000.000000
27.414477 13 11 2000000.000000
27.514667 13 24 2000000.000000
27.550366 13 6 80000.000000
27.564501 13 20 20000.000000
27.745117 13 8 10000.000000
28.493630 13 19 30000.000000
28.867255 13 7 30000.000000
29.029937 13 21 80000.000000
29.118458 13 18 1000000.000000
29.387742 13 24 2000000.000000
29.500994 13 15 10000.000000
29.718645 13 8 10000.000000
0.188392 14 17 1000000.000000
0.773262 14 21 10000.000000
0.805256 14 1 30000.000000
1.378846 14 12 80000.000000
1.532609 14 15 50000.000000
1.776469 14 7 1000000.000000
1.910854 14 21 30000.000000
2.098301 14 22 80000.000000
2.314086 14 3 20000.000000
2.359986 14 4 5000000.000000
2.664572 14 20 5000000.000000
2.720239 14 4 10000.000000
2.823654 14 17 10000.000000
3.278319 14 22 2000000.000000
3.953726 14 26 20000.000000
4.153965 14 21 80000.000000
4.199033 14 15 50000.000000
4.232426 14 23 5000000.000000
4.815102 14 14 50000.000000
4.964137 14 18 5000000.000000
5.450719 14 12 2000000.000000
6.296575 14 12 1000000.000000
6.617585 14 3 5000000.000000
6.906130 14 2 80000.000000
6.926763 14 26 5000000.000000
7.289292 14 5 10000.000000
7.645018 14 4 1000000.000000
7.830182 14 3 5000000.000000
8.209860 14 0 80000.000000
8.335049 14 4 2000000.000000
8.484688 14 17 10000.000000
8.748994 14 16 200000.000000
9.103811 14 19 50000.000000
9.661969 14 0 10000.000000
9.740829 14 15 50000.000000
10.648293 14 24 200000.000000
10.689847 14 21 80000.000000
10.860915 14 11 10000.000000
10.904911 14 21 80000.000000
10.916235 14 19 50000.000000
10.965231 14 19 10000000.000000
11.254009 14 1 1000000.000000
11.410720 14 7 10000.000000
12.329205 14 23 5000000.000000
12.883241 14 7 1000000.000000
12.900526 14 22 5000000.000000
13.371784 14 5 80000.000000
13.373444 14 9 200000.000000
13.427472 14 3 50000.000000
13.721123 14 25 1000000.000000
13.768604 14 6 30000.000000
14.045053 14 24 50000.000000
14.265512 14 10 200000.000000
14.314817 14 14 200000.000000
14.414097 14 11 200000.000000
14.455081 14 14 50000.000000
15.627314 14 20 5000000.000000
15.816188 14 5 1000000.000000
16.276076 14 25 10000000.000000
17.141421 14 12 200000.000000
17.461582 14 24 1000000.000000
17.501097 14 3 30000.000000
17.508990 14 24 2000000.000000
17.756977 14 4 200000.000000
17.883768 14 0 10000.000000
18.048431 14 13 10000000.000000
18.268609 14 14 200000.000000
19.431618 14 22 200000.000000
19.983091 14 7 30000.000000
19.983188 14 6 10000.000000
20.512851 14 21 1000000.000000
20.641811 14 11 5000000.000000
20.787203 14 14 10000000.000000
21.004304 14 19 30000000.000000
21.032804 14 23 200000.000000
21.072046 14 17 10000000.000000
21.267905 14 16 80000.000000
21.534596 14 11 10000000.000000
21.757886 14 11 80000.000000
22.148311 14 19 5000000.000000
22.165987 14 23 30000.000000
22.244506 14 6 50000.000000
22.279769 14 4 10000.000000
22.337415 14 12 10000000.000000
22.492331 14 0 10000.000000
22.917642 14 3 5000000.000000
23.222156 14 17 10000.000000
23.542905 14 13 30000.000000
24.050415 14 9 30000.000000
24.249308 14 5 50000.000000
24.413522 14 25 50000.000000
25.134631 14 15 1000000.000000
25.191048 14 22 30000000.000000
25.567221 14 7 80000.000000
25.668326 14 20 200000.000000
25.728922 14 7 10000.000000
25.871575 14 21 30000.000000
25.881569 14 5 1000000.000000
26.416084 14 4 30000000.000000
26.472763 14 26 2000000.000000
26.581226 14 15 20000.000000
26.694062 14 4 50000.000000
27.078196 14 11 50000.000000
27.532285 14 26 1000000.000000
27.535779 14 12 5000000.000000
27.676997 14 15 80000.000000
28.281002 14 16 2000000.000000
28.911996 14 4 10000000.000000
29.404237 14 7 1000000.000000
0.154285 15 7 5000000.000000
0.590321 15 26 10000000.000000
0.725411 15 23 80000.000000
0.810957 15 5 10000000.000000
1.672828 15 13 200000.000000
2.597824 15 24 30000.000000
2.975442 15 4 10000.000000
3.169787 15 20 80000.000000
3.789037 15 7 2000000.000000
4.287893 15 4 80000.000000
4.944692 15 14 10000000.000000
5.488955 15 4 80000.000000
5.697413 15 6 200000.000000
6.045638 15 10 10000.000000
6.298386 15 10 80000.000000
6.309040 15 26 80000.000000
6.349475 15 24 80000.000000
6.406973 15 9 2000000.000000
6.696030 15 24 10000.000000
6.919196 15 26 20000.000000
7.100002 15 14 2000000.000000
7.144361 15 11 10000.000000
7.473997 15 25 200000.000000
7.640514 15 20 20000.000000
8.099798 15 15 50000.000000
8.416326 15 5 1000000.000000
8.754966 15 4 10000.000000
9.067403 15 10 30000.000000
9.234541 15 20 50000.000000
9.835626 15 25 10000.000000
10.765186 15 16 200000.000000
11.092715 15 10 1000000.000000
11.241802 15 11 1000000.000000
12.960977 15 0 80000.000000
14.115503 15 12 2000000.000000
14.691174 15 7 10000000.000000
14.744316 15 13 30000.000000
15.497689 15 22 30000.000000
16.188939 15 2 30000000.000000
16.662650 15 22 200000.000000
17.201276 15 3 30000.000000
17.291490 15 8 1000000.000000
17.433088 15 26 50000.000000
17.487052 15 22 80000.000000
17.516208 15 17 5000000.000000
17.588298 15 12 10000.000000
17.601080 15 6 50000.000000
17.978903 15 25 5000000.000000
18.140060 15 19 30000.000000
18.225682 15 15 1000000.000000
18.308365 15 14 1000000.000000
18.406852 15 9 200000.000000
18.594432 15 8 200000.000000
18.752204 15 1 30000.000000
18.984180 15 10 80000.000000
19.198189 15 16 80000.000000
19.550730 15 12 1000000.000000
19.971366 15 25 10000.000000
20.358923 15 5 1000000.000000
20.371477 15 20 2000000.000000
20.648230 15 18 1000000.000000
21.159922 15 7 5000000.000000
21.837406 15 5 1000000.000000
22.079805 15 3 50000.000000
22.169929 15 19 20000.000000
22.207019 15 8 10000.000000
22.619695 15 8 2000000.000000
22.622604 15 7 2000000.000000
23.598762 15 11 10000.000000
23.826763 15 0 80000.000000
24.165715 15 20 10000000.000000
24.239819 15 12 10000.000000
24.245519 15 19 1000000.000000
24.265547 15 7 10000.000000
24.370919 15 8 20000.000000
24.563813 15 25 2000000.000000
25.005778 15 11 20000.000000
25.205953 15 12 50000.000000
25.298203 15 26 5000000.000000
25.654064 15 19 2000000.000000
25.990752 15 12 50000.000000
26.164597 15 26 50000.000000
26.368500 15 23 30000000.000000
26.368881 15 10 5000000.000000
26.498906 15 20 1000000.000000
26.821623 15 7 80000.000000
27.056364 15 4 2000000.000000
27.113285 15 8 1000000.000000
27.242897 15 8 5000000.000000
27.619367 15 0 20000.000000
27.774992 15 21 200000.000000
28.537816 15 21 80000.000000
28.771038 15 20 80000.000000
29.418679 15 26 200000.000000
29.581552 15 11 80000.000000
29.927111 15 0 5000000.000000
0.062155 16 24 2000000.000000
0.064718 16 6 5000000.000000
0.068074 16 11 5000000.000000
0.329016 16 6 2000000.000000
0.490209 16 4 1000000.000000
0.639373 16 6 1000000.000000
1.240854 16 10 10000.000000
1.351646 16 11 50000.000000
1.419867 16 19 10000.000000
2.177313 16 13 10000.000000
2.232869 16 25 10000.000000
2.519074 16 7 50000.000000
2.732665 16 2 2000000.000000
3.123729 16 0 80000.000000
3.359118 16 4 50000.000000
3.713951 16 16 200000.000000
3.971783 16 16 30000000.000000
3.981485 16 0 10000000.000000
4.442711 16 1 5000000.000000
5.096290 16 20 5000000.000000
5.150122 16 24 200000.000000
7.024849 16 19 30000000.000000
7.325138 16 3 2000000.000000
7.630174 16 4 200000.000000
7.739192 16 3 80000.000000
8.308872 16 14 80000.000000
9.145062 16 13 1000000.000000
9.413834 16 9 10000.000000
10.220051 16 7 10000000.000000
11.091000 16 18 1000000.000000
11.158044 16 10 5000000.000000
11.184955 16 17 10000.000000
11.455210 16 19 30000.000000
11.690826 16 26 2000000.000000
11.903308 16 1 1000000.000000
12.125342 16 3 20000.000000
13.213152 16 23 1000000.000000
13.365460 16 22 80000.000000
13.645773 16 15 200000.000000
13.685495 16 17 2000000.000000
14.674418 16 5 1000000.000000
14.837296 16 10 2000000.000000
15.151067 16 15 30000.000000
15.239681 16 22 20000.000000
15.590206 16 2 80000.000000
16.126908 16 11 200000.000000
16.165560 16 10 10000.000000
16.172576 16 0 50000.000000
16.973000 16 8 80000.000000
17.281094 16 11 200000.000000
17.615983 16 23 30000.000000
17.956858 16 24 30000000.000000
18.126174 16 16 10000000.000000
18.964840 16 24 5000000.000000
19.154590 16 7 10000000.000000
19.177238 16 12 30000.000000
19.328846 16 8 10000000.000000
19.571676 16 8 10000000.000000
19.628562 16 4 5000000.000000
19.709166 16 24 80000.000000
20.025364 16 7 80000.000000
20.151429 16 7 2000000.000000
20.650793 16 10 1000000.000000
20.770671 16 9 10000.000000
21.264716 16 22 30000.000000
21.341366 16 18 5000000.000000
21.359762 16 13 10000.000000
21.943819 16 15 5000000.000000
22.000551 16 24 30000.000000
22.320377 16 12 10000.000000
22.327770 16 16 2000000.000000
23.215031 16 22 5000000.000000
23.353897 16 25 5000000.000000
23.355384 16 10 80000.000000
23.650946 16 23 5000000.000000
24.947692 16 13 10000.000000
25.903606 16 4 10000000.000000
26.410808 16 10 10000.000000
26.631829 16 16 10000.000000
26.718725 16 12 2000000.000000
26.730619 16 17 10000.000000
26.769760 16 7 2000000.000000
26.807131 16 7 80000.000000
27.590965 16 11 10000.000000
28.452465 16 24 2000000.000000
28.606582 16 14 10000000.000000
28.631703 16 26 200000.000000
29.263986 16 0 5000000.000000
29.357179 16 1 10000.000000
29.539640 16 20 20000.000000
29.559847 16 6 30000.000000
29.760700 16 17 10000000.000000
0.196534 17 26 2000000.000000
0.404071 17 4 5000000.000000
0.472545 17 8 30000.000000
0.546505 17 4 20000.000000
0.592363 17 8 2000000.000000
0.601961 17 19 50000.000000
1.530577 17 11 10000.000000
1.625981 17 9 30000000.000000
2.859903 17 5 10000.000000
3.150835 17 12 10000000.000000
4.028284 17 10 2000000.000000
4.035314 17 22 1000000.000000
4.317095 17 12 10000.000000
4.840844 17 14 30000.000000
5.313891 17 21 10000.000000
5.395571 17 7 10000.000000
5.645191 17 21 30000.000000
6.106487 17 2 50000.000000
6.187769 17 16 10000.000000
6.340836 17 7 50000.000000
6.363776 17 6 80000.000000
7.111291 17 18 1000000.000000
7.677219 17 7 2000000.000000
8.276137 17 15 10000.000000
8.300974 17 1 10000.000000
8.567417 17 10 10000.000000
8.811119 17 2 50000.000000
8.886541 17 0 1000000.000000
8.914260 17 25 1000000.000000
10.183869 17 10 5000000.000000
10.309100 17 9 1000000.000000
11.890804 17 17 30000.000000
12.462325 17 7 10000.000000
12.647060 17 11 80000.000000
12.837937 17 14 200000.000000
12.931556 17 26 1000000.000000
13.518607 17 22 1000000.000000
13.692341 17 16 5000000.000000
13.741508 17 22 80000.000000
13.781478 17 20 2000000.000000
13.897297 17 10 10000000.000000
14.398869 17 23 5000000.000000
15.509047 17 3 1000000.000000
16.435397 17 4 2000000.000000
16.625021 17 1 10000000.000000
16.641576 17 10 10000.000000
16.672124 17 10 20000.000000
16.748846 17 18 80000.000000
16.794328 17 25 80000.000000
18.185531 17 20 10000000.000000
18.371824 17 10 5000000.000000
18.567530 17 11 30000.000000
19.135875 17 26 5000000.000000
20.359885 17 14 5000000.000000
20.583475 17 10 80000.000000
20.585097 17 18 5000000.000000
20.699527 17 16 10000.000000
21.096787 17 21 1000000.000000
21.128711 17 16 5000000.000000
21.274703 17 11 10000.000000
21.300290 17 6 200000.000000
22.281635 17 16 80000.000000
22.356076 17 0 1000000.000000
22.420377 17 13 80000.000000
22.658552 17 0 80000.000000
23.146150 17 17 2000000.000000
23.583190 17 25 80000.000000
23.957087 17 21 30000.000000
23.972827 17 7 10000.000000
24.356250 17 19 20000.000000
24.485250 17 5 30000.000000
25.284527 17 26 50000.000000
25.340344 17 2 2000000.000000
25.461826 17 19 20000.000000
25.505587 17 12 80000.000000
25.771689 17 25 80000.000000
26.017681 17 14 1000000.000000
26.379731 17 24 2000000.000000
26.415334 17 1 50000.000000
26.573226 17 2 200000.000000
27.524482 17 5 1000000.000000
27.617456 17 0 10000000.000000
27.725041 17 10 50000.000000
27.864849 17 17 10000.000000
28.044263 17 19 50000.000000
28.298371 17 23 80000.000000
28.506770 17 13 30000.000000
28.888879 17 8 30000000.000000
28.894693 17 9 50000.000000
28.954146 17 13 2000000.000000
29.501809 17 20 10000.000000
0.592996 18 1 5000000.000000
0.652893 18 4 10000.000000
0.661005 18 10 1000000.000000
0.801957 18 14 80000.000000
0.841067 18 22 10000.000000
0.978414 18 10 1000000.000000
1.428234 18 13 50000.000000
1.725118 18 23 5000000.000000
1.882455 18 26 30000000.000000
2.012657 18 18 20000.000000
2.548443 18 18 30000.000000
2.573160 18 11 50000.000000
2.682830 18 9 1000000.000000
2.786521 18 15 10000000.000000
2.903202 18 3 80000.000000
3.388874 18 12 10000.000000
3.477547 18 4 30000.000000
3.502016 18 9 10000.000000
4.068173 18 0 10000.000000
4.488807 18 6 2000000.000000
4.764573 18 21 20000.000000
5.014436 18 23 50000.000000
5.211173 18 26 5000000.000000
5.268650 18 16 10000.000000
5.300758 18 13 80000.000000
5.330283 18 15 50000.000000
5.511810 18 16 2000000.000000
5.651650 18 8 80000.000000
6.198366 18 9 5000000.000000
6.507434 18 26 5000000.000000
6.762179 18 10 10000.000000
7.292167 18 22 50000.000000
7.308659 18 6 1000000.000000
7.708744 18 23 50000.000000
8.116600 18 6 80000.000000
8.671433 18 17 10000.000000
9.061669 18 8 10000000.000000
9.347464 18 8 2000000.000000
9.805311 18 11 1000000.000000
10.122391 18 10 30000.000000
10.240692 18 9 1000000.000000
11.268269 18 6 80000.000000
11.817412 18 14 2000000.000000
11.942059 18 13 5000000.000000
12.049104 18 16 80000.000000
12.775671 18 24 10000.000000
13.052031 18 13 1000000.000000
13.093492 18 18 10000000.000000
13.274121 18 24 2000000.000000
13.275605 18 25 200000.000000
13.629452 18 6 5000000.000000
14.108067 18 20 80000.000000
14.134773 18 8 80000.000000
14.433937 18 26 20000.000000
14.606488 18 3 1000000.000000
14.849615 18 22 5000000.000000
15.024665 18 13 200000.000000
15.828811 18 10 2000000.000000
16.512420 18 21 2000000.000000
16.614746 18 23 80000.000000
17.157990 18 26 5000000.000000
18.735496 18 14 2000000.000000
18.806800 18 3 5000000.000000
19.139784 18 5 50000.000000
19.250860 18 20 80000.000000
19.423332 18 20 50000.000000
19.446626 18 24 200000.000000
19.848882 18 19 2000000.000000
20.476308 18 3 200000.000000
20.852329 18 3 30000.000000
21.220355 18 7 50000.000000
21.505266 18 7 200000.000000
22.426706 18 4 10000000.000000
22.705988 18 10 30000.000000
23.143793 18 3 10000000.000000
23.186681 18 13 30000000.000000
23.216281 18 5 2000000.000000
23.465456 18 15 80000.000000
23.561946 18 22 10000.000000
24.530822 18 25 1000000.000000
24.772603 18 1 30000.000000
25.357019 18 4 80000.000000
25.540965 18 20 5000000.000000
25.728782 18 9 10000000.000000
25.847490 18 5 10000.000000
26.110514 18 7 2000000.000000
26.233398 18 26 50000.000000
26.389091 18 21 30000000.000000
26.421746 18 20 1000000.000000
27.956567 18 7 10000.000000
28.333766 18 0 80000.000000
28.452205 18 26 80000.000000
29.075561 18 26 80000.000000
29.272176 18 3 5000000.000000
29.321294 18 12 30000.000000
29.572429 18 26 80000.000000
29.706852 18 8 80000.000000
29.855379 18 18 10000000.000000
0.021765 19 16 10000.000000
0.085525 19 2 50000.000000
0.367321 19 2 10000.000000
1.253959 19 11 20000.000000
1.378639 19 1 80000.000000
1.494729 19 10 5000000.000000
1.639661 19 26 80000.000000
2.105577 19 18 2000000.000000
2.254327 19 17 1000000.000000
2.315117 19 10 30000.000000
3.171643 19 10 20000.000000
3.196603 19 11 10000.000000
3.849666 19 3 10000.000000
4.251861 19 15 80000.000000
4.664306 19 2 50000.000000
4.673214 19 17 200000.000000
4.851604 19 22 50000.000000
5.861825 19 7 30000000.000000
6.186314 19 6 10000.000000
6.188936 19 4 80000.000000
6.294575 19 14 50000.000000
6.425796 19 1 2000000.000000
7.074244 19 21 5000000.000000
7.115990 19 2 2000000.000000
7.271095 19 16 50000.000000
7.951181 19 17 10000.000000
7.954588 19 3 10000.000000
8.376242 19 0 30000000.000000
8.431605 19 16 1000000.000000
8.751885 19 6 2000000.000000
8.770772 19 10 10000.000000
9.054826 19 15 50000.000000
9.062211 19 4 50000.000000
9.088548 19 19 30000.000000
9.345668 19 15 10000.000000
9.477250 19 6 200000.000000
9.611863 19 16 80000.000000
10.304766 19 4 10000.000000
10.897588 19 21 10000000.000000
11.121431 19 11 80000.000000
11.373333 19 23 5000000.000000
11.573886 19 15 2000000.000000
11.886422 19 7 30000.000000
12.155969 19 21 20000.000000
12.505600 19 4 50000.000000
12.548103 19 14 10000000.000000
12.654211 19 12 50000.000000
12.969422 19 9 20000.000000
13.288177 19 4 10000.000000
13.385856 19 4 1000000.000000
13.580951 19 19 1000000.000000
14.367177 19 10 80000.000000
14.389752 19 12 20000.000000
14.535921 19 19 200000.000000
14.571170 19 26 200000.000000
14.655198 19 6 5000000.000000
14.729532 19 9 1000000.000000
15.237314 19 16 80000.000000
15.425760 19 9 10000000.000000
15.567671 19 12 50000.000000
15.957050 19 16 20000.000000
17.691447 19 6 1000000.000000
17.775052 19 7 10000.000000
17.908198 19 23 5000000.000000
18.027884 19 11 5000000.000000
18.834041 19 19 80000.000000
18.958338 19 5 50000.000000
19.187017 19 1 1000000.000000
19.249216 19 22 20000.000000
19.386233 19 12 30000.000000
19.591648 19 1 50000.000000
19.620054 19 10 30000.000000
19.826688 19 1 5000000.000000
19.853714 19 15 5000000.000000
20.052109 19 26 5000000.000000
20.332607 19 18 10000.000000
20.687072 19 16 200000.000000
20.956950 19 5 20000.000000
21.284207 19 18 10000.000000
21.640797 19 13 10000.000000
21.767033 19 23 10000.000000
22.244232 19 11 80000.000000
22.270632 19 2 1000000.000000
22.428820 19 7 200000.000000
22.831531 19 22 80000.000000
22.910739 19 23 200000.000000
22.929042 19 0 80000.000000
22.930803 19 23 2000000.000000
23.080248 19 22 200000.000000
23.504176 19 1 200000.000000
23.630576 19 12 50000.000000
23.797360 19 25 10000.000000
24.827509 19 6 50000.000000
25.389777 19 19 30000.000000
25.572699 19 10 2000000.000000
25.773384 19 5 5000000.000000
26.025928 19 15 5000000.000000
26.853838 19 23 5000000.000000
26.858316 19 18 80000.000000
26.919576 19 3 5000000.000000
26.968452 19 22 5000000.000000
26.992173 19 0 30000.000000
27.125450 19 11 50000.000000
27.362820 19 13 200000.000000
27.595241 19 8 10000.000000
27.632250 19 16 5000000.000000
27.696622 19 23 5000000.000000
27.735096 19 0 80000.000000
27.788686 19 22 20000.000000
28.515120 19 5 30000.000000
28.666875 19 2 200000.000000
28.731677 19 0 5000000.000000
29.267082 19 5 80000.000000
29.949662 19 24 80000.000000
0.063623 20 15 2000000.000000
0.225338 20 15 10000000.000000
0.311747 20 5 5000000.000000
0.368293 20 22 50000.000000
0.652072 20 1 10000.000000
0.684942 20 11 200000.000000
0.876808 20 12 10000.000000
1.009525 20 8 2000000.000000
1.434191 20 19 5000000.000000
1.593039 20 16 30000.000000
1.744713 20 6 10000000.000000
1.984121 20 9 80000.000000
2.377212 20 10 1000000.000000
2.402444 20 16 10000.000000
2.669005 20 22 1000000.000000
4.105020 20 17 200000.000000
4.135320 20 19 10000000.000000
4.766022 20 0 200000.000000
5.150250 20 10 20000.000000
5.375448 20 19 200000.000000
5.524736 20 9 80000.000000
5.868751 20 9 10000.000000
7.512898 20 9 1000000.000000
7.710206 20 7 200000.000000
7.826257 20 16 10000.000000
8.023492 20 6 200000.000000
8.067312 20 8 5000000.000000
8.073986 20 20 10000.000000
8.560867 20 14 80000.000000
8.585159 20 12 10000.000000
9.205778 20 12 10000.000000
9.223830 20 26 20000.000000
9.249281 20 12 20000.000000
9.311361 20 23 5000000.000000
9.615708 20 10 20000.000000
10.159747 20 22 1000000.000000
10.837738 20 25 1000000.000000
10.842775 20 2 1000000.000000
10.959667 20 23 10000.000000
11.222242 20 14 50000.000000
11.415048 20 23 1000000.000000
11.563444 20 23 10000.000000
11.653905 20 25 10000.000000
12.171464 20 0 80000.000000
12.320783 20 15 10000.000000
12.460438 20 0 50000.000000
12.864867 20 19 1000000.000000
13.474085 20 10 5000000.000000
15.201333 20 14 30000.000000
15.294766 20 16 2000000.000000
15.307262 20 11 20000.000000
15.370779 20 22 10000.000000
15.452071 20 6 30000.000000
15.672313 20 6 1000000.000000
16.731122 20 13 10000.000000
16.790631 20 3 5000000.000000
17.261133 20 3 80000.000000
17.663876 20 18 10000.000000
18.458346 20 5 80000.000000
18.540017 20 2 1000000.000000
18.862619 20 9 1000000.000000
19.478064 20 10 5000000.000000
19.510122 20 7 10000.000000
20.221954 20 6 20000.000000
20.374884 20 5 5000000.000000
20.562323 20 25 10000000.000000
21.244325 20 24 50000.000000
21.799777 20 26 10000000.000000
22.329666 20 7 5000000.000000
22.334689 20 21 50000.000000
22.404626 20 14 10000.000000
22.515950 20 7 10000.000000
23.161189 20 1 1000000.000000
24.145981 20 18 1000000.000000
24.236853 20 22 50000.000000
24.361689 20 6 20000.000000
25.390225 20 2 50000.000000
25.426851 20 21 30000.000000
25.733480 20 15 30000.000000
25.764854 20 20 10000000.000000
25.881649 20 13 5000000.000000
26.026482 20 9 2000000.000000
26.090063 20 1 80000.000000
26.450641 20 2 50000.000000
26.451714 20 18 30000.000000
26.882845 20 23 2000000.000000
27.353014 20 25 10000.000000
28.106286 20 12 10000000.000000
28.321737 20 7 200000.000000
28.744042 20 11 50000.000000
28.788838 20 3 10000000.000000
29.533747 20 11 50000.000000
29.960040 20 23 200000.000000
0.092774 21 19 2000000.000000
0.406294 21 22 200000.000000
0.411129 21 20 10000000.000000
0.636693 21 9 10000.000000
0.737181 21 23 30000.000000
0.886287 21 16 5000000.000000
1.707118 21 13 10000000.000000
1.807271 21 10 80000.000000
2.223826 21 18 200000.000000
2.749879 21 1 80000.000000
3.237883 21 24 20000.000000
3.708293 21 13 1000000.000000
4.190495 21 15 10000000.000000
4.223992 21 15 10000.000000
4.941062 21 26 5000000.000000
5.277653 21 21 10000000.000000
5.714444 21 0 80000.000000
5.943271 21 9 80000.000000
6.063578 21 14 10000000.000000
6.075928 21 11 20000.000000
6.389260 21 18 30000.000000
6.713944 21 9 30000.000000
6.764401 21 24 2000000.000000
7.132840 21 2 50000.000000
7.202493 21 6 2000000.000000
7.430843 21 8 50000.000000
7.793211 21 1 5000000.000000
7.907759 21 16 80000.000000
8.103009 21 15 20000.000000
8.887288 21 5 1000000.000000
9.129245 21 20 10000.000000
9.298044 21 11 30000.000000
9.470645 21 16 10000.000000
9.617975 21 2 200000.000000
9.753650 21 1 80000.000000
10.248974 21 13 2000000.000000
10.310894 21 3 50000.000000
10.455725 21 13 10000000.000000
12.050865 21 9 2000000.000000
12.526711 21 21 50000.000000
12.749350 21 9 1000000.000000
13.297966 21 23 80000.000000
13.713068 21 2 50000.000000
14.494777 21 16 50000.000000
14.697403 21 22 80000.000000
15.271619 21 21 10000.000000
15.768401 21 21 10000.000000
15.991724 21 25 30000.000000
16.014723 21 14 10000.000000
16.055896 21 2 2000000.000000
16.524818 21 3 200000.000000
16.772464 21 25 30000.000000
17.132144 21 5 30000000.000000
17.312792 21 23 30000000.000000
17.349540 21 5 200000.000000
17.668396 21 18 50000.000000
18.110457 21 9 10000.000000
18.630610 21 25 5000000.000000
18.654347 21 16 30000.000000
18.987919 21 17 10000.000000
19.329547 21 25 50000.000000
19.344149 21 15 5000000.000000
19.381059 21 21 80000.000000
19.428984 21 19 1000000.000000
20.080109 21 3 80000.000000
20.170028 21 14 20000.000000
20.400940 21 16 2000000.000000
20.423688 21 2 10000000.000000
20.648855 21 1 20000.000000
20.834524 21 25 200000.000000
21.389772 21 16 5000000.000000
21.811983 21 21 80000.000000
21.997051 21 20 50000.000000
22.647999 21 25 80000.000000
23.413328 21 12 1000000.000000
23.477300 21 20 50000.000000
23.675729 21 5 10000.000000
23.965445 21 19 80000.000000
24.887252 21 11 2000000.000000
25.067552 21 25 2000000.000000
25.196681 21 12 80000.000000
25.200111 21 25 2000000.000000
25.614536 21 13 80000.000000
25.800114 21 0 10000.000000
25.953366 21 16 20000.000000
26.354605 21 21 10000000.000000
26.467276 21 4 10000.000000
26.881135 21 9 10000.000000
27.328628 21 13 50000.000000
27.425184 21 22 80000.000000
27.523682 21 1 1000000.000000
27.645977 21 25 200000.000000
27.872823 21 1 10000.000000
28.068792 21 23 80000.000000
28.830881 21 18 10000.000000
28.838683 21 4 10000.000000
29.599683 21 6 2000000.000000
29.798287 21 9 2000000.000000
0.099322 22 20 10000.000000
0.473208 22 22 80000.000000
0.487486 22 24 5000000.000000
1.123821 22 3 5000000.000000
1.736361 22 11 5000000.000000
2.318663 22 3 5000000.000000
2.348075 22 9 10000.000000
2.610402 22 1 80000.000000
2.688030 22 18 50000.000000
2.783932 22 6 10000000.000000
2.859465 22 5 10000.000000
3.143989 22 21 5000000.000000
3.828749 22 12 1000000.000000
4.361685 22 16 2000000.000000
4.402505 22 18 10000000.000000
4.677915 22 15 10000.000000
5.210112 22 25 5000000.000000
5.397649 22 25 50000.000000
5.474558 22 6 80000.000000
5.484785 22 2 30000.000000
5.536862 22 3 200000.000000
5.631615 22 19 1000000.000000
6.021139 22 9 10000.000000
6.524390 22 0 2000000.000000
7.201195 22 8 20000.000000
7.588893 22 9 10000000.000000
7.673867 22 25 200000.000000
7.911822 22 0 80000.000000
7.981365 22 19 50000.000000
8.053393 22 18 200000.000000
8.070402 22 20 80000.000000
8.125728 22 15 30000.000000
8.548527 22 23 20000.000000
9.027381 22 3 10000.000000
9.119280 22 3 30000.000000
9.434784 22 24 80000.000000
9.863324 22 15 80000.000000
9.922427 22 23 10000000.000000
10.097140 22 15 50000.000000
10.105817 22 3 10000.000000
10.184903 22 20 30000.000000
10.779756 22 26 2000000.000000
11.023251 22 5 5000000.000000
11.077304 22 18 200000.000000
12.137649 22 5 20000.000000
12.238347 22 12 10000000.000000
12.275865 22 22 2000000.000000
12.321871 22 6 5000000.000000
12.971391 22 18 80000.000000
12.978382 22 9 1000000.000000
13.169027 22 19 30000.000000
13.206857 22 6 200000.000000
13.751933 22 0 5000000.000000
13.936205 22 10 80000.000000
13.941601 22 5 10000.000000
14.542015 22 12 30000.000000
14.925260 22 14 10000.000000
15.038627 22 21 5000000.000000
15.207581 22 0 5000000.000000
15.448776 22 22 1000000.000000
15.708176 22 1 10000.000000
15.914310 22 19 1000000.000000
16.482408 22 2 10000000.000000
16.582676 22 3 10000000.000000
16.610355 22 23 80000.000000
16.674942 22 5 10000.000000
17.011100 22 7 2000000.000000
17.204483 22 12 1000000.000000
17.319009 22 19 2000000.000000
17.975498 22 23 10000000.000000
18.155063 22 13 30000.000000
18.160850 22 0 5000000.000000
18.854804 22 24 2000000.000000
18.929093 22 25 50000.000000
19.005425 22 13 1000000.000000
19.005785 22 2 1000000.000000
19.195340 22 23 2000000.000000
19.728791 22 26 1000000.000000
21.192885 22 9 2000000.000000
21.299717 22 8 10000.000000
21.331663 22 3 1000000.000000
21.446651 22 26 10000.000000
22.008953 22 14 30000000.000000
22.028409 22 6 10000.000000
22.227252 22 11 5000000.000000
22.640791 22 9 10000.000000
22.758458 22 15 20000.000000
22.782392 22 3 10000.000000
22.915546 22 9 10000.000000
23.010127 22 10 80000.000000
24.207673 22 0 10000.000000
24.790391 22 25 30000000.000000
24.862447 22 13 10000.000000
24.974811 22 0 10000000.000000
25.010046 22 15 20000.000000
25.640999 22 22 10000.000000
25.794026 22 22 50000.000000
25.838149 22 6 30000.000000
25.879696 22 22 5000000.000000
26.007611 22 4 10000.000000
26.452295 22 4 30000.000000
26.608042 22 20 10000000.000000
27.129695 22 1 10000.000000
27.444031 22 22 50000.000000
27.456149 22 14 80000.000000
27.463661 22 22 80000.000000
27.538007 22 23 10000.000000
27.720072 22 16 1000000.000000
27.794078 22 23 1000000.000000
28.123124 22 26 80000.000000
28.652534 22 13 2000000.000000
28.684005 22 8 1000000.000000
29.243699 22 16 2000000.000000
29.338777 22 22 10000.000000
29.562382 22 16 10000.000000
29.713853 22 24 30000000.000000
29.721488 22 18 5000000.000000
29.768249 22 3 80000.000000
29.869100 22 3 5000000.000000
0.294542 23 3 30000.000000
0.750352 23 8 50000.000000
0.819373 23 9 30000.000000
1.025993 23 7 2000000.000000
1.121430 23 19 1000000.000000
1.227001 23 19 10000.000000
1.612687 23 4 20000.000000
1.903021 23 2 2000000.000000
1.920637 23 3 200000.000000
2.248102 23 15 1000000.000000
2.643881 23 8 30000.000000
2.936748 23 15 5000000.000000
3.317242 23 26 30000.000000
3.322852 23 1 20000.000000
3.341369 23 26 1000000.000000
3.351664 23 5 10000.000000
3.411718 23 26 50000.000000
3.469966 23 5 1000000.000000
3.485960 23 7 10000000.000000
4.182796 23 12 10000.000000
4.295098 23 5 20000.000000
4.479322 23 23 30000.000000
4.535014 23 26 200000.000000
4.555179 23 26 1000000.000000
5.010905 23 22 200000.000000
5.314863 23 18 30000.000000
5.501120 23 19 20000.000000
6.917962 23 14 200000.000000
7.070732 23 1 5000000.000000
7.345675 23 14 2000000.000000
7.651700 23 8 2000000.000000
7.671831 23 7 10000000.000000
7.764702 23 22 50000.000000
7.896864 23 20 5000000.000000
7.988748 23 14 80000.000000
8.431241 23 18 5000000.000000
8.542144 23 26 10000.000000
8.612759 23 17 200000.000000
8.783760 23 2 1000000.000000
9.021399 23 17 30000.000000
9.478202 23 19 1000000.000000
9.739795 23 22 10000.000000
9.927721 23 3 30000.000000
10.026984 23 8 50000.000000
10.031347 23 13 50000.000000
10.452645 23 21 20000.000000
11.289926 23 4 10000.000000
11.612656 23 22 5000000.000000
11.842970 23 14 30000.000000
12.176843 23 18 20000.000000
12.217872 23 10 200000.000000
12.618871 23 9 10000000.000000
12.919897 23 13 20000.000000
13.173421 23 12 2000000.000000
13.595593 23 4 5000000.000000
13.964218 23 7 10000.000000
14.204108 23 0 1000000.000000
14.595628 23 14 80000.000000
14.695193 23 11 20000.000000
15.606363 23 25 10000.000000
15.905652 23 23 30000000.000000
16.311997 23 12 20000.000000
16.332995 23 21 50000.000000
16.822516 23 16 10000000.000000
16.867509 23 12 1000000.000000
16.873196 23 26 80000.000000
17.029150 23 22 1000000.000000
17.237901 23 9 50000.000000
17.372658 23 13 50000.000000
17.384563 23 2 2000000.000000
17.548689 23 13 30000.000000
17.978042 23 20 30000.000000
18.128651 23 1 5000000.000000
18.375552 23 7 80000.000000
18.379642 23 18 80000.000000
18.472549 23 15 200000.000000
18.682155 23 13 2000000.000000
18.979827 23 5 200000.000000
20.143916 23 13 30000.000000
20.148436 23 6 5000000.000000
20.314060 23 23 10000.000000
20.784239 23 9 2000000.000000
21.070040 23 19 20000.000000
21.111290 23 4 2000000.000000
21.423824 23 18 50000.000000
21.599772 23 13 2000000.000000
21.729466 23 22 30000.000000
21.861842 23 23 1000000.000000
21.954759 23 2 20000.000000
22.212430 23 25 20000.000000
22.304009 23 24 10000.000000
22.355231 23 13 2000000.000000
22.916301 23 9 80000.000000
22.951373 23 8 10000.000000
22.956851 23 7 50000.000000
23.594560 23 10 2000000.000000
23.923743 23 13 5000000.000000
24.137057 23 10 30000.000000
24.227420 23 16 1000000.000000
24.385826 23 1 200000.000000
24.416946 23 10 10000000.000000
24.573943 23 0 1000000.000000
24.912658 23 9 80000.000000
25.045504 23 18 5000000.000000
25.065881 23 16 5000000.000000
25.136515 23 9 50000.000000
25.648474 23 8 30000.000000
26.025973 23 3 30000000.000000
26.075088 23 3 10000000.000000
26.715900 23 2 10000.000000
26.749295 23 19 20000.000000
27.026972 23 2 2000000.000000
27.053688 23 20 80000.000000
27.335871 23 11 10000.000000
27.346646 23 0 10000.000000
27.479642 23 5 1000000.000000
27.518129 23 15 10000.000000
27.580914 23 21 30000.000000
28.276146 23 3 1000000.000000
29.347634 23 13 10000.000000
0.427712 24 17 10000.000000
0.434986 24 11 20000.000000
0.435761 24 8 10000.000000
1.485020 24 5 10000.000000
1.496282 24 3 5000000.000000
2.194635 24 11 50000.000000
2.278585 24 8 200000.000000
2.905787 24 17 10000.000000
3.543595 24 15 1000000.000000
4.412473 24 0 1000000.000000
4.499780 24 19 5000000.000000
4.711423 24 3 20000.000000
4.778545 24 12 5000000.000000
4.814307 24 10 5000000.000000
4.884643 24 25 10000.000000
5.046844 24 1 1000000.000000
5.129982 24 8 30000000.000000
5.167401 24 20 50000.000000
5.172609 24 5 80000.000000
5.513355 24 6 30000.000000
5.590156 24 11 1000000.000000
5.605807 24 9 50000.000000
5.851131 24 19 1000000.000000
5.864025 24 21 30000.000000
5.975347 24 6 10000.000000
6.705628 24 11 80000.000000
6.863943 24 17 80000.000000
7.297648 24 21 5000000.000000
7.429231 24 1 1000000.000000
7.789940 24 22 50000.000000
8.072815 24 6 1000000.000000
8.288413 24 21 30000.000000
8.613318 24 14 5000000.000000
8.619399 24 9 5000000.000000
9.171066 24 17 200000.000000
9.584277 24 18 2000000.000000
9.679185 24 10 1000000.000000
9.714700 24 21 80000.000000
10.122605 24 16 10000.000000
10.648500 24 26 30000.000000
10.867960 24 15 30000.000000
11.128642 24 9 30000.000000
11.414866 24 14 10000000.000000
11.547094 24 23 30000000.000000
11.796810 24 2 30000.000000
12.009642 24 21 2000000.000000
12.761063 24 20 2000000.000000
12.796674 24 0 10000.000000
13.026307 24 7 1000000.000000
13.769862 24 0 10000.000000
14.197922 24 2 1000000.000000
15.194262 24 26 10000.000000
15.676370 24 24 10000000.000000
15.704136 24 4 30000.000000
15.926312 24 24 5000000.000000
16.062828 24 13 50000.000000
16.357663 24 18 2000000.000000
16.483834 24 7 50000.000000
16.800080 24 3 1000000.000000
16.849437 24 0 50000.000000
17.234562 24 11 10000.000000
17.425197 24 18 5000000.000000
18.176570 24 14 30000.000000
18.832431 24 1 200000.000000
19.569441 24 6 10000.000000
20.216652 24 7 5000000.000000
20.406764 24 25 50000.000000
21.431564 24 10 200000.000000
21.458126 24 15 80000.000000
21.752152 24 24 80000.000000
22.349098 24 6 10000000.000000
22.867010 24 4 50000.000000
22.878262 24 10 5000000.000000
23.120478 24 9 80000.000000
23.322196 24 4 200000.000000
23.378404 24 24 10000.000000
23.666900 24 8 10000.000000
23.805451 24 25 2000000.000000
24.438675 24 7 10000.000000
24.601323 24 21 5000000.000000
24.938478 24 17 80000.000000
24.985627 24 12 50000.000000
25.595206 24 13 200000.000000
25.724154 24 26 20000.000000
25.744539 24 26 50000.000000
25.790440 24 19 50000.000000
26.518890 24 11 80000.000000
26.751421 24 8 10000000.000000
27.127208 24 13 80000.000000
27.202274 24 23 10000000.000000
27.420420 24 15 30000.000000
27.702524 24 11 5000000.000000
27.790819 24 9 10000000.000000
27.981314 24 7 30000.000000
28.556609 24 9 80000.000000
29.289184 24 8 1000000.000000
29.873952 24 8 5000000.000000
0.154956 25 19 30000.000000
0.660295 25 5 200000.000000
0.722729 25 11 10000000.000000
0.804286 25 8 10000.000000
1.640716 25 14 2000000.000000
1.854406 25 16 80000.000000
2.433219 25 2 50000.000000
2.684223 25 2 1000000.000000
2.884271 25 9 20000.000000
3.132728 25 24 50000.000000
3.145827 25 14 50000.000000
3.570290 25 19 30000.000000
4.358900 25 1 5000000.000000
5.083097 25 1 2000000.000000
5.287623 25 6 10000.000000
5.713906 25 8 200000.000000
6.270172 25 19 80000.000000
6.908352 25 22 1000000.000000
7.643642 25 22 10000.000000
8.066794 25 24 2000000.000000
8.340364 25 12 2000000.000000
8.548589 25 21 10000.000000
10.129391 25 21 50000.000000
11.346496 25 19 10000.000000
11.533446 25 15 2000000.000000
11.609090 25 1 20000.000000
12.080592 25 1 30000.000000
12.085476 25 18 50000.000000
12.185327 25 1 10000.000000
13.217140 25 16 200000.000000
13.501349 25 7 1000000.000000
13.521253 25 22 5000000.000000
13.767316 25 15 10000000.000000
14.345877 25 9 2000000.000000
14.375263 25 11 5000000.000000
14.655104 25 9 10000000.000000
14.907927 25 13 5000000.000000
15.783469 25 16 5000000.000000
15.945422 25 16 50000.000000
16.291360 25 4 5000000.000000
16.412505 25 3 5000000.000000
16.675005 25 12 50000.000000
16.830939 25 5 80000.000000
17.201002 25 22 2000000.000000
17.606060 25 1 30000.000000
17.742164 25 2 2000000.000000
17.932415 25 3 200000.000000
18.705407 25 14 1000000.000000
18.847216 25 5 30000.000000
19.047442 25 18 10000.000000
19.170838 25 7 80000.000000
19.263988 25 17 30000.000000
20.016186 25 8 10000.000000
20.589975 25 6 200000.000000
21.006652 25 4 10000.000000
21.467903 25 18 30000.000000
21.871205 25 5 10000.000000
21.917034 25 0 10000.000000
21.940652 25 12 2000000.000000
22.399957 25 16 1000000.000000
22.612876 25 12 2000000.000000
22.881421 25 0 10000.000000
22.881517 25 6 10000.000000
23.361050 25 22 5000000.000000
24.122776 25 26 20000.000000
24.360410 25 21 10000.000000
25.387622 25 18 80000.000000
25.916129 25 5 80000.000000
25.961929 25 7 80000.000000
26.116457 25 14 10000.000000
26.271170 25 21 80000.000000
26.474382 25 24 10000.000000
26.639394 25 3 80000.000000
27.075432 25 10 10000.000000
27.586257 25 25 1000000.000000
27.877921 25 6 2000000.000000
28.533668 25 8 2000000.000000
28.549416 25 3 2000000.000000
29.182924 25 21 10000.000000
0.345468 26 19 5000000.000000
0.915218 26 17 80000.000000
1.046281 26 5 80000.000000
1.973030 26 13 2000000.000000
2.303120 26 25 200000.000000
2.752725 26 21 10000.000000
2.822352 26 11 50000.000000
2.882766 26 22 200000.000000
3.540620 26 5 1000000.000000
4.074899 26 11 2000000.000000
4.303192 26 2 2000000.000000
4.561961 26 20 10000.000000
5.092534 26 9 5000000.000000
5.629405 26 5 10000000.000000
5.876396 26 20 50000.000000
6.256015 26 17 20000.000000
6.343547 26 25 5000000.000000
6.875673 26 14 1000000.000000
6.891272 26 21 20000.000000
7.317437 26 3 5000000.000000
7.758866 26 11 30000.000000
8.156079 26 9 10000.000000
8.361753 26 19 1000000.000000
8.419171 26 19 10000.000000
8.690416 26 19 10000.000000
9.863706 26 1 1000000.000000
9.938956 26 3 10000000.000000
9.974278 26 20 200000.000000
10.155008 26 1 30000.000000
11.026890 26 3 10000000.000000
11.112059 26 2 10000.000000
11.269775 26 12 50000.000000
11.738540 26 6 5000000.000000
11.897407 26 10 2000000.000000
12.034444 26 17 10000000.000000
12.056409 26 25 50000.000000
12.202846 26 16 1000000.000000
12.234477 26 1 30000.000000
13.180192 26 1 80000.000000
13.492748 26 21 2000000.000000
14.450435 26 2 50000.000000
14.507280 26 5 200000.000000
14.989976 26 12 30000.000000
14.993760 26 23 200000.000000
14.994815 26 1 10000.000000
15.863424 26 24 200000.000000
15.894857 26 25 1000000.000000
16.116319 26 9 1000000.000000
16.132770 26 26 50000.000000
16.254035 26 20 10000.000000
16.258728 26 11 1000000.000000
16.966378 26 22 50000.000000
18.627357 26 4 20000.000000
18.691572 26 25 1000000.000000
18.708463 26 10 200000.000000
19.145810 26 15 30000.000000
19.456466 26 9 50000.000000
19.515662 26 7 20000.000000
19.625145 26 23 10000000.000000
19.948561 26 8 200000.000000
20.060504 26 19 2000000.000000
20.102280 26 22 30000.000000
20.589584 26 4 80000.000000
21.091087 26 21 5000000.000000
21.338721 26 2 2000000.000000
21.914805 26 24 1000000.000000
21.927739 26 11 2000000.000000
22.002687 26 13 30000.000000
22.324307 26 9 30000.000000
22.967904 26 9 1000000.000000
23.233683 26 25 50000.000000
23.584929 26 6 2000000.000000
23.619908 26 7 1000000.000000
23.812137 26 18 2000000.000000
23.829754 26 6 5000000.000000
23.927291 26 6 2000000.000000
23.990564 26 9 80000.000000
24.059137 26 4 200000.000000
24.150569 26 22 50000.000000
24.837471 26 22 80000.000000
25.368767 26 17 5000000.000000
25.971540 26 26 10000.000000
25.990111 26 6 30000.000000
26.079064 26 21 1000000.000000
26.551122 26 2 30000.000000
26.835926 26 9 10000000.000000
27.036786 26 18 2000000.000000
27.114621 26 23 50000.000000
27.518488 26 6 2000000.000000
27.754972 26 7 200000.000000
28.079293 26 18 10000.000000
28.371743 26 15 1000000.000000
28.795384 26 20 30000.000000
29.041503 26 20 10000.000000
29.271360 26 22 20000.000000
29.561799 26 17 30000.000000
