0.126183 0 17 200000.000000
0.503496 0 4 10000.000000
1.129861 0 25 50000.000000
2.892080 0 23 200000.000000
4.034404 0 3 50000.000000
4.418321 0 24 80000.000000
4.462969 0 2 50000.000000
4.829310 0 5 80000.000000
5.112132 0 15 10000.000000
5.134282 0 0 10000.000000
5.244605 0 22 200000.000000
5.754732 0 17 10000000.000000
6.045971 0 4 2000000.000000
6.211055 0 7 2000000.000000
6.221165 0 21 10000.000000
6.805580 0 25 30000.000000
7.372215 0 23 5000000.000000
8.383320 0 19 200000.000000
9.024453 0 20 80000.000000
9.226457 0 17 1000000.000000
9.353939 0 4 10000.000000
9.942490 0 2 80000.000000
10.540124 0 3 10000.000000
10.644660 0 15 1000000.000000
11.533702 0 3 1000000.000000
12.630327 0 19 200000.000000
13.552027 0 5 200000.000000
13.749229 0 25 80000.000000
13.794599 0 7 2000000.000000
14.960822 0 0 20000.000000
15.781983 0 10 30000.000000
16.740393 0 18 1000000.000000
16.884800 0 6 50000.000000
17.328916 0 21 50000.000000
17.551820 0 15 50000.000000
18.086788 0 11 50000.000000
18.913777 0 16 2000000.000000
19.283585 0 3 5000000.000000
19.489469 0 26 30000.000000
19.514359 0 26 30000000.000000
19.636328 0 2 2000000.000000
19.943668 0 7 50000.000000
20.501751 0 16 10000.000000
23.660063 0 6 10000.000000
24.463618 0 16 20000.000000
24.614004 0 3 50000.000000
24.871922 0 20 50000.000000
25.065006 0 26 30000.000000
25.744586 0 22 20000.000000
25.862544 0 15 20000.000000
25.868969 0 21 20000.000000
26.301690 0 8 10000.000000
26.809223 0 3 5000000.000000
26.972303 0 2 2000000.000000
27.887293 0 8 10000000.000000
29.206003 0 10 1000000.000000
29.596881 0 8 50000.000000
29.724006 0 18 10000.000000
0.047557 1 1 10000000.000000
0.301799 1 26 5000000.000000
0.824182 1 8 10000.000000
1.020710 1 21 20000.000000
1.534160 1 13 2000000.000000
1.821104 1 6 20000.000000
2.122711 1 2 10000.000000
2.270469 1 24 80000.000000
2.857849 1 11 80000.000000
3.138306 1 7 1000000.000000
4.794291 1 21 5000000.000000
5.482223 1 21 80000.000000
6.484750 1 16 50000.000000
6.763798 1 2 200000.000000
6.816828 1 11 30000.000000
7.287176 1 0 1000000.000000
7.563796 1 22 80000.000000
7.802565 1 7 2000000.000000
8.336701 1 18 50000.000000
8.829231 1 21 80000.000000
9.124806 1 26 5000000.000000
9.240248 1 7 30000000.000000
9.508564 1 0 200000.000000
9.935239 1 15 10000.000000
10.860843 1 14 10000.000000
11.486908 1 3 5000000.000000
12.550317 1 26 50000.000000
12.654238 1 0 2000000.000000
13.052171 1 19 80000.000000
13.154355 1 3 80000.000000
13.823237 1 12 10000.000000
15.141073 1 21 50000.000000
15.331901 1 3 20000.000000
15.870171 1 0 80000.000000
15.909191 1 8 1000000.000000
18.001738 1 19 200000.000000
18.037001 1 0 1000000.000000
19.239208 1 14 30000000.000000
19.482387 1 19 10000.000000
19.604877 1 1 30000.000000
20.640116 1 3 80000.000000
20.892339 1 15 10000.000000
21.137483 1 7 80000.000000
21.523893 1 18 1000000.000000
22.208391 1 23 2000000.000000
22.864358 1 19 1000000.000000
24.911403 1 25 1000000.000000
25.219285 1 22 2000000.000000
25.219720 1 19 2000000.000000
25.446744 1 0 10000000.000000
27.405949 1 11 30000.000000
27.421683 1 13 80000.000000
28.235839 1 8 1000000.000000
29.116004 1 0 1000000.000000
0.290467 2 19 20000.000000
3.818203 2 7 10000000.000000
3.822695 2 11 200000.000000
4.688144 2 24 10000.000000
5.112862 2 15 80000.000000
6.193738 2 7 10000000.000000
7.082771 2 26 5000000.000000
7.359554 2 26 200000.000000
7.842502 2 17 1000000.000000
8.179761 2 3 10000000.000000
8.187380 2 5 20000.000000
9.086879 2 15 50000.000000
9.181356 2 1 10000000.000000
9.249549 2 16 10000000.000000
10.705119 2 6 10000000.000000
10.983109 2 25 50000.000000
11.271820 2 12 10000.000000
12.516804 2 20 50000.000000
12.640129 2 5 5000000.000000
12.666098 2 4 30000.000000
14.931044 2 12 5000000.000000
14.938669 2 11 10000.000000
14.967171 2 15 2000000.000000
15.199929 2 14 20000.000000
16.206421 2 20 200000.000000
16.414191 2 19 80000.000000
16.482889 2 26 80000.000000
16.653236 2 4 2000000.000000
17.129667 2 13 50000.000000
17.512299 2 14 10000.000000
18.352328 2 15 50000.000000
18.552411 2 18 10000000.000000
18.588377 2 7 20000.000000
19.587605 2 13 2000000.000000
20.062784 2 8 80000.000000
20.500367 2 0 50000.000000
21.611381 2 6 1000000.000000
21.613289 2 20 5000000.000000
22.171526 2 10 1000000.000000
23.264945 2 15 10000000.000000
23.653544 2 3 30000.000000
23.779615 2 18 10000000.000000
24.311902 2 4 2000000.000000
24.549369 2 7 20000.000000
24.791962 2 20 10000000.000000
25.517268 2 11 10000000.000000
26.043160 2 22 10000.000000
26.074078 2 15 50000.000000
26.243627 2 19 5000000.000000
27.479105 2 20 2000000.000000
27.500616 2 24 10000.000000
27.815647 2 25 80000.000000
28.090078 2 21 200000.000000
29.237970 2 14 2000000.000000
0.277055 3 4 80000.000000
0.375933 3 24 50000.000000
0.646691 3 26 20000.000000
1.282102 3 25 80000.000000
2.429452 3 4 10000.000000
3.639970 3 11 10000.000000
4.214755 3 26 5000000.000000
4.680902 3 0 10000000.000000
5.001986 3 2 10000.000000
6.049458 3 13 1000000.000000
6.495127 3 6 10000.000000
7.090980 3 16 1000000.000000
7.135439 3 16 200000.000000
7.479026 3 11 10000.000000
7.521541 3 23 200000.000000
7.541790 3 19 50000.000000
7.585428 3 17 10000.000000
8.543723 3 24 5000000.000000
8.706430 3 9 10000.000000
8.915068 3 9 30000.000000
9.473007 3 17 1000000.000000
12.369409 3 16 50000.000000
14.166359 3 20 10000.000000
14.196470 3 16 10000000.000000
14.469251 3 21 10000.000000
14.548057 3 12 30000000.000000
18.367403 3 14 10000.000000
18.817170 3 8 5000000.000000
19.024780 3 16 30000.000000
19.909963 3 18 5000000.000000
20.640715 3 7 2000000.000000
21.393329 3 2 80000.000000
21.862985 3 16 30000000.000000
22.087257 3 18 1000000.000000
22.238043 3 10 2000000.000000
22.958835 3 6 5000000.000000
22.983992 3 10 80000.000000
23.030434 3 22 80000.000000
23.339110 3 1 80000.000000
23.651977 3 5 1000000.000000
24.075481 3 19 200000.000000
24.890851 3 0 2000000.000000
25.380635 3 18 2000000.000000
26.407703 3 15 10000000.000000
26.824910 3 5 10000.000000
27.191171 3 9 5000000.000000
28.243166 3 7 10000.000000
28.655056 3 25 1000000.000000
29.080692 3 15 2000000.000000
29.451685 3 0 1000000.000000
0.632604 4 23 30000.000000
0.813237 4 4 80000.000000
1.268517 4 7 20000.000000
1.724730 4 15 1000000.000000
2.100568 4 16 5000000.000000
2.312447 4 8 30000.000000
2.568942 4 26 80000.000000
4.256531 4 4 20000.000000
4.596258 4 21 1000000.000000
5.053504 4 4 2000000.000000
5.222784 4 16 10000000.000000
5.911155 4 1 80000.000000
6.450885 4 3 10000.000000
7.183662 4 8 10000.000000
8.634215 4 22 5000000.000000
9.226717 4 6 5000000.000000
9.344364 4 21 2000000.000000
10.052174 4 13 50000.000000
10.387134 4 15 80000.000000
10.447451 4 15 10000.000000
10.493765 4 11 5000000.000000
10.705050 4 18 5000000.000000
11.983481 4 10 50000.000000
12.364771 4 18 10000.000000
13.418215 4 4 10000.000000
13.438288 4 20 1000000.000000
13.740391 4 24 10000000.000000
15.117154 4 16 1000000.000000
15.242697 4 0 2000000.000000
15.387955 4 8 50000.000000
15.944606 4 12 10000.000000
16.049857 4 2 30000.000000
16.182437 4 19 1000000.000000
16.421752 4 12 5000000.000000
16.786703 4 6 1000000.000000
16.873232 4 17 80000.000000
17.382978 4 13 5000000.000000
17.942385 4 18 80000.000000
17.957852 4 20 30000.000000
18.261155 4 5 20000.000000
18.868314 4 20 50000.000000
19.251725 4 7 80000.000000
19.966702 4 10 10000.000000
20.572456 4 23 50000.000000
20.872185 4 26 50000.000000
21.651119 4 21 50000.000000
21.745443 4 12 10000000.000000
22.837459 4 6 30000.000000
23.595906 4 11 30000.000000
23.951678 4 2 20000.000000
24.626325 4 8 10000.000000
24.961499 4 25 80000.000000
25.111242 4 17 5000000.000000
25.456388 4 22 1000000.000000
26.253473 4 14 80000.000000
26.973613 4 12 10000.000000
27.645089 4 16 2000000.000000
27.994366 4 18 30000.000000
28.512157 4 5 2000000.000000
29.498046 4 25 80000.000000
29.952255 4 23 10000000.000000
0.783337 5 5 1000000.000000
0.980271 5 4 30000000.000000
2.162081 5 3 30000000.000000
3.112206 5 19 10000000.000000
3.264007 5 11 10000.000000
3.651639 5 13 5000000.000000
3.940977 5 11 80000.000000
5.131140 5 14 10000.000000
5.620918 5 18 5000000.000000
5.795911 5 24 80000.000000
6.243471 5 13 200000.000000
8.347035 5 12 80000.000000
8.799582 5 17 30000000.000000
9.473221 5 24 200000.000000
10.548476 5 11 10000.000000
10.841864 5 23 50000.000000
11.407200 5 8 5000000.000000
11.466308 5 16 80000.000000
11.477176 5 9 1000000.000000
12.322224 5 5 10000.000000
12.578349 5 15 80000.000000
13.507685 5 19 80000.000000
13.763039 5 11 200000.000000
14.026213 5 11 200000.000000
14.287011 5 24 2000000.000000
14.807996 5 22 5000000.000000
14.907503 5 26 30000.000000
14.944983 5 21 2000000.000000
15.189330 5 3 1000000.000000
16.854021 5 4 30000.000000
17.915277 5 17 50000.000000
17.916634 5 8 5000000.000000
18.675930 5 21 80000.000000
18.779804 5 25 10000.000000
19.401843 5 12 80000.000000
19.828222 5 25 10000000.000000
19.842486 5 0 10000.000000
20.138913 5 4 80000.000000
21.496871 5 13 10000.000000
21.745856 5 18 200000.000000
23.664074 5 13 10000.000000
24.669454 5 0 30000.000000
24.782730 5 0 2000000.000000
25.273390 5 2 10000.000000
25.527386 5 1 10000000.000000
26.010858 5 23 30000.000000
26.508947 5 1 80000.000000
26.718872 5 6 10000.000000
27.485091 5 7 10000.000000
28.280418 5 16 1000000.000000
28.381283 5 13 2000000.000000
28.741338 5 24 10000.000000
28.772838 5 9 10000.000000
29.052783 5 13 5000000.000000
0.067320 6 7 30000.000000
0.731587 6 12 30000000.000000
1.622997 6 24 5000000.000000
1.634607 6 22 1000000.000000
1.659717 6 22 5000000.000000
1.756695 6 5 10000.000000
1.773315 6 26 200000.000000
3.436778 6 4 200000.000000
3.608362 6 22 10000.000000
3.890194 6 1 80000.000000
4.245468 6 21 30000.000000
5.090010 6 0 20000.000000
5.444617 6 25 30000.000000
5.667462 6 26 2000000.000000
5.775094 6 4 80000.000000
6.287827 6 25 80000.000000
6.788262 6 22 1000000.000000
7.216769 6 21 10000000.000000
8.381629 6 11 20000.000000
8.523552 6 5 1000000.000000
8.910642 6 8 50000.000000
8.950569 6 7 50000.000000
9.147604 6 1 2000000.000000
9.331687 6 13 10000000.000000
9.791913 6 1 10000.000000
10.270055 6 4 80000.000000
10.358404 6 26 10000.000000
10.472741 6 7 5000000.000000
10.695297 6 6 10000000.000000
10.911321 6 10 10000.000000
11.414458 6 24 5000000.000000
12.014605 6 11 10000000.000000
14.123134 6 7 10000.000000
14.266223 6 1 200000.000000
14.638647 6 0 200000.000000
14.714582 6 2 30000.000000
15.385093 6 6 80000.000000
15.674965 6 21 30000000.000000
15.768987 6 11 10000.000000
16.508871 6 20 80000.000000
17.476387 6 15 5000000.000000
18.252091 6 12 10000.000000
18.831462 6 6 10000.000000
19.048196 6 17 30000.000000
19.450003 6 4 20000.000000
19.869241 6 13 50000.000000
20.477613 6 25 80000.000000
21.494738 6 9 1000000.000000
21.733235 6 8 30000.000000
21.867848 6 2 30000.000000
22.659377 6 6 10000000.000000
23.117579 6 10 10000000.000000
24.982046 6 3 30000.000000
25.887833 6 9 30000.000000
25.992042 6 5 5000000.000000
26.294789 6 4 1000000.000000
26.837464 6 5 30000.000000
27.460002 6 13 2000000.000000
27.465731 6 14 50000.000000
29.264525 6 14 30000.000000
29.280453 6 20 10000000.000000
0.001479 7 8 10000.000000
0.005171 7 2 10000.000000
0.206725 7 17 80000.000000
0.637186 7 17 80000.000000
2.105491 7 23 30000.000000
2.172181 7 13 5000000.000000
2.291061 7 24 50000.000000
2.612285 7 0 1000000.000000
3.031672 7 25 10000.000000
3.752957 7 15 50000.000000
3.839721 7 16 50000.000000
4.868859 7 24 200000.000000
5.495477 7 21 80000.000000
6.836002 7 22 1000000.000000
8.034212 7 18 80000.000000
8.058419 7 13 5000000.000000
9.743998 7 0 1000000.000000
9.936390 7 5 50000.000000
9.978713 7 4 50000.000000
10.187208 7 26 50000.000000
10.480523 7 7 2000000.000000
11.702626 7 24 50000.000000
11.852545 7 6 5000000.000000
12.440843 7 17 2000000.000000
12.497281 7 8 1000000.000000
14.308714 7 12 1000000.000000
14.462908 7 14 50000.000000
15.770086 7 16 2000000.000000
16.222424 7 9 20000.000000
16.822303 7 22 30000000.000000
17.139755 7 15 1000000.000000
17.441268 7 4 2000000.000000
17.972902 7 3 5000000.000000
18.224993 7 21 5000000.000000
18.365618 7 21 30000000.000000
18.753484 7 13 2000000.000000
18.961362 7 5 30000000.000000
19.517069 7 22 10000000.000000
19.566790 7 13 30000.000000
20.688173 7 21 30000.000000
20.999763 7 6 30000000.000000
21.215237 7 8 80000.000000
21.302787 7 4 30000.000000
21.596731 7 8 10000.000000
22.373192 7 24 20000.000000
22.423081 7 18 200000.000000
23.280614 7 6 80000.000000
24.107409 7 16 10000.000000
24.437721 7 21 50000.000000
24.881842 7 22 200000.000000
26.084731 7 20 10000.000000
26.828374 7 16 30000.000000
26.906960 7 8 80000.000000
27.138233 7 15 80000.000000
27.377717 7 13 80000.000000
27.851458 7 4 1000000.000000
27.874887 7 5 5000000.000000
0.173150 8 19 5000000.000000
0.839691 8 25 80000.000000
0.915347 8 12 10000.000000
1.524353 8 8 80000.000000
1.570991 8 23 50000.000000
2.024339 8 15 80000.000000
2.085267 8 2 5000000.000000
2.107999 8 1 50000.000000
2.693650 8 13 30000.000000
2.746505 8 22 30000.000000
3.214670 8 8 1000000.000000
4.123605 8 4 1000000.000000
4.307612 8 2 200000.000000
5.253918 8 23 80000.000000
5.830730 8 26 1000000.000000
5.877706 8 24 10000000.000000
6.740117 8 0 50000.000000
7.218173 8 23 80000.000000
7.280660 8 7 80000.000000
8.460176 8 22 10000.000000
8.736637 8 25 80000.000000
9.166256 8 21 30000.000000
9.490385 8 9 80000.000000
9.692135 8 14 1000000.000000
9.815916 8 16 10000.000000
10.033468 8 14 30000.000000
10.645219 8 1 2000000.000000
12.409908 8 10 80000.000000
12.578115 8 25 10000.000000
13.071191 8 14 200000.000000
13.351720 8 24 10000.000000
14.000304 8 21 5000000.000000
15.290244 8 23 80000.000000
15.644810 8 15 200000.000000
15.876215 8 0 30000.000000
16.268725 8 11 2000000.000000
16.490820 8 10 30000.000000
17.371787 8 15 80000.000000
17.594498 8 0 1000000.000000
17.642416 8 19 80000.000000
17.707572 8 11 1000000.000000
19.243901 8 3 10000.000000
19.370957 8 3 1000000.000000
19.762400 8 20 30000.000000
19.931573 8 9 5000000.000000
20.297841 8 20 10000.000000
20.486570 8 24 50000.000000
20.536510 8 8 10000.000000
20.808762 8 9 2000000.000000
21.138477 8 1 1000000.000000
21.689217 8 23 5000000.000000
21.754084 8 24 10000.000000
22.232644 8 18 80000.000000
23.375040 8 3 50000.000000
24.336809 8 3 50000.000000
24.405917 8 13 10000000.000000
25.661761 8 8 80000.000000
26.466654 8 4 10000000.000000
26.882247 8 18 10000.000000
28.074183 8 18 5000000.000000
0.140846 9 10 80000.000000
0.225702 9 11 80000.000000
0.410758 9 14 10000000.000000
0.987599 9 16 1000000.000000
1.400812 9 22 5000000.000000
1.606803 9 22 20000.000000
1.673537 9 18 30000.000000
1.741266 9 3 50000.000000
1.842079 9 10 80000.000000
2.288242 9 6 5000000.000000
2.980832 9 7 10000.000000
3.533438 9 17 50000.000000
3.920335 9 24 50000.000000
4.755000 9 5 1000000.000000
5.445364 9 24 10000.000000
7.451058 9 5 2000000.000000
7.493607 9 23 200000.000000
7.860539 9 19 5000000.000000
7.998021 9 14 50000.000000
8.041087 9 11 2000000.000000
8.571298 9 3 80000.000000
9.282334 9 17 80000.000000
9.619710 9 5 2000000.000000
9.672228 9 9 5000000.000000
9.696090 9 4 80000.000000
9.816609 9 18 1000000.000000
9.980429 9 23 80000.000000
10.236354 9 5 200000.000000
10.500748 9 9 10000000.000000
11.238588 9 25 20000.000000
11.365368 9 11 2000000.000000
11.578055 9 19 30000000.000000
11.974615 9 8 30000.000000
11.992589 9 11 10000000.000000
13.079144 9 9 80000.000000
13.274540 9 21 5000000.000000
13.398084 9 8 20000.000000
13.916130 9 7 10000.000000
14.170256 9 9 10000.000000
14.731889 9 17 2000000.000000
14.956676 9 10 1000000.000000
15.021770 9 4 20000.000000
16.671836 9 7 80000.000000
17.376451 9 16 80000.000000
18.480152 9 25 30000000.000000
19.752102 9 0 10000000.000000
20.074685 9 6 2000000.000000
20.730572 9 11 30000.000000
21.303305 9 4 50000.000000
21.497986 9 0 10000.000000
21.852126 9 23 10000000.000000
22.176957 9 25 2000000.000000
22.995005 9 22 2000000.000000
23.257413 9 17 10000.000000
23.346030 9 1 2000000.000000
23.630260 9 7 10000000.000000
24.254396 9 22 50000.000000
24.785526 9 23 1000000.000000
25.054445 9 10 5000000.000000
25.367082 9 23 5000000.000000
26.320067 9 16 5000000.000000
26.552373 9 11 30000.000000
26.656331 9 5 30000.000000
27.155473 9 16 10000.000000
28.020850 9 23 1000000.000000
28.693777 9 0 10000000.000000
28.779189 9 26 20000.000000
29.216758 9 24 2000000.000000
29.264452 9 25 10000.000000
29.277171 9 15 2000000.000000
29.775021 9 0 5000000.000000
29.902305 9 16 30000.000000
29.979909 9 23 30000.000000
0.784531 10 2 20000.000000
1.934049 10 14 80000.000000
2.127059 10 19 10000.000000
4.363877 10 0 10000000.000000
5.175801 10 5 200000.000000
5.268985 10 4 2000000.000000
7.001363 10 19 5000000.000000
7.094616 10 10 5000000.000000
8.452716 10 19 80000.000000
8.770230 10 22 80000.000000
9.440147 10 20 200000.000000
9.646015 10 9 10000.000000
9.716384 10 9 30000.000000
10.300887 10 19 10000.000000
10.845614 10 10 1000000.000000
11.728591 10 0 5000000.000000
13.065449 10 26 200000.000000
13.367706 10 16 80000.000000
13.746616 10 18 50000.000000
14.276361 10 0 10000000.000000
14.350470 10 26 10000.000000
14.443488 10 6 10000.000000
14.487436 10 20 80000.000000
15.135645 10 15 30000.000000
15.190273 10 4 200000.000000
15.743619 10 7 20000.000000
15.919749 10 20 30000.000000
16.365869 10 21 10000.000000
16.771159 10 14 1000000.000000
16.887023 10 6 10000.000000
16.998632 10 7 80000.000000
17.532841 10 26 1000000.000000
17.585928 10 10 5000000.000000
18.056734 10 3 10000.000000
18.604662 10 9 10000.000000
19.683233 10 3 1000000.000000
19.965802 10 12 20000.000000
20.141625 10 4 200000.000000
21.245457 10 15 20000.000000
21.326424 10 22 20000.000000
21.456960 10 7 10000.000000
21.930173 10 5 80000.000000
22.068364 10 7 20000.000000
22.255252 10 25 50000.000000
22.581870 10 17 80000.000000
23.386941 10 8 30000.000000
23.938743 10 0 2000000.000000
24.126887 10 20 10000000.000000
24.272293 10 0 200000.000000
24.429814 10 0 50000.000000
24.654392 10 20 10000.000000
25.503809 10 6 2000000.000000
25.911847 10 2 10000.000000
25.985861 10 15 80000.000000
26.130091 10 7 1000000.000000
26.188900 10 25 200000.000000
26.560587 10 2 10000.000000
27.678673 10 21 200000.000000
28.471097 10 18 80000.000000
28.702183 10 20 1000000.000000
28.927982 10 12 30000.000000
29.441079 10 22 10000.000000
0.128324 11 25 50000.000000
0.609323 11 11 1000000.000000
1.149774 11 5 10000.000000
1.793107 11 24 1000000.000000
4.716271 11 20 10000000.000000
6.407371 11 19 200000.000000
6.650886 11 19 30000.000000
8.171367 11 12 5000000.000000
8.994177 11 22 5000000.000000
9.087748 11 20 30000.000000
11.232087 11 2 30000000.000000
11.390649 11 23 2000000.000000
12.778682 11 11 1000000.000000
12.883846 11 7 10000.000000
14.513891 11 7 5000000.000000
14.563818 11 14 10000000.000000
15.386524 11 11 1000000.000000
15.436255 11 21 20000.000000
15.680148 11 4 10000.000000
16.431649 11 3 10000.000000
16.872109 11 0 30000.000000
16.985143 11 20 200000.000000
17.410091 11 7 20000.000000
19.960592 11 9 80000.000000
20.374168 11 21 50000.000000
20.804382 11 16 80000.000000
21.377649 11 21 10000.000000
22.121434 11 11 50000.000000
23.388734 11 22 1000000.000000
23.471845 11 6 5000000.000000
23.636935 11 14 10000.000000
25.227458 11 14 2000000.000000
25.978545 11 13 50000.000000
26.118802 11 3 80000.000000
26.122182 11 15 50000.000000
26.669991 11 4 80000.000000
27.360821 11 6 1000000.000000
27.407805 11 25 10000.000000
27.481514 11 9 200000.000000
27.816097 11 5 5000000.000000
28.209968 11 14 80000.000000
28.447242 11 21 5000000.000000
29.968201 11 0 200000.000000
0.733757 12 18 80000.000000
0.983332 12 2 20000.000000
1.482674 12 14 2000000.000000
2.090631 12 12 10000.000000
3.121752 12 15 10000000.000000
3.170865 12 25 80000.000000
3.543179 12 4 80000.000000
3.556721 12 3 10000.000000
4.057161 12 8 50000.000000
4.081605 12 7 1000000.000000
4.182229 12 12 80000.000000
4.389314 12 18 1000000.000000
4.440885 12 24 20000.000000
6.011390 12 16 20000.000000
6.114071 12 18 30000.000000
8.252692 12 14 30000.000000
8.418693 12 1 10000000.000000
8.629459 12 11 10000.000000
10.871552 12 6 20000.000000
11.135083 12 6 1000000.000000
11.258257 12 10 1000000.000000
11.432873 12 19 1000000.000000
11.753735 12 12 5000000.000000
12.250859 12 24 2000000.000000
12.818016 12 21 2000000.000000
12.840709 12 4 1000000.000000
13.033558 12 25 1000000.000000
13.102759 12 13 20000.000000
14.026993 12 16 10000000.000000
14.532213 12 19 5000000.000000
15.658003 12 24 10000.000000
16.424422 12 5 80000.000000
16.685380 12 23 10000.000000
17.038117 12 19 30000.000000
17.249134 12 18 30000.000000
19.169827 12 2 80000.000000
19.336708 12 7 10000.000000
20.010662 12 17 10000.000000
20.337683 12 6 50000.000000
21.052352 12 18 20000.000000
24.516641 12 23 20000.000000
26.019871 12 23 10000000.000000
27.391972 12 7 20000.000000
27.433112 12 21 1000000.000000
29.391595 12 7 10000.000000
29.575052 12 20 50000.000000
29.704176 12 9 20000.000000
0.417685 13 19 2000000.000000
1.308199 13 5 80000.000000
2.880208 13 13 1000000.000000
3.254040 13 14 80000.000000
3.810675 13 14 80000.000000
3.962184 13 26 5000000.000000
4.163859 13 19 30000000.000000
5.746718 13 23 5000000.000000
6.311545 13 21 50000.000000
6.381228 13 23 10000.000000
7.685221 13 2 5000000.000000
7.717882 13 22 30000000.000000
8.293322 13 16 80000.000000
8.672230 13 0 80000.000000
9.592916 13 22 10000.000000
11.463483 13 25 20000.000000
11.762281 13 20 10000000.000000
11.932052 13 14 10000000.000000
12.231232 13 4 30000.000000
12.739881 13 21 2000000.000000
13.461302 13 12 5000000.000000
13.678752 13 1 5000000.000000
13.861206 13 3 50000.000000
14.313672 13 20 200000.000000
14.382230 13 17 30000.000000
16.260682 13 10 1000000.000000
16.987111 13 25 5000000.000000
17.945467 13 22 10000.000000
18.403383 13 7 10000.000000
18.495724 13 2 200000.000000
18.623216 13 9 30000.000000
19.412588 13 6 1000000.000000
19.451402 13 19 10000000.000000
19.722945 13 8 50000.000000
19.967757 13 0 80000.000000
20.246939 13 5 10000.000000
20.294216 13 17 30000.000000
20.655522 13 21 2000000.000000
22.029116 13 20 30000.000000
22.288387 13 8 30000000.000000
22.576470 13 25 50000.000000
22.606293 13 9 20000.000000
23.024836 13 12 2000000.000000
24.078840 13 16 10000.000000
25.602410 13 4 5000000.000000
25.632349 13 10 1000000.000000
25.734291 13 19 30000000.000000
28.373579 13 5 5000000.000000
28.904556 13 4 5000000.000000
28.995975 13 13 30000.000000
29.114105 13 21 5000000.000000
29.127422 13 21 20000.000000
1.010625 14 3 50000.000000
1.937045 14 22 5000000.000000
1.987884 14 8 30000.000000
2.531282 14 23 30000.000000
5.322964 14 10 80000.000000
5.794087 14 19 80000.000000
6.023509 14 25 1000000.000000
8.372012 14 3 20000.000000
8.689070 14 16 1000000.000000
8.839693 14 5 1000000.000000
8.973075 14 24 10000.000000
9.216063 14 24 1000000.000000
9.477784 14 12 30000.000000
10.133995 14 21 5000000.000000
10.243907 14 18 2000000.000000
11.035630 14 24 2000000.000000
11.601192 14 8 30000000.000000
11.640908 14 7 50000.000000
11.745160 14 11 200000.000000
12.064182 14 2 80000.000000
12.108354 14 9 80000.000000
13.875046 14 21 5000000.000000
14.157783 14 8 10000000.000000
15.144217 14 26 1000000.000000
15.475254 14 4 5000000.000000
15.645802 14 21 30000.000000
15.724036 14 14 10000000.000000
16.209729 14 18 200000.000000
16.353073 14 2 50000.000000
16.381099 14 11 5000000.000000
17.309420 14 5 80000.000000
17.475189 14 20 5000000.000000
19.123159 14 16 30000.000000
19.316163 14 9 30000.000000
19.898966 14 20 30000.000000
20.419319 14 26 10000000.000000
20.439896 14 10 200000.000000
20.916218 14 25 30000.000000
21.561509 14 22 10000000.000000
21.650043 14 4 1000000.000000
22.920419 14 17 50000.000000
24.324152 14 17 50000.000000
25.233241 14 22 80000.000000
25.687216 14 9 80000.000000
25.734552 14 26 5000000.000000
25.784398 14 23 200000.000000
26.666433 14 7 10000000.000000
27.212930 14 24 30000.000000
27.251106 14 6 1000000.000000
27.438272 14 2 10000.000000
27.526982 14 22 1000000.000000
27.961487 14 6 10000.000000
28.897015 14 0 50000.000000
29.163967 14 13 50000.000000
0.420473 15 7 5000000.000000
1.247703 15 11 1000000.000000
1.448640 15 10 10000.000000
1.879323 15 7 80000.000000
2.290178 15 16 80000.000000
2.545662 15 18 50000.000000
2.582525 15 4 2000000.000000
3.862963 15 25 1000000.000000
4.693565 15 10 10000000.000000
4.699455 15 12 50000.000000
5.280233 15 17 10000000.000000
5.906184 15 21 1000000.000000
6.659823 15 10 80000.000000
7.024527 15 7 80000.000000
7.042194 15 21 30000.000000
8.465009 15 10 1000000.000000
8.627449 15 4 50000.000000
9.444678 15 5 50000.000000
9.705259 15 2 50000.000000
10.515258 15 19 50000.000000
10.580214 15 7 30000.000000
11.194127 15 22 30000.000000
11.251949 15 4 2000000.000000
11.369817 15 11 200000.000000
11.898516 15 5 5000000.000000
12.188662 15 8 50000.000000
12.988585 15 16 5000000.000000
13.527084 15 24 80000.000000
14.203949 15 19 2000000.000000
15.069542 15 25 1000000.000000
16.398601 15 13 2000000.000000
17.511977 15 20 1000000.000000
17.599881 15 19 30000.000000
18.971452 15 21 50000.000000
19.850162 15 11 5000000.000000
19.953532 15 1 10000.000000
20.734603 15 3 30000000.000000
21.373096 15 18 10000.000000
21.599165 15 23 1000000.000000
21.896726 15 10 80000.000000
23.118079 15 14 1000000.000000
23.418415 15 13 30000.000000
24.354277 15 10 5000000.000000
25.282031 15 18 5000000.000000
25.540316 15 4 1000000.000000
26.469201 15 4 2000000.000000
26.898081 15 25 10000.000000
27.158588 15 14 80000.000000
27.630071 15 23 50000.000000
27.812593 15 1 50000.000000
27.836782 15 0 200000.000000
28.363354 15 3 2000000.000000
28.452335 15 4 1000000.000000
28.710725 15 26 2000000.000000
28.718420 15 23 30000000.000000
28.726939 15 2 50000.000000
29.281567 15 6 10000.000000
29.531274 15 3 10000.000000
29.966428 15 4 80000.000000
0.116862 16 18 2000000.000000
0.880708 16 11 1000000.000000
3.268908 16 5 10000.000000
3.843127 16 9 5000000.000000
4.351604 16 5 80000.000000
4.807402 16 16 5000000.000000
4.838479 16 18 80000.000000
5.997710 16 2 30000.000000
6.165424 16 9 200000.000000
6.524128 16 5 10000.000000
6.561955 16 23 2000000.000000
6.681581 16 7 1000000.000000
11.560869 16 18 20000.000000
12.374474 16 19 2000000.000000
13.346594 16 18 30000.000000
13.590463 16 5 50000.000000
13.759028 16 21 50000.000000
14.508999 16 10 80000.000000
14.813687 16 4 20000.000000
16.576664 16 7 50000.000000
16.749266 16 3 10000.000000
17.018325 16 9 10000000.000000
17.166772 16 3 2000000.000000
18.143444 16 22 50000.000000
18.681154 16 8 1000000.000000
19.289127 16 10 1000000.000000
20.026483 16 7 80000.000000
20.192077 16 19 200000.000000
21.686111 16 9 1000000.000000
22.197609 16 25 30000000.000000
23.189803 16 23 80000.000000
23.808729 16 26 10000000.000000
24.474305 16 25 5000000.000000
24.814402 16 6 20000.000000
24.925555 16 7 2000000.000000
25.072077 16 6 20000.000000
25.083091 16 16 2000000.000000
25.545808 16 10 80000.000000
25.736531 16 17 5000000.000000
26.634195 16 20 50000.000000
27.084619 16 0 2000000.000000
27.216761 16 7 10000.000000
27.291899 16 0 50000.000000
28.396995 16 11 50000.000000
28.504834 16 15 50000.000000
28.554523 16 10 80000.000000
29.088086 16 1 20000.000000
29.103686 16 8 2000000.000000
29.987743 16 24 30000.000000
0.212696 17 8 10000.000000
0.864509 17 6 80000.000000
0.949389 17 20 5000000.000000
2.296141 17 3 30000000.000000
2.643166 17 3 2000000.000000
2.824069 17 14 1000000.000000
3.535003 17 23 80000.000000
3.630412 17 6 10000.000000
3.878572 17 10 80000.000000
4.003008 17 8 200000.000000
4.384745 17 15 200000.000000
5.369389 17 8 1000000.000000
5.705839 17 25 80000.000000
6.150645 17 14 5000000.000000
6.809251 17 15 10000000.000000
7.140474 17 25 10000.000000
7.323286 17 5 10000.000000
7.531433 17 10 50000.000000
7.621062 17 16 30000.000000
7.849025 17 17 5000000.000000
8.347273 17 1 2000000.000000
8.848846 17 22 20000.000000
9.451467 17 23 5000000.000000
9.896991 17 7 5000000.000000
10.350454 17 23 5000000.000000
12.196239 17 6 20000.000000
12.716543 17 12 80000.000000
12.780716 17 15 10000000.000000
13.260819 17 3 30000.000000
13.364857 17 21 80000.000000
13.996586 17 19 30000000.000000
14.101527 17 3 30000.000000
15.155897 17 14 10000.000000
15.229266 17 11 1000000.000000
15.281459 17 5 200000.000000
15.349475 17 1 10000.000000
15.441430 17 11 10000.000000
16.429456 17 10 1000000.000000
16.453951 17 13 10000000.000000
17.302279 17 19 30000.000000
18.140084 17 5 10000000.000000
18.797804 17 26 2000000.000000
18.897907 17 3 5000000.000000
19.391133 17 6 2000000.000000
19.550107 17 22 80000.000000
21.430817 17 2 50000.000000
21.563862 17 10 5000000.000000
21.671471 17 0 20000.000000
23.285195 17 7 30000.000000
23.445342 17 5 10000000.000000
24.031805 17 17 80000.000000
24.960083 17 25 20000.000000
25.388290 17 19 20000.000000
25.545466 17 14 50000.000000
25.552348 17 25 50000.000000
25.823873 17 4 80000.000000
27.043959 17 21 10000.000000
27.437142 17 15 2000000.000000
27.757354 17 7 50000.000000
28.264112 17 8 10000.000000
28.566087 17 12 2000000.000000
29.490262 17 5 5000000.000000
29.910969 17 4 10000000.000000
0.167789 18 24 20000.000000
0.511800 18 16 5000000.000000
1.437696 18 3 10000000.000000
2.003829 18 25 10000.000000
2.215819 18 13 5000000.000000
2.781532 18 25 10000.000000
3.358507 18 24 10000000.000000
3.509089 18 6 5000000.000000
4.568621 18 20 2000000.000000
4.667044 18 10 200000.000000
5.788417 18 3 50000.000000
6.807708 18 20 200000.000000
6.995970 18 8 2000000.000000
7.575991 18 0 20000.000000
9.733993 18 16 10000000.000000
9.740696 18 7 10000.000000
10.563929 18 22 2000000.000000
11.079466 18 4 50000.000000
12.331096 18 7 2000000.000000
12.391977 18 4 80000.000000
13.454914 18 21 30000.000000
15.119274 18 20 50000.000000
15.409757 18 3 80000.000000
15.787665 18 13 1000000.000000
15.867889 18 6 20000.000000
15.928503 18 21 30000.000000
16.640616 18 2 1000000.000000
18.177528 18 26 80000.000000
18.434223 18 8 10000.000000
18.609278 18 1 10000000.000000
19.995558 18 21 2000000.000000
23.202855 18 15 30000.000000
24.357721 18 20 10000.000000
24.464866 18 19 50000.000000
24.538118 18 12 80000.000000
24.871099 18 21 80000.000000
24.896165 18 14 5000000.000000
25.008680 18 18 80000.000000
25.317192 18 9 10000.000000
25.817395 18 18 10000000.000000
26.501559 18 17 5000000.000000
26.595243 18 13 10000000.000000
27.179362 18 16 80000.000000
27.244012 18 8 30000.000000
28.261594 18 2 30000000.000000
28.360477 18 0 1000000.000000
28.586394 18 7 5000000.000000
28.597561 18 17 50000.000000
29.125803 18 25 80000.000000
29.426385 18 17 2000000.000000
29.740443 18 21 10000.000000
0.787904 19 21 50000.000000
0.983378 19 21 10000.000000
1.901610 19 3 10000.000000
1.938352 19 5 80000.000000
2.838843 19 18 1000000.000000
3.170778 19 23 2000000.000000
3.616268 19 4 20000.000000
4.435376 19 11 80000.000000
4.722730 19 16 5000000.000000
6.008873 19 26 2000000.000000
6.223840 19 14 20000.000000
6.344675 19 5 80000.000000
6.441296 19 12 10000.000000
8.271323 19 18 50000.000000
8.684265 19 2 10000.000000
9.470563 19 19 30000000.000000
9.568493 19 9 2000000.000000
10.058909 19 24 30000.000000
10.885628 19 5 80000.000000
11.026648 19 7 10000.000000
11.661511 19 14 50000.000000
11.799218 19 22 30000.000000
11.800479 19 21 10000.000000
12.189067 19 19 200000.000000
12.507582 19 9 10000.000000
12.930285 19 16 5000000.000000
13.110662 19 14 80000.000000
14.833085 19 22 50000.000000
14.887231 19 14 50000.000000
15.591634 19 7 2000000.000000
16.321722 19 26 1000000.000000
16.432387 19 18 30000.000000
17.376036 19 2 10000000.000000
17.621655 19 10 80000.000000
17.909923 19 7 1000000.000000
17.986764 19 9 200000.000000
19.544258 19 25 2000000.000000
21.026362 19 13 20000.000000
21.593995 19 10 10000.000000
21.737688 19 19 30000.000000
22.003231 19 14 20000.000000
24.751652 19 21 80000.000000
24.839731 19 19 10000000.000000
25.784406 19 6 2000000.000000
26.302855 19 18 1000000.000000
26.933807 19 0 10000.000000
27.257225 19 1 5000000.000000
27.635298 19 15 30000.000000
28.337551 19 7 10000000.000000
28.510444 19 16 30000.000000
29.239019 19 4 10000.000000
29.557317 19 25 2000000.000000
0.453646 20 18 2000000.000000
0.481763 20 11 30000.000000
0.652263 20 7 20000.000000
1.080279 20 26 80000.000000
1.370243 20 1 10000.000000
1.592632 20 16 10000.000000
1.846915 20 25 50000.000000
2.908009 20 4 5000000.000000
2.987096 20 24 80000.000000
3.654809 20 23 2000000.000000
4.199063 20 23 80000.000000
4.572764 20 7 1000000.000000
6.256522 20 14 1000000.000000
6.890124 20 23 10000.000000
6.919745 20 26 50000.000000
7.497987 20 9 1000000.000000
7.904565 20 11 30000.000000
8.029161 20 19 30000.000000
8.404323 20 3 5000000.000000
8.811825 20 17 2000000.000000
9.210219 20 0 1000000.000000
9.310279 20 3 80000.000000
9.897294 20 18 30000.000000
9.995392 20 19 10000000.000000
10.977014 20 12 5000000.000000
11.152287 20 4 80000.000000
11.306076 20 20 1000000.000000
11.394276 20 6 2000000.000000
11.540293 20 13 10000.000000
12.432603 20 14 10000.000000
12.878230 20 2 20000.000000
12.904795 20 3 5000000.000000
12.913136 20 23 10000.000000
12.953595 20 21 5000000.000000
12.976269 20 2 80000.000000
14.205762 20 19 10000000.000000
14.301369 20 23 80000.000000
14.302697 20 21 10000.000000
14.751216 20 3 5000000.000000
14.766849 20 20 10000000.000000
14.920620 20 7 5000000.000000
15.582861 20 18 10000.000000
15.993082 20 24 80000.000000
16.053483 20 13 2000000.000000
16.258762 20 5 5000000.000000
16.305346 20 23 80000.000000
17.477182 20 13 10000.000000
18.430735 20 10 80000.000000
19.366132 20 26 10000.000000
19.931705 20 24 200000.000000
20.641699 20 20 5000000.000000
21.633147 20 8 2000000.000000
21.892236 20 12 80000.000000
24.041273 20 21 1000000.000000
24.764289 20 20 80000.000000
25.110752 20 9 10000.000000
25.438399 20 0 80000.000000
26.018844 20 6 5000000.000000
26.582304 20 14 1000000.000000
28.437481 20 24 1000000.000000
28.490383 20 8 80000.000000
28.930441 20 16 10000.000000
29.480402 20 24 10000000.000000
29.555613 20 20 1000000.000000
29.902204 20 8 30000.000000
0.355402 21 13 10000.000000
0.360118 21 24 30000.000000
0.412461 21 24 10000.000000
1.094456 21 1 30000.000000
1.752127 21 3 20000.000000
1.882248 21 10 10000000.000000
2.511563 21 11 10000.000000
2.740318 21 1 10000.000000
2.980341 21 23 200000.000000
4.346651 21 25 200000.000000
5.419032 21 25 5000000.000000
5.657304 21 18 2000000.000000
6.227915 21 17 1000000.000000
6.418086 21 3 5000000.000000
6.477594 21 0 20000.000000
6.757610 21 7 10000.000000
7.517259 21 7 5000000.000000
7.575672 21 1 10000.000000
7.703198 21 18 2000000.000000
8.480199 21 0 30000.000000
10.722613 21 13 1000000.000000
10.924111 21 11 2000000.000000
11.423822 21 9 30000.000000
11.776339 21 19 2000000.000000
12.040686 21 7 20000.000000
12.254249 21 15 80000.000000
12.276230 21 12 80000.000000
12.586567 21 8 10000000.000000
12.930413 21 11 50000.000000
13.493005 21 19 10000000.000000
13.687461 21 17 200000.000000
14.032615 21 19 5000000.000000
14.220586 21 8 10000000.000000
15.032365 21 18 50000.000000
16.331497 21 1 10000000.000000
17.392504 21 10 10000.000000
18.171842 21 7 50000.000000
19.290983 21 16 80000.000000
19.465744 21 12 20000.000000
20.148803 21 22 10000000.000000
22.472180 21 3 10000.000000
22.972516 21 2 10000000.000000
24.293186 21 7 10000.000000
24.310405 21 24 30000.000000
25.325515 21 16 50000.000000
26.388592 21 8 30000000.000000
27.126080 21 20 30000.000000
27.387852 21 20 2000000.000000
28.480935 21 11 5000000.000000
28.637589 21 16 50000.000000
29.069904 21 7 30000.000000
0.105314 22 5 80000.000000
0.382116 22 26 20000.000000
0.654166 22 20 2000000.000000
2.122969 22 19 10000.000000
2.364860 22 9 50000.000000
2.574887 22 15 200000.000000
3.319940 22 16 10000000.000000
3.749772 22 0 2000000.000000
4.522600 22 3 1000000.000000
4.566400 22 23 10000.000000
6.180051 22 12 10000.000000
6.478118 22 1 80000.000000
6.927448 22 22 10000000.000000
7.786884 22 21 80000.000000
8.457544 22 3 1000000.000000
9.292960 22 16 1000000.000000
9.334251 22 21 5000000.000000
9.347830 22 18 80000.000000
9.925034 22 21 50000.000000
10.696166 22 19 30000.000000
10.710323 22 11 50000.000000
11.884357 22 19 80000.000000
12.170567 22 8 10000.000000
13.368255 22 19 80000.000000
13.825616 22 26 50000.000000
13.963455 22 0 30000.000000
15.182161 22 10 2000000.000000
16.372397 22 6 10000.000000
16.428259 22 19 200000.000000
17.333988 22 6 200000.000000
17.519477 22 18 2000000.000000
17.519715 22 8 50000.000000
17.716555 22 5 20000.000000
17.762031 22 16 30000.000000
17.940238 22 26 30000.000000
18.533025 22 18 1000000.000000
18.999220 22 5 5000000.000000
19.123060 22 16 50000.000000
19.958534 22 9 5000000.000000
20.184032 22 13 10000.000000
20.748478 22 1 50000.000000
22.386943 22 24 80000.000000
22.527604 22 4 200000.000000
23.805980 22 6 80000.000000
24.051907 22 20 2000000.000000
24.089404 22 13 80000.000000
24.941409 22 13 50000.000000
25.031332 22 2 30000.000000
26.026517 22 11 10000.000000
26.308717 22 18 10000.000000
26.925676 22 16 80000.000000
28.209556 22 26 200000.000000
28.391555 22 26 80000.000000
28.522210 22 12 5000000.000000
29.415597 22 1 50000.000000
29.663189 22 21 80000.000000
29.886355 22 17 2000000.000000
0.492462 23 14 10000000.000000
0.906023 23 0 1000000.000000
1.090707 23 23 10000.000000
1.210331 23 21 80000.000000
2.924387 23 25 10000.000000
3.035913 23 21 50000.000000
3.732166 23 16 80000.000000
4.173830 23 9 20000.000000
5.691068 23 20 80000.000000
5.988262 23 11 5000000.000000
6.604091 23 14 10000.000000
6.629030 23 12 80000.000000
6.942068 23 23 200000.000000
7.419001 23 3 50000.000000
7.461674 23 5 10000.000000
7.719980 23 14 10000.000000
8.632264 23 19 80000.000000
9.503526 23 17 5000000.000000
9.505983 23 23 1000000.000000
9.527525 23 4 200000.000000
10.142238 23 24 2000000.000000
11.554917 23 11 10000000.000000
12.045031 23 8 80000.000000
13.186675 23 26 50000.000000
13.356163 23 13 5000000.000000
13.611577 23 26 80000.000000
16.328618 23 10 10000.000000
16.659950 23 4 30000000.000000
17.372872 23 14 5000000.000000
17.850460 23 2 5000000.000000
18.125457 23 16 10000000.000000
18.201184 23 0 5000000.000000
19.276420 23 19 1000000.000000
20.829374 23 14 80000.000000
21.779648 23 17 30000.000000
23.170778 23 25 1000000.000000
23.420199 23 5 80000.000000
23.420778 23 6 50000.000000
24.118885 23 8 2000000.000000
25.140093 23 3 10000.000000
26.315423 23 5 10000.000000
26.912351 23 26 30000.000000
27.259559 23 3 200000.000000
29.029822 23 10 10000.000000
29.635735 23 0 1000000.000000
0.025123 24 9 5000000.000000
0.079672 24 17 30000.000000
0.769528 24 4 10000.000000
1.288400 24 15 10000.000000
1.631440 24 24 5000000.000000
3.287697 24 14 80000.000000
3.366127 24 14 10000000.000000
5.429450 24 11 10000.000000
5.712565 24 10 80000.000000
5.938156 24 15 10000.000000
6.862987 24 19 80000.000000
7.773049 24 5 1000000.000000
7.915092 24 8 50000.000000
8.147035 24 0 10000.000000
9.066455 24 25 2000000.000000
9.917712 24 9 5000000.000000
10.338394 24 23 30000.000000
11.565035 24 21 30000000.000000
11.991086 24 9 200000.000000
12.269902 24 23 20000.000000
12.975390 24 19 80000.000000
13.607473 24 8 80000.000000
14.159485 24 7 10000.000000
14.453286 24 17 20000.000000
15.536296 24 5 50000.000000
16.426822 24 19 30000.000000
18.732775 24 26 5000000.000000
19.200676 24 21 10000.000000
19.224746 24 21 2000000.000000
19.279866 24 4 30000.000000
20.273842 24 11 50000.000000
21.041737 24 4 2000000.000000
21.223545 24 14 10000.000000
21.385105 24 12 50000.000000
22.161591 24 23 50000.000000
22.743506 24 8 1000000.000000
23.043587 24 23 2000000.000000
23.095340 24 1 2000000.000000
23.659556 24 2 200000.000000
23.676626 24 25 200000.000000
23.835229 24 23 30000.000000
23.960069 24 21 50000.000000
24.010988 24 4 30000.000000
24.664527 24 8 5000000.000000
25.231170 24 15 20000.000000
25.236482 24 23 10000.000000
25.473505 24 15 1000000.000000
25.732954 24 12 1000000.000000
25.921801 24 15 10000.000000
28.298314 24 20 10000.000000
28.950704 24 11 20000.000000
0.414277 25 22 2000000.000000
0.772469 25 23 5000000.000000
2.846541 25 16 50000.000000
3.153431 25 14 10000000.000000
4.131541 25 22 5000000.000000
4.426316 25 21 30000.000000
4.658005 25 11 50000.000000
6.538391 25 26 30000.000000
7.610456 25 3 1000000.000000
8.472873 25 9 5000000.000000
9.440052 25 3 80000.000000
9.455173 25 5 10000.000000
9.658376 25 21 2000000.000000
10.742518 25 17 30000.000000
10.845570 25 0 10000.000000
11.349447 25 5 200000.000000
12.378244 25 14 5000000.000000
12.747783 25 18 5000000.000000
13.810956 25 4 50000.000000
14.222890 25 22 1000000.000000
16.291468 25 9 10000.000000
16.375581 25 22 80000.000000
16.629807 25 21 10000.000000
16.791605 25 17 200000.000000
20.259275 25 25 1000000.000000
20.790002 25 1 80000.000000
21.891235 25 3 50000.000000
22.256212 25 21 2000000.000000
22.263265 25 22 5000000.000000
22.507164 25 1 10000.000000
23.229276 25 2 80000.000000
24.806255 25 6 30000.000000
25.111642 25 23 80000.000000
25.145193 25 24 10000.000000
25.467742 25 7 80000.000000
25.556367 25 5 10000.000000
26.183021 25 25 2000000.000000
28.622321 25 26 5000000.000000
29.074516 25 11 10000000.000000
29.502878 25 21 10000.000000
1.238556 26 21 30000.000000
1.327280 26 15 30000.000000
1.419490 26 8 30000.000000
1.939147 26 0 5000000.000000
2.296458 26 9 10000.000000
2.326897 26 14 10000.000000
2.791705 26 23 80000.000000
3.867305 26 5 2000000.000000
3.978609 26 6 10000.000000
4.588669 26 24 50000.000000
5.309908 26 0 1000000.000000
6.490564 26 18 200000.000000
6.504166 26 19 1000000.000000
6.944488 26 23 5000000.000000
7.674764 26 12 2000000.000000
8.773658 26 17 2000000.000000
8.820287 26 2 10000.000000
9.124365 26 9 2000000.000000
11.587940 26 3 10000000.000000
12.391047 26 2 10000.000000
13.039475 26 26 10000.000000
14.145746 26 13 80000.000000
14.181203 26 14 20000.000000
15.366750 26 19 200000.000000
15.491752 26 26 10000.000000
16.659904 26 22 5000000.000000
16.680465 26 8 30000000.000000
16.823798 26 3 5000000.000000
17.234429 26 9 50000.000000
17.415823 26 9 5000000.000000
17.590841 26 16 10000.000000
18.034298 26 6 2000000.000000
18.665017 26 10 30000000.000000
19.257992 26 2 10000.000000
19.464260 26 2 20000.000000
19.630712 26 5 80000.000000
19.811787 26 26 50000.000000
19.940887 26 1 30000.000000
20.789278 26 15 1000000.000000
21.733691 26 23 30000.000000
22.030567 26 14 30000.000000
23.754705 26 19 1000000.000000
23.997395 26 11 80000.000000
24.504997 26 13 80000.000000
25.139682 26 21 1000000.000000
26.003235 26 20 10000000.000000
26.556356 26 0 5000000.000000
26.697331 26 3 80000.000000
28.076986 26 19 1000000.000000
28.891367 26 3 50000.000000
29.308182 26 15 10000.000000
