0.134567 0 6 10000.000000
0.594268 0 19 30000.000000
0.669860 0 12 10000.000000
1.859184 0 2 10000.000000
2.034865 0 2 5000000.000000
2.157316 0 7 2000000.000000
2.495902 0 6 1000000.000000
2.686045 0 1 10000.000000
2.766663 0 16 5000000.000000
3.029060 0 9 80000.000000
3.031410 0 14 2000000.000000
3.387688 0 6 5000000.000000
3.581497 0 4 2000000.000000
3.663463 0 6 30000.000000
3.778554 0 26 2000000.000000
4.977111 0 19 80000.000000
5.243198 0 5 10000.000000
5.476772 0 1 2000000.000000
5.986700 0 13 10000000.000000
6.419213 0 18 200000.000000
6.774571 0 16 5000000.000000
6.815720 0 10 2000000.000000
7.925285 0 4 10000000.000000
8.038222 0 25 10000.000000
8.226571 0 1 30000.000000
8.375701 0 15 1000000.000000
8.663305 0 7 5000000.000000
8.761425 0 10 2000000.000000
8.871824 0 22 50000.000000
9.961535 0 26 80000.000000
10.044422 0 8 2000000.000000
10.280340 0 5 10000000.000000
10.310870 0 8 30000.000000
10.621964 0 25 50000.000000
10.914482 0 14 200000.000000
11.208104 0 15 30000000.000000
11.507664 0 15 1000000.000000
11.593320 0 15 80000.000000
12.024164 0 4 80000.000000
12.517195 0 2 80000.000000
12.521650 0 10 30000.000000
12.570624 0 22 2000000.000000
12.866530 0 0 2000000.000000
12.898191 0 18 50000.000000
13.103974 0 26 20000.000000
13.189257 0 6 30000.000000
13.270820 0 14 5000000.000000
13.331420 0 0 30000.000000
13.539495 0 6 5000000.000000
13.791728 0 10 80000.000000
13.831432 0 15 10000.000000
14.450892 0 24 80000.000000
14.747419 0 2 20000.000000
14.751211 0 0 50000.000000
14.903015 0 16 30000000.000000
14.904736 0 1 10000000.000000
15.203232 0 24 10000000.000000
15.433598 0 22 50000.000000
15.458770 0 6 5000000.000000
15.745471 0 9 50000.000000
15.863316 0 9 200000.000000
15.999167 0 3 200000.000000
16.043800 0 15 1000000.000000
16.231074 0 23 1000000.000000
16.582942 0 1 10000.000000
16.633710 0 15 200000.000000
16.903820 0 21 10000.000000
17.224854 0 24 30000.000000
17.326462 0 3 50000.000000
17.477924 0 8 80000.000000
17.702512 0 5 80000.000000
17.784029 0 13 1000000.000000
17.987566 0 22 20000.000000
18.257793 0 17 10000.000000
18.558694 0 11 30000.000000
18.863028 0 23 1000000.000000
19.006611 0 4 10000000.000000
19.501613 0 22 2000000.000000
19.961364 0 2 10000.000000
19.986003 0 3 2000000.000000
20.436308 0 15 1000000.000000
20.636948 0 25 1000000.000000
20.922064 0 8 5000000.000000
21.599284 0 11 80000.000000
21.757893 0 26 30000000.000000
22.306750 0 25 10000.000000
22.467445 0 17 30000.000000
22.722367 0 12 30000.000000
22.825247 0 9 30000.000000
23.128597 0 3 200000.000000
23.321205 0 7 2000000.000000
23.439416 0 19 5000000.000000
23.746404 0 26 10000000.000000
24.097969 0 8 5000000.000000
24.219969 0 23 20000.000000
24.319794 0 10 10000.000000
24.491961 0 18 80000.000000
24.506379 0 25 10000.000000
24.995142 0 10 10000.000000
25.077423 0 17 30000000.000000
25.144264 0 17 50000.000000
25.415561 0 7 80000.000000
25.641894 0 5 5000000.000000
25.642330 0 9 20000.000000
25.957554 0 11 10000.000000
26.206901 0 12 20000.000000
26.332825 0 1 10000.000000
26.466955 0 7 10000.000000
27.825223 0 25 10000.000000
27.999960 0 6 50000.000000
28.095983 0 16 10000.000000
28.103360 0 10 1000000.000000
28.105748 0 4 200000.000000
28.173885 0 13 50000.000000
28.259355 0 23 30000.000000
28.709004 0 1 20000.000000
29.046691 0 23 10000000.000000
29.118966 0 26 50000.000000
0.042024 1 17 5000000.000000
0.191551 1 4 10000.000000
0.677115 1 26 50000.000000
1.202597 1 25 50000.000000
1.279344 1 0 2000000.000000
1.464621 1 5 5000000.000000
1.523112 1 0 10000.000000
1.615251 1 24 20000.000000
1.724581 1 7 20000.000000
2.284165 1 13 30000.000000
2.637227 1 20 200000.000000
2.885677 1 3 10000000.000000
3.155330 1 18 10000000.000000
3.450860 1 8 10000000.000000
3.727115 1 1 30000.000000
4.115878 1 21 2000000.000000
4.531897 1 21 30000.000000
4.606494 1 26 200000.000000
4.694877 1 21 80000.000000
4.723486 1 26 200000.000000
4.859795 1 8 10000.000000
5.058590 1 13 10000.000000
5.124524 1 11 10000.000000
5.349291 1 25 30000.000000
5.380700 1 22 10000.000000
6.068686 1 7 10000.000000
6.074719 1 16 20000.000000
6.202158 1 10 10000000.000000
6.476274 1 3 200000.000000
6.960217 1 0 80000.000000
7.350581 1 3 1000000.000000
7.367109 1 1 80000.000000
7.607411 1 26 10000.000000
7.824209 1 24 1000000.000000
7.843195 1 14 80000.000000
7.948533 1 8 5000000.000000
8.097104 1 6 200000.000000
8.344604 1 4 20000.000000
8.546756 1 4 2000000.000000
9.569201 1 13 80000.000000
10.317605 1 7 200000.000000
10.796728 1 19 200000.000000
11.112282 1 19 10000.000000
11.158175 1 20 50000.000000
11.502765 1 25 80000.000000
12.683516 1 5 80000.000000
13.165254 1 4 20000.000000
13.463200 1 5 10000.000000
14.070757 1 23 80000.000000
14.178689 1 1 50000.000000
14.890967 1 3 10000000.000000
15.045106 1 21 10000.000000
15.115810 1 3 1000000.000000
15.563544 1 5 20000.000000
15.741067 1 5 2000000.000000
16.152146 1 22 50000.000000
16.156879 1 1 2000000.000000
16.343784 1 25 10000.000000
16.408578 1 22 200000.000000
16.718952 1 5 80000.000000
16.894404 1 1 10000000.000000
17.787935 1 12 30000.000000
17.831352 1 22 50000.000000
18.390975 1 25 5000000.000000
18.475712 1 13 10000.000000
19.023076 1 17 30000.000000
19.042556 1 9 5000000.000000
19.217511 1 4 10000.000000
19.312904 1 26 200000.000000
19.356197 1 25 200000.000000
19.556885 1 18 10000000.000000
19.569063 1 22 2000000.000000
19.760382 1 13 10000000.000000
20.095629 1 13 200000.000000
20.542296 1 12 10000000.000000
20.642412 1 3 1000000.000000
20.789018 1 23 80000.000000
21.246388 1 8 80000.000000
21.951300 1 10 30000.000000
22.130619 1 25 10000.000000
22.221734 1 21 30000000.000000
22.784324 1 1 10000.000000
22.851871 1 5 1000000.000000
22.890081 1 21 10000000.000000
23.011863 1 5 10000000.000000
23.377130 1 2 2000000.000000
23.519352 1 1 80000.000000
23.626470 1 4 1000000.000000
24.080862 1 19 10000000.000000
24.114737 1 13 80000.000000
24.423201 1 15 2000000.000000
24.782603 1 23 5000000.000000
24.807471 1 20 200000.000000
24.818038 1 19 80000.000000
25.584761 1 15 1000000.000000
25.617240 1 4 5000000.000000
26.057459 1 0 80000.000000
26.123188 1 7 10000.000000
27.063697 1 16 80000.000000
27.407952 1 14 80000.000000
27.533656 1 9 10000.000000
27.605787 1 6 5000000.000000
27.929107 1 3 5000000.000000
28.077800 1 3 80000.000000
28.116752 1 18 2000000.000000
29.479054 1 5 30000.000000
29.787502 1 21 20000.000000
29.874626 1 22 2000000.000000
0.248315 2 26 80000.000000
0.346413 2 22 20000.000000
0.583855 2 10 5000000.000000
0.590498 2 1 30000000.000000
0.835385 2 10 5000000.000000
1.172900 2 4 10000.000000
1.689174 2 25 1000000.000000
1.697620 2 10 50000.000000
1.985498 2 12 80000.000000
2.010245 2 23 80000.000000
2.085951 2 16 30000.000000
2.325932 2 0 10000.000000
2.395269 2 5 10000000.000000
2.517030 2 18 200000.000000
2.624856 2 11 10000.000000
2.865417 2 3 10000000.000000
2.902345 2 17 80000.000000
3.379206 2 13 5000000.000000
3.491328 2 3 20000.000000
4.137885 2 26 5000000.000000
4.204913 2 23 10000000.000000
4.587640 2 1 80000.000000
4.969054 2 26 1000000.000000
5.196630 2 7 10000.000000
5.359627 2 6 10000000.000000
5.593268 2 1 5000000.000000
6.152198 2 19 5000000.000000
6.225483 2 24 30000.000000
6.459011 2 23 5000000.000000
6.591808 2 23 200000.000000
6.696614 2 18 10000.000000
6.758618 2 7 80000.000000
7.089306 2 14 30000.000000
7.521257 2 25 10000.000000
7.709176 2 8 30000.000000
7.914215 2 19 10000000.000000
8.044255 2 6 50000.000000
8.411401 2 5 80000.000000
8.548856 2 26 20000.000000
9.745942 2 7 10000.000000
10.283014 2 5 5000000.000000
10.781459 2 21 80000.000000
10.831531 2 14 10000000.000000
10.875831 2 21 20000.000000
11.110434 2 7 10000.000000
11.438087 2 23 2000000.000000
11.665497 2 6 30000.000000
11.699669 2 23 10000000.000000
11.712006 2 12 1000000.000000
12.075052 2 26 10000000.000000
12.102937 2 25 80000.000000
12.103068 2 4 20000.000000
12.244916 2 5 5000000.000000
12.390584 2 26 30000.000000
12.887080 2 26 10000.000000
13.043152 2 14 30000.000000
13.122516 2 19 2000000.000000
13.651551 2 17 2000000.000000
13.918726 2 0 80000.000000
14.399171 2 6 10000.000000
14.671921 2 7 1000000.000000
14.953436 2 11 50000.000000
15.482715 2 21 200000.000000
15.682223 2 11 80000.000000
15.826373 2 7 5000000.000000
16.061454 2 6 2000000.000000
16.423552 2 6 50000.000000
16.504889 2 10 10000.000000
16.715803 2 24 10000.000000
17.276487 2 21 50000.000000
17.628236 2 5 30000.000000
17.632338 2 6 1000000.000000
18.179955 2 6 50000.000000
19.721796 2 20 30000.000000
20.273603 2 13 10000000.000000
20.517711 2 19 10000000.000000
20.896382 2 7 200000.000000
22.079153 2 22 200000.000000
22.190728 2 5 20000.000000
22.481848 2 25 30000000.000000
23.054854 2 21 10000.000000
23.462381 2 7 50000.000000
23.938640 2 19 2000000.000000
24.034032 2 16 30000.000000
25.172559 2 4 80000.000000
25.280897 2 17 200000.000000
25.405821 2 24 1000000.000000
25.597855 2 12 10000.000000
25.948340 2 9 2000000.000000
26.052984 2 15 50000.000000
26.363045 2 10 1000000.000000
28.010623 2 4 30000.000000
28.022084 2 16 10000.000000
28.165627 2 9 80000.000000
28.220820 2 10 80000.000000
28.466865 2 23 30000.000000
28.992156 2 16 30000.000000
29.496003 2 20 30000000.000000
29.519548 2 25 30000.000000
29.551597 2 13 2000000.000000
29.922265 2 9 30000.000000
0.084892 3 17 50000.000000
0.098617 3 5 1000000.000000
0.430623 3 25 10000000.000000
0.772295 3 23 5000000.000000
1.080950 3 14 10000.000000
1.150816 3 0 10000000.000000
1.186386 3 14 50000.000000
1.333335 3 22 10000.000000
2.103911 3 16 30000.000000
2.462277 3 8 50000.000000
3.122415 3 25 1000000.000000
4.160629 3 20 30000.000000
4.318602 3 21 10000.000000
4.582952 3 5 5000000.000000
5.389986 3 25 2000000.000000
5.903604 3 15 1000000.000000
6.549804 3 25 80000.000000
6.676766 3 22 10000.000000
6.678247 3 23 2000000.000000
6.696912 3 16 1000000.000000
7.081937 3 15 1000000.000000
8.116044 3 17 10000.000000
8.772365 3 21 30000.000000
8.827129 3 14 5000000.000000
8.838905 3 22 2000000.000000
9.059306 3 11 80000.000000
9.339381 3 8 2000000.000000
9.370094 3 16 10000.000000
9.450715 3 0 50000.000000
9.465937 3 25 200000.000000
9.786894 3 14 80000.000000
9.991348 3 19 1000000.000000
10.954580 3 12 10000.000000
11.203808 3 15 80000.000000
11.536977 3 23 5000000.000000
11.741622 3 8 10000.000000
12.221223 3 20 80000.000000
12.860745 3 2 10000000.000000
12.950117 3 16 50000.000000
13.673507 3 25 20000.000000
14.643068 3 16 80000.000000
15.783122 3 21 1000000.000000
15.825496 3 3 30000000.000000
16.405403 3 15 30000000.000000
16.744522 3 10 10000.000000
17.175774 3 7 5000000.000000
17.208910 3 4 80000.000000
17.566401 3 16 1000000.000000
17.941943 3 20 30000.000000
18.418523 3 14 30000000.000000
18.590765 3 8 10000.000000
19.453898 3 5 200000.000000
20.055657 3 25 5000000.000000
20.080227 3 4 20000.000000
20.166684 3 1 5000000.000000
20.308694 3 26 10000000.000000
20.856327 3 1 200000.000000
20.873501 3 14 10000.000000
20.968273 3 8 5000000.000000
21.763250 3 1 5000000.000000
21.774691 3 4 30000.000000
23.738232 3 6 10000.000000
23.962631 3 14 1000000.000000
24.149047 3 14 30000.000000
24.183555 3 26 10000.000000
24.400509 3 12 1000000.000000
25.012070 3 1 10000000.000000
25.435180 3 24 1000000.000000
25.601778 3 2 30000.000000
25.695224 3 3 10000.000000
25.722361 3 20 1000000.000000
25.944683 3 9 200000.000000
26.141992 3 11 1000000.000000
26.573055 3 19 5000000.000000
26.698926 3 14 80000.000000
26.771229 3 0 50000.000000
27.561405 3 7 50000.000000
27.664827 3 20 50000.000000
27.860251 3 6 30000.000000
27.899905 3 17 10000.000000
27.960401 3 13 30000000.000000
28.691494 3 17 10000.000000
28.775412 3 24 80000.000000
28.987086 3 19 1000000.000000
29.027232 3 5 80000.000000
29.421301 3 18 10000000.000000
29.527294 3 24 2000000.000000
29.529635 3 13 10000000.000000
29.923901 3 12 5000000.000000
0.023148 4 5 50000.000000
0.080831 4 3 30000000.000000
0.175026 4 11 80000.000000
0.339184 4 17 30000.000000
0.894944 4 5 10000.000000
1.134795 4 1 200000.000000
1.219147 4 18 80000.000000
1.633157 4 3 50000.000000
1.731712 4 7 80000.000000
1.779850 4 1 200000.000000
2.834251 4 16 10000.000000
2.841273 4 21 10000000.000000
3.133889 4 9 2000000.000000
3.386081 4 24 80000.000000
3.402328 4 20 200000.000000
3.637458 4 5 80000.000000
3.730409 4 14 10000.000000
3.945120 4 10 1000000.000000
4.003272 4 9 50000.000000
4.515075 4 4 10000000.000000
4.767464 4 13 10000.000000
4.995928 4 4 200000.000000
5.103252 4 25 200000.000000
5.295124 4 19 10000000.000000
5.441035 4 25 2000000.000000
6.016104 4 21 20000.000000
6.576914 4 16 1000000.000000
7.272687 4 11 50000.000000
7.705323 4 12 5000000.000000
8.035279 4 15 10000.000000
8.387301 4 8 30000.000000
8.685906 4 10 50000.000000
8.842062 4 7 10000.000000
8.853691 4 21 50000.000000
9.002675 4 9 200000.000000
9.048356 4 25 5000000.000000
9.333306 4 9 5000000.000000
9.388183 4 17 10000.000000
9.731270 4 26 50000.000000
10.163504 4 13 80000.000000
10.334617 4 18 200000.000000
10.373248 4 1 80000.000000
10.471911 4 2 2000000.000000
11.256095 4 11 10000.000000
11.306802 4 10 2000000.000000
11.530934 4 25 10000.000000
11.608377 4 8 2000000.000000
11.655694 4 14 5000000.000000
11.733514 4 17 10000.000000
11.841463 4 26 5000000.000000
11.861474 4 12 200000.000000
12.154309 4 12 10000.000000
12.161087 4 16 1000000.000000
12.221050 4 1 5000000.000000
12.221886 4 0 1000000.000000
12.307129 4 2 10000.000000
12.458281 4 1 5000000.000000
12.483266 4 15 5000000.000000
14.053572 4 4 10000.000000
14.086537 4 22 30000.000000
14.114213 4 3 1000000.000000
14.206516 4 22 2000000.000000
14.232374 4 7 2000000.000000
14.278827 4 5 5000000.000000
14.436258 4 23 30000.000000
14.628908 4 3 50000.000000
15.292486 4 18 50000.000000
15.348215 4 2 30000.000000
15.383858 4 6 20000.000000
16.002219 4 12 10000.000000
16.155137 4 12 50000.000000
16.261432 4 13 10000.000000
16.575294 4 17 50000.000000
16.937137 4 21 10000000.000000
17.605919 4 5 80000.000000
17.633061 4 14 200000.000000
18.151507 4 16 1000000.000000
18.246194 4 9 10000.000000
18.375427 4 8 50000.000000
19.749082 4 26 30000.000000
19.895113 4 24 1000000.000000
20.184830 4 1 80000.000000
20.238795 4 6 10000.000000
20.906447 4 12 80000.000000
20.908918 4 1 5000000.000000
21.155411 4 18 30000.000000
21.455302 4 11 2000000.000000
21.477678 4 5 10000.000000
22.263038 4 11 80000.000000
22.549778 4 1 5000000.000000
22.601741 4 21 5000000.000000
22.691190 4 14 200000.000000
22.829420 4 14 30000.000000
23.104399 4 1 80000.000000
23.501341 4 16 1000000.000000
23.639222 4 16 20000.000000
23.720633 4 8 5000000.000000
24.034567 4 18 30000.000000
24.163535 4 26 80000.000000
24.202678 4 0 5000000.000000
24.309728 4 6 5000000.000000
24.974222 4 3 10000.000000
25.328372 4 17 200000.000000
25.442079 4 24 1000000.000000
25.445461 4 23 50000.000000
25.487234 4 24 80000.000000
26.028551 4 3 80000.000000
26.084588 4 6 1000000.000000
26.306281 4 13 2000000.000000
26.399232 4 2 2000000.000000
26.706401 4 13 5000000.000000
26.830760 4 20 1000000.000000
27.347188 4 15 20000.000000
27.496446 4 24 30000.000000
27.518013 4 21 2000000.000000
27.756486 4 20 80000.000000
28.316926 4 21 50000.000000
28.910960 4 7 30000.000000
29.086464 4 20 50000.000000
29.168927 4 18 5000000.000000
29.258034 4 8 50000.000000
29.310924 4 12 5000000.000000
29.657770 4 16 5000000.000000
29.814264 4 7 10000.000000
0.262422 5 4 30000.000000
0.310569 5 9 10000.000000
0.627704 5 6 50000.000000
0.822041 5 0 5000000.000000
1.135480 5 19 2000000.000000
1.225062 5 14 1000000.000000
1.450778 5 11 30000.000000
2.340922 5 19 1000000.000000
2.579907 5 19 30000.000000
3.080322 5 22 80000.000000
3.790548 5 9 2000000.000000
4.039703 5 6 50000.000000
4.276371 5 18 30000.000000
4.830546 5 18 10000000.000000
4.985091 5 16 5000000.000000
5.078182 5 14 20000.000000
5.323762 5 24 50000.000000
5.544860 5 16 2000000.000000
5.910171 5 3 10000000.000000
5.982927 5 3 2000000.000000
6.069256 5 3 30000.000000
6.079701 5 3 30000.000000
6.266677 5 2 200000.000000
6.545532 5 25 1000000.000000
6.549145 5 11 50000.000000
6.849144 5 11 10000.000000
6.859040 5 12 10000.000000
6.989337 5 0 50000.000000
6.995839 5 14 30000.000000
7.556926 5 26 10000000.000000
7.793948 5 6 2000000.000000
8.074368 5 2 30000.000000
8.696717 5 14 5000000.000000
8.900795 5 23 50000.000000
9.437380 5 23 30000.000000
9.563458 5 18 10000.000000
9.747426 5 21 200000.000000
10.037756 5 20 200000.000000
10.045220 5 6 30000.000000
10.170842 5 22 200000.000000
10.348549 5 17 10000.000000
10.652929 5 5 5000000.000000
10.977338 5 1 200000.000000
11.127800 5 21 80000.000000
11.546984 5 13 10000000.000000
11.703234 5 8 80000.000000
11.908851 5 11 10000.000000
12.366224 5 12 80000.000000
12.652670 5 6 80000.000000
13.213320 5 20 50000.000000
13.551001 5 12 10000.000000
14.104805 5 8 2000000.000000
14.497286 5 12 2000000.000000
14.573222 5 7 30000.000000
14.574200 5 8 10000.000000
14.663990 5 3 30000.000000
14.714302 5 13 80000.000000
14.747704 5 16 30000.000000
14.903536 5 2 5000000.000000
14.931579 5 20 80000.000000
15.351177 5 19 50000.000000
15.792568 5 14 200000.000000
15.853397 5 17 30000.000000
16.405700 5 17 80000.000000
16.817534 5 13 5000000.000000
16.960276 5 4 10000000.000000
17.339121 5 12 5000000.000000
17.590534 5 10 80000.000000
18.552978 5 18 80000.000000
18.570433 5 20 20000.000000
18.656641 5 25 1000000.000000
18.865245 5 3 2000000.000000
18.973447 5 20 200000.000000
19.186239 5 15 30000.000000
19.325297 5 19 5000000.000000
19.325792 5 1 20000.000000
19.468264 5 15 30000.000000
19.516315 5 15 30000.000000
19.566357 5 19 5000000.000000
19.596745 5 6 30000.000000
19.738957 5 6 10000.000000
19.779211 5 20 10000.000000
19.896118 5 12 30000.000000
20.170078 5 20 10000.000000
21.894141 5 25 80000.000000
21.937210 5 20 50000.000000
22.855087 5 26 10000.000000
23.428237 5 24 30000.000000
23.553349 5 5 10000.000000
23.565248 5 4 10000.000000
23.567160 5 10 50000.000000
23.746719 5 26 50000.000000
23.823068 5 25 200000.000000
23.902464 5 19 10000.000000
24.380012 5 25 30000.000000
24.626322 5 23 2000000.000000
25.023795 5 25 10000000.000000
25.093431 5 0 80000.000000
25.127426 5 13 30000000.000000
25.155199 5 20 80000.000000
25.809636 5 23 1000000.000000
26.508493 5 24 200000.000000
26.725554 5 14 80000.000000
26.729690 5 3 10000.000000
27.302955 5 23 80000.000000
27.640013 5 23 2000000.000000
27.830539 5 18 50000.000000
28.291932 5 20 10000000.000000
28.449167 5 14 1000000.000000
28.616147 5 8 80000.000000
28.688013 5 15 5000000.000000
29.016310 5 22 10000000.000000
29.561523 5 15 200000.000000
29.679768 5 3 10000.000000
0.423766 6 21 50000.000000
0.453922 6 13 10000.000000
0.476742 6 14 80000.000000
0.703105 6 1 50000.000000
0.719028 6 10 10000.000000
0.736765 6 10 20000.000000
1.058001 6 18 30000000.000000
1.501254 6 17 80000.000000
1.800913 6 17 80000.000000
1.804957 6 26 50000.000000
1.966552 6 0 50000.000000
2.655449 6 23 20000.000000
3.524834 6 17 10000.000000
3.812898 6 8 10000.000000
3.912533 6 3 10000000.000000
4.587306 6 6 20000.000000
4.792503 6 12 20000.000000
5.129079 6 4 50000.000000
5.720598 6 9 5000000.000000
5.804804 6 16 1000000.000000
6.084094 6 16 200000.000000
6.168283 6 15 10000000.000000
6.252762 6 22 30000.000000
6.707556 6 16 80000.000000
6.863437 6 21 30000.000000
6.883213 6 12 80000.000000
7.249767 6 1 30000.000000
7.356372 6 15 5000000.000000
7.803000 6 15 30000.000000
7.998527 6 23 10000000.000000
8.075821 6 12 80000.000000
8.194703 6 22 10000.000000
8.479290 6 1 5000000.000000
8.902822 6 12 50000.000000
8.964669 6 10 10000.000000
9.263645 6 18 10000.000000
9.744154 6 18 10000000.000000
9.938610 6 22 50000.000000
11.272229 6 17 30000000.000000
11.478170 6 4 200000.000000
11.626254 6 6 2000000.000000
11.827276 6 10 50000.000000
14.482097 6 13 30000.000000
14.501660 6 15 2000000.000000
14.729998 6 16 1000000.000000
14.783577 6 10 2000000.000000
15.407834 6 3 5000000.000000
15.576693 6 4 50000.000000
16.658292 6 20 30000.000000
17.122929 6 3 10000.000000
17.275046 6 19 2000000.000000
17.281533 6 8 1000000.000000
17.649700 6 6 2000000.000000
17.712190 6 12 80000.000000
18.098888 6 10 50000.000000
18.315645 6 1 10000.000000
18.447224 6 11 10000.000000
18.645534 6 1 200000.000000
18.664161 6 5 1000000.000000
18.953922 6 16 5000000.000000
19.047434 6 17 1000000.000000
19.324395 6 12 80000.000000
19.555197 6 9 10000000.000000
19.620394 6 3 50000.000000
19.672755 6 23 10000.000000
20.062074 6 11 10000.000000
20.642767 6 6 10000.000000
20.799012 6 14 10000.000000
21.198394 6 2 5000000.000000
21.245141 6 14 1000000.000000
21.384905 6 21 10000.000000
21.452446 6 6 2000000.000000
21.477951 6 17 1000000.000000
21.666896 6 9 50000.000000
22.159031 6 24 20000.000000
22.503737 6 5 30000.000000
22.783609 6 18 50000.000000
22.883100 6 23 50000.000000
23.082577 6 13 10000.000000
23.155211 6 18 200000.000000
23.846240 6 11 200000.000000
24.100736 6 24 10000.000000
24.222137 6 1 200000.000000
24.402074 6 19 10000000.000000
25.107594 6 15 10000.000000
25.318567 6 20 10000.000000
25.669593 6 1 50000.000000
25.759212 6 10 30000.000000
25.772732 6 6 10000.000000
25.943629 6 18 10000000.000000
26.334396 6 22 50000.000000
26.472198 6 6 1000000.000000
27.050262 6 19 80000.000000
27.151113 6 2 200000.000000
27.653464 6 7 30000.000000
28.609569 6 14 2000000.000000
28.749764 6 1 50000.000000
29.171129 6 25 50000.000000
29.185478 6 16 10000.000000
29.258568 6 10 5000000.000000
29.456663 6 2 80000.000000
29.534840 6 20 50000.000000
29.944649 6 7 2000000.000000
0.040992 7 15 80000.000000
0.057517 7 11 2000000.000000
0.114178 7 22 10000.000000
0.619631 7 8 10000.000000
1.209224 7 8 80000.000000
1.489552 7 10 5000000.000000
2.447185 7 22 10000.000000
2.660092 7 19 20000.000000
3.652721 7 14 50000.000000
3.911383 7 15 5000000.000000
4.072760 7 1 1000000.000000
4.595707 7 18 10000.000000
4.607245 7 25 200000.000000
4.666816 7 20 80000.000000
4.745017 7 18 200000.000000
4.901175 7 21 200000.000000
5.045839 7 4 10000000.000000
5.680253 7 2 80000.000000
6.167791 7 0 80000.000000
6.325940 7 17 50000.000000
6.329184 7 0 10000000.000000
6.345181 7 23 10000.000000
6.410519 7 7 2000000.000000
6.589098 7 20 80000.000000
6.943761 7 15 5000000.000000
6.985828 7 22 5000000.000000
7.242134 7 2 20000.000000
7.655406 7 17 80000.000000
7.833687 7 12 2000000.000000
7.878950 7 8 10000.000000
8.013111 7 12 10000.000000
8.867815 7 0 5000000.000000
9.239796 7 13 200000.000000
9.364543 7 15 10000.000000
9.564533 7 2 30000.000000
9.638622 7 0 10000.000000
9.977779 7 22 30000.000000
10.302058 7 13 50000.000000
10.529049 7 17 5000000.000000
10.697226 7 1 10000.000000
10.719659 7 9 30000.000000
11.036824 7 11 1000000.000000
11.145175 7 26 10000.000000
11.205529 7 0 1000000.000000
11.957288 7 12 1000000.000000
12.345930 7 20 1000000.000000
12.748522 7 16 10000.000000
13.212007 7 2 20000.000000
13.461541 7 1 50000.000000
13.515845 7 4 20000.000000
13.522881 7 2 5000000.000000
13.724782 7 10 30000000.000000
13.735700 7 6 5000000.000000
14.246413 7 5 1000000.000000
14.301993 7 23 30000.000000
14.413024 7 18 80000.000000
14.434635 7 19 5000000.000000
14.952574 7 5 10000000.000000
15.052728 7 19 50000.000000
15.081074 7 23 2000000.000000
15.177962 7 3 80000.000000
15.531442 7 7 10000.000000
15.805531 7 15 30000000.000000
16.522612 7 10 80000.000000
16.785335 7 6 10000.000000
17.600250 7 8 10000.000000
17.607860 7 8 80000.000000
17.781443 7 5 10000.000000
17.840198 7 19 10000000.000000
18.088542 7 11 200000.000000
18.109617 7 6 80000.000000
18.399499 7 21 30000.000000
18.449663 7 9 1000000.000000
19.032520 7 21 50000.000000
19.249572 7 22 50000.000000
19.584792 7 22 10000000.000000
19.718518 7 23 200000.000000
19.953392 7 23 30000.000000
20.061656 7 2 50000.000000
20.224665 7 1 80000.000000
20.733544 7 10 30000000.000000
20.756646 7 5 80000.000000
21.318966 7 6 10000.000000
21.593451 7 22 50000.000000
22.578124 7 26 30000.000000
23.066146 7 4 50000.000000
23.102488 7 13 80000.000000
23.529908 7 8 1000000.000000
24.295812 7 3 50000.000000
24.323535 7 13 10000.000000
25.238076 7 8 10000.000000
25.263038 7 2 80000.000000
25.427370 7 0 1000000.000000
26.080947 7 6 50000.000000
26.190361 7 20 80000.000000
26.338569 7 4 10000.000000
27.704462 7 22 5000000.000000
27.755852 7 12 80000.000000
28.282651 7 25 20000.000000
28.304664 7 6 10000.000000
28.481104 7 19 5000000.000000
28.838480 7 18 2000000.000000
29.072202 7 13 20000.000000
29.258887 7 6 80000.000000
29.367839 7 17 50000.000000
29.998458 7 4 50000.000000
0.003014 8 16 1000000.000000
0.030811 8 3 2000000.000000
0.046372 8 20 10000.000000
0.573337 8 13 50000.000000
1.367941 8 6 5000000.000000
2.281302 8 23 1000000.000000
2.381732 8 16 10000.000000
2.904112 8 8 5000000.000000
3.124065 8 20 10000.000000
3.325541 8 0 20000.000000
3.485698 8 13 80000.000000
3.803062 8 23 30000.000000
4.149379 8 6 50000.000000
4.392833 8 6 30000.000000
4.549803 8 26 50000.000000
4.802823 8 22 2000000.000000
4.893210 8 6 10000000.000000
5.018675 8 10 50000.000000
5.300429 8 24 10000.000000
5.372171 8 2 20000.000000
6.245356 8 20 20000.000000
7.540261 8 25 5000000.000000
7.785666 8 22 80000.000000
7.912511 8 13 80000.000000
8.211643 8 10 2000000.000000
8.446114 8 6 10000.000000
8.502129 8 5 10000.000000
8.589170 8 2 80000.000000
8.881344 8 20 10000.000000
9.168252 8 8 1000000.000000
9.502820 8 18 5000000.000000
9.913492 8 24 10000000.000000
10.695740 8 6 200000.000000
10.702062 8 13 80000.000000
10.938695 8 9 10000.000000
10.962071 8 11 5000000.000000
11.472938 8 3 10000000.000000
12.249786 8 1 10000000.000000
12.431015 8 6 10000000.000000
12.717580 8 3 200000.000000
12.820404 8 0 30000000.000000
13.471492 8 18 80000.000000
13.530486 8 1 50000.000000
13.595078 8 22 80000.000000
13.810446 8 17 2000000.000000
14.591947 8 19 5000000.000000
14.636330 8 11 30000.000000
14.802367 8 11 80000.000000
14.819047 8 2 10000.000000
15.325382 8 10 10000.000000
15.436375 8 2 30000000.000000
15.608930 8 19 50000.000000
15.962292 8 9 20000.000000
16.100774 8 3 80000.000000
16.818140 8 12 1000000.000000
17.169597 8 10 5000000.000000
17.392794 8 6 1000000.000000
17.657780 8 23 20000.000000
17.860027 8 0 50000.000000
18.128996 8 7 80000.000000
18.281358 8 26 10000000.000000
18.894288 8 15 1000000.000000
19.021011 8 5 10000.000000
19.081727 8 0 10000.000000
19.433753 8 13 30000000.000000
19.763793 8 24 30000.000000
20.896998 8 10 1000000.000000
20.920216 8 9 10000000.000000
21.677239 8 25 80000.000000
21.968877 8 24 80000.000000
22.018682 8 25 50000.000000
22.057393 8 0 2000000.000000
22.441992 8 24 30000.000000
22.891642 8 0 200000.000000
22.999823 8 3 2000000.000000
23.183140 8 4 1000000.000000
23.565185 8 24 50000.000000
24.099571 8 1 50000.000000
24.308417 8 24 30000000.000000
24.459019 8 10 10000.000000
24.513454 8 1 2000000.000000
24.626104 8 4 30000000.000000
24.830705 8 12 80000.000000
25.409192 8 20 2000000.000000
25.524461 8 5 50000.000000
25.911882 8 25 10000.000000
27.100816 8 24 2000000.000000
27.818532 8 23 30000.000000
27.948801 8 11 50000.000000
28.019942 8 24 1000000.000000
28.042548 8 9 50000.000000
28.087451 8 6 2000000.000000
28.247160 8 25 20000.000000
28.312189 8 9 1000000.000000
28.413236 8 25 20000.000000
28.460315 8 1 2000000.000000
28.547185 8 4 1000000.000000
28.616301 8 16 2000000.000000
28.701397 8 24 1000000.000000
28.886246 8 20 1000000.000000
29.442333 8 26 10000000.000000
0.469739 9 21 30000.000000
0.515499 9 5 10000.000000
0.966573 9 12 2000000.000000
1.068811 9 8 50000.000000
1.579180 9 20 10000.000000
1.701652 9 26 30000.000000
1.982531 9 13 10000.000000
2.009530 9 11 1000000.000000
2.534918 9 14 20000.000000
2.567998 9 8 80000.000000
2.682851 9 15 1000000.000000
2.695289 9 10 10000.000000
2.889518 9 6 50000.000000
2.947563 9 3 200000.000000
3.148279 9 26 5000000.000000
3.215464 9 6 50000.000000
3.290574 9 4 20000.000000
3.637351 9 16 30000.000000
4.285721 9 17 10000.000000
4.327010 9 14 5000000.000000
4.446960 9 19 80000.000000
4.794626 9 14 1000000.000000
4.952649 9 4 200000.000000
5.066586 9 5 20000.000000
5.434711 9 24 10000.000000
5.527543 9 7 30000.000000
5.735608 9 3 30000.000000
5.749084 9 22 30000.000000
6.147211 9 14 30000.000000
6.193004 9 24 2000000.000000
6.693660 9 16 50000.000000
7.715185 9 22 2000000.000000
7.872312 9 4 10000.000000
7.922203 9 25 80000.000000
7.990376 9 13 1000000.000000
8.073753 9 4 10000000.000000
8.144705 9 19 5000000.000000
8.727642 9 16 200000.000000
8.823781 9 5 80000.000000
9.363064 9 5 50000.000000
9.652993 9 2 5000000.000000
10.025501 9 20 5000000.000000
10.255540 9 19 80000.000000
10.863328 9 4 5000000.000000
11.762235 9 13 10000.000000
11.849077 9 19 50000.000000
12.098830 9 21 30000.000000
12.544836 9 1 5000000.000000
12.670049 9 20 1000000.000000
12.934343 9 19 10000.000000
13.164488 9 6 10000.000000
13.168678 9 17 80000.000000
13.357239 9 3 2000000.000000
13.751511 9 12 80000.000000
13.968876 9 23 2000000.000000
14.097692 9 17 2000000.000000
14.313402 9 18 50000.000000
14.452544 9 4 5000000.000000
14.506702 9 26 5000000.000000
15.009122 9 5 10000.000000
15.591587 9 0 80000.000000
15.819108 9 9 30000.000000
15.834832 9 17 10000.000000
16.626921 9 9 1000000.000000
16.638834 9 16 80000.000000
17.447518 9 5 10000.000000
17.716266 9 14 80000.000000
18.265968 9 10 10000.000000
18.440162 9 8 80000.000000
18.587281 9 20 80000.000000
19.570487 9 1 5000000.000000
19.579289 9 18 10000000.000000
19.809752 9 21 50000.000000
20.933093 9 19 200000.000000
21.174690 9 10 1000000.000000
22.099649 9 26 1000000.000000
22.280533 9 0 10000.000000
22.445388 9 9 50000.000000
23.256220 9 9 10000.000000
23.465150 9 16 2000000.000000
23.467674 9 9 50000.000000
23.582897 9 20 10000.000000
24.105573 9 23 1000000.000000
24.123852 9 7 200000.000000
24.130024 9 15 1000000.000000
24.441269 9 13 80000.000000
25.011791 9 11 2000000.000000
25.062188 9 26 30000.000000
25.076089 9 5 30000.000000
25.097603 9 19 5000000.000000
25.226930 9 5 80000.000000
26.193528 9 3 30000000.000000
26.387320 9 17 10000.000000
26.658159 9 12 10000.000000
27.184439 9 9 50000.000000
27.266988 9 13 10000.000000
27.893020 9 2 10000.000000
28.198109 9 8 1000000.000000
28.298307 9 15 50000.000000
28.335277 9 7 200000.000000
28.373227 9 6 1000000.000000
28.393566 9 10 80000.000000
28.796757 9 2 10000000.000000
29.041353 9 17 10000.000000
29.392462 9 16 1000000.000000
29.443987 9 1 10000.000000
29.529658 9 17 10000.000000
29.722315 9 1 30000.000000
29.882356 9 12 10000000.000000
0.992478 10 11 10000.000000
1.081303 10 4 2000000.000000
1.652592 10 18 1000000.000000
2.122777 10 9 80000.000000
2.676503 10 9 2000000.000000
3.125598 10 4 80000.000000
3.188607 10 6 5000000.000000
3.478087 10 14 50000.000000
3.539503 10 6 10000.000000
3.614360 10 14 20000.000000
4.100260 10 3 10000.000000
5.343216 10 21 1000000.000000
5.773919 10 15 10000000.000000
5.837707 10 14 2000000.000000
5.968049 10 24 1000000.000000
6.186192 10 7 10000.000000
6.534326 10 10 1000000.000000
7.460322 10 22 10000.000000
7.462679 10 23 20000.000000
7.526396 10 0 1000000.000000
7.613679 10 7 10000000.000000
7.675548 10 11 30000.000000
7.705841 10 4 50000.000000
8.087071 10 19 30000.000000
8.088407 10 5 80000.000000
8.536863 10 22 2000000.000000
8.704360 10 15 50000.000000
8.971932 10 1 20000.000000
8.991880 10 18 80000.000000
9.397385 10 24 80000.000000
9.563472 10 4 30000.000000
10.163514 10 13 10000.000000
10.365788 10 22 50000.000000
10.586215 10 4 2000000.000000
10.662981 10 18 20000.000000
10.841753 10 24 10000.000000
10.843677 10 15 1000000.000000
10.985715 10 17 10000.000000
11.180399 10 24 50000.000000
11.199874 10 19 10000.000000
11.264521 10 20 5000000.000000
11.410165 10 26 5000000.000000
11.621216 10 4 10000.000000
11.636423 10 17 80000.000000
11.888727 10 5 200000.000000
11.975582 10 16 50000.000000
12.075974 10 25 200000.000000
12.766585 10 2 5000000.000000
12.779236 10 0 30000000.000000
13.159685 10 11 10000.000000
13.233848 10 6 200000.000000
13.376953 10 22 50000.000000
13.391617 10 23 2000000.000000
13.397725 10 13 30000.000000
13.738609 10 10 30000.000000
14.234968 10 11 80000.000000
14.987562 10 9 10000.000000
15.023227 10 7 2000000.000000
15.103731 10 26 5000000.000000
15.137575 10 14 10000000.000000
15.685814 10 17 50000.000000
15.693782 10 9 30000.000000
16.044125 10 5 1000000.000000
16.392564 10 8 50000.000000
16.721322 10 12 1000000.000000
16.861070 10 3 5000000.000000
16.980495 10 7 10000000.000000
17.082368 10 12 10000000.000000
17.276746 10 0 30000.000000
17.288091 10 12 50000.000000
17.314112 10 9 200000.000000
17.328620 10 8 1000000.000000
17.784142 10 22 10000.000000
18.541954 10 21 80000.000000
18.581831 10 13 2000000.000000
18.891607 10 4 50000.000000
19.001891 10 11 1000000.000000
19.026312 10 8 80000.000000
19.124733 10 3 1000000.000000
20.081631 10 0 200000.000000
20.256522 10 25 2000000.000000
20.260105 10 7 1000000.000000
20.291250 10 7 30000.000000
20.500963 10 24 5000000.000000
20.799840 10 23 5000000.000000
20.805538 10 11 80000.000000
21.502146 10 5 10000.000000
21.749796 10 13 10000.000000
22.159820 10 8 200000.000000
22.239914 10 0 2000000.000000
22.533504 10 15 80000.000000
22.838150 10 3 30000000.000000
22.911346 10 23 5000000.000000
23.214342 10 21 10000.000000
23.426043 10 16 5000000.000000
23.600163 10 3 80000.000000
23.842412 10 19 200000.000000
24.197880 10 25 30000.000000
24.219717 10 8 1000000.000000
24.529586 10 11 2000000.000000
24.536189 10 5 5000000.000000
24.663512 10 15 50000.000000
24.861446 10 15 80000.000000
25.318879 10 16 2000000.000000
25.445117 10 9 80000.000000
25.533163 10 23 5000000.000000
25.562145 10 26 30000.000000
25.917262 10 18 80000.000000
25.953158 10 15 50000.000000
26.745585 10 26 200000.000000
26.769313 10 1 1000000.000000
27.706239 10 9 2000000.000000
27.822698 10 7 200000.000000
28.246346 10 8 1000000.000000
28.307498 10 19 10000.000000
28.503402 10 24 30000.000000
28.526630 10 3 2000000.000000
29.099730 10 25 10000000.000000
0.236341 11 15 10000.000000
0.449836 11 21 1000000.000000
0.615177 11 9 2000000.000000
0.693220 11 16 80000.000000
0.835141 11 22 80000.000000
1.372172 11 8 80000.000000
1.830338 11 9 10000.000000
1.835733 11 4 200000.000000
1.847645 11 3 10000.000000
2.531809 11 19 10000.000000
3.018459 11 26 5000000.000000
3.331181 11 14 10000000.000000
3.462486 11 8 10000.000000
3.566125 11 5 80000.000000
5.281278 11 25 50000.000000
5.347628 11 9 80000.000000
5.464373 11 7 200000.000000
5.595678 11 4 10000.000000
6.909963 11 25 1000000.000000
6.934360 11 13 2000000.000000
7.119352 11 18 10000000.000000
7.838777 11 9 10000.000000
7.883678 11 22 10000000.000000
9.151298 11 0 2000000.000000
9.841069 11 5 10000.000000
10.033323 11 9 5000000.000000
10.394991 11 9 80000.000000
10.780749 11 0 10000.000000
11.153888 11 24 10000.000000
11.351628 11 23 5000000.000000
11.906235 11 9 50000.000000
12.082804 11 2 10000000.000000
12.102182 11 24 10000000.000000
12.177816 11 10 2000000.000000
12.369656 11 17 5000000.000000
12.995652 11 10 5000000.000000
13.140342 11 22 5000000.000000
13.239141 11 13 5000000.000000
13.704658 11 22 20000.000000
13.986379 11 5 50000.000000
14.605550 11 11 80000.000000
15.030136 11 9 5000000.000000
15.167886 11 15 80000.000000
15.313070 11 4 5000000.000000
15.430304 11 4 50000.000000
15.494707 11 13 80000.000000
15.539047 11 6 10000.000000
16.214088 11 8 10000.000000
16.305582 11 1 50000.000000
16.335054 11 21 10000.000000
16.869200 11 4 50000.000000
17.273150 11 4 20000.000000
17.611199 11 13 10000000.000000
18.157000 11 6 10000.000000
18.559513 11 9 2000000.000000
18.739919 11 13 10000000.000000
19.294886 11 14 10000.000000
19.318540 11 18 200000.000000
19.359166 11 9 1000000.000000
19.524990 11 21 30000.000000
19.827102 11 23 1000000.000000
19.888852 11 17 30000.000000
20.350399 11 1 30000.000000
20.408168 11 1 20000.000000
21.293701 11 6 50000.000000
21.647989 11 25 10000000.000000
22.006839 11 15 2000000.000000
22.078653 11 0 10000000.000000
22.198796 11 9 2000000.000000
22.493561 11 25 5000000.000000
22.603160 11 23 10000000.000000
22.644260 11 0 30000.000000
22.745902 11 11 10000.000000
23.124846 11 18 1000000.000000
23.677637 11 13 2000000.000000
23.761757 11 24 50000.000000
23.796470 11 9 1000000.000000
23.907256 11 18 1000000.000000
24.054211 11 17 200000.000000
24.306192 11 18 200000.000000
24.542470 11 3 1000000.000000
24.627821 11 24 1000000.000000
24.869380 11 24 30000.000000
25.263015 11 9 1000000.000000
25.597693 11 24 10000.000000
25.720592 11 2 1000000.000000
26.101125 11 8 5000000.000000
26.652844 11 20 200000.000000
26.686519 11 9 2000000.000000
26.794055 11 18 30000.000000
27.171006 11 13 2000000.000000
27.511028 11 26 80000.000000
28.493444 11 23 1000000.000000
28.605586 11 10 50000.000000
28.772460 11 25 10000.000000
29.162784 11 0 1000000.000000
29.343748 11 23 10000.000000
29.446702 11 25 10000.000000
29.960791 11 15 10000000.000000
29.978639 11 4 50000.000000
29.983439 11 3 2000000.000000
0.327618 12 22 10000.000000
0.622305 12 24 10000000.000000
1.025139 12 9 10000.000000
1.277368 12 15 200000.000000
1.478290 12 22 30000.000000
1.606029 12 10 5000000.000000
2.139533 12 12 2000000.000000
2.503124 12 1 10000.000000
2.575830 12 9 50000.000000
2.963485 12 2 200000.000000
3.622819 12 6 30000.000000
4.123856 12 0 30000.000000
4.264835 12 7 5000000.000000
4.488381 12 0 10000.000000
5.084761 12 17 30000.000000
5.695376 12 6 20000.000000
5.848651 12 20 10000.000000
5.954469 12 16 1000000.000000
6.169116 12 14 5000000.000000
6.304721 12 8 10000000.000000
6.412243 12 22 200000.000000
6.561757 12 10 10000.000000
6.731047 12 13 50000.000000
6.806663 12 19 80000.000000
6.940111 12 16 20000.000000
7.366765 12 10 1000000.000000
7.861148 12 9 1000000.000000
8.258107 12 5 5000000.000000
8.260016 12 4 2000000.000000
8.853679 12 17 1000000.000000
8.938958 12 15 10000000.000000
9.302824 12 22 30000000.000000
9.658389 12 16 200000.000000
10.054803 12 16 1000000.000000
10.821682 12 21 80000.000000
11.318541 12 19 200000.000000
11.451508 12 9 5000000.000000
11.544099 12 12 5000000.000000
11.569385 12 2 1000000.000000
11.930225 12 23 30000000.000000
12.506724 12 16 50000.000000
12.522528 12 20 50000.000000
12.981564 12 23 20000.000000
13.190396 12 4 10000000.000000
13.331866 12 9 50000.000000
13.847644 12 11 30000000.000000
14.305262 12 19 10000.000000
14.324009 12 11 50000.000000
14.495002 12 23 20000.000000
14.498450 12 17 10000.000000
14.628004 12 18 200000.000000
14.772895 12 11 1000000.000000
14.931897 12 0 50000.000000
15.590256 12 11 2000000.000000
15.696153 12 17 5000000.000000
16.071145 12 11 30000000.000000
16.116833 12 20 80000.000000
16.227046 12 5 1000000.000000
16.648616 12 18 1000000.000000
16.803622 12 5 200000.000000
17.120136 12 20 50000.000000
17.445722 12 14 5000000.000000
17.481486 12 1 10000.000000
17.505230 12 26 30000.000000
18.330814 12 19 1000000.000000
18.763143 12 19 80000.000000
18.779309 12 4 1000000.000000
19.365890 12 26 1000000.000000
19.493378 12 15 2000000.000000
19.917452 12 23 10000.000000
20.487406 12 24 20000.000000
20.638085 12 12 5000000.000000
21.221404 12 0 10000.000000
21.286615 12 6 50000.000000
21.871799 12 5 30000.000000
22.162428 12 9 30000.000000
22.615510 12 17 200000.000000
23.307311 12 5 20000.000000
24.179539 12 16 50000.000000
24.373033 12 20 10000000.000000
24.599626 12 25 50000.000000
24.607154 12 8 1000000.000000
24.717025 12 20 10000.000000
25.086541 12 23 10000.000000
25.693487 12 23 5000000.000000
26.085088 12 14 10000000.000000
26.118660 12 16 10000000.000000
26.315424 12 10 30000.000000
26.968851 12 11 2000000.000000
27.066745 12 24 2000000.000000
27.631667 12 6 80000.000000
27.677047 12 20 20000.000000
27.742500 12 8 10000.000000
27.931608 12 19 30000.000000
28.015683 12 7 30000.000000
28.923352 12 21 80000.000000
29.039459 12 18 1000000.000000
29.111593 12 24 2000000.000000
29.130697 12 15 10000.000000
29.256999 12 8 10000.000000
29.318824 12 17 1000000.000000
29.878166 12 21 10000.000000
0.287338 13 1 30000.000000
0.572334 13 12 80000.000000
0.610047 13 15 50000.000000
0.977166 13 7 1000000.000000
1.148248 13 21 30000.000000
1.175761 13 22 80000.000000
1.211260 13 3 20000.000000
1.376997 13 4 5000000.000000
1.880994 13 20 5000000.000000
1.968265 13 4 10000.000000
2.017547 13 17 10000.000000
2.273482 13 22 2000000.000000
3.139091 13 26 20000.000000
3.264948 13 21 80000.000000
3.491557 13 15 50000.000000
3.691916 13 23 5000000.000000
4.117228 13 14 50000.000000
4.587762 13 18 5000000.000000
4.685047 13 12 2000000.000000
4.717738 13 12 1000000.000000
4.834791 13 3 5000000.000000
4.843307 13 2 80000.000000
5.529928 13 26 5000000.000000
5.648801 13 5 10000.000000
5.743187 13 4 1000000.000000
6.167938 13 3 5000000.000000
6.674804 13 0 80000.000000
7.271863 13 4 2000000.000000
7.936832 13 17 10000.000000
8.175577 13 16 200000.000000
8.417301 13 19 50000.000000
8.594453 13 0 10000.000000
9.023964 13 15 50000.000000
9.133810 13 24 200000.000000
9.244180 13 21 80000.000000
9.381271 13 11 10000.000000
9.410776 13 21 80000.000000
9.923748 13 19 50000.000000
10.441489 13 19 10000000.000000
10.756386 13 1 1000000.000000
11.236573 13 7 10000.000000
11.328613 13 23 5000000.000000
11.768791 13 7 1000000.000000
11.827939 13 22 5000000.000000
11.991212 13 5 80000.000000
11.997637 13 9 200000.000000
12.303095 13 3 50000.000000
12.342914 13 25 1000000.000000
12.478233 13 6 30000.000000
13.407782 13 24 50000.000000
13.610754 13 10 200000.000000
13.776782 13 14 200000.000000
13.896064 13 11 200000.000000
14.138308 13 14 50000.000000
14.232647 13 20 5000000.000000
14.741824 13 5 1000000.000000
15.277669 13 25 10000000.000000
15.649247 13 12 200000.000000
16.064210 13 24 1000000.000000
16.363150 13 3 30000.000000
16.411842 13 24 2000000.000000
16.669244 13 4 200000.000000
16.695356 13 0 10000.000000
17.055237 13 13 10000000.000000
17.397310 13 14 200000.000000
17.593359 13 22 200000.000000
17.608008 13 7 30000.000000
17.902937 13 6 10000.000000
17.942078 13 21 1000000.000000
18.404689 13 11 5000000.000000
18.438072 13 14 10000000.000000
18.592539 13 19 30000000.000000
19.118107 13 23 200000.000000
19.618290 13 17 10000000.000000
20.567735 13 16 80000.000000
21.601819 13 11 10000000.000000
21.693295 13 11 80000.000000
21.840258 13 19 5000000.000000
21.863442 13 23 30000.000000
22.317416 13 6 50000.000000
22.573579 13 4 10000.000000
22.773565 13 12 10000000.000000
22.803910 13 0 10000.000000
22.931332 13 3 5000000.000000
23.653147 13 17 10000.000000
23.804427 13 13 30000.000000
24.074137 13 9 30000.000000
24.307355 13 5 50000.000000
24.335121 13 25 50000.000000
24.507016 13 15 1000000.000000
25.063315 13 22 30000000.000000
25.111018 13 7 80000.000000
25.369038 13 20 200000.000000
25.468586 13 7 10000.000000
25.588529 13 21 30000.000000
25.614689 13 5 1000000.000000
26.178488 13 4 30000000.000000
26.352220 13 26 2000000.000000
26.433707 13 15 20000.000000
26.625314 13 4 50000.000000
26.691248 13 11 50000.000000
27.032907 13 26 1000000.000000
27.100432 13 12 5000000.000000
27.270065 13 15 80000.000000
27.425127 13 16 2000000.000000
28.205660 13 4 10000000.000000
28.668361 13 7 1000000.000000
28.739992 13 7 5000000.000000
28.853734 13 26 10000000.000000
29.348797 13 23 80000.000000
29.397637 13 5 10000000.000000
29.405631 13 13 200000.000000
29.715975 13 24 30000.000000
29.721409 13 4 10000.000000
0.490588 14 20 80000.000000
0.560744 14 7 2000000.000000
0.866721 14 4 80000.000000
0.899751 14 14 10000000.000000
0.986709 14 4 80000.000000
1.733189 14 6 200000.000000
1.858960 14 10 10000.000000
2.130996 14 10 80000.000000
2.992214 14 26 80000.000000
3.313931 14 24 80000.000000
3.356727 14 9 2000000.000000
3.542131 14 24 10000.000000
3.547229 14 26 20000.000000
3.737598 14 14 2000000.000000
3.919456 14 11 10000.000000
4.193923 14 25 200000.000000
4.203942 14 20 20000.000000
4.281463 14 15 50000.000000
4.474049 14 5 1000000.000000
4.545590 14 4 10000.000000
5.163454 14 10 30000.000000
5.312320 14 20 50000.000000
6.701956 14 25 10000.000000
6.788219 14 16 200000.000000
6.835077 14 10 1000000.000000
6.876961 14 11 1000000.000000
7.467135 14 0 80000.000000
7.670054 14 12 2000000.000000
7.762266 14 7 10000000.000000
8.157775 14 13 30000.000000
8.734680 14 22 30000.000000
9.050406 14 2 30000000.000000
9.129358 14 22 200000.000000
9.158460 14 3 30000.000000
9.851461 14 8 1000000.000000
11.257116 14 26 50000.000000
11.377253 14 22 80000.000000
11.378241 14 17 5000000.000000
11.499839 14 12 10000.000000
11.612284 14 6 50000.000000
11.656890 14 25 5000000.000000
11.882156 14 19 30000.000000
11.904369 14 15 1000000.000000
12.319488 14 14 1000000.000000
12.488060 14 9 200000.000000
12.603491 14 8 200000.000000
12.714450 14 1 30000.000000
12.926564 14 10 80000.000000
13.050737 14 16 80000.000000
13.405571 14 12 1000000.000000
13.638155 14 25 10000.000000
13.737081 14 5 1000000.000000
14.008802 14 20 2000000.000000
14.187532 14 18 1000000.000000
14.646228 14 7 5000000.000000
15.352966 14 5 1000000.000000
15.456400 14 3 50000.000000
15.510698 14 19 20000.000000
16.160073 14 8 10000.000000
16.832364 14 8 2000000.000000
17.193422 14 7 2000000.000000
17.257193 14 11 10000.000000
17.530237 14 0 80000.000000
18.415175 14 20 10000000.000000
18.458122 14 12 10000.000000
18.479664 14 19 1000000.000000
18.828539 14 7 10000.000000
18.850261 14 8 20000.000000
19.007002 14 25 2000000.000000
19.532789 14 11 20000.000000
19.752718 14 12 50000.000000
20.020045 14 26 5000000.000000
20.235135 14 19 2000000.000000
20.413469 14 12 50000.000000
20.459668 14 26 50000.000000
20.639842 14 23 30000000.000000
21.163937 14 10 5000000.000000
21.382603 14 20 1000000.000000
21.449906 14 7 80000.000000
22.390408 14 4 2000000.000000
22.465802 14 8 1000000.000000
23.511492 14 8 5000000.000000
23.774763 14 0 20000.000000
23.879367 14 21 200000.000000
24.299158 14 21 80000.000000
25.148739 14 20 80000.000000
25.466229 14 26 200000.000000
25.486742 14 11 80000.000000
25.845918 14 0 5000000.000000
25.921271 14 24 2000000.000000
26.090736 14 6 5000000.000000
26.388362 14 11 5000000.000000
26.530213 14 6 2000000.000000
26.979103 14 4 1000000.000000
27.011873 14 6 1000000.000000
27.446171 14 10 10000.000000
27.501046 14 11 50000.000000
27.592527 14 19 10000.000000
27.638107 14 13 10000.000000
28.778952 14 25 10000.000000
28.936956 14 7 50000.000000
29.086880 14 2 2000000.000000
29.124204 14 0 80000.000000
29.542064 14 4 50000.000000
0.154497 15 16 200000.000000
0.330952 15 16 30000000.000000
0.340343 15 0 10000000.000000
0.435326 15 1 5000000.000000
0.555266 15 20 5000000.000000
0.580090 15 24 200000.000000
0.589532 15 19 30000000.000000
0.663769 15 3 2000000.000000
0.962139 15 4 200000.000000
0.979045 15 3 80000.000000
1.040240 15 14 80000.000000
1.086469 15 13 1000000.000000
1.384488 15 9 10000.000000
1.387387 15 7 10000000.000000
1.550303 15 18 1000000.000000
2.498603 15 10 5000000.000000
2.916770 15 17 10000.000000
3.038245 15 19 30000.000000
3.804306 15 26 2000000.000000
4.067593 15 1 1000000.000000
4.208893 15 3 20000.000000
4.409337 15 23 1000000.000000
4.465266 15 22 80000.000000
4.477039 15 15 200000.000000
4.671328 15 17 2000000.000000
5.148503 15 5 1000000.000000
5.230426 15 10 2000000.000000
5.803914 15 15 30000.000000
6.153253 15 22 20000.000000
6.279971 15 2 80000.000000
7.328955 15 11 200000.000000
7.563265 15 10 10000.000000
7.663515 15 0 50000.000000
7.746101 15 8 80000.000000
7.763322 15 11 200000.000000
7.957843 15 23 30000.000000
8.248398 15 24 30000000.000000
8.334112 15 16 10000000.000000
8.575685 15 24 5000000.000000
8.966075 15 7 10000000.000000
9.014315 15 12 30000.000000
9.035157 15 8 10000000.000000
9.169776 15 8 10000000.000000
9.256805 15 4 5000000.000000
9.462441 15 24 80000.000000
10.075668 15 7 80000.000000
10.294691 15 7 2000000.000000
10.824374 15 10 1000000.000000
10.962697 15 9 10000.000000
11.097301 15 22 30000.000000
11.528391 15 18 5000000.000000
11.559582 15 13 10000.000000
12.171455 15 15 5000000.000000
12.320520 15 24 30000.000000
12.549966 15 12 10000.000000
12.640918 15 16 2000000.000000
12.654001 15 22 5000000.000000
12.886090 15 25 5000000.000000
13.092467 15 10 80000.000000
13.220235 15 23 5000000.000000
13.353979 15 13 10000.000000
13.926909 15 4 10000000.000000
14.014660 15 10 10000.000000
14.025082 15 16 10000.000000
14.081472 15 12 2000000.000000
15.191320 15 17 10000.000000
15.673525 15 7 2000000.000000
16.195001 15 7 80000.000000
16.365501 15 11 10000.000000
16.559225 15 24 2000000.000000
16.690844 15 14 10000000.000000
16.797733 15 26 200000.000000
16.987162 15 0 5000000.000000
17.054617 15 1 10000.000000
17.418456 15 20 20000.000000
17.509438 15 6 30000.000000
17.939939 15 17 10000000.000000
18.096532 15 26 2000000.000000
18.372901 15 4 5000000.000000
18.617700 15 8 30000.000000
19.333462 15 4 20000.000000
19.472973 15 8 2000000.000000
19.476420 15 19 50000.000000
19.532600 15 11 10000.000000
19.656920 15 9 30000000.000000
19.685367 15 5 10000.000000
19.893729 15 12 10000000.000000
20.358663 15 10 2000000.000000
20.362914 15 22 1000000.000000
20.860412 15 12 10000.000000
20.893928 15 14 30000.000000
21.060706 15 21 10000.000000
21.150998 15 7 10000.000000
21.329743 15 21 30000.000000
21.437855 15 2 50000.000000
21.630408 15 16 10000.000000
21.659869 15 7 50000.000000
21.807210 15 6 80000.000000
21.807288 15 18 1000000.000000
21.819702 15 7 2000000.000000
21.940585 15 15 10000.000000
22.062305 15 1 10000.000000
22.740919 15 10 10000.000000
22.891506 15 2 50000.000000
23.206058 15 0 1000000.000000
23.669745 15 25 1000000.000000
24.022480 15 10 5000000.000000
24.445216 15 9 1000000.000000
24.497794 15 17 30000.000000
24.578643 15 7 10000.000000
24.750635 15 11 80000.000000
25.029627 15 14 200000.000000
25.128486 15 26 1000000.000000
25.223762 15 22 1000000.000000
25.368083 15 16 5000000.000000
25.419778 15 22 80000.000000
25.754612 15 20 2000000.000000
25.850122 15 10 10000000.000000
25.884593 15 23 5000000.000000
25.988609 15 3 1000000.000000
26.289745 15 4 2000000.000000
26.583586 15 1 10000000.000000
26.744095 15 10 10000.000000
26.874100 15 10 20000.000000
27.647455 15 18 80000.000000
27.733529 15 25 80000.000000
27.828383 15 20 10000000.000000
28.061994 15 10 5000000.000000
28.320784 15 11 30000.000000
28.396260 15 26 5000000.000000
29.213828 15 14 5000000.000000
29.368006 15 10 80000.000000
29.471576 15 18 5000000.000000
29.497660 15 16 10000.000000
29.584611 15 21 1000000.000000
29.953594 15 16 5000000.000000
1.143108 16 11 10000.000000
1.281970 16 6 200000.000000
1.336922 16 16 80000.000000
1.429777 16 0 1000000.000000
1.740436 16 13 80000.000000
1.750505 16 0 80000.000000
1.795101 16 17 2000000.000000
1.948480 16 25 80000.000000
2.099854 16 21 30000.000000
2.770270 16 7 10000.000000
3.062636 16 19 20000.000000
3.813042 16 5 30000.000000
3.960146 16 26 50000.000000
4.067612 16 2 2000000.000000
4.149285 16 19 20000.000000
4.274410 16 12 80000.000000
4.281535 16 25 80000.000000
4.414987 16 14 1000000.000000
4.629811 16 24 2000000.000000
4.714846 16 1 50000.000000
4.800850 16 2 200000.000000
4.829134 16 5 1000000.000000
4.912269 16 0 10000000.000000
5.023103 16 10 50000.000000
5.208107 16 17 10000.000000
5.745586 16 19 50000.000000
5.751446 16 23 80000.000000
5.858655 16 13 30000.000000
5.993419 16 8 30000000.000000
6.167858 16 9 50000.000000
6.761879 16 13 2000000.000000
6.866021 16 20 10000.000000
6.923525 16 1 5000000.000000
7.367689 16 4 10000.000000
7.412190 16 10 1000000.000000
8.375986 16 14 80000.000000
8.558701 16 22 10000.000000
8.575581 16 10 1000000.000000
8.633487 16 13 50000.000000
8.855935 16 23 5000000.000000
9.072083 16 26 30000000.000000
9.142199 16 18 20000.000000
9.618265 16 18 30000.000000
9.667994 16 11 50000.000000
11.077141 16 9 1000000.000000
11.741930 16 15 10000000.000000
11.785258 16 3 80000.000000
12.440765 16 12 10000.000000
12.569694 16 4 30000.000000
13.321308 16 9 10000.000000
13.598154 16 0 10000.000000
14.205765 16 6 2000000.000000
14.272481 16 21 20000.000000
14.309236 16 23 50000.000000
14.710942 16 26 5000000.000000
15.029756 16 16 10000.000000
15.329952 16 13 80000.000000
15.431421 16 15 50000.000000
15.980135 16 16 2000000.000000
16.087611 16 8 80000.000000
16.394192 16 9 5000000.000000
16.447822 16 26 5000000.000000
18.090865 16 10 10000.000000
18.922996 16 22 50000.000000
19.063630 16 6 1000000.000000
19.358781 16 23 50000.000000
19.499617 16 6 80000.000000
19.723985 16 17 10000.000000
20.141407 16 8 10000000.000000
20.182511 16 8 2000000.000000
20.550472 16 11 1000000.000000
20.644161 16 10 30000.000000
20.658595 16 9 1000000.000000
21.179924 16 6 80000.000000
21.448309 16 14 2000000.000000
21.483402 16 13 5000000.000000
22.013073 16 16 80000.000000
22.149540 16 24 10000.000000
23.017865 16 13 1000000.000000
23.370151 16 18 10000000.000000
23.945229 16 24 2000000.000000
24.020643 16 25 200000.000000
24.067676 16 6 5000000.000000
24.544762 16 20 80000.000000
25.488616 16 8 80000.000000
25.653768 16 26 20000.000000
26.050374 16 3 1000000.000000
26.708045 16 22 5000000.000000
26.869617 16 13 200000.000000
26.871435 16 10 2000000.000000
26.899861 16 21 2000000.000000
27.093593 16 23 80000.000000
27.163055 16 26 5000000.000000
27.432744 16 14 2000000.000000
27.687142 16 3 5000000.000000
27.730229 16 5 50000.000000
28.840278 16 20 80000.000000
28.844653 16 20 50000.000000
29.053678 16 24 200000.000000
29.380506 16 19 2000000.000000
29.867777 16 3 200000.000000
0.122421 17 3 30000.000000
0.303121 17 7 50000.000000
0.458972 17 7 200000.000000
0.621206 17 4 10000000.000000
1.046379 17 10 30000.000000
1.330038 17 3 10000000.000000
2.154878 17 13 30000000.000000
2.607405 17 5 2000000.000000
3.163287 17 15 80000.000000
3.204474 17 22 10000.000000
3.345425 17 25 1000000.000000
3.460230 17 1 30000.000000
3.607071 17 4 80000.000000
3.755518 17 20 5000000.000000
3.785393 17 9 10000000.000000
3.941090 17 5 10000.000000
3.958919 17 7 2000000.000000
4.321839 17 26 50000.000000
4.340437 17 21 30000000.000000
5.236483 17 20 1000000.000000
5.308619 17 7 10000.000000
5.599024 17 0 80000.000000
5.682467 17 26 80000.000000
5.922810 17 26 80000.000000
6.053854 17 3 5000000.000000
6.137991 17 12 30000.000000
6.452532 17 26 80000.000000
6.513309 17 8 80000.000000
6.832895 17 18 10000000.000000
7.251024 17 16 10000.000000
8.339542 17 2 50000.000000
8.339748 17 2 10000.000000
8.409401 17 11 20000.000000
8.429327 17 1 80000.000000
8.519122 17 10 5000000.000000
9.051696 17 26 80000.000000
9.681526 17 18 2000000.000000
10.172613 17 17 1000000.000000
10.251509 17 10 30000.000000
10.555199 17 10 20000.000000
10.805400 17 11 10000.000000
11.158628 17 3 10000.000000
11.259120 17 15 80000.000000
11.372277 17 2 50000.000000
11.563830 17 17 200000.000000
11.739902 17 22 50000.000000
11.950610 17 7 30000000.000000
11.952440 17 6 10000.000000
12.138930 17 4 80000.000000
12.162304 17 14 50000.000000
12.248191 17 1 2000000.000000
12.320546 17 21 5000000.000000
12.734012 17 2 2000000.000000
12.837626 17 16 50000.000000
12.943244 17 17 10000.000000
13.108899 17 3 10000.000000
13.333055 17 0 30000000.000000
13.653965 17 16 1000000.000000
14.171563 17 6 2000000.000000
14.179424 17 10 10000.000000
14.451297 17 15 50000.000000
14.784070 17 4 50000.000000
14.855680 17 19 30000.000000
15.233526 17 15 10000.000000
15.361820 17 6 200000.000000
15.375996 17 16 80000.000000
15.560100 17 4 10000.000000
15.654951 17 21 10000000.000000
15.927693 17 11 80000.000000
17.240072 17 23 5000000.000000
17.451295 17 15 2000000.000000
17.458755 17 7 30000.000000
17.484291 17 21 20000.000000
17.900637 17 4 50000.000000
18.252853 17 14 10000000.000000
18.510106 17 12 50000.000000
18.556997 17 9 20000.000000
18.606445 17 4 10000.000000
19.177177 17 4 1000000.000000
19.312911 17 19 1000000.000000
19.430393 17 10 80000.000000
19.549293 17 12 20000.000000
19.621805 17 19 200000.000000
21.338176 17 26 200000.000000
21.392226 17 6 5000000.000000
21.835476 17 9 1000000.000000
21.858790 17 16 80000.000000
22.546497 17 9 10000000.000000
22.725379 17 12 50000.000000
22.781304 17 16 20000.000000
22.789999 17 6 1000000.000000
22.922239 17 7 10000.000000
23.192726 17 23 5000000.000000
23.319591 17 11 5000000.000000
23.888330 17 19 80000.000000
24.582239 17 5 50000.000000
24.927556 17 1 1000000.000000
24.981931 17 22 20000.000000
25.126636 17 12 30000.000000
25.256783 17 1 50000.000000
25.412664 17 10 30000.000000
26.068802 17 1 5000000.000000
26.472597 17 15 5000000.000000
26.604320 17 26 5000000.000000
26.734325 17 18 10000.000000
26.942202 17 16 200000.000000
27.324128 17 5 20000.000000
27.525066 17 18 10000.000000
27.863146 17 13 10000.000000
28.038156 17 23 10000.000000
28.144994 17 11 80000.000000
28.448095 17 2 1000000.000000
0.484577 18 7 200000.000000
0.696817 18 22 80000.000000
1.281605 18 23 200000.000000
1.813702 18 0 80000.000000
1.898378 18 23 2000000.000000
1.992806 18 22 200000.000000
2.022222 18 1 200000.000000
2.481437 18 12 50000.000000
2.634476 18 25 10000.000000
3.175007 18 6 50000.000000
3.425782 18 19 30000.000000
4.113592 18 10 2000000.000000
4.287138 18 5 5000000.000000
4.368467 18 15 5000000.000000
5.383252 18 23 5000000.000000
5.622660 18 18 80000.000000
5.746304 18 3 5000000.000000
5.907123 18 22 5000000.000000
5.936996 18 0 30000.000000
6.002977 18 11 50000.000000
6.307150 18 13 200000.000000
7.079084 18 8 10000.000000
7.176490 18 16 5000000.000000
7.351882 18 23 5000000.000000
7.449378 18 0 80000.000000
7.466292 18 22 20000.000000
7.662865 18 5 30000.000000
8.335757 18 2 200000.000000
8.583188 18 0 5000000.000000
8.599359 18 5 80000.000000
8.742989 18 24 80000.000000
8.757235 18 15 2000000.000000
8.888579 18 15 10000000.000000
8.935881 18 5 5000000.000000
9.209384 18 22 50000.000000
9.249701 18 1 10000.000000
9.323114 18 11 200000.000000
9.369844 18 12 10000.000000
9.449263 18 8 2000000.000000
9.553012 18 19 5000000.000000
9.662361 18 16 30000.000000
10.223477 18 6 10000000.000000
10.926578 18 9 80000.000000
12.071605 18 10 1000000.000000
12.131195 18 16 10000.000000
12.139567 18 22 1000000.000000
12.217101 18 17 200000.000000
13.537338 18 19 10000000.000000
13.809674 18 0 200000.000000
13.884977 18 10 20000.000000
13.904474 18 19 200000.000000
13.920423 18 9 80000.000000
13.976301 18 9 10000.000000
13.998474 18 9 1000000.000000
14.639814 18 7 200000.000000
14.801158 18 16 10000.000000
15.308280 18 6 200000.000000
15.838684 18 8 5000000.000000
15.909752 18 20 10000.000000
16.293093 18 14 80000.000000
16.331168 18 12 10000.000000
16.432905 18 12 10000.000000
16.543673 18 26 20000.000000
16.835117 18 12 20000.000000
16.845468 18 23 5000000.000000
17.469474 18 10 20000.000000
17.588127 18 22 1000000.000000
18.270943 18 25 1000000.000000
18.352430 18 2 1000000.000000
18.437016 18 23 10000.000000
18.540818 18 14 50000.000000
18.703364 18 23 1000000.000000
18.729115 18 23 10000.000000
18.956891 18 25 10000.000000
19.452924 18 0 80000.000000
19.468982 18 15 10000.000000
19.555858 18 0 50000.000000
20.536483 18 19 1000000.000000
20.587793 18 10 5000000.000000
20.623896 18 14 30000.000000
20.865536 18 16 2000000.000000
21.101670 18 11 20000.000000
21.229757 18 22 10000.000000
21.514260 18 6 30000.000000
21.771950 18 6 1000000.000000
22.230737 18 13 10000.000000
22.445827 18 3 5000000.000000
22.652396 18 3 80000.000000
22.948909 18 18 10000.000000
23.295022 18 5 80000.000000
23.455712 18 2 1000000.000000
23.568300 18 9 1000000.000000
24.112179 18 10 5000000.000000
24.240032 18 7 10000.000000
24.755358 18 6 20000.000000
24.812961 18 5 5000000.000000
25.371348 18 25 10000000.000000
25.454778 18 24 50000.000000
25.775151 18 26 10000000.000000
26.092193 18 7 5000000.000000
26.227314 18 21 50000.000000
26.639671 18 14 10000.000000
27.007179 18 7 10000.000000
27.135457 18 1 1000000.000000
27.444078 18 18 1000000.000000
27.826596 18 22 50000.000000
28.193973 18 6 20000.000000
29.532288 18 2 50000.000000
29.571902 18 21 30000.000000
29.572900 18 15 30000.000000
29.610508 18 20 10000000.000000
29.973656 18 13 5000000.000000
0.153533 19 9 2000000.000000
0.276184 19 1 80000.000000
0.326875 19 2 50000.000000
0.676285 19 18 30000.000000
0.846177 19 23 2000000.000000
1.006748 19 25 10000.000000
1.454290 19 12 10000000.000000
1.468210 19 7 200000.000000
1.822448 19 11 50000.000000
2.255226 19 3 10000000.000000
2.696302 19 11 50000.000000
3.100477 19 23 200000.000000
3.114427 19 19 2000000.000000
3.170236 19 22 200000.000000
3.386903 19 20 10000000.000000
3.416690 19 9 10000.000000
3.421981 19 23 30000.000000
3.457887 19 16 5000000.000000
3.503923 19 13 10000000.000000
3.905703 19 10 80000.000000
4.236851 19 18 200000.000000
4.395865 19 1 80000.000000
4.431357 19 24 20000.000000
5.587991 19 13 1000000.000000
5.609656 19 15 10000000.000000
5.720556 19 15 10000.000000
5.820821 19 26 5000000.000000
6.334777 19 21 10000000.000000
6.378413 19 0 80000.000000
6.472905 19 9 80000.000000
6.923471 19 14 10000000.000000
7.127240 19 11 20000.000000
7.528914 19 18 30000.000000
7.906633 19 9 30000.000000
8.479322 19 24 2000000.000000
8.600632 19 2 50000.000000
8.886031 19 6 2000000.000000
9.161524 19 8 50000.000000
9.517636 19 1 5000000.000000
9.600374 19 16 80000.000000
9.716627 19 15 20000.000000
9.917839 19 5 1000000.000000
10.089419 19 20 10000.000000
10.713075 19 11 30000.000000
10.873011 19 16 10000.000000
11.523748 19 2 200000.000000
11.885047 19 1 80000.000000
11.886144 19 13 2000000.000000
12.088218 19 3 50000.000000
12.107639 19 13 10000000.000000
12.262998 19 9 2000000.000000
12.654726 19 21 50000.000000
13.265714 19 9 1000000.000000
13.470796 19 23 80000.000000
13.504692 19 2 50000.000000
13.530850 19 16 50000.000000
13.543774 19 22 80000.000000
14.014102 19 21 10000.000000
14.186556 19 21 10000.000000
14.291769 19 25 30000.000000
14.415741 19 14 10000.000000
14.526282 19 2 2000000.000000
14.699291 19 3 200000.000000
14.811889 19 25 30000.000000
14.932089 19 5 30000000.000000
15.217572 19 23 30000000.000000
15.297893 19 5 200000.000000
15.405512 19 18 50000.000000
15.851879 19 9 10000.000000
17.650774 19 25 5000000.000000
18.148638 19 16 30000.000000
18.202309 19 17 10000.000000
18.248815 19 25 50000.000000
18.468510 19 15 5000000.000000
18.491698 19 21 80000.000000
18.558064 19 19 1000000.000000
18.571658 19 3 80000.000000
18.855877 19 14 20000.000000
18.938080 19 16 2000000.000000
18.975321 19 2 10000000.000000
19.065153 19 1 20000.000000
19.943218 19 25 200000.000000
20.254611 19 16 5000000.000000
20.951644 19 21 80000.000000
20.974404 19 20 50000.000000
20.998247 19 25 80000.000000
21.235549 19 12 1000000.000000
21.396886 19 20 50000.000000
21.800015 19 5 10000.000000
21.829566 19 19 80000.000000
21.856048 19 11 2000000.000000
21.973763 19 25 2000000.000000
22.226354 19 12 80000.000000
22.439327 19 25 2000000.000000
22.545846 19 13 80000.000000
23.474180 19 0 10000.000000
23.557776 19 16 20000.000000
25.205135 19 21 10000000.000000
25.279704 19 4 10000.000000
25.719561 19 9 10000.000000
26.672674 19 13 50000.000000
26.892675 19 22 80000.000000
27.004297 19 1 1000000.000000
27.274574 19 25 200000.000000
27.399404 19 1 10000.000000
27.442860 19 23 80000.000000
27.812090 19 18 10000.000000
29.111292 19 4 10000.000000
29.761141 19 6 2000000.000000
29.854511 19 9 2000000.000000
1.126239 20 20 10000.000000
1.742406 20 22 80000.000000
2.792124 20 24 5000000.000000
3.063462 20 3 5000000.000000
3.305514 20 11 5000000.000000
3.404743 20 3 5000000.000000
3.961362 20 9 10000.000000
3.973500 20 1 80000.000000
4.106746 20 18 50000.000000
4.392466 20 6 10000000.000000
4.448667 20 5 10000.000000
4.558687 20 21 5000000.000000
5.624449 20 12 1000000.000000
5.878855 20 16 2000000.000000
6.004071 20 18 10000000.000000
6.152035 20 15 10000.000000
6.716733 20 25 5000000.000000
6.967556 20 25 50000.000000
7.374867 20 6 80000.000000
7.457192 20 2 30000.000000
7.628280 20 3 200000.000000
7.689043 20 19 1000000.000000
8.300583 20 9 10000.000000
8.305639 20 0 2000000.000000
9.097077 20 8 20000.000000
9.378676 20 9 10000000.000000
9.530811 20 25 200000.000000
9.736343 20 0 80000.000000
10.227096 20 19 50000.000000
10.383088 20 18 200000.000000
10.565005 20 20 80000.000000
10.675213 20 15 30000.000000
10.978185 20 23 20000.000000
11.022983 20 3 10000.000000
11.168050 20 3 30000.000000
11.533897 20 24 80000.000000
12.358227 20 15 80000.000000
12.717855 20 23 10000000.000000
13.111770 20 15 50000.000000
13.202263 20 3 10000.000000
13.253660 20 20 30000.000000
13.405477 20 26 2000000.000000
13.662032 20 5 5000000.000000
14.980966 20 18 200000.000000
15.376533 20 5 20000.000000
15.429490 20 12 10000000.000000
15.691129 20 22 2000000.000000
16.384678 20 6 5000000.000000
16.575757 20 18 80000.000000
16.759730 20 9 1000000.000000
16.895536 20 19 30000.000000
16.909786 20 6 200000.000000
17.073578 20 0 5000000.000000
17.560828 20 10 80000.000000
17.692811 20 5 10000.000000
17.826369 20 12 30000.000000
18.006670 20 14 10000.000000
18.050216 20 21 5000000.000000
18.220680 20 0 5000000.000000
18.340013 20 22 1000000.000000
18.484974 20 1 10000.000000
18.514146 20 19 1000000.000000
18.886133 20 2 10000000.000000
19.133074 20 3 10000000.000000
19.335116 20 23 80000.000000
19.752011 20 5 10000.000000
20.695526 20 7 2000000.000000
20.880276 20 12 1000000.000000
21.108292 20 19 2000000.000000
21.321121 20 23 10000000.000000
21.555939 20 13 30000.000000
22.149682 20 0 5000000.000000
22.349111 20 24 2000000.000000
22.382159 20 25 50000.000000
22.920876 20 13 1000000.000000
23.338746 20 2 1000000.000000
23.706151 20 23 2000000.000000
24.006559 20 26 1000000.000000
24.093651 20 9 2000000.000000
24.199894 20 8 10000.000000
24.998037 20 3 1000000.000000
25.130389 20 26 10000.000000
25.471494 20 14 30000000.000000
25.605422 20 6 10000.000000
25.685666 20 11 5000000.000000
27.080080 20 9 10000.000000
27.137546 20 15 20000.000000
27.228107 20 3 10000.000000
27.831074 20 9 10000.000000
27.886011 20 10 80000.000000
27.969528 20 0 10000.000000
28.196636 20 25 30000000.000000
28.280836 20 13 10000.000000
28.430872 20 0 10000000.000000
28.785244 20 15 20000.000000
29.352061 20 22 10000.000000
29.394869 20 22 50000.000000
29.637282 20 6 30000.000000
29.693857 20 22 5000000.000000
0.021149 21 4 10000.000000
0.078577 21 4 30000.000000
0.253753 21 20 10000000.000000
0.485376 21 1 10000.000000
0.508939 21 22 50000.000000
0.663277 21 14 80000.000000
0.848466 21 22 80000.000000
0.878891 21 23 10000.000000
0.953395 21 16 1000000.000000
1.595654 21 23 1000000.000000
1.652287 21 26 80000.000000
2.627550 21 13 2000000.000000
2.686279 21 8 1000000.000000
2.755606 21 16 2000000.000000
4.400511 21 22 10000.000000
4.429408 21 16 10000.000000
5.619289 21 24 30000000.000000
6.095937 21 18 5000000.000000
6.236706 21 3 80000.000000
6.508985 21 3 5000000.000000
6.778265 21 3 30000.000000
6.859434 21 8 50000.000000
6.939278 21 9 30000.000000
7.333700 21 7 2000000.000000
7.436476 21 19 1000000.000000
8.032687 21 19 10000.000000
8.121792 21 4 20000.000000
8.491838 21 2 2000000.000000
8.831319 21 3 200000.000000
8.862089 21 15 1000000.000000
9.130055 21 8 30000.000000
9.339555 21 15 5000000.000000
9.721359 21 26 30000.000000
9.819138 21 1 20000.000000
9.970600 21 26 1000000.000000
10.523847 21 5 10000.000000
11.236304 21 26 50000.000000
11.351277 21 5 1000000.000000
11.395397 21 7 10000000.000000
12.094469 21 12 10000.000000
12.548416 21 5 20000.000000
12.926639 21 23 30000.000000
13.242186 21 26 200000.000000
13.514672 21 26 1000000.000000
13.577380 21 22 200000.000000
13.864644 21 18 30000.000000
14.347302 21 19 20000.000000
14.358833 21 14 200000.000000
14.480648 21 1 5000000.000000
14.551328 21 14 2000000.000000
14.772107 21 8 2000000.000000
14.882893 21 7 10000000.000000
14.987130 21 22 50000.000000
15.292061 21 20 5000000.000000
15.660696 21 14 80000.000000
16.010562 21 18 5000000.000000
16.716655 21 26 10000.000000
17.979203 21 17 200000.000000
17.991764 21 2 1000000.000000
18.213951 21 17 30000.000000
18.852994 21 19 1000000.000000
18.893277 21 22 10000.000000
19.285496 21 3 30000.000000
19.515350 21 8 50000.000000
19.578723 21 13 50000.000000
19.787513 21 21 20000.000000
19.808248 21 4 10000.000000
20.234970 21 22 5000000.000000
20.556076 21 14 30000.000000
20.739610 21 18 20000.000000
20.819841 21 10 200000.000000
21.555337 21 9 10000000.000000
21.680223 21 13 20000.000000
22.005007 21 12 2000000.000000
22.083269 21 4 5000000.000000
22.138538 21 7 10000.000000
22.756051 21 0 1000000.000000
22.763582 21 14 80000.000000
23.200396 21 11 20000.000000
23.369398 21 25 10000.000000
23.457180 21 23 30000000.000000
23.577751 21 12 20000.000000
23.584278 21 21 50000.000000
23.702714 21 16 10000000.000000
24.233236 21 12 1000000.000000
24.470967 21 26 80000.000000
25.195652 21 22 1000000.000000
26.170041 21 9 50000.000000
26.597860 21 13 50000.000000
26.985079 21 2 2000000.000000
27.299303 21 13 30000.000000
27.678006 21 20 30000.000000
28.031686 21 1 5000000.000000
28.108099 21 7 80000.000000
28.194582 21 18 80000.000000
28.457073 21 15 200000.000000
29.121117 21 13 2000000.000000
29.286248 21 5 200000.000000
29.389341 21 13 30000.000000
29.726312 21 6 5000000.000000
29.790883 21 23 10000.000000
29.895657 21 9 2000000.000000
0.003809 22 19 20000.000000
0.804285 22 4 2000000.000000
0.922367 22 18 50000.000000
1.345701 22 13 2000000.000000
1.381224 22 22 30000.000000
1.509795 22 23 1000000.000000
1.889995 22 2 20000.000000
1.956424 22 25 20000.000000
2.599546 22 24 10000.000000
2.642712 22 13 2000000.000000
3.164356 22 9 80000.000000
3.222189 22 8 10000.000000
3.503153 22 7 50000.000000
3.909952 22 10 2000000.000000
4.140662 22 13 5000000.000000
4.745293 22 10 30000.000000
4.969903 22 16 1000000.000000
4.995239 22 1 200000.000000
5.300973 22 10 10000000.000000
5.625090 22 0 1000000.000000
5.993893 22 9 80000.000000
5.998419 22 18 5000000.000000
6.179588 22 16 5000000.000000
6.473876 22 9 50000.000000
6.512362 22 8 30000.000000
7.133297 22 3 30000000.000000
7.444974 22 3 10000000.000000
7.595747 22 2 10000.000000
8.773299 22 19 20000.000000
9.035623 22 2 2000000.000000
9.394024 22 20 80000.000000
9.702182 22 11 10000.000000
9.952837 22 0 10000.000000
10.479171 22 5 1000000.000000
10.574504 22 15 10000.000000
11.219665 22 21 30000.000000
11.523227 22 3 1000000.000000
12.306751 22 13 10000.000000
12.606683 22 17 10000.000000
13.046041 22 11 20000.000000
13.824517 22 8 10000.000000
13.951553 22 5 10000.000000
14.224633 22 3 5000000.000000
14.257434 22 11 50000.000000
14.730812 22 8 200000.000000
14.982128 22 17 10000.000000
15.337566 22 15 1000000.000000
15.518415 22 0 1000000.000000
16.405065 22 19 5000000.000000
16.642147 22 3 20000.000000
17.051082 22 12 5000000.000000
17.581480 22 10 5000000.000000
17.683339 22 25 10000.000000
18.058257 22 1 1000000.000000
18.372682 22 8 30000000.000000
18.735778 22 20 50000.000000
19.182511 22 5 80000.000000
19.401489 22 6 30000.000000
19.536879 22 11 1000000.000000
19.621950 22 9 50000.000000
19.841864 22 19 1000000.000000
20.039973 22 21 30000.000000
20.243650 22 6 10000.000000
20.330601 22 11 80000.000000
20.590720 22 17 80000.000000
20.668007 22 21 5000000.000000
20.693170 22 1 1000000.000000
21.339580 22 22 50000.000000
21.765168 22 6 1000000.000000
22.103865 22 21 30000.000000
22.118617 22 14 5000000.000000
22.366980 22 9 5000000.000000
22.381916 22 17 200000.000000
22.681055 22 18 2000000.000000
22.812513 22 10 1000000.000000
22.955798 22 21 80000.000000
23.026737 22 16 10000.000000
23.087641 22 26 30000.000000
23.161874 22 15 30000.000000
23.471916 22 9 30000.000000
23.726673 22 14 10000000.000000
24.094551 22 23 30000000.000000
24.732775 22 2 30000.000000
25.345756 22 21 2000000.000000
26.001338 22 20 2000000.000000
26.134910 22 0 10000.000000
26.549534 22 7 1000000.000000
26.670677 22 0 10000.000000
26.794028 22 2 1000000.000000
27.114420 22 26 10000.000000
27.687304 22 24 10000000.000000
28.141220 22 4 30000.000000
28.471826 22 24 5000000.000000
28.491261 22 13 50000.000000
29.056580 22 18 2000000.000000
29.081801 22 7 50000.000000
29.309773 22 3 1000000.000000
29.722036 22 0 50000.000000
29.823028 22 11 10000.000000
29.851258 22 18 5000000.000000
29.852986 22 14 30000.000000
0.435931 23 1 200000.000000
0.762934 23 6 10000.000000
0.830896 23 7 5000000.000000
0.889182 23 25 50000.000000
1.011503 23 10 200000.000000
1.255812 23 15 80000.000000
1.463195 23 24 80000.000000
1.589793 23 6 10000000.000000
1.675747 23 4 50000.000000
2.274223 23 10 5000000.000000
2.362366 23 9 80000.000000
2.630534 23 4 200000.000000
2.771587 23 24 10000.000000
3.392526 23 8 10000.000000
3.621173 23 25 2000000.000000
3.831043 23 7 10000.000000
4.165960 23 21 5000000.000000
4.363729 23 17 80000.000000
4.408366 23 12 50000.000000
4.419538 23 13 200000.000000
4.458522 23 26 20000.000000
4.810717 23 26 50000.000000
4.934588 23 19 50000.000000
5.246996 23 11 80000.000000
5.428516 23 8 10000000.000000
5.484365 23 13 80000.000000
5.602378 23 23 10000000.000000
5.606787 23 15 30000.000000
6.411074 23 11 5000000.000000
6.663677 23 9 10000000.000000
6.724066 23 7 30000.000000
7.274867 23 9 80000.000000
7.600209 23 8 1000000.000000
7.631351 23 8 5000000.000000
7.728979 23 19 30000.000000
7.736632 23 5 200000.000000
7.842627 23 11 10000000.000000
7.924071 23 8 10000.000000
7.962787 23 14 2000000.000000
9.052198 23 16 80000.000000
9.544980 23 2 50000.000000
9.945928 23 2 1000000.000000
10.213474 23 9 20000.000000
10.265193 23 24 50000.000000
10.281781 23 14 50000.000000
10.331981 23 19 30000.000000
10.354816 23 1 5000000.000000
10.526091 23 1 2000000.000000
10.588345 23 6 10000.000000
11.255928 23 8 200000.000000
11.578311 23 19 80000.000000
11.987256 23 22 1000000.000000
12.369277 23 22 10000.000000
12.798524 23 24 2000000.000000
12.816184 23 12 2000000.000000
13.012203 23 21 10000.000000
13.281422 23 21 50000.000000
13.456587 23 19 10000.000000
13.566200 23 15 2000000.000000
14.229221 23 1 20000.000000
14.498320 23 1 30000.000000
14.511275 23 18 50000.000000
14.858092 23 1 10000.000000
15.628952 23 16 200000.000000
16.000688 23 7 1000000.000000
16.728982 23 22 5000000.000000
16.885929 23 15 10000000.000000
16.909559 23 9 2000000.000000
17.084105 23 11 5000000.000000
17.600333 23 9 10000000.000000
18.289407 23 13 5000000.000000
18.413873 23 16 5000000.000000
18.647436 23 16 50000.000000
19.075369 23 4 5000000.000000
19.080289 23 3 5000000.000000
19.241572 23 12 50000.000000
19.300819 23 5 80000.000000
20.258124 23 22 2000000.000000
20.429983 23 1 30000.000000
20.629979 23 2 2000000.000000
20.890875 23 3 200000.000000
21.611199 23 14 1000000.000000
21.715326 23 5 30000.000000
22.202687 23 18 10000.000000
22.450245 23 7 80000.000000
22.796684 23 17 30000.000000
22.822762 23 8 10000.000000
22.830831 23 6 200000.000000
23.119066 23 4 10000.000000
23.539525 23 18 30000.000000
23.678160 23 5 10000.000000
23.716932 23 0 10000.000000
23.937682 23 12 2000000.000000
23.970336 23 16 1000000.000000
24.395856 23 12 2000000.000000
24.734428 23 0 10000.000000
24.774868 23 6 10000.000000
24.828399 23 22 5000000.000000
25.373348 23 26 20000.000000
25.398418 23 21 10000.000000
25.493983 23 18 80000.000000
25.678357 23 5 80000.000000
25.989448 23 7 80000.000000
26.344069 23 14 10000.000000
26.349073 23 21 80000.000000
26.801392 23 24 10000.000000
27.265261 23 3 80000.000000
27.621527 23 10 10000.000000
28.221281 23 25 1000000.000000
28.321033 23 6 2000000.000000
28.494964 23 8 2000000.000000
28.673264 23 3 2000000.000000
29.084119 23 21 10000.000000
29.101911 23 19 5000000.000000
29.219165 23 17 80000.000000
29.598927 23 5 80000.000000
29.761503 23 13 2000000.000000
29.837363 23 25 200000.000000
0.736737 24 21 10000.000000
0.817398 24 11 50000.000000
0.930003 24 22 200000.000000
0.943948 24 5 1000000.000000
1.166203 24 11 2000000.000000
1.195840 24 2 2000000.000000
1.934129 24 20 10000.000000
2.158009 24 9 5000000.000000
2.178775 24 5 10000000.000000
2.421742 24 20 50000.000000
2.493509 24 17 20000.000000
2.731213 24 25 5000000.000000
2.832996 24 14 1000000.000000
2.864874 24 21 20000.000000
3.226104 24 3 5000000.000000
3.397734 24 11 30000.000000
3.547363 24 9 10000.000000
4.049209 24 19 1000000.000000
4.068388 24 19 10000.000000
4.225732 24 19 10000.000000
4.975326 24 1 1000000.000000
4.981249 24 3 10000000.000000
5.032385 24 20 200000.000000
5.962068 24 1 30000.000000
7.381911 24 3 10000000.000000
7.403191 24 2 10000.000000
8.183596 24 12 50000.000000
8.191301 24 6 5000000.000000
8.299430 24 10 2000000.000000
8.458827 24 17 10000000.000000
9.219710 24 25 50000.000000
9.522855 24 16 1000000.000000
9.525749 24 1 30000.000000
9.871320 24 1 80000.000000
9.941426 24 21 2000000.000000
10.252066 24 2 50000.000000
10.379697 24 5 200000.000000
10.461460 24 12 30000.000000
10.853948 24 23 200000.000000
10.863658 24 1 10000.000000
10.989863 24 24 200000.000000
11.101949 24 25 1000000.000000
11.474872 24 9 1000000.000000
11.905841 24 26 50000.000000
12.007049 24 20 10000.000000
12.154923 24 11 1000000.000000
12.588877 24 22 50000.000000
12.942684 24 4 20000.000000
12.957266 24 25 1000000.000000
13.588757 24 10 200000.000000
13.610612 24 15 30000.000000
14.517379 24 9 50000.000000
14.580238 24 7 20000.000000
14.885824 24 23 10000000.000000
15.055956 24 8 200000.000000
15.057578 24 19 2000000.000000
15.190881 24 22 30000.000000
15.239988 24 4 80000.000000
15.349451 24 21 5000000.000000
15.993380 24 2 2000000.000000
16.039985 24 24 1000000.000000
16.176717 24 11 2000000.000000
16.511372 24 13 30000.000000
16.535107 24 9 30000.000000
17.087834 24 9 1000000.000000
17.280658 24 25 50000.000000
17.383662 24 6 2000000.000000
17.758623 24 7 1000000.000000
17.907543 24 18 2000000.000000
18.264218 24 6 5000000.000000
18.276765 24 6 2000000.000000
19.038620 24 9 80000.000000
19.100324 24 4 200000.000000
19.129723 24 22 50000.000000
19.246266 24 22 80000.000000
19.607685 24 17 5000000.000000
19.718365 24 26 10000.000000
19.730898 24 6 30000.000000
19.862860 24 21 1000000.000000
20.073793 24 2 30000.000000
20.124529 24 9 10000000.000000
20.581937 24 18 2000000.000000
20.647888 24 23 50000.000000
20.702142 24 6 2000000.000000
21.058201 24 7 200000.000000
21.532812 24 18 10000.000000
21.914358 24 15 1000000.000000
22.350996 24 20 30000.000000
22.760407 24 20 10000.000000
22.837553 24 22 20000.000000
23.011635 24 17 30000.000000
23.057176 24 13 2000000.000000
23.243274 24 19 2000000.000000
24.186548 24 18 1000000.000000
24.208627 24 9 10000.000000
24.426475 24 7 50000.000000
24.611384 24 25 20000.000000
25.084035 24 11 1000000.000000
25.163152 24 1 30000000.000000
25.805451 24 25 30000.000000
26.197518 24 24 10000.000000
26.271058 24 1 50000.000000
26.565625 24 6 30000.000000
27.035357 24 21 5000000.000000
27.076449 24 15 2000000.000000
27.157487 24 4 10000000.000000
27.579126 24 18 20000.000000
27.630659 24 0 80000.000000
27.883167 24 26 10000.000000
28.313727 24 3 10000000.000000
28.694743 24 16 10000.000000
28.698198 24 15 30000.000000
28.699753 24 13 2000000.000000
29.394264 24 8 50000.000000
29.501824 24 11 50000.000000
29.520563 24 12 50000.000000
0.022622 25 12 50000.000000
0.031382 25 9 10000.000000
0.374089 25 13 10000.000000
0.560887 25 7 80000.000000
1.509746 25 25 10000.000000
1.894341 25 0 50000.000000
1.947952 25 6 10000.000000
2.160430 25 5 30000.000000
2.715095 25 7 10000000.000000
2.982832 25 14 80000.000000
3.231115 25 23 10000000.000000
3.283203 25 10 80000.000000
3.609812 25 23 1000000.000000
3.664817 25 24 80000.000000
4.015854 25 3 10000000.000000
4.646447 25 4 10000000.000000
4.842444 25 1 2000000.000000
4.854590 25 23 50000.000000
4.922835 25 22 200000.000000
4.933599 25 9 10000.000000
5.584888 25 8 2000000.000000
6.266297 25 26 10000.000000
6.564606 25 26 2000000.000000
6.637380 25 20 200000.000000
6.831833 25 18 10000000.000000
6.914011 25 19 50000.000000
7.028605 25 16 30000.000000
7.134613 25 13 1000000.000000
7.223987 25 10 10000.000000
7.252794 25 25 5000000.000000
7.542724 25 24 10000.000000
7.883879 25 18 50000.000000
8.143336 25 5 5000000.000000
8.300645 25 6 1000000.000000
8.498606 25 11 80000.000000
8.531381 25 21 10000.000000
9.053137 25 14 2000000.000000
9.225635 25 7 1000000.000000
9.312510 25 19 80000.000000
9.326570 25 24 50000.000000
9.761672 25 24 30000.000000
10.243181 25 2 2000000.000000
10.440305 25 8 200000.000000
10.781635 25 4 50000.000000
10.965766 25 14 10000.000000
11.020675 25 21 2000000.000000
11.218248 25 20 10000.000000
11.225359 25 26 10000.000000
11.545466 25 5 50000.000000
12.277654 25 0 80000.000000
12.295942 25 10 200000.000000
12.537177 25 9 20000.000000
12.557467 25 20 2000000.000000
12.644342 25 15 10000000.000000
12.738060 25 17 10000.000000
12.761525 25 11 10000.000000
12.790050 25 18 10000.000000
13.022686 25 6 30000.000000
13.329298 25 18 2000000.000000
13.850544 25 7 10000000.000000
13.982854 25 17 50000.000000
14.127616 25 17 10000.000000
14.463027 25 19 5000000.000000
14.769338 25 9 50000.000000
14.849327 25 12 80000.000000
15.036922 25 15 10000.000000
16.665658 25 20 50000.000000
17.071276 25 9 80000.000000
17.708936 25 3 200000.000000
17.907487 25 3 2000000.000000
18.178054 25 15 30000.000000
18.846085 25 12 30000.000000
18.949903 25 16 1000000.000000
19.237120 25 11 1000000.000000
19.471995 25 6 10000.000000
19.534844 25 2 2000000.000000
19.932207 25 25 50000.000000
19.973204 25 23 5000000.000000
20.039347 25 25 10000.000000
20.268603 25 15 10000000.000000
20.423172 25 20 80000.000000
20.709101 25 11 30000.000000
20.866236 25 17 2000000.000000
20.996941 25 4 80000.000000
21.195175 25 22 200000.000000
21.577160 25 2 50000.000000
22.205489 25 10 80000.000000
22.592958 25 7 30000.000000
23.194963 25 11 30000.000000
23.234053 25 12 200000.000000
23.571471 25 15 10000.000000
23.771600 25 3 5000000.000000
23.946432 25 11 5000000.000000
24.140389 25 3 10000.000000
24.166220 25 9 50000.000000
24.308525 25 25 200000.000000
24.840391 25 0 200000.000000
25.392351 25 4 30000.000000
25.427626 25 18 10000.000000
26.174983 25 15 1000000.000000
26.287728 25 4 50000.000000
26.425736 25 14 80000.000000
26.470536 25 10 2000000.000000
26.550683 25 8 10000.000000
27.589341 25 17 30000.000000
28.084781 25 0 5000000.000000
28.795704 25 23 10000.000000
29.120794 25 18 1000000.000000
29.328761 25 7 5000000.000000
0.107312 26 22 80000.000000
0.463883 26 8 2000000.000000
0.525470 26 8 20000.000000
0.559055 26 19 5000000.000000
0.823510 26 4 1000000.000000
0.827672 26 26 20000.000000
1.096224 26 14 10000.000000
1.103305 26 15 80000.000000
1.211890 26 23 80000.000000
1.506446 26 0 10000000.000000
1.771821 26 8 2000000.000000
2.103899 26 13 30000.000000
2.772162 26 12 200000.000000
2.999193 26 1 2000000.000000
3.497122 26 22 30000.000000
4.006666 26 3 80000.000000
4.137553 26 14 10000000.000000
4.212306 26 16 2000000.000000
4.233952 26 9 1000000.000000
4.536311 26 25 10000.000000
4.650257 26 9 10000.000000
5.799550 26 10 1000000.000000
5.851453 26 6 80000.000000
5.980619 26 13 30000.000000
6.010312 26 1 50000.000000
6.260051 26 12 80000.000000
6.334709 26 19 10000000.000000
6.351537 26 7 1000000.000000
6.865567 26 2 200000.000000
6.892714 26 24 2000000.000000
7.185635 26 21 1000000.000000
7.498148 26 20 200000.000000
7.612775 26 17 10000.000000
7.726249 26 21 5000000.000000
8.581725 26 7 10000.000000
8.840330 26 17 30000000.000000
9.078775 26 10 5000000.000000
9.606494 26 1 80000.000000
9.799370 26 4 50000.000000
9.939025 26 14 1000000.000000
10.143438 26 5 80000.000000
10.221762 26 4 2000000.000000
10.277400 26 3 10000000.000000
10.517852 26 18 50000.000000
10.614361 26 24 10000000.000000
10.625802 26 8 50000.000000
10.636104 26 5 5000000.000000
11.005282 26 16 5000000.000000
11.774302 26 0 10000000.000000
12.031298 26 10 1000000.000000
12.269950 26 23 10000.000000
12.583303 26 13 30000.000000
12.867433 26 5 5000000.000000
13.198872 26 13 1000000.000000
13.715964 26 7 5000000.000000
13.941683 26 4 50000.000000
13.965880 26 15 10000.000000
14.466276 26 26 20000.000000
14.812287 26 8 200000.000000
15.678256 26 3 1000000.000000
15.964005 26 22 2000000.000000
16.163786 26 12 2000000.000000
16.402051 26 2 10000.000000
16.467448 26 11 200000.000000
16.661173 26 17 30000.000000
16.871269 26 25 10000.000000
16.908759 26 15 80000.000000
17.211180 26 21 30000.000000
17.322848 26 20 80000.000000
17.368424 26 8 10000000.000000
17.435511 26 12 10000000.000000
17.443047 26 1 1000000.000000
17.463216 26 25 5000000.000000
17.691754 26 24 20000.000000
17.729812 26 8 5000000.000000
17.841342 26 0 200000.000000
17.905998 26 1 5000000.000000
18.211683 26 20 2000000.000000
18.403607 26 4 50000.000000
18.496283 26 21 10000.000000
18.840137 26 20 1000000.000000
18.974416 26 24 80000.000000
19.347657 26 25 80000.000000
19.374630 26 7 50000.000000
19.525723 26 3 30000.000000
20.279962 26 7 5000000.000000
20.630579 26 6 200000.000000
20.980638 26 5 2000000.000000
21.301190 26 14 5000000.000000
21.907038 26 0 80000.000000
21.927869 26 8 50000.000000
21.971653 26 15 30000000.000000
22.103364 26 19 5000000.000000
22.164105 26 17 30000.000000
22.711479 26 6 1000000.000000
23.034300 26 6 50000.000000
23.289700 26 8 80000.000000
23.807149 26 13 80000.000000
24.487297 26 0 1000000.000000
24.492688 26 13 50000.000000
24.615782 26 25 30000.000000
24.989057 26 8 1000000.000000
25.044090 26 18 2000000.000000
25.049464 26 15 50000.000000
25.493394 26 10 30000000.000000
25.735026 26 17 80000.000000
26.617132 26 21 5000000.000000
26.819049 26 16 10000.000000
26.923080 26 7 30000.000000
27.242926 26 25 10000000.000000
28.257896 26 22 20000.000000
28.697007 26 2 5000000.000000
28.807021 26 14 30000.000000
28.853556 26 15 80000.000000
29.081812 26 24 30000.000000
29.318766 26 18 5000000.000000
29.413147 26 0 10000.000000
29.473111 26 6 5000000.000000
29.869215 26 18 200000.000000
29.892855 26 1 10000000.000000
