0.444808 0 17 200000.000000
0.915383 0 4 10000.000000
1.354480 0 25 50000.000000
5.132656 0 23 200000.000000
5.692794 0 3 50000.000000
6.420025 0 24 80000.000000
7.281701 0 2 50000.000000
8.508233 0 5 80000.000000
9.803129 0 15 10000.000000
10.438410 0 0 10000.000000
11.693666 0 22 200000.000000
12.582290 0 17 10000000.000000
13.417150 0 4 2000000.000000
15.278584 0 7 2000000.000000
16.805828 0 21 10000.000000
16.949057 0 25 30000.000000
18.403043 0 23 5000000.000000
20.354695 0 19 200000.000000
22.369384 0 20 80000.000000
22.802830 0 17 1000000.000000
25.511240 0 4 10000.000000
26.649151 0 2 80000.000000
26.986251 0 3 10000.000000
29.058691 0 15 1000000.000000
29.270385 0 3 1000000.000000
0.165612 1 19 200000.000000
3.137048 1 5 200000.000000
3.773160 1 25 80000.000000
3.797751 1 7 2000000.000000
7.219422 1 0 20000.000000
8.482023 1 10 30000.000000
8.870758 1 18 1000000.000000
9.382463 1 6 50000.000000
10.693582 1 21 50000.000000
11.186948 1 15 50000.000000
11.229984 1 11 50000.000000
11.704916 1 16 2000000.000000
11.762898 1 3 5000000.000000
11.782163 1 26 30000.000000
12.252613 1 26 30000000.000000
14.805203 1 2 2000000.000000
14.820809 1 7 50000.000000
16.062396 1 16 10000.000000
16.091193 1 6 10000.000000
19.385269 1 16 20000.000000
19.727360 1 3 50000.000000
22.471956 1 20 50000.000000
24.112721 1 26 30000.000000
24.362362 1 22 20000.000000
25.005509 1 15 20000.000000
25.776134 1 21 20000.000000
27.003182 1 8 10000.000000
28.770608 1 3 5000000.000000
0.949425 2 2 2000000.000000
1.689957 2 8 10000000.000000
4.774398 2 10 1000000.000000
5.096080 2 8 50000.000000
5.496155 2 18 10000.000000
7.580997 2 1 10000000.000000
9.612325 2 26 5000000.000000
10.319893 2 8 10000.000000
11.138497 2 21 20000.000000
11.414572 2 13 2000000.000000
12.041633 2 6 20000.000000
13.642840 2 2 10000.000000
15.979104 2 24 80000.000000
17.807826 2 11 80000.000000
19.209491 2 7 1000000.000000
21.310141 2 21 5000000.000000
21.951904 2 21 80000.000000
23.512192 2 16 50000.000000
24.934680 2 2 200000.000000
25.505769 2 11 30000.000000
28.577032 2 0 1000000.000000
29.182867 2 22 80000.000000
1.572991 3 7 2000000.000000
5.913854 3 18 50000.000000
8.203037 3 21 80000.000000
12.778015 3 26 5000000.000000
14.047838 3 7 30000000.000000
15.763354 3 0 200000.000000
17.183137 3 15 10000.000000
18.962205 3 14 10000.000000
19.719237 3 3 5000000.000000
20.237375 3 26 50000.000000
20.609541 3 0 2000000.000000
22.335108 3 19 80000.000000
22.990646 3 3 80000.000000
23.230417 3 12 10000.000000
26.414939 3 21 50000.000000
27.472010 3 3 20000.000000
29.027469 3 0 80000.000000
29.413146 3 8 1000000.000000
29.754933 3 19 200000.000000
0.052263 4 0 1000000.000000
0.902463 4 14 30000000.000000
1.174254 4 19 10000.000000
1.298338 4 1 30000.000000
2.831167 4 3 80000.000000
3.203652 4 15 10000.000000
5.425128 4 7 80000.000000
5.974881 4 18 1000000.000000
8.067695 4 23 2000000.000000
8.867097 4 19 1000000.000000
9.138437 4 25 1000000.000000
10.171287 4 22 2000000.000000
10.881046 4 19 2000000.000000
12.194538 4 0 10000000.000000
14.655823 4 11 30000.000000
16.126396 4 13 80000.000000
16.237161 4 8 1000000.000000
17.576975 4 0 1000000.000000
18.488421 4 19 20000.000000
18.545032 4 7 10000000.000000
24.536843 4 11 200000.000000
25.958626 4 24 10000.000000
26.454023 4 15 80000.000000
26.539710 4 7 10000000.000000
28.270711 4 26 5000000.000000
28.921447 4 26 200000.000000
29.076777 4 17 1000000.000000
29.883532 4 3 10000000.000000
1.247564 5 5 20000.000000
1.596044 5 15 50000.000000
2.439570 5 1 10000000.000000
3.545433 5 16 10000000.000000
3.625715 5 6 10000000.000000
3.657495 5 25 50000.000000
3.853669 5 12 10000.000000
5.209975 5 20 50000.000000
7.913183 5 5 5000000.000000
9.739964 5 4 30000.000000
10.476736 5 12 5000000.000000
11.587751 5 11 10000.000000
12.775787 5 15 2000000.000000
13.377217 5 14 20000.000000
14.233323 5 20 200000.000000
15.297610 5 19 80000.000000
15.496977 5 26 80000.000000
16.309645 5 4 2000000.000000
16.551811 5 13 50000.000000
17.587301 5 14 10000.000000
17.965864 5 15 50000.000000
18.303321 5 18 10000000.000000
19.210649 5 7 20000.000000
19.816989 5 13 2000000.000000
20.673598 5 8 80000.000000
22.410436 5 0 50000.000000
27.956199 5 6 1000000.000000
28.057327 5 20 5000000.000000
28.684567 5 10 1000000.000000
28.937532 5 15 10000000.000000
2.333974 6 3 30000.000000
2.870094 6 18 10000000.000000
3.083807 6 4 2000000.000000
3.384407 6 7 20000.000000
3.940688 6 20 10000000.000000
5.334821 6 11 10000000.000000
6.068172 6 22 10000.000000
6.544630 6 15 50000.000000
6.589416 6 19 5000000.000000
7.436065 6 20 2000000.000000
8.002456 6 24 10000.000000
10.625070 6 25 80000.000000
12.625470 6 21 200000.000000
12.641754 6 14 2000000.000000
13.262727 6 4 80000.000000
13.682947 6 24 50000.000000
14.958463 6 26 20000.000000
16.117127 6 25 80000.000000
18.444508 6 4 10000.000000
19.671199 6 11 10000.000000
19.777283 6 26 5000000.000000
20.599116 6 0 10000000.000000
20.804763 6 2 10000.000000
20.872528 6 13 1000000.000000
21.343723 6 6 10000.000000
21.614269 6 16 1000000.000000
22.095447 6 16 200000.000000
23.624625 6 11 10000.000000
24.038875 6 23 200000.000000
24.709581 6 19 50000.000000
25.262071 6 17 10000.000000
25.729722 6 24 5000000.000000
1.320215 7 9 10000.000000
4.566871 7 9 30000.000000
5.053966 7 17 1000000.000000
6.157134 7 16 50000.000000
6.301493 7 20 10000.000000
7.254755 7 16 10000000.000000
8.551157 7 21 10000.000000
9.315359 7 12 30000000.000000
12.012761 7 14 10000.000000
13.356640 7 8 5000000.000000
15.304301 7 16 30000.000000
15.394517 7 18 5000000.000000
17.280738 7 7 2000000.000000
17.747863 7 2 80000.000000
18.655531 7 16 30000000.000000
18.827482 7 18 1000000.000000
20.982068 7 10 2000000.000000
21.424360 7 6 5000000.000000
21.569920 7 10 80000.000000
23.142261 7 22 80000.000000
23.732982 7 1 80000.000000
24.588090 7 5 1000000.000000
26.596159 7 19 200000.000000
2.063314 8 0 2000000.000000
2.650382 8 18 2000000.000000
3.365405 8 15 10000000.000000
3.971914 8 5 10000.000000
4.525390 8 9 5000000.000000
6.346330 8 7 10000.000000
9.996134 8 25 1000000.000000
12.012108 8 15 2000000.000000
13.601998 8 0 1000000.000000
14.277475 8 23 30000.000000
14.578577 8 4 80000.000000
17.361358 8 7 20000.000000
17.507963 8 15 1000000.000000
19.053521 8 16 5000000.000000
20.240761 8 8 30000.000000
20.497288 8 26 80000.000000
21.240457 8 4 20000.000000
21.277580 8 21 1000000.000000
21.998226 8 4 2000000.000000
25.800813 8 16 10000000.000000
26.213326 8 1 80000.000000
27.018945 8 3 10000.000000
29.624581 8 8 10000.000000
2.496994 9 22 5000000.000000
2.557166 9 6 5000000.000000
2.705565 9 21 2000000.000000
3.421698 9 13 50000.000000
5.018647 9 15 80000.000000
9.291967 9 15 10000.000000
10.570509 9 11 5000000.000000
10.668018 9 18 5000000.000000
10.762977 9 10 50000.000000
15.332738 9 18 10000.000000
15.885300 9 4 10000.000000
16.125494 9 20 1000000.000000
20.993361 9 24 10000000.000000
21.634485 9 16 1000000.000000
22.957976 9 0 2000000.000000
24.338531 9 8 50000.000000
25.841925 9 12 10000.000000
26.208292 9 2 30000.000000
27.262422 9 19 1000000.000000
28.926060 9 12 5000000.000000
1.141397 10 6 1000000.000000
1.973676 10 17 80000.000000
2.861345 10 13 5000000.000000
3.016166 10 18 80000.000000
3.593250 10 20 30000.000000
6.397053 10 5 20000.000000
9.205358 10 20 50000.000000
10.992907 10 7 80000.000000
15.530644 10 10 10000.000000
16.288291 10 23 50000.000000
18.730298 10 26 50000.000000
21.565894 10 21 50000.000000
22.308812 10 12 10000000.000000
24.020453 10 6 30000.000000
26.138229 10 11 30000.000000
28.590627 10 2 20000.000000
0.111053 11 8 10000.000000
0.203062 11 25 80000.000000
3.390267 11 17 5000000.000000
4.888859 11 22 1000000.000000
9.192618 11 14 80000.000000
9.922960 11 12 10000.000000
10.070341 11 16 2000000.000000
10.582117 11 18 30000.000000
16.232731 11 5 2000000.000000
19.092105 11 25 80000.000000
20.237933 11 23 10000000.000000
20.444618 11 5 1000000.000000
22.121298 11 4 30000000.000000
22.517099 11 3 30000000.000000
22.893828 11 19 10000000.000000
23.100983 11 11 10000.000000
27.129080 11 13 5000000.000000
29.194784 11 11 80000.000000
0.704267 12 14 10000.000000
2.739393 12 18 5000000.000000
5.237963 12 24 80000.000000
5.571328 12 13 200000.000000
6.046797 12 12 80000.000000
6.396167 12 17 30000000.000000
6.527540 12 24 200000.000000
10.292314 12 11 10000.000000
12.949159 12 23 50000.000000
13.446419 12 8 5000000.000000
14.113885 12 16 80000.000000
14.848633 12 9 1000000.000000
15.236871 12 5 10000.000000
16.648629 12 15 80000.000000
17.293424 12 19 80000.000000
17.325443 12 11 200000.000000
19.491920 12 11 200000.000000
28.968740 12 24 2000000.000000
29.330018 12 22 5000000.000000
29.828467 12 26 30000.000000
1.547620 13 21 2000000.000000
1.664951 13 3 1000000.000000
4.035323 13 4 30000.000000
4.354661 13 17 50000.000000
6.231914 13 8 5000000.000000
6.866494 13 21 80000.000000
6.903780 13 25 10000.000000
8.879778 13 12 80000.000000
9.357391 13 25 10000000.000000
11.755759 13 0 10000.000000
11.788591 13 4 80000.000000
12.063559 13 13 10000.000000
12.823831 13 18 200000.000000
13.354039 13 13 10000.000000
13.379110 13 0 30000.000000
14.939195 13 0 2000000.000000
15.404052 13 2 10000.000000
16.656366 13 1 10000000.000000
19.328786 13 23 30000.000000
20.760620 13 1 80000.000000
23.444602 13 6 10000.000000
24.486205 13 7 10000.000000
24.605699 13 16 1000000.000000
27.183133 13 13 2000000.000000
28.465935 13 24 10000.000000
1.063489 14 9 10000.000000
3.718979 14 13 5000000.000000
3.887281 14 7 30000.000000
4.574386 14 12 30000000.000000
6.351871 14 24 5000000.000000
6.406800 14 22 1000000.000000
6.644911 14 22 5000000.000000
6.813249 14 5 10000.000000
7.019144 14 26 200000.000000
9.197906 14 4 200000.000000
9.469640 14 22 10000.000000
11.251313 14 1 80000.000000
11.525051 14 21 30000.000000
12.744541 14 0 20000.000000
12.832535 14 25 30000.000000
13.646094 14 26 2000000.000000
13.808965 14 4 80000.000000
14.439003 14 25 80000.000000
18.983682 14 22 1000000.000000
20.649465 14 21 10000000.000000
20.725861 14 11 20000.000000
21.896822 14 5 1000000.000000
25.164120 14 8 50000.000000
27.904136 14 7 50000.000000
28.517554 14 1 2000000.000000
28.669047 14 13 10000000.000000
0.194719 15 1 10000.000000
2.373256 15 4 80000.000000
4.935090 15 26 10000.000000
5.723586 15 7 5000000.000000
6.375677 15 6 10000000.000000
6.967408 15 10 10000.000000
8.121133 15 24 5000000.000000
9.847333 15 11 10000000.000000
11.076726 15 7 10000.000000
11.360261 15 1 200000.000000
11.632240 15 0 200000.000000
16.155659 15 2 30000.000000
20.789615 15 6 80000.000000
22.539583 15 21 30000000.000000
24.349044 15 11 10000.000000
27.585089 15 20 80000.000000
0.742646 16 15 5000000.000000
1.403999 16 12 10000.000000
3.723627 16 6 10000.000000
5.838365 16 17 30000.000000
5.982777 16 4 20000.000000
7.394200 16 13 50000.000000
8.553380 16 25 80000.000000
10.078907 16 9 1000000.000000
12.786224 16 8 30000.000000
13.073828 16 2 30000.000000
14.016578 16 6 10000000.000000
15.269654 16 10 10000000.000000
16.732368 16 3 30000.000000
17.283324 16 9 30000.000000
17.973684 16 5 5000000.000000
19.492107 16 4 1000000.000000
21.274511 16 5 30000.000000
21.811354 16 13 2000000.000000
22.012496 16 14 50000.000000
28.379843 16 14 30000.000000
28.805741 16 20 10000000.000000
3.328539 17 8 10000.000000
3.868868 17 2 10000.000000
5.754616 17 17 80000.000000
5.908061 17 17 80000.000000
8.795809 17 23 30000.000000
9.709498 17 13 5000000.000000
10.281808 17 24 50000.000000
10.862549 17 0 1000000.000000
11.186232 17 25 10000.000000
11.463139 17 15 50000.000000
12.951518 17 16 50000.000000
13.121819 17 24 200000.000000
13.227120 17 21 80000.000000
16.103041 17 22 1000000.000000
17.768092 17 18 80000.000000
18.140078 17 13 5000000.000000
18.759931 17 0 1000000.000000
19.819950 17 5 50000.000000
20.284161 17 4 50000.000000
20.591600 17 26 50000.000000
21.635580 17 7 2000000.000000
21.662034 17 24 50000.000000
22.963276 17 6 5000000.000000
24.737135 17 17 2000000.000000
24.834682 17 8 1000000.000000
25.214087 17 12 1000000.000000
27.029548 17 14 50000.000000
28.587994 17 16 2000000.000000
28.880168 17 9 20000.000000
0.268741 18 22 30000000.000000
0.711903 18 15 1000000.000000
0.869721 18 4 2000000.000000
0.896595 18 3 5000000.000000
4.301649 18 21 5000000.000000
4.660406 18 21 30000000.000000
7.175165 18 13 2000000.000000
8.366141 18 5 30000000.000000
9.128129 18 22 10000000.000000
11.483326 18 13 30000.000000
14.079677 18 21 30000.000000
14.187828 18 6 30000000.000000
14.389119 18 8 80000.000000
15.611269 18 4 30000.000000
15.897350 18 8 10000.000000
16.416787 18 24 20000.000000
17.535484 18 18 200000.000000
17.761153 18 6 80000.000000
18.617652 18 16 10000.000000
18.827371 18 21 50000.000000
19.030203 18 22 200000.000000
19.332480 18 20 10000.000000
19.633797 18 16 30000.000000
19.810346 18 8 80000.000000
20.055218 18 15 80000.000000
20.124737 18 13 80000.000000
20.236029 18 4 1000000.000000
22.230165 18 5 5000000.000000
23.100209 18 19 5000000.000000
23.801018 18 25 80000.000000
28.086264 18 12 10000.000000
28.222524 18 8 80000.000000
28.670422 18 23 50000.000000
0.379902 19 15 80000.000000
2.110879 19 2 5000000.000000
2.454220 19 1 50000.000000
3.259960 19 13 30000.000000
3.455776 19 22 30000.000000
6.174908 19 8 1000000.000000
6.543311 19 4 1000000.000000
6.843747 19 2 200000.000000
7.360963 19 23 80000.000000
7.471614 19 26 1000000.000000
8.783134 19 24 10000000.000000
9.629368 19 0 50000.000000
9.767981 19 23 80000.000000
10.398208 19 7 80000.000000
12.395874 19 22 10000.000000
12.769065 19 25 80000.000000
14.248898 19 21 30000.000000
15.714243 19 9 80000.000000
15.798709 19 14 1000000.000000
15.893599 19 16 10000.000000
18.130159 19 14 30000.000000
19.674662 19 1 2000000.000000
20.732157 19 10 80000.000000
24.330141 19 25 10000.000000
26.709116 19 14 200000.000000
26.753781 19 24 10000.000000
28.321303 19 21 5000000.000000
29.797375 19 23 80000.000000
6.933033 20 15 200000.000000
7.200885 20 0 30000.000000
7.916160 20 11 2000000.000000
9.544252 20 10 30000.000000
9.994649 20 15 80000.000000
11.367752 20 0 1000000.000000
11.837586 20 19 80000.000000
14.074927 20 11 1000000.000000
15.740803 20 3 10000.000000
16.666418 20 3 1000000.000000
21.686467 20 20 30000.000000
27.310641 20 9 5000000.000000
28.080314 20 20 10000.000000
29.141179 20 24 50000.000000
0.879873 21 8 10000.000000
4.988670 21 9 2000000.000000
6.190988 21 1 1000000.000000
8.927777 21 23 5000000.000000
9.241136 21 24 10000.000000
10.912227 21 18 80000.000000
11.358979 21 3 50000.000000
11.672108 21 3 50000.000000
15.784003 21 13 10000000.000000
16.387510 21 8 80000.000000
18.724839 21 4 10000000.000000
19.004078 21 18 10000.000000
21.039022 21 18 5000000.000000
24.171619 21 10 80000.000000
24.283889 21 11 80000.000000
27.507202 21 14 10000000.000000
28.238112 21 16 1000000.000000
29.719775 21 22 5000000.000000
2.276381 22 22 20000.000000
2.869050 22 18 30000.000000
4.334893 22 3 50000.000000
4.422187 22 10 80000.000000
4.611031 22 6 5000000.000000
5.234845 22 7 10000.000000
6.340849 22 17 50000.000000
6.691958 22 24 50000.000000
6.754706 22 5 1000000.000000
9.447998 22 24 10000.000000
10.845817 22 5 2000000.000000
12.162759 22 23 200000.000000
12.389424 22 19 5000000.000000
15.739192 22 14 50000.000000
17.382942 22 11 2000000.000000
18.162710 22 3 80000.000000
18.705782 22 17 80000.000000
22.355380 22 5 2000000.000000
23.005580 22 9 5000000.000000
23.251587 22 4 80000.000000
23.449984 22 18 1000000.000000
23.865598 22 23 80000.000000
25.547861 22 5 200000.000000
26.776256 22 9 10000000.000000
27.123781 22 25 20000.000000
27.833524 22 11 2000000.000000
28.783969 22 19 30000000.000000
29.002478 22 8 30000.000000
0.007343 23 11 10000000.000000
2.053671 23 9 80000.000000
4.797728 23 21 5000000.000000
6.140804 23 8 20000.000000
6.585611 23 7 10000.000000
6.685524 23 9 10000.000000
6.974487 23 17 2000000.000000
6.988107 23 10 1000000.000000
9.386005 23 4 20000.000000
9.952834 23 7 80000.000000
10.362827 23 16 80000.000000
13.121013 23 25 30000000.000000
13.650358 23 0 10000000.000000
14.168473 23 6 2000000.000000
14.258844 23 11 30000.000000
16.674381 23 4 50000.000000
16.778552 23 0 10000.000000
17.879453 23 23 10000000.000000
17.973587 23 25 2000000.000000
19.749283 23 22 2000000.000000
19.836384 23 17 10000.000000
23.230983 23 1 2000000.000000
24.078263 23 7 10000000.000000
29.208733 23 22 50000.000000
0.531140 24 23 1000000.000000
1.118025 24 10 5000000.000000
1.380729 24 23 5000000.000000
1.730178 24 16 5000000.000000
2.236004 24 11 30000.000000
2.647917 24 5 30000.000000
3.558764 24 16 10000.000000
3.951488 24 23 1000000.000000
4.407131 24 0 10000000.000000
4.724678 24 26 20000.000000
5.035688 24 24 2000000.000000
6.156398 24 25 10000.000000
6.651967 24 15 2000000.000000
6.762316 24 0 5000000.000000
9.762388 24 16 30000.000000
11.309782 24 23 30000.000000
11.375323 24 2 20000.000000
11.449881 24 14 80000.000000
12.095592 24 19 10000.000000
13.966660 24 0 10000000.000000
14.173476 24 5 200000.000000
14.432447 24 4 2000000.000000
16.224804 24 19 5000000.000000
18.179875 24 10 5000000.000000
19.111220 24 19 80000.000000
22.294949 24 22 80000.000000
25.222052 24 20 200000.000000
25.892208 24 9 10000.000000
26.491591 24 9 30000.000000
27.362702 24 19 10000.000000
28.266393 24 10 1000000.000000
29.096417 24 0 5000000.000000
0.279505 25 26 200000.000000
0.796609 25 16 80000.000000
2.127065 25 18 50000.000000
3.293640 25 0 10000000.000000
4.241156 25 26 10000.000000
6.846960 25 6 10000.000000
6.985344 25 20 80000.000000
8.476633 25 15 30000.000000
10.187104 25 4 200000.000000
11.000535 25 7 20000.000000
11.153589 25 20 30000.000000
11.406256 25 21 10000.000000
13.807410 25 14 1000000.000000
15.462595 25 6 10000.000000
16.557137 25 7 80000.000000
17.349650 25 26 1000000.000000
17.735465 25 10 5000000.000000
20.161347 25 3 10000.000000
20.243126 25 9 10000.000000
20.306750 25 3 1000000.000000
21.301822 25 12 20000.000000
22.729239 25 4 200000.000000
23.008540 25 15 20000.000000
23.785787 25 22 20000.000000
24.881456 25 7 10000.000000
26.083933 25 5 80000.000000
27.954624 25 7 20000.000000
2.216551 26 25 50000.000000
8.334032 26 17 80000.000000
8.838810 26 8 30000.000000
14.571436 26 0 2000000.000000
16.214821 26 20 10000000.000000
16.790673 26 0 200000.000000
16.821650 26 0 50000.000000
18.580322 26 20 10000.000000
19.561489 26 6 2000000.000000
19.745052 26 2 10000.000000
20.530933 26 15 80000.000000
20.735628 26 7 1000000.000000
22.410337 26 25 200000.000000
25.490774 26 2 10000.000000
27.138204 26 21 200000.000000
28.706995 26 18 80000.000000
28.714535 26 20 1000000.000000
