0.297389 0 17 200000.000000
1.298576 0 4 10000.000000
1.789659 0 25 50000.000000
3.407886 0 23 200000.000000
3.647549 0 3 50000.000000
4.895036 0 24 80000.000000
5.083857 0 2 50000.000000
5.772466 0 5 80000.000000
5.841667 0 15 10000.000000
5.958343 0 0 10000.000000
6.404145 0 22 200000.000000
6.867708 0 17 10000000.000000
7.346552 0 4 2000000.000000
7.353248 0 7 2000000.000000
7.362836 0 21 10000.000000
7.447468 0 25 30000.000000
7.731593 0 23 5000000.000000
8.034097 0 19 200000.000000
8.362034 0 20 80000.000000
8.940274 0 17 1000000.000000
10.528659 0 4 10000.000000
10.700175 0 2 80000.000000
10.748424 0 3 10000.000000
11.015145 0 15 1000000.000000
11.068433 0 3 1000000.000000
11.194591 0 19 200000.000000
11.306416 0 5 200000.000000
11.872802 0 25 80000.000000
12.398037 0 7 2000000.000000
12.464024 0 0 20000.000000
12.689017 0 10 30000.000000
12.874813 0 18 1000000.000000
13.796152 0 6 50000.000000
13.806467 0 21 50000.000000
13.900854 0 15 50000.000000
15.377425 0 11 50000.000000
15.498683 0 16 2000000.000000
15.662400 0 3 5000000.000000
16.049056 0 26 30000.000000
16.793679 0 26 30000000.000000
16.969831 0 2 2000000.000000
17.250895 0 7 50000.000000
17.513201 0 16 10000.000000
18.588108 0 6 10000.000000
19.434691 0 16 20000.000000
20.185974 0 3 50000.000000
20.346147 0 20 50000.000000
20.517385 0 26 30000.000000
20.625670 0 22 20000.000000
20.627323 0 15 20000.000000
21.230323 0 21 20000.000000
21.279867 0 8 10000.000000
21.355634 0 3 5000000.000000
21.593447 0 2 2000000.000000
22.241116 0 8 10000000.000000
23.085511 0 10 1000000.000000
24.231102 0 8 50000.000000
24.315961 0 18 10000.000000
24.456413 0 1 10000000.000000
24.702994 0 26 5000000.000000
25.134501 0 8 10000.000000
25.281146 0 21 20000.000000
26.062093 0 13 2000000.000000
26.147258 0 6 20000.000000
26.537800 0 2 10000.000000
26.906435 0 24 80000.000000
26.930327 0 11 80000.000000
27.162569 0 7 1000000.000000
28.012932 0 21 5000000.000000
28.540318 0 21 80000.000000
28.835838 0 16 50000.000000
29.365566 0 2 200000.000000
29.418013 0 11 30000.000000
29.947231 0 0 1000000.000000
0.747277 1 22 80000.000000
1.142245 1 7 2000000.000000
1.429838 1 18 50000.000000
1.694203 1 21 80000.000000
1.924729 1 26 5000000.000000
2.700460 1 7 30000000.000000
2.974168 1 0 200000.000000
3.729669 1 15 10000.000000
4.552660 1 14 10000.000000
4.602931 1 3 5000000.000000
4.624504 1 26 50000.000000
4.785717 1 0 2000000.000000
5.039459 1 19 80000.000000
5.355722 1 3 80000.000000
5.413489 1 12 10000.000000
5.425134 1 21 50000.000000
6.226598 1 3 20000.000000
6.229006 1 0 80000.000000
6.437129 1 8 1000000.000000
6.554955 1 19 200000.000000
7.228334 1 0 1000000.000000
7.289719 1 14 30000000.000000
7.297961 1 19 10000.000000
7.472966 1 1 30000.000000
7.729899 1 3 80000.000000
8.069959 1 15 10000.000000
8.510116 1 7 80000.000000
8.574198 1 18 1000000.000000
8.691513 1 23 2000000.000000
9.018880 1 19 1000000.000000
9.165126 1 25 1000000.000000
9.170778 1 22 2000000.000000
9.369257 1 19 2000000.000000
9.922014 1 0 10000000.000000
10.396133 1 11 30000.000000
10.424606 1 13 80000.000000
10.785402 1 8 1000000.000000
11.098342 1 0 1000000.000000
11.148903 1 19 20000.000000
11.184963 1 7 10000000.000000
11.578674 1 11 200000.000000
11.757718 1 24 10000.000000
12.262323 1 15 80000.000000
12.269544 1 7 10000000.000000
12.512490 1 26 5000000.000000
12.890128 1 26 200000.000000
13.309323 1 17 1000000.000000
13.845684 1 3 10000000.000000
14.142528 1 5 20000.000000
14.386015 1 15 50000.000000
15.105689 1 1 10000000.000000
15.265774 1 16 10000000.000000
15.393929 1 6 10000000.000000
15.399437 1 25 50000.000000
15.601183 1 12 10000.000000
16.067030 1 20 50000.000000
16.162325 1 5 5000000.000000
16.315782 1 4 30000.000000
16.619770 1 12 5000000.000000
19.955552 1 11 10000.000000
20.385420 1 15 2000000.000000
20.410962 1 14 20000.000000
22.245332 1 20 200000.000000
22.909997 1 19 80000.000000
23.196258 1 26 80000.000000
23.335144 1 4 2000000.000000
23.487834 1 13 50000.000000
23.572377 1 14 10000.000000
23.639141 1 15 50000.000000
23.855868 1 18 10000000.000000
24.615407 1 7 20000.000000
24.846894 1 13 2000000.000000
25.025805 1 8 80000.000000
25.437744 1 0 50000.000000
26.046427 1 6 1000000.000000
26.378047 1 20 5000000.000000
26.470486 1 10 1000000.000000
27.272374 1 15 10000000.000000
28.052858 1 3 30000.000000
28.385632 1 18 10000000.000000
29.136056 1 4 2000000.000000
29.299954 1 7 20000.000000
29.443841 1 20 10000000.000000
29.542836 1 11 10000000.000000
29.572651 1 22 10000.000000
29.590315 1 15 50000.000000
0.146114 2 19 5000000.000000
0.926361 2 20 2000000.000000
1.263804 2 24 10000.000000
1.796283 2 25 80000.000000
2.384132 2 21 200000.000000
3.519792 2 14 2000000.000000
3.958800 2 4 80000.000000
4.142690 2 24 50000.000000
4.152313 2 26 20000.000000
4.263435 2 25 80000.000000
4.949186 2 4 10000.000000
5.195281 2 11 10000.000000
5.272581 2 26 5000000.000000
5.512233 2 0 10000000.000000
6.292890 2 2 10000.000000
6.752831 2 13 1000000.000000
7.671659 2 6 10000.000000
8.122416 2 16 1000000.000000
8.137720 2 16 200000.000000
8.248635 2 11 10000.000000
8.387437 2 23 200000.000000
8.452071 2 19 50000.000000
8.528646 2 17 10000.000000
9.221042 2 24 5000000.000000
9.710448 2 9 10000.000000
10.092128 2 9 30000.000000
10.459729 2 17 1000000.000000
11.114432 2 16 50000.000000
11.122940 2 20 10000.000000
11.238132 2 16 10000000.000000
11.820031 2 21 10000.000000
11.914649 2 12 30000000.000000
12.096069 2 14 10000.000000
12.276251 2 8 5000000.000000
12.300981 2 16 30000.000000
12.514305 2 18 5000000.000000
12.534724 2 7 2000000.000000
12.613973 2 2 80000.000000
13.173187 2 16 30000000.000000
13.281442 2 18 1000000.000000
13.385644 2 10 2000000.000000
14.127195 2 6 5000000.000000
14.294153 2 10 80000.000000
14.472749 2 22 80000.000000
14.493582 2 1 80000.000000
14.784641 2 5 1000000.000000
15.052684 2 19 200000.000000
15.571610 2 0 2000000.000000
16.279494 2 18 2000000.000000
16.635201 2 15 10000000.000000
16.652651 2 5 10000.000000
17.615958 2 9 5000000.000000
18.596592 2 7 10000.000000
19.209531 2 25 1000000.000000
19.483384 2 15 2000000.000000
19.687563 2 0 1000000.000000
20.439165 2 23 30000.000000
20.710255 2 4 80000.000000
20.968392 2 7 20000.000000
20.984233 2 15 1000000.000000
21.193913 2 16 5000000.000000
21.881729 2 8 30000.000000
22.436360 2 26 80000.000000
24.266362 2 4 20000.000000
24.861856 2 21 1000000.000000
25.003465 2 4 2000000.000000
25.083396 2 16 10000000.000000
25.621505 2 1 80000.000000
26.393125 2 3 10000.000000
26.880304 2 8 10000.000000
27.657309 2 22 5000000.000000
27.701010 2 6 5000000.000000
27.798540 2 21 2000000.000000
28.034915 2 13 50000.000000
28.201732 2 15 80000.000000
28.929353 2 15 10000.000000
28.960858 2 11 5000000.000000
29.330847 2 18 5000000.000000
0.216017 3 10 50000.000000
0.471618 3 18 10000.000000
0.772967 3 4 10000.000000
1.150742 3 20 1000000.000000
1.204496 3 24 10000000.000000
2.172311 3 16 1000000.000000
2.429826 3 0 2000000.000000
3.219151 3 8 50000.000000
3.491474 3 12 10000.000000
3.514467 3 2 30000.000000
3.853444 3 19 1000000.000000
3.968281 3 12 5000000.000000
4.634240 3 6 1000000.000000
5.310577 3 17 80000.000000
5.519937 3 13 5000000.000000
5.544437 3 18 80000.000000
5.637445 3 20 30000.000000
5.846785 3 5 20000.000000
5.888357 3 20 50000.000000
6.132185 3 7 80000.000000
6.417990 3 10 10000.000000
6.602279 3 23 50000.000000
6.773357 3 26 50000.000000
7.775711 3 21 50000.000000
8.110179 3 12 10000000.000000
9.281899 3 6 30000.000000
11.126760 3 11 30000.000000
12.691510 3 2 20000.000000
12.722650 3 8 10000.000000
12.724588 3 25 80000.000000
12.791486 3 17 5000000.000000
13.348607 3 22 1000000.000000
14.272726 3 14 80000.000000
14.279072 3 12 10000.000000
14.965818 3 16 2000000.000000
15.197685 3 18 30000.000000
15.431774 3 5 2000000.000000
15.451153 3 25 80000.000000
15.869731 3 23 10000000.000000
16.012743 3 5 1000000.000000
16.179147 3 4 30000000.000000
16.319156 3 3 30000000.000000
16.547741 3 19 10000000.000000
16.895948 3 11 10000.000000
16.934689 3 13 5000000.000000
17.350364 3 11 80000.000000
17.643181 3 14 10000.000000
18.961365 3 18 5000000.000000
19.070658 3 24 80000.000000
19.522396 3 13 200000.000000
20.394007 3 12 80000.000000
20.873540 3 17 30000000.000000
20.877243 3 24 200000.000000
21.261896 3 11 10000.000000
21.624630 3 23 50000.000000
21.699198 3 8 5000000.000000
22.151760 3 16 80000.000000
22.197075 3 9 1000000.000000
22.209985 3 5 10000.000000
22.882440 3 15 80000.000000
23.011405 3 19 80000.000000
23.077026 3 11 200000.000000
24.934448 3 11 200000.000000
24.997908 3 24 2000000.000000
25.272266 3 22 5000000.000000
25.302727 3 26 30000.000000
26.100903 3 21 2000000.000000
26.414194 3 3 1000000.000000
26.731887 3 4 30000.000000
26.982435 3 17 50000.000000
27.121725 3 8 5000000.000000
27.322169 3 21 80000.000000
27.812965 3 25 10000.000000
27.854457 3 12 80000.000000
27.929614 3 25 10000000.000000
27.976758 3 0 10000.000000
28.086410 3 4 80000.000000
28.159436 3 13 10000.000000
29.738632 3 18 200000.000000
1.463951 4 13 10000.000000
1.923441 4 0 30000.000000
2.138966 4 0 2000000.000000
2.829613 4 2 10000.000000
3.110032 4 1 10000000.000000
3.251289 4 23 30000.000000
3.725968 4 1 80000.000000
3.872416 4 6 10000.000000
4.143764 4 7 10000.000000
4.327772 4 16 1000000.000000
4.587448 4 13 2000000.000000
4.965177 4 24 10000.000000
5.874918 4 9 10000.000000
7.419263 4 13 5000000.000000
7.461340 4 7 30000.000000
7.681682 4 12 30000000.000000
7.819364 4 24 5000000.000000
7.904593 4 22 1000000.000000
7.961673 4 22 5000000.000000
8.312498 4 5 10000.000000
8.487057 4 26 200000.000000
8.663561 4 4 200000.000000
9.033996 4 22 10000.000000
9.550565 4 1 80000.000000
9.838230 4 21 30000.000000
9.840534 4 0 20000.000000
9.942203 4 25 30000.000000
10.531743 4 26 2000000.000000
11.078882 4 4 80000.000000
11.173419 4 25 80000.000000
11.872286 4 22 1000000.000000
11.885189 4 21 10000000.000000
12.039362 4 11 20000.000000
12.165082 4 5 1000000.000000
12.183370 4 8 50000.000000
12.769233 4 7 50000.000000
12.912945 4 1 2000000.000000
13.161979 4 13 10000000.000000
13.191143 4 1 10000.000000
13.384873 4 4 80000.000000
15.370866 4 26 10000.000000
15.482736 4 7 5000000.000000
15.552477 4 6 10000000.000000
15.732288 4 10 10000.000000
15.991575 4 24 5000000.000000
16.432566 4 11 10000000.000000
17.122310 4 7 10000.000000
17.214629 4 1 200000.000000
18.393447 4 0 200000.000000
18.613245 4 2 30000.000000
18.664849 4 6 80000.000000
18.747566 4 21 30000000.000000
19.059813 4 11 10000.000000
19.145300 4 20 80000.000000
19.161547 4 15 5000000.000000
19.785854 4 12 10000.000000
19.920998 4 6 10000.000000
20.426426 4 17 30000.000000
21.291609 4 4 20000.000000
21.313420 4 13 50000.000000
21.661568 4 25 80000.000000
21.692942 4 9 1000000.000000
21.849038 4 8 30000.000000
21.932780 4 2 30000.000000
21.963504 4 6 10000000.000000
22.487109 4 10 10000000.000000
23.028427 4 3 30000.000000
23.364059 4 9 30000.000000
24.172678 4 5 5000000.000000
24.477890 4 4 1000000.000000
24.875711 4 5 30000.000000
25.014198 4 13 2000000.000000
25.434496 4 14 50000.000000
25.446429 4 14 30000.000000
25.542784 4 20 10000000.000000
25.599315 4 8 10000.000000
25.677952 4 2 10000.000000
26.017701 4 17 80000.000000
26.218433 4 17 80000.000000
26.361826 4 23 30000.000000
26.905280 4 13 5000000.000000
28.195304 4 24 50000.000000
28.333419 4 0 1000000.000000
28.571745 4 25 10000.000000
28.929377 4 15 50000.000000
29.317418 4 16 50000.000000
29.458224 4 24 200000.000000
29.562653 4 21 80000.000000
29.623158 4 22 1000000.000000
0.003063 5 18 80000.000000
0.156378 5 13 5000000.000000
0.475202 5 0 1000000.000000
0.886775 5 5 50000.000000
1.547231 5 4 50000.000000
1.852776 5 26 50000.000000
2.227524 5 7 2000000.000000
2.748692 5 24 50000.000000
4.014486 5 6 5000000.000000
4.164115 5 17 2000000.000000
4.593396 5 8 1000000.000000
4.690936 5 12 1000000.000000
5.894828 5 14 50000.000000
6.104571 5 16 2000000.000000
6.323342 5 9 20000.000000
6.590944 5 22 30000000.000000
6.989496 5 15 1000000.000000
7.303840 5 4 2000000.000000
8.437420 5 3 5000000.000000
8.739439 5 21 5000000.000000
9.233484 5 21 30000000.000000
9.341628 5 13 2000000.000000
9.878481 5 5 30000000.000000
10.159392 5 22 10000000.000000
10.509868 5 13 30000.000000
12.190189 5 21 30000.000000
12.209367 5 6 30000000.000000
12.427717 5 8 80000.000000
12.593697 5 4 30000.000000
12.712745 5 8 10000.000000
12.835968 5 24 20000.000000
13.003453 5 18 200000.000000
13.053130 5 6 80000.000000
13.060451 5 16 10000.000000
13.168555 5 21 50000.000000
14.312828 5 22 200000.000000
14.337568 5 20 10000.000000
15.119737 5 16 30000.000000
15.128425 5 8 80000.000000
15.355414 5 15 80000.000000
15.611709 5 13 80000.000000
15.813745 5 4 1000000.000000
16.572646 5 5 5000000.000000
16.653890 5 19 5000000.000000
16.798970 5 25 80000.000000
16.874648 5 12 10000.000000
17.272809 5 8 80000.000000
19.534299 5 23 50000.000000
20.714763 5 15 80000.000000
20.890848 5 2 5000000.000000
21.091969 5 1 50000.000000
21.241851 5 13 30000.000000
21.974959 5 22 30000.000000
22.067479 5 8 1000000.000000
22.436022 5 4 1000000.000000
22.591417 5 2 200000.000000
22.893241 5 23 80000.000000
23.150666 5 26 1000000.000000
23.543049 5 24 10000000.000000
23.547482 5 0 50000.000000
24.343226 5 23 80000.000000
24.402125 5 7 80000.000000
24.807834 5 22 10000.000000
24.999861 5 25 80000.000000
25.179044 5 21 30000.000000
25.188735 5 9 80000.000000
25.971240 5 14 1000000.000000
26.029872 5 16 10000.000000
26.739103 5 14 30000.000000
27.385550 5 1 2000000.000000
27.745989 5 10 80000.000000
28.111431 5 25 10000.000000
29.555534 5 14 200000.000000
29.555717 5 24 10000.000000
0.309285 6 21 5000000.000000
0.343767 6 23 80000.000000
0.437915 6 15 200000.000000
0.573906 6 0 30000.000000
1.234964 6 11 2000000.000000
1.279860 6 10 30000.000000
1.507082 6 15 80000.000000
1.557996 6 0 1000000.000000
1.597076 6 19 80000.000000
1.657298 6 11 1000000.000000
2.065045 6 3 10000.000000
2.238145 6 3 1000000.000000
2.395813 6 20 30000.000000
2.505587 6 9 5000000.000000
2.717400 6 20 10000.000000
3.108667 6 24 50000.000000
3.207907 6 8 10000.000000
4.004323 6 9 2000000.000000
4.466049 6 1 1000000.000000
4.799189 6 23 5000000.000000
4.917948 6 24 10000.000000
5.092781 6 18 80000.000000
5.269494 6 3 50000.000000
5.492560 6 3 50000.000000
5.661719 6 13 10000000.000000
6.754256 6 8 80000.000000
7.586185 6 4 10000000.000000
7.729267 6 18 10000.000000
8.390035 6 18 5000000.000000
8.607529 6 10 80000.000000
8.641509 6 11 80000.000000
8.734683 6 14 10000000.000000
9.033778 6 16 1000000.000000
9.093525 6 22 5000000.000000
9.113480 6 22 20000.000000
9.374775 6 18 30000.000000
9.737185 6 3 50000.000000
10.228802 6 10 80000.000000
10.941184 6 6 5000000.000000
11.620879 6 7 10000.000000
11.762100 6 17 50000.000000
11.957071 6 24 50000.000000
12.082983 6 5 1000000.000000
12.389524 6 24 10000.000000
12.404562 6 5 2000000.000000
12.408189 6 23 200000.000000
12.842565 6 19 5000000.000000
13.314078 6 14 50000.000000
14.101303 6 11 2000000.000000
14.107763 6 3 80000.000000
14.598688 6 17 80000.000000
15.120044 6 5 2000000.000000
15.807617 6 9 5000000.000000
16.715346 6 4 80000.000000
17.070133 6 18 1000000.000000
17.354129 6 23 80000.000000
17.399890 6 5 200000.000000
18.888858 6 9 10000000.000000
18.978536 6 25 20000.000000
18.984239 6 11 2000000.000000
19.340665 6 19 30000000.000000
19.659919 6 8 30000.000000
19.920917 6 11 10000000.000000
20.192912 6 9 80000.000000
20.473713 6 21 5000000.000000
20.560277 6 8 20000.000000
20.573639 6 7 10000.000000
20.971414 6 9 10000.000000
21.317706 6 17 2000000.000000
21.329170 6 10 1000000.000000
22.251504 6 4 20000.000000
22.710197 6 7 80000.000000
23.287185 6 16 80000.000000
23.311272 6 25 30000000.000000
24.079831 6 0 10000000.000000
24.117126 6 6 2000000.000000
24.394505 6 11 30000.000000
24.962702 6 4 50000.000000
25.199820 6 0 10000.000000
25.228797 6 23 10000000.000000
25.515647 6 25 2000000.000000
26.002545 6 22 2000000.000000
27.538325 6 17 10000.000000
27.583350 6 1 2000000.000000
28.296776 6 7 10000000.000000
28.715797 6 22 50000.000000
29.252316 6 23 1000000.000000
29.679502 6 10 5000000.000000
29.956264 6 23 5000000.000000
1.210062 7 16 5000000.000000
1.500671 7 11 30000.000000
1.647594 7 5 30000.000000
1.670465 7 16 10000.000000
1.757670 7 23 1000000.000000
2.315059 7 0 10000000.000000
2.423163 7 26 20000.000000
2.688580 7 24 2000000.000000
2.878324 7 25 10000.000000
3.188970 7 15 2000000.000000
3.577506 7 0 5000000.000000
3.629272 7 16 30000.000000
4.115362 7 23 30000.000000
4.130038 7 2 20000.000000
4.326680 7 14 80000.000000
4.384855 7 19 10000.000000
5.028339 7 0 10000000.000000
5.100736 7 5 200000.000000
5.374272 7 4 2000000.000000
5.990986 7 19 5000000.000000
6.792602 7 10 5000000.000000
6.894528 7 19 80000.000000
7.335776 7 22 80000.000000
7.763294 7 20 200000.000000
8.918584 7 9 10000.000000
9.184397 7 9 30000.000000
9.535018 7 19 10000.000000
9.608867 7 10 1000000.000000
9.873039 7 0 5000000.000000
9.908783 7 26 200000.000000
10.445515 7 16 80000.000000
10.561025 7 18 50000.000000
11.072378 7 0 10000000.000000
11.609590 7 26 10000.000000
12.018534 7 6 10000.000000
12.176215 7 20 80000.000000
12.936415 7 15 30000.000000
13.133563 7 4 200000.000000
14.038113 7 7 20000.000000
14.458813 7 20 30000.000000
15.164603 7 21 10000.000000
15.539536 7 14 1000000.000000
15.847209 7 6 10000.000000
15.861905 7 7 80000.000000
16.005250 7 26 1000000.000000
16.587802 7 10 5000000.000000
17.068911 7 3 10000.000000
17.469082 7 9 10000.000000
17.489084 7 3 1000000.000000
17.575443 7 12 20000.000000
17.737565 7 4 200000.000000
17.808722 7 15 20000.000000
17.913990 7 22 20000.000000
18.077863 7 7 10000.000000
18.545082 7 5 80000.000000
18.611801 7 7 20000.000000
18.838594 7 25 50000.000000
19.123477 7 17 80000.000000
19.328934 7 8 30000.000000
20.196120 7 0 2000000.000000
20.285361 7 20 10000000.000000
20.524720 7 0 200000.000000
21.285124 7 0 50000.000000
21.661568 7 20 10000.000000
21.745673 7 6 2000000.000000
22.218672 7 2 10000.000000
22.349457 7 15 80000.000000
22.608098 7 7 1000000.000000
22.901758 7 25 200000.000000
23.138747 7 2 10000.000000
23.678024 7 21 200000.000000
23.684418 7 18 80000.000000
24.254736 7 20 1000000.000000
25.370217 7 12 30000.000000
25.388584 7 22 10000.000000
25.812111 7 25 50000.000000
26.085710 7 11 1000000.000000
26.172196 7 5 10000.000000
26.530318 7 24 1000000.000000
26.575855 7 20 10000000.000000
26.840717 7 19 200000.000000
27.015437 7 19 30000.000000
27.171913 7 12 5000000.000000
27.209056 7 22 5000000.000000
27.326839 7 20 30000.000000
27.366676 7 2 30000000.000000
27.567323 7 23 2000000.000000
27.621112 7 11 1000000.000000
27.624215 7 7 10000.000000
27.836568 7 7 5000000.000000
28.092706 7 14 10000000.000000
28.255847 7 11 1000000.000000
28.643599 7 21 20000.000000
28.953336 7 4 10000.000000
29.085178 7 3 10000.000000
29.095228 7 0 30000.000000
29.122407 7 20 200000.000000
29.429828 7 7 20000.000000
0.218242 8 9 80000.000000
0.506667 8 21 50000.000000
0.591612 8 16 80000.000000
0.865396 8 21 10000.000000
1.416060 8 11 50000.000000
1.729188 8 22 1000000.000000
1.786566 8 6 5000000.000000
2.486135 8 14 10000.000000
2.569687 8 14 2000000.000000
2.632138 8 13 50000.000000
2.972616 8 3 80000.000000
3.056440 8 15 50000.000000
3.664464 8 4 80000.000000
4.378735 8 6 1000000.000000
5.108680 8 25 10000.000000
5.794569 8 9 200000.000000
5.961951 8 5 5000000.000000
6.085355 8 14 80000.000000
6.407647 8 21 5000000.000000
6.502072 8 0 200000.000000
6.558584 8 18 80000.000000
7.167821 8 2 20000.000000
7.326396 8 14 2000000.000000
7.721310 8 12 10000.000000
8.495222 8 15 10000000.000000
8.843685 8 25 80000.000000
9.157915 8 4 80000.000000
9.179568 8 3 10000.000000
9.194175 8 8 50000.000000
9.261142 8 7 1000000.000000
9.403593 8 12 80000.000000
9.787204 8 18 1000000.000000
9.911526 8 24 20000.000000
10.945719 8 16 20000.000000
11.209277 8 18 30000.000000
11.449346 8 14 30000.000000
11.712944 8 1 10000000.000000
11.790618 8 11 10000.000000
12.374387 8 6 20000.000000
12.552264 8 6 1000000.000000
12.887675 8 10 1000000.000000
13.003582 8 19 1000000.000000
13.004302 8 12 5000000.000000
13.112751 8 24 2000000.000000
13.701093 8 21 2000000.000000
14.085093 8 4 1000000.000000
14.204737 8 25 1000000.000000
14.243704 8 13 20000.000000
14.798494 8 16 10000000.000000
14.929823 8 19 5000000.000000
16.133562 8 24 10000.000000
17.138098 8 5 80000.000000
17.411854 8 23 10000.000000
17.990778 8 19 30000.000000
18.329115 8 18 30000.000000
20.136870 8 2 80000.000000
20.596635 8 7 10000.000000
20.755433 8 17 10000.000000
21.614068 8 6 50000.000000
21.798783 8 18 20000.000000
21.844069 8 23 20000.000000
22.112270 8 23 10000000.000000
22.184806 8 7 20000.000000
22.197498 8 21 1000000.000000
23.581047 8 7 10000.000000
23.790681 8 20 50000.000000
24.265272 8 9 20000.000000
25.122851 8 19 2000000.000000
25.456411 8 5 80000.000000
26.322429 8 13 1000000.000000
26.647222 8 14 80000.000000
27.697892 8 14 80000.000000
28.037590 8 26 5000000.000000
29.303098 8 19 30000000.000000
29.344436 8 23 5000000.000000
29.641081 8 21 50000.000000
29.754605 8 23 10000.000000
29.845718 8 2 5000000.000000
0.144801 9 22 30000000.000000
0.306058 9 16 80000.000000
0.533084 9 0 80000.000000
1.219565 9 22 10000.000000
1.456426 9 25 20000.000000
1.457417 9 20 10000000.000000
1.971829 9 14 10000000.000000
2.075978 9 4 30000.000000
2.158298 9 21 2000000.000000
2.740884 9 12 5000000.000000
2.978186 9 1 5000000.000000
3.017770 9 3 50000.000000
4.187964 9 20 200000.000000
4.282775 9 17 30000.000000
4.992111 9 10 1000000.000000
5.396433 9 25 5000000.000000
5.642442 9 22 10000.000000
5.732656 9 7 10000.000000
6.111799 9 2 200000.000000
6.133926 9 9 30000.000000
6.212379 9 6 1000000.000000
6.458771 9 19 10000000.000000
6.465465 9 8 50000.000000
6.724037 9 0 80000.000000
7.261696 9 5 10000.000000
7.321179 9 17 30000.000000
8.215221 9 21 2000000.000000
8.406866 9 20 30000.000000
8.448313 9 8 30000000.000000
9.478237 9 25 50000.000000
9.619773 9 9 20000.000000
9.734577 9 12 2000000.000000
10.051644 9 16 10000.000000
10.114771 9 4 5000000.000000
10.273606 9 10 1000000.000000
11.208112 9 19 30000000.000000
11.528749 9 5 5000000.000000
11.873982 9 4 5000000.000000
12.924200 9 13 30000.000000
13.018269 9 21 5000000.000000
13.120271 9 21 20000.000000
15.018166 9 3 50000.000000
16.079540 9 22 5000000.000000
16.154015 9 8 30000.000000
16.203192 9 23 30000.000000
16.374761 9 10 80000.000000
16.435472 9 19 80000.000000
16.862134 9 25 1000000.000000
16.941172 9 3 20000.000000
17.337711 9 16 1000000.000000
17.438960 9 5 1000000.000000
17.673836 9 24 10000.000000
17.712964 9 24 1000000.000000
17.713533 9 12 30000.000000
17.857368 9 21 5000000.000000
18.893109 9 18 2000000.000000
19.115857 9 24 2000000.000000
19.710755 9 8 30000000.000000
21.145025 9 7 50000.000000
23.744891 9 11 200000.000000
23.865265 9 2 80000.000000
23.879135 9 9 80000.000000
24.393150 9 21 5000000.000000
24.443836 9 8 10000000.000000
24.462508 9 26 1000000.000000
24.693216 9 4 5000000.000000
24.760118 9 21 30000.000000
25.018799 9 14 10000000.000000
26.198905 9 18 200000.000000
26.468996 9 2 50000.000000
26.552529 9 11 5000000.000000
26.834856 9 5 80000.000000
26.970482 9 20 5000000.000000
27.605625 9 16 30000.000000
28.252012 9 9 30000.000000
28.917395 9 20 30000.000000
29.064971 9 26 10000000.000000
29.218961 9 10 200000.000000
29.620931 9 25 30000.000000
29.687153 9 22 10000000.000000
29.749952 9 4 1000000.000000
29.757597 9 17 50000.000000
29.901924 9 17 50000.000000
29.975107 9 22 80000.000000
1.452128 10 9 80000.000000
2.928468 10 26 5000000.000000
3.014977 10 23 200000.000000
3.893109 10 7 10000000.000000
4.071887 10 24 30000.000000
4.533530 10 6 1000000.000000
4.796180 10 2 10000.000000
5.384186 10 22 1000000.000000
5.884829 10 6 10000.000000
6.263847 10 0 50000.000000
6.448338 10 13 50000.000000
6.514666 10 7 5000000.000000
6.851281 10 11 1000000.000000
6.876045 10 10 10000.000000
7.070475 10 7 80000.000000
7.120950 10 16 80000.000000
7.332838 10 18 50000.000000
7.574643 10 4 2000000.000000
7.612138 10 25 1000000.000000
7.885641 10 10 10000000.000000
7.966626 10 12 50000.000000
8.367947 10 17 10000000.000000
8.708691 10 21 1000000.000000
8.827376 10 10 80000.000000
9.926236 10 7 80000.000000
10.758366 10 21 30000.000000
11.656818 10 10 1000000.000000
12.395194 10 4 50000.000000
12.491877 10 5 50000.000000
13.174980 10 2 50000.000000
13.207140 10 19 50000.000000
13.287464 10 7 30000.000000
13.816668 10 22 30000.000000
14.222120 10 4 2000000.000000
14.792260 10 11 200000.000000
14.993014 10 5 5000000.000000
15.132296 10 8 50000.000000
15.452306 10 16 5000000.000000
15.620728 10 24 80000.000000
15.629211 10 19 2000000.000000
17.805518 10 25 1000000.000000
17.884535 10 13 2000000.000000
18.453645 10 20 1000000.000000
19.209124 10 19 30000.000000
19.597099 10 21 50000.000000
20.140018 10 11 5000000.000000
20.340704 10 1 10000.000000
20.432401 10 3 30000000.000000
20.680788 10 18 10000.000000
20.745096 10 23 1000000.000000
20.917832 10 10 80000.000000
21.220401 10 14 1000000.000000
21.367688 10 13 30000.000000
22.921578 10 10 5000000.000000
22.934271 10 18 5000000.000000
23.023445 10 4 1000000.000000
23.078983 10 4 2000000.000000
23.210878 10 25 10000.000000
23.762094 10 14 80000.000000
24.423049 10 23 50000.000000
24.867401 10 1 50000.000000
25.343986 10 0 200000.000000
25.361259 10 3 2000000.000000
26.271658 10 4 1000000.000000
26.567927 10 26 2000000.000000
27.071571 10 23 30000000.000000
27.262505 10 2 50000.000000
27.352987 10 6 10000.000000
27.741373 10 3 10000.000000
27.927083 10 4 80000.000000
28.718799 10 18 2000000.000000
28.736774 10 11 1000000.000000
29.316577 10 5 10000.000000
29.346419 10 9 5000000.000000
0.402044 11 5 80000.000000
0.448548 11 16 5000000.000000
0.533211 11 18 80000.000000
0.573519 11 2 30000.000000
1.127884 11 9 200000.000000
1.417851 11 5 10000.000000
2.151149 11 23 2000000.000000
2.444514 11 7 1000000.000000
2.647672 11 18 20000.000000
3.040118 11 19 2000000.000000
3.161014 11 18 30000.000000
3.542858 11 5 50000.000000
3.903748 11 21 50000.000000
3.923563 11 10 80000.000000
4.072426 11 4 20000.000000
4.273752 11 7 50000.000000
4.983841 11 3 10000.000000
5.919894 11 9 10000000.000000
6.050900 11 3 2000000.000000
6.377639 11 22 50000.000000
7.656162 11 8 1000000.000000
8.306742 11 10 1000000.000000
8.408969 11 7 80000.000000
8.499853 11 19 200000.000000
8.680714 11 9 1000000.000000
8.713208 11 25 30000000.000000
8.968028 11 23 80000.000000
9.122814 11 26 10000000.000000
9.184816 11 25 5000000.000000
10.441737 11 6 20000.000000
10.632584 11 7 2000000.000000
10.957016 11 6 20000.000000
11.273266 11 16 2000000.000000
11.511878 11 10 80000.000000
11.702556 11 17 5000000.000000
11.737568 11 20 50000.000000
12.249221 11 0 2000000.000000
12.423557 11 7 10000.000000
12.437391 11 0 50000.000000
12.633616 11 11 50000.000000
12.683173 11 15 50000.000000
12.889228 11 10 80000.000000
12.997386 11 1 20000.000000
13.355726 11 8 2000000.000000
13.562559 11 24 30000.000000
13.575108 11 8 10000.000000
13.785773 11 6 80000.000000
14.363789 11 20 5000000.000000
14.603011 11 3 30000000.000000
14.657415 11 3 2000000.000000
15.073280 11 14 1000000.000000
15.165888 11 23 80000.000000
15.484690 11 6 10000.000000
15.666157 11 10 80000.000000
16.146056 11 8 200000.000000
16.605698 11 15 200000.000000
17.108213 11 8 1000000.000000
17.706661 11 25 80000.000000
17.892013 11 14 5000000.000000
18.755066 11 15 10000000.000000
18.761484 11 25 10000.000000
18.874058 11 5 10000.000000
18.945527 11 10 50000.000000
19.411895 11 16 30000.000000
20.856902 11 17 5000000.000000
21.082831 11 1 2000000.000000
21.198444 11 22 20000.000000
21.276139 11 23 5000000.000000
21.523757 11 7 5000000.000000
21.935014 11 23 5000000.000000
22.205149 11 6 20000.000000
22.797151 11 12 80000.000000
22.803309 11 15 10000000.000000
23.054258 11 3 30000.000000
23.562172 11 21 80000.000000
23.568453 11 19 30000000.000000
23.795918 11 3 30000.000000
24.606561 11 14 10000.000000
24.634058 11 11 1000000.000000
24.721929 11 5 200000.000000
24.769224 11 1 10000.000000
24.799784 11 11 10000.000000
24.821114 11 10 1000000.000000
26.094323 11 13 10000000.000000
27.098208 11 19 30000.000000
27.693534 11 5 10000000.000000
27.880850 11 26 2000000.000000
28.552947 11 3 5000000.000000
29.265318 11 6 2000000.000000
29.270578 11 22 80000.000000
0.431292 12 2 50000.000000
1.495068 12 10 5000000.000000
1.756360 12 0 20000.000000
1.827719 12 7 30000.000000
2.102713 12 5 10000000.000000
2.318068 12 17 80000.000000
2.557322 12 25 20000.000000
2.585975 12 19 20000.000000
2.706965 12 14 50000.000000
2.959939 12 25 50000.000000
3.178736 12 4 80000.000000
3.252577 12 21 10000.000000
3.296863 12 15 2000000.000000
3.700064 12 7 50000.000000
4.548773 12 8 10000.000000
4.792509 12 12 2000000.000000
4.827571 12 5 5000000.000000
4.983182 12 4 10000000.000000
5.163818 12 24 20000.000000
5.663419 12 16 5000000.000000
5.958539 12 3 10000000.000000
6.497925 12 25 10000.000000
6.941808 12 13 5000000.000000
7.148294 12 25 10000.000000
7.268856 12 24 10000000.000000
7.410875 12 6 5000000.000000
7.652095 12 20 2000000.000000
8.076358 12 10 200000.000000
8.111068 12 3 50000.000000
8.300559 12 20 200000.000000
9.085297 12 8 2000000.000000
9.155846 12 0 20000.000000
9.159835 12 16 10000000.000000
9.319819 12 7 10000.000000
11.231596 12 22 2000000.000000
11.282891 12 4 50000.000000
11.778345 12 7 2000000.000000
12.712911 12 4 80000.000000
14.087764 12 21 30000.000000
14.150973 12 20 50000.000000
14.269406 12 3 80000.000000
14.432683 12 13 1000000.000000
14.530290 12 6 20000.000000
15.365475 12 21 30000.000000
15.529482 12 2 1000000.000000
15.562568 12 26 80000.000000
15.793818 12 8 10000.000000
16.678549 12 1 10000000.000000
17.354568 12 21 2000000.000000
17.561272 12 15 30000.000000
18.426436 12 20 10000.000000
19.235383 12 19 50000.000000
19.540051 12 12 80000.000000
19.650138 12 21 80000.000000
20.523110 12 14 5000000.000000
20.742019 12 18 80000.000000
20.970709 12 9 10000.000000
21.781510 12 18 10000000.000000
22.596967 12 17 5000000.000000
22.745268 12 13 10000000.000000
23.456563 12 16 80000.000000
23.664361 12 8 30000.000000
23.765168 12 2 30000000.000000
24.085392 12 0 1000000.000000
24.332377 12 7 5000000.000000
24.837484 12 17 50000.000000
25.134536 12 25 80000.000000
25.733111 12 17 2000000.000000
25.876142 12 21 10000.000000
25.876486 12 21 50000.000000
26.015735 12 21 10000.000000
26.411396 12 3 10000.000000
26.760013 12 5 80000.000000
26.833004 12 18 1000000.000000
26.882270 12 23 2000000.000000
27.003241 12 4 20000.000000
27.142416 12 11 80000.000000
27.176896 12 16 5000000.000000
27.589011 12 26 2000000.000000
28.529439 12 14 20000.000000
29.429842 12 5 80000.000000
0.110327 13 12 10000.000000
0.505095 13 18 50000.000000
1.544967 13 2 10000.000000
2.018281 13 19 30000000.000000
3.353460 13 9 2000000.000000
3.615263 13 24 30000.000000
3.975647 13 5 80000.000000
4.026419 13 7 10000.000000
4.286630 13 14 50000.000000
4.420968 13 22 30000.000000
4.463267 13 21 10000.000000
4.575869 13 19 200000.000000
4.681566 13 9 10000.000000
4.695479 13 16 5000000.000000
5.249266 13 14 80000.000000
6.186834 13 22 50000.000000
6.220882 13 14 50000.000000
6.855483 13 7 2000000.000000
7.214520 13 26 1000000.000000
7.386330 13 18 30000.000000
7.583585 13 2 10000000.000000
7.591958 13 10 80000.000000
7.666481 13 7 1000000.000000
8.097383 13 9 200000.000000
8.175559 13 25 2000000.000000
9.028625 13 13 20000.000000
9.257144 13 10 10000.000000
9.536045 13 19 30000.000000
9.564050 13 14 20000.000000
10.009863 13 21 80000.000000
10.280117 13 19 10000000.000000
10.966429 13 6 2000000.000000
11.186315 13 18 1000000.000000
12.707808 13 0 10000.000000
13.292071 13 1 5000000.000000
13.794249 13 15 30000.000000
13.822558 13 7 10000000.000000
14.505341 13 16 30000.000000
14.796358 13 4 10000.000000
14.916686 13 25 2000000.000000
14.977763 13 18 2000000.000000
15.867530 13 11 30000.000000
16.583980 13 7 20000.000000
17.239658 13 26 80000.000000
17.540279 13 1 10000.000000
17.672659 13 16 10000.000000
17.710474 13 25 50000.000000
18.537501 13 4 5000000.000000
18.904228 13 24 80000.000000
19.085310 13 23 2000000.000000
20.119015 13 23 80000.000000
21.195517 13 7 1000000.000000
22.825593 13 14 1000000.000000
23.040128 13 23 10000.000000
23.302076 13 26 50000.000000
23.643808 13 9 1000000.000000
23.687098 13 11 30000.000000
24.148297 13 19 30000.000000
25.395088 13 3 5000000.000000
25.682550 13 17 2000000.000000
27.886018 13 0 1000000.000000
28.281748 13 3 80000.000000
28.401858 13 18 30000.000000
29.353316 13 19 10000000.000000
29.619971 13 12 5000000.000000
29.641364 13 4 80000.000000
1.017284 14 20 1000000.000000
1.736330 14 6 2000000.000000
1.899500 14 13 10000.000000
1.946017 14 14 10000.000000
2.290439 14 2 20000.000000
2.864696 14 3 5000000.000000
2.907409 14 23 10000.000000
3.058891 14 21 5000000.000000
3.447687 14 2 80000.000000
3.691057 14 19 10000000.000000
4.627611 14 23 80000.000000
5.567623 14 21 10000.000000
5.736218 14 3 5000000.000000
5.811084 14 20 10000000.000000
6.222337 14 7 5000000.000000
6.735561 14 18 10000.000000
7.178951 14 24 80000.000000
7.769362 14 13 2000000.000000
8.180668 14 5 5000000.000000
8.231666 14 23 80000.000000
8.913954 14 13 10000.000000
9.025785 14 10 80000.000000
10.795823 14 26 10000.000000
11.729449 14 24 200000.000000
11.820712 14 20 5000000.000000
12.129623 14 8 2000000.000000
12.515818 14 12 80000.000000
12.559714 14 21 1000000.000000
12.921713 14 20 80000.000000
13.140388 14 9 10000.000000
13.324564 14 0 80000.000000
13.927859 14 6 5000000.000000
13.932204 14 14 1000000.000000
13.998987 14 24 1000000.000000
14.827337 14 8 80000.000000
15.340671 14 16 10000.000000
16.260335 14 24 10000000.000000
16.994572 14 20 1000000.000000
17.472579 14 8 30000.000000
17.693716 14 13 10000.000000
18.365943 14 24 30000.000000
18.929623 14 24 10000.000000
18.945276 14 1 30000.000000
18.967582 14 3 20000.000000
19.104306 14 10 10000000.000000
19.209318 14 11 10000.000000
19.272327 14 1 10000.000000
19.923384 14 23 200000.000000
21.671734 14 25 200000.000000
21.862339 14 25 5000000.000000
22.860932 14 18 2000000.000000
22.865137 14 17 1000000.000000
24.261047 14 3 5000000.000000
24.508736 14 0 20000.000000
25.093943 14 7 10000.000000
26.460373 14 7 5000000.000000
27.020457 14 1 10000.000000
27.977679 14 18 2000000.000000
28.709904 14 0 30000.000000
28.904649 14 13 1000000.000000
29.589950 14 11 2000000.000000
29.790878 14 9 30000.000000
0.111561 15 19 2000000.000000
0.337616 15 7 20000.000000
0.734632 15 15 80000.000000
0.806645 15 12 80000.000000
1.344092 15 8 10000000.000000
1.493232 15 11 50000.000000
1.757689 15 19 10000000.000000
2.185095 15 17 200000.000000
2.820045 15 19 5000000.000000
3.027712 15 8 10000000.000000
3.070234 15 18 50000.000000
3.245192 15 1 10000000.000000
3.471368 15 10 10000.000000
3.756314 15 7 50000.000000
4.160770 15 16 80000.000000
4.393534 15 12 20000.000000
4.538400 15 22 10000000.000000
4.644491 15 3 10000.000000
4.861313 15 2 10000000.000000
5.095517 15 7 10000.000000
6.163728 15 24 30000.000000
6.236224 15 16 50000.000000
6.397962 15 8 30000000.000000
6.477008 15 20 30000.000000
7.950071 15 20 2000000.000000
8.575209 15 11 5000000.000000
10.211542 15 16 50000.000000
10.308994 15 7 30000.000000
11.182366 15 5 80000.000000
11.240019 15 26 20000.000000
11.848238 15 20 2000000.000000
11.877555 15 19 10000.000000
12.650919 15 9 50000.000000
12.708826 15 15 200000.000000
13.218774 15 16 10000000.000000
13.496927 15 0 2000000.000000
13.626284 15 3 1000000.000000
13.727013 15 23 10000.000000
14.714094 15 12 10000.000000
15.264096 15 1 80000.000000
15.692366 15 22 10000000.000000
16.072134 15 21 80000.000000
16.464322 15 3 1000000.000000
16.501987 15 16 1000000.000000
16.972388 15 21 5000000.000000
17.587712 15 18 80000.000000
17.699166 15 21 50000.000000
18.006973 15 19 30000.000000
18.688936 15 11 50000.000000
19.163436 15 19 80000.000000
19.795971 15 8 10000.000000
20.357474 15 19 80000.000000
21.767987 15 26 50000.000000
22.190697 15 0 30000.000000
22.960624 15 10 2000000.000000
23.346042 15 6 10000.000000
23.621258 15 19 200000.000000
23.740290 15 6 200000.000000
23.753709 15 18 2000000.000000
24.610702 15 8 50000.000000
25.377450 15 5 20000.000000
25.474469 15 16 30000.000000
25.488600 15 26 30000.000000
26.741686 15 18 1000000.000000
26.857407 15 5 5000000.000000
27.338019 15 16 50000.000000
28.060506 15 9 5000000.000000
28.332576 15 13 10000.000000
29.518923 15 1 50000.000000
29.557034 15 24 80000.000000
0.030406 16 4 200000.000000
0.084103 16 6 80000.000000
0.518676 16 20 2000000.000000
2.328282 16 13 80000.000000
2.547313 16 13 50000.000000
2.989025 16 2 30000.000000
3.643745 16 11 10000.000000
4.358481 16 18 10000.000000
4.494138 16 16 80000.000000
5.150733 16 26 200000.000000
6.082127 16 26 80000.000000
7.039070 16 12 5000000.000000
7.485025 16 1 50000.000000
7.638105 16 21 80000.000000
8.264336 16 17 2000000.000000
8.621015 16 14 10000000.000000
8.650684 16 0 1000000.000000
9.022189 16 23 10000.000000
9.291227 16 21 80000.000000
10.167467 16 25 10000.000000
10.177974 16 21 50000.000000
10.409750 16 16 80000.000000
11.281788 16 9 20000.000000
11.418995 16 20 80000.000000
11.443929 16 11 5000000.000000
11.625769 16 14 10000.000000
11.682892 16 12 80000.000000
11.874402 16 23 200000.000000
12.697274 16 3 50000.000000
13.008877 16 5 10000.000000
13.642613 16 14 10000.000000
13.662708 16 19 80000.000000
13.847718 16 17 5000000.000000
14.588353 16 23 1000000.000000
14.743626 16 4 200000.000000
15.213982 16 24 2000000.000000
15.351572 16 11 10000000.000000
15.525113 16 8 80000.000000
15.588162 16 26 50000.000000
16.066349 16 13 5000000.000000
16.093340 16 26 80000.000000
16.422883 16 10 10000.000000
16.486549 16 4 30000000.000000
17.351829 16 14 5000000.000000
17.407182 16 2 5000000.000000
17.703217 16 16 10000000.000000
17.757343 16 0 5000000.000000
17.958429 16 19 1000000.000000
18.258428 16 14 80000.000000
18.421781 16 17 30000.000000
18.534045 16 25 1000000.000000
18.952652 16 5 80000.000000
19.427298 16 6 50000.000000
20.304433 16 8 2000000.000000
21.516250 16 3 10000.000000
21.607255 16 5 10000.000000
22.424283 16 26 30000.000000
22.772242 16 3 200000.000000
23.294549 16 10 10000.000000
23.428859 16 0 1000000.000000
23.487326 16 9 5000000.000000
23.657570 16 17 30000.000000
24.196183 16 4 10000.000000
24.464279 16 15 10000.000000
24.754783 16 24 5000000.000000
24.796273 16 14 80000.000000
24.861531 16 14 10000000.000000
25.656155 16 11 10000.000000
26.365731 16 10 80000.000000
26.516993 16 15 10000.000000
26.792977 16 19 80000.000000
26.800666 16 5 1000000.000000
27.161093 16 8 50000.000000
27.650647 16 0 10000.000000
27.694183 16 25 2000000.000000
28.749768 16 9 5000000.000000
29.066745 16 23 30000.000000
29.691922 16 21 30000000.000000
29.772132 16 9 200000.000000
29.981730 16 23 20000.000000
0.099829 17 19 80000.000000
1.120434 17 8 80000.000000
1.272832 17 7 10000.000000
1.984204 17 17 20000.000000
2.215347 17 5 50000.000000
2.290019 17 19 30000.000000
2.984302 17 26 5000000.000000
3.143652 17 21 10000.000000
3.237459 17 21 2000000.000000
3.322130 17 4 30000.000000
3.542825 17 11 50000.000000
3.875000 17 4 2000000.000000
3.963228 17 14 10000.000000
4.270674 17 12 50000.000000
4.277728 17 23 50000.000000
4.734927 17 8 1000000.000000
4.908973 17 23 2000000.000000
4.943987 17 1 2000000.000000
5.079682 17 2 200000.000000
5.349597 17 25 200000.000000
5.490990 17 23 30000.000000
5.533581 17 21 50000.000000
5.650652 17 4 30000.000000
6.217778 17 8 5000000.000000
6.408783 17 15 20000.000000
6.471740 17 23 10000.000000
6.703129 17 15 1000000.000000
6.823936 17 12 1000000.000000
7.315547 17 15 10000.000000
7.499913 17 20 10000.000000
7.750335 17 11 20000.000000
7.756422 17 22 2000000.000000
8.341208 17 23 5000000.000000
8.501428 17 16 50000.000000
8.599599 17 14 10000000.000000
8.716624 17 22 5000000.000000
9.905127 17 21 30000.000000
10.165012 17 11 50000.000000
10.390651 17 26 30000.000000
10.588406 17 3 1000000.000000
11.517938 17 9 5000000.000000
11.969816 17 3 80000.000000
12.162118 17 5 10000.000000
12.728129 17 21 2000000.000000
13.914040 17 17 30000.000000
14.081535 17 0 10000.000000
14.566481 17 5 200000.000000
14.634615 17 14 5000000.000000
14.755588 17 18 5000000.000000
15.637940 17 4 50000.000000
15.801829 17 22 1000000.000000
16.667250 17 9 10000.000000
17.590588 17 22 80000.000000
18.450551 17 21 10000.000000
18.713196 17 17 200000.000000
19.027843 17 25 1000000.000000
19.656005 17 1 80000.000000
19.898051 17 3 50000.000000
20.022775 17 21 2000000.000000
20.421795 17 22 5000000.000000
20.593354 17 1 10000.000000
21.183296 17 2 80000.000000
21.491666 17 6 30000.000000
21.863600 17 23 80000.000000
22.756229 17 24 10000.000000
23.470112 17 7 80000.000000
23.910364 17 5 10000.000000
24.137460 17 25 2000000.000000
24.215233 17 26 5000000.000000
24.235537 17 11 10000000.000000
24.337094 17 21 10000.000000
25.273008 17 21 30000.000000
25.330839 17 15 30000.000000
25.697473 17 8 30000.000000
25.940538 17 0 5000000.000000
26.102607 17 9 10000.000000
26.724358 17 14 10000.000000
26.937259 17 23 80000.000000
26.982006 17 5 2000000.000000
27.253061 17 6 10000.000000
28.161768 17 24 50000.000000
28.334891 17 0 1000000.000000
28.652781 17 18 200000.000000
28.961185 17 19 1000000.000000
29.856646 17 23 5000000.000000
29.912285 17 12 2000000.000000
0.245167 18 17 2000000.000000
0.349246 18 2 10000.000000
1.715101 18 9 2000000.000000
1.928415 18 3 10000000.000000
2.125468 18 2 10000.000000
2.445459 18 26 10000.000000
2.508037 18 13 80000.000000
2.592504 18 14 20000.000000
2.657561 18 19 200000.000000
2.684904 18 26 10000.000000
2.728124 18 22 5000000.000000
3.486526 18 8 30000000.000000
3.572779 18 3 5000000.000000
3.753713 18 9 50000.000000
3.879769 18 9 5000000.000000
4.617401 18 16 10000.000000
5.238001 18 6 2000000.000000
6.023961 18 10 30000000.000000
6.368252 18 2 10000.000000
6.381881 18 2 20000.000000
6.570298 18 5 80000.000000
6.583390 18 26 50000.000000
7.637568 18 1 30000.000000
7.695012 18 15 1000000.000000
7.897500 18 23 30000.000000
8.931683 18 14 30000.000000
9.088154 18 19 1000000.000000
9.308292 18 11 80000.000000
9.644124 18 13 80000.000000
9.917121 18 21 1000000.000000
9.964279 18 20 10000000.000000
10.017335 18 0 5000000.000000
10.090114 18 3 80000.000000
10.190990 18 19 1000000.000000
11.494303 18 3 50000.000000
11.541304 18 15 10000.000000
11.665004 18 16 10000.000000
11.672460 18 15 10000.000000
12.128268 18 18 80000.000000
12.409288 18 15 30000.000000
13.198301 18 24 200000.000000
13.323653 18 22 5000000.000000
14.300866 18 25 5000000.000000
14.980001 18 1 10000.000000
15.132583 18 16 2000000.000000
15.623455 18 1 30000.000000
15.822783 18 6 1000000.000000
15.980570 18 13 10000000.000000
16.267793 18 17 80000.000000
16.364171 18 20 20000.000000
16.898420 18 20 10000000.000000
17.080499 18 6 1000000.000000
17.149034 18 1 5000000.000000
17.369655 18 15 80000.000000
17.461735 18 4 200000.000000
17.804120 18 23 80000.000000
18.748352 18 5 30000.000000
18.757307 18 22 5000000.000000
18.972227 18 14 2000000.000000
19.376080 18 9 10000.000000
19.570874 18 19 5000000.000000
20.498064 18 17 2000000.000000
20.902838 18 1 5000000.000000
20.919705 18 13 10000.000000
21.345864 18 13 2000000.000000
21.886706 18 17 2000000.000000
21.984942 18 8 10000.000000
22.428420 18 4 5000000.000000
22.800899 18 23 30000.000000
24.003077 18 18 2000000.000000
24.576446 18 22 10000000.000000
24.973985 18 17 80000.000000
25.084304 18 22 10000.000000
25.185886 18 9 80000.000000
25.306024 18 9 50000.000000
25.340564 18 17 5000000.000000
25.840889 18 18 30000.000000
26.014981 18 21 30000.000000
28.128568 18 26 50000.000000
28.188340 18 5 10000.000000
28.673414 18 18 10000.000000
28.853995 18 23 50000.000000
29.199713 18 7 30000.000000
29.531874 18 25 10000.000000
29.623949 18 8 80000.000000
29.748873 18 20 5000000.000000
0.886681 19 4 1000000.000000
2.101893 19 8 2000000.000000
2.416023 19 13 2000000.000000
2.620290 19 13 1000000.000000
2.769004 19 15 1000000.000000
2.971964 19 18 5000000.000000
3.777894 19 26 30000.000000
3.803776 19 4 10000.000000
4.619504 19 8 10000000.000000
4.880044 19 15 30000.000000
5.533250 19 20 10000000.000000
5.925714 19 3 2000000.000000
6.558658 19 0 5000000.000000
7.752962 19 9 2000000.000000
8.037056 19 8 5000000.000000
8.105742 19 16 10000000.000000
8.172388 19 3 10000.000000
8.712434 19 17 20000.000000
8.741580 19 5 50000.000000
8.926690 19 16 10000.000000
9.589787 19 23 50000.000000
9.707980 19 15 10000000.000000
10.071763 19 8 80000.000000
10.242691 19 10 2000000.000000
10.252306 19 6 1000000.000000
10.310104 19 4 80000.000000
10.880883 19 15 1000000.000000
11.340208 19 5 50000.000000
11.480072 19 26 30000.000000
12.372397 19 2 80000.000000
12.404339 19 17 30000.000000
12.557090 19 8 10000.000000
12.568404 19 5 80000.000000
12.576985 19 25 2000000.000000
12.604195 19 18 200000.000000
12.766414 19 19 80000.000000
13.312952 19 0 10000.000000
15.710572 19 25 1000000.000000
16.736923 19 5 30000000.000000
16.864971 19 25 20000.000000
17.297382 19 12 5000000.000000
17.784670 19 0 2000000.000000
18.121181 19 16 10000.000000
18.178158 19 20 80000.000000
18.510624 19 20 1000000.000000
18.620664 19 0 10000000.000000
18.863801 19 3 2000000.000000
19.045568 19 20 50000.000000
19.171617 19 12 20000.000000
19.209004 19 8 1000000.000000
19.277116 19 11 5000000.000000
19.288714 19 6 2000000.000000
19.996870 19 24 200000.000000
20.001377 19 10 1000000.000000
20.020580 19 2 30000.000000
20.177632 19 4 30000.000000
21.492398 19 16 200000.000000
22.023287 19 3 10000.000000
22.764141 19 26 10000.000000
22.788489 19 25 80000.000000
22.865205 19 8 10000000.000000
23.716677 19 18 50000.000000
24.194886 19 23 5000000.000000
25.042376 19 24 80000.000000
25.219966 19 24 2000000.000000
25.234363 19 0 2000000.000000
25.243094 19 22 30000.000000
25.953933 19 25 1000000.000000
25.984876 19 15 10000000.000000
26.048710 19 11 10000.000000
26.499681 19 6 30000.000000
27.221539 19 20 2000000.000000
27.529388 19 9 5000000.000000
28.125192 19 22 200000.000000
28.349684 19 9 50000.000000
28.474137 19 0 2000000.000000
28.752837 19 24 30000000.000000
28.758204 19 6 80000.000000
28.832073 19 24 2000000.000000
29.551902 19 6 10000000.000000
29.824040 19 9 200000.000000
29.824472 19 7 2000000.000000
0.082881 20 17 2000000.000000
0.816679 20 12 2000000.000000
0.971211 20 3 2000000.000000
1.550728 20 1 5000000.000000
1.578698 20 12 10000.000000
2.103877 20 10 50000.000000
2.563913 20 7 80000.000000
2.993893 20 2 80000.000000
4.188738 20 3 80000.000000
4.218327 20 22 1000000.000000
4.325367 20 15 50000.000000
4.432592 20 9 5000000.000000
4.765413 20 20 10000.000000
5.707100 20 22 20000.000000
5.810504 20 10 200000.000000
5.981168 20 11 10000000.000000
6.018076 20 24 30000.000000
6.613655 20 11 200000.000000
6.765053 20 10 200000.000000
6.953823 20 26 200000.000000
7.149950 20 22 1000000.000000
7.786822 20 6 2000000.000000
9.005825 20 19 5000000.000000
9.045193 20 23 10000.000000
9.142754 20 5 80000.000000
9.499168 20 23 50000.000000
10.182313 20 24 30000.000000
10.471172 20 10 5000000.000000
10.671329 20 10 200000.000000
10.870191 20 25 10000000.000000
11.075279 20 12 10000000.000000
11.273517 20 10 80000.000000
11.566760 20 23 20000.000000
11.668906 20 0 30000.000000
11.852202 20 22 1000000.000000
11.982596 20 17 30000000.000000
12.181631 20 3 5000000.000000
12.193758 20 9 10000000.000000
12.615329 20 10 5000000.000000
12.844326 20 7 1000000.000000
12.956092 20 13 1000000.000000
13.360672 20 13 200000.000000
13.479892 20 15 30000.000000
13.936215 20 7 50000.000000
14.262131 20 6 80000.000000
15.776993 20 8 80000.000000
15.807791 20 4 1000000.000000
16.663857 20 17 1000000.000000
17.077703 20 2 1000000.000000
18.082885 20 6 10000.000000
18.136088 20 22 5000000.000000
18.375372 20 21 10000.000000
18.905191 20 25 50000.000000
18.994979 20 9 50000.000000
19.228029 20 14 10000.000000
19.510382 20 12 10000.000000
19.984431 20 26 80000.000000
20.988676 20 17 30000.000000
21.183574 20 26 10000.000000
21.256757 20 1 1000000.000000
21.752495 20 2 10000000.000000
21.947851 20 13 80000.000000
22.922210 20 18 30000.000000
23.125420 20 23 80000.000000
23.664618 20 10 80000.000000
23.671371 20 23 5000000.000000
23.702659 20 5 1000000.000000
23.707888 20 8 10000.000000
24.857156 20 26 10000.000000
25.096628 20 12 2000000.000000
25.532277 20 23 5000000.000000
26.038588 20 3 10000000.000000
26.618400 20 1 80000.000000
26.710246 20 25 30000.000000
27.349522 20 17 10000000.000000
27.663252 20 22 1000000.000000
28.422964 20 10 1000000.000000
28.740073 20 16 80000.000000
28.787393 20 0 1000000.000000
29.563610 20 26 80000.000000
0.020553 21 4 10000.000000
0.108098 21 20 80000.000000
1.042636 21 18 30000.000000
1.366765 21 2 30000.000000
1.398636 21 8 10000.000000
2.830564 21 20 10000000.000000
3.295345 21 16 50000.000000
3.620911 21 16 5000000.000000
6.294346 21 6 30000.000000
6.406850 21 23 200000.000000
6.745930 21 3 80000.000000
6.968985 21 21 200000.000000
7.176291 21 15 5000000.000000
7.302289 21 19 200000.000000
7.482713 21 1 200000.000000
7.798808 21 15 20000.000000
8.349833 21 9 30000.000000
8.580429 21 4 50000.000000
8.586781 21 26 50000.000000
8.703950 21 23 50000.000000
8.851974 21 25 1000000.000000
9.811188 21 16 30000.000000
10.431710 21 1 2000000.000000
10.507276 21 10 200000.000000
11.255503 21 25 10000.000000
12.086259 21 9 2000000.000000
12.131958 21 2 50000.000000
12.335513 21 9 2000000.000000
12.826302 21 19 80000.000000
13.332799 21 21 1000000.000000
13.882058 21 25 50000.000000
14.812568 21 14 1000000.000000
15.358232 21 7 10000.000000
15.646533 21 13 1000000.000000
16.003223 21 2 1000000.000000
16.540183 21 18 1000000.000000
16.605435 21 14 5000000.000000
18.463611 21 4 50000.000000
18.526588 21 18 10000.000000
19.616418 21 12 30000.000000
19.805021 21 9 200000.000000
20.156500 21 11 30000.000000
20.512526 21 2 50000.000000
20.622317 21 17 20000.000000
20.705570 21 11 5000000.000000
20.944803 21 14 50000.000000
21.045508 21 10 1000000.000000
21.481806 21 22 5000000.000000
21.553243 21 9 200000.000000
22.043437 21 12 1000000.000000
23.437129 21 6 10000.000000
23.505741 21 1 10000.000000
24.197235 21 15 2000000.000000
24.499372 21 24 200000.000000
24.651640 21 8 80000.000000
24.709278 21 0 10000000.000000
24.956680 21 8 2000000.000000
26.612164 21 6 80000.000000
26.675108 21 21 5000000.000000
28.177983 21 5 10000.000000
28.292566 21 13 10000.000000
29.127895 21 9 10000000.000000
29.408625 21 11 200000.000000
0.445022 22 2 10000000.000000
0.758944 22 17 30000.000000
1.166743 22 26 50000.000000
1.774468 22 22 80000.000000
1.847105 22 5 30000.000000
2.634508 22 22 50000.000000
2.721232 22 6 1000000.000000
2.834305 22 17 10000.000000
3.789992 22 26 50000.000000
3.848233 22 7 50000.000000
4.020825 22 25 10000.000000
4.169187 22 23 10000.000000
4.328613 22 12 10000000.000000
4.397815 22 2 10000.000000
4.538652 22 21 30000.000000
4.548288 22 14 20000.000000
4.615711 22 0 50000.000000
6.335145 22 15 5000000.000000
6.444440 22 16 2000000.000000
6.489968 22 17 30000.000000
6.490883 22 10 20000.000000
7.165112 22 2 5000000.000000
7.343269 22 21 80000.000000
7.598627 22 11 10000000.000000
7.653071 22 6 50000.000000
8.454775 22 21 10000.000000
8.523909 22 26 10000.000000
9.407826 22 3 10000.000000
9.855904 22 5 20000.000000
10.121041 22 11 10000.000000
10.818622 22 12 80000.000000
10.919334 22 1 1000000.000000
11.360869 22 19 20000.000000
11.719268 22 1 30000.000000
11.846185 22 16 80000.000000
11.916579 22 8 10000.000000
11.947996 22 9 200000.000000
12.275110 22 4 10000.000000
13.871736 22 7 80000.000000
13.936040 22 18 5000000.000000
14.205196 22 12 5000000.000000
14.463938 22 23 50000.000000
14.500776 22 8 10000.000000
14.572396 22 1 1000000.000000
14.698601 22 9 50000.000000
15.024817 22 1 5000000.000000
15.091044 22 26 10000000.000000
15.471084 22 23 5000000.000000
16.773476 22 8 10000.000000
17.223319 22 5 20000.000000
17.870303 22 10 10000.000000
17.948888 22 23 20000.000000
18.223538 22 17 2000000.000000
18.346363 22 0 2000000.000000
18.488282 22 4 20000.000000
18.556655 22 26 20000.000000
19.168844 22 25 10000.000000
19.484427 22 17 1000000.000000
19.537081 22 0 200000.000000
19.701346 22 8 10000.000000
19.903037 22 8 10000.000000
19.933433 22 9 5000000.000000
20.414753 22 1 5000000.000000
20.476406 22 15 30000.000000
22.001181 22 24 50000.000000
22.115280 22 6 80000.000000
22.298331 22 0 30000.000000
22.690624 22 15 10000.000000
23.098815 22 18 50000.000000
23.194850 22 14 2000000.000000
23.267994 22 1 50000.000000
23.767399 22 2 1000000.000000
25.002876 22 26 200000.000000
25.153595 22 22 10000.000000
25.330344 22 16 1000000.000000
25.996829 22 3 1000000.000000
26.135174 22 3 80000.000000
26.282875 22 21 30000.000000
26.304753 22 23 50000.000000
27.021327 22 3 5000000.000000
27.193293 22 8 80000.000000
27.741595 22 16 1000000.000000
28.254091 22 17 50000.000000
28.528845 22 15 2000000.000000
29.475685 22 14 10000.000000
29.540751 22 20 30000.000000
29.706343 22 6 10000.000000
0.002697 23 4 80000.000000
0.043688 23 20 20000.000000
0.306848 23 9 30000.000000
0.411183 23 20 2000000.000000
0.650319 23 11 10000.000000
1.060947 23 15 80000.000000
1.412531 23 5 20000.000000
1.425880 23 21 2000000.000000
1.536203 23 10 10000.000000
2.348088 23 7 5000000.000000
3.136687 23 0 80000.000000
3.270449 23 25 200000.000000
4.450781 23 10 10000000.000000
4.482123 23 8 50000.000000
4.738701 23 0 30000.000000
4.925359 23 4 10000.000000
5.421719 23 8 80000.000000
5.449998 23 21 50000.000000
6.622745 23 11 10000.000000
6.733239 23 19 20000.000000
6.845520 23 15 50000.000000
6.856927 23 18 80000.000000
7.259051 23 24 200000.000000
7.271726 23 2 20000.000000
7.937201 23 3 10000.000000
8.273954 23 11 5000000.000000
8.339885 23 0 30000.000000
8.341927 23 9 5000000.000000
8.869188 23 21 20000.000000
9.026293 23 3 10000000.000000
9.459298 23 20 80000.000000
9.810575 23 5 2000000.000000
9.930824 23 21 10000000.000000
9.980949 23 7 50000.000000
10.553472 23 18 30000.000000
10.872405 23 7 30000.000000
11.093862 23 23 30000.000000
11.212422 23 26 30000.000000
11.239292 23 26 80000.000000
11.288607 23 16 80000.000000
11.372755 23 4 80000.000000
11.759723 23 22 10000.000000
12.189053 23 10 30000.000000
12.508747 23 15 80000.000000
13.133506 23 26 80000.000000
13.237412 23 21 80000.000000
13.437226 23 4 10000.000000
13.439929 23 25 1000000.000000
13.490790 23 14 30000.000000
14.768479 23 10 10000.000000
15.152044 23 6 80000.000000
15.327137 23 0 10000.000000
15.891740 23 15 80000.000000
17.304890 23 12 10000.000000
17.339069 23 6 50000.000000
17.359120 23 5 80000.000000
17.362858 23 2 5000000.000000
17.381708 23 4 10000.000000
17.667586 23 26 5000000.000000
17.923260 23 12 10000.000000
17.969099 23 15 10000.000000
18.143688 23 23 80000.000000
18.146821 23 5 2000000.000000
18.328817 23 19 1000000.000000
18.608017 23 1 1000000.000000
18.879895 23 2 10000.000000
18.937746 23 8 10000.000000
19.265150 23 14 80000.000000
19.340365 23 17 1000000.000000
19.544244 23 26 80000.000000
19.931938 23 17 200000.000000
19.973755 23 23 5000000.000000
20.858157 23 10 80000.000000
21.247947 23 26 10000.000000
21.303107 23 8 200000.000000
21.602772 23 25 2000000.000000
22.047872 23 17 30000.000000
22.426277 23 16 30000.000000
22.730570 23 5 30000000.000000
22.888147 23 8 200000.000000
23.798163 23 15 1000000.000000
24.521595 23 18 2000000.000000
24.811951 23 1 50000.000000
25.121154 23 8 5000000.000000
25.351531 23 10 2000000.000000
25.655652 23 20 10000.000000
26.388404 23 17 30000.000000
26.420474 23 25 30000.000000
26.718787 23 16 10000000.000000
27.022521 23 26 1000000.000000
27.128292 23 9 10000000.000000
27.160296 23 10 1000000.000000
27.478278 23 24 30000.000000
27.695166 23 16 2000000.000000
27.757571 23 13 5000000.000000
28.402783 23 14 10000000.000000
28.919699 23 24 50000.000000
29.644044 23 14 2000000.000000
29.763316 23 16 5000000.000000
29.915777 23 22 30000.000000
1.578723 24 19 80000.000000
1.794254 24 16 10000000.000000
1.805281 24 5 20000.000000
2.164152 24 9 10000.000000
2.256255 24 12 80000.000000
2.413577 24 24 20000.000000
3.338719 24 11 20000.000000
3.620541 24 25 20000.000000
3.705507 24 23 50000.000000
3.742953 24 16 50000.000000
4.044686 24 1 20000.000000
4.135612 24 26 2000000.000000
4.389158 24 13 80000.000000
4.718366 24 1 5000000.000000
5.501410 24 25 1000000.000000
5.652942 24 19 10000.000000
5.697966 24 2 50000.000000
5.980098 24 26 10000000.000000
6.026404 24 12 1000000.000000
6.206693 24 7 20000.000000
6.818188 24 22 2000000.000000
6.864912 24 23 20000.000000
6.973380 24 17 2000000.000000
7.203188 24 20 30000000.000000
7.352670 24 25 5000000.000000
8.070915 24 0 50000.000000
8.169700 24 17 200000.000000
8.191243 24 13 1000000.000000
8.351390 24 2 1000000.000000
8.508350 24 7 50000.000000
8.716087 24 0 80000.000000
8.949372 24 6 10000.000000
9.929424 24 23 10000000.000000
10.648177 24 15 50000.000000
11.502671 24 3 80000.000000
11.673719 24 21 2000000.000000
12.297988 24 5 80000.000000
12.608399 24 10 30000.000000
12.609949 24 1 5000000.000000
12.690645 24 14 10000000.000000
12.723148 24 2 200000.000000
12.842990 24 14 30000.000000
13.024785 24 4 50000.000000
13.441824 24 24 20000.000000
14.137177 24 19 2000000.000000
14.620570 24 23 30000000.000000
14.961903 24 8 10000.000000
15.202460 24 0 200000.000000
15.846610 24 24 10000.000000
16.353663 24 18 10000.000000
16.740868 24 0 10000.000000
16.911503 24 14 50000.000000
17.439582 24 8 10000000.000000
17.463664 24 6 2000000.000000
17.550520 24 18 5000000.000000
17.845066 24 24 10000.000000
18.216967 24 9 80000.000000
18.487825 24 2 10000.000000
18.568956 24 5 10000.000000
20.213788 24 8 80000.000000
20.265725 24 24 80000.000000
20.646529 24 22 2000000.000000
20.794290 24 12 10000.000000
20.856125 24 15 1000000.000000
20.893719 24 0 2000000.000000
20.922235 24 25 10000.000000
21.038849 24 23 30000.000000
21.862477 24 0 50000.000000
22.705770 24 26 1000000.000000
23.033905 24 2 80000.000000
23.399165 24 16 10000000.000000
23.777972 24 0 10000.000000
24.137552 24 4 50000.000000
24.211142 24 16 50000.000000
24.282884 24 7 80000.000000
24.482551 24 12 30000000.000000
25.271218 24 7 5000000.000000
25.278102 24 26 200000.000000
25.799313 24 8 10000.000000
26.330211 24 17 30000000.000000
26.989656 24 9 80000.000000
27.051684 24 14 30000.000000
27.182882 24 6 20000.000000
27.787336 24 26 80000.000000
28.179213 24 10 5000000.000000
28.916706 24 1 50000.000000
29.101929 24 6 10000.000000
29.353149 24 14 1000000.000000
29.443536 24 8 200000.000000
1.812270 25 9 80000.000000
1.845701 25 17 5000000.000000
1.984464 25 25 10000.000000
3.421331 25 17 2000000.000000
3.981272 25 22 1000000.000000
4.156544 25 0 5000000.000000
4.365033 25 24 2000000.000000
4.424163 25 6 30000.000000
5.618416 25 8 1000000.000000
5.689045 25 4 20000.000000
5.834245 25 23 5000000.000000
5.894938 25 14 10000.000000
6.036361 25 18 50000.000000
6.444802 25 14 1000000.000000
7.461033 25 19 30000000.000000
7.542498 25 14 10000.000000
9.085341 25 16 30000.000000
10.113509 25 11 30000000.000000
10.386003 25 7 30000.000000
10.440608 25 16 30000000.000000
11.492935 25 6 10000.000000
11.530813 25 16 10000.000000
12.041960 25 19 2000000.000000
13.488933 25 19 5000000.000000
14.092251 25 24 50000.000000
14.163778 25 24 200000.000000
14.165990 25 15 20000.000000
14.339828 25 6 30000000.000000
14.727176 25 20 1000000.000000
15.033489 25 1 200000.000000
15.039644 25 20 5000000.000000
15.534203 25 3 1000000.000000
16.137385 25 9 2000000.000000
16.778095 25 1 50000.000000
16.976618 25 5 10000000.000000
17.446775 25 19 10000000.000000
17.706476 25 11 2000000.000000
17.864725 25 3 50000.000000
17.952945 25 9 50000.000000
18.655782 25 4 10000.000000
18.895449 25 24 50000.000000
18.902898 25 15 10000.000000
20.295961 25 1 30000.000000
20.382121 25 9 200000.000000
20.545636 25 3 10000.000000
20.785960 25 22 20000.000000
21.173547 25 15 10000000.000000
21.328541 25 11 10000.000000
21.392019 25 2 10000.000000
21.490220 25 13 1000000.000000
21.583950 25 8 2000000.000000
22.804360 25 24 10000000.000000
23.076234 25 19 10000.000000
23.422831 25 12 10000.000000
23.491776 25 1 200000.000000
24.258126 25 7 2000000.000000
24.327330 25 22 2000000.000000
24.340459 25 17 10000.000000
24.510985 25 21 5000000.000000
24.557592 25 6 80000.000000
25.007978 25 9 50000.000000
25.371629 25 26 10000000.000000
25.491287 25 0 200000.000000
25.555154 25 10 50000.000000
26.027705 25 0 5000000.000000
26.706437 25 14 10000.000000
26.785423 25 8 10000.000000
27.074803 25 6 20000.000000
27.115458 25 1 80000.000000
27.556815 25 2 2000000.000000
27.689185 25 12 5000000.000000
27.782584 25 17 80000.000000
27.906602 25 10 5000000.000000
27.952138 25 19 30000.000000
28.186055 25 22 1000000.000000
28.314824 25 18 1000000.000000
29.327203 25 4 80000.000000
29.432768 25 7 20000.000000
29.946226 25 5 1000000.000000
0.841261 26 22 30000.000000
0.985378 26 4 10000.000000
2.220604 26 3 1000000.000000
2.239400 26 10 30000000.000000
3.092022 26 12 10000.000000
3.905835 26 16 1000000.000000
4.062250 26 14 80000.000000
4.259783 26 2 5000000.000000
4.552471 26 24 1000000.000000
4.751131 26 17 80000.000000
4.913782 26 5 80000.000000
5.452761 26 19 2000000.000000
5.938191 26 22 80000.000000
6.044763 26 18 30000.000000
6.218507 26 17 50000.000000
6.492679 26 10 5000000.000000
7.231678 26 18 10000000.000000
7.771470 26 0 10000.000000
7.954047 26 15 30000.000000
8.167305 26 8 200000.000000
8.324026 26 22 80000.000000
8.955929 26 20 1000000.000000
9.467911 26 14 20000.000000
9.709062 26 8 10000000.000000
11.241989 26 12 30000.000000
11.579679 26 16 50000.000000
11.796518 26 26 10000000.000000
11.925173 26 19 50000.000000
12.542885 26 20 50000.000000
12.670834 26 14 2000000.000000
12.714910 26 12 10000.000000
12.805884 26 1 50000.000000
13.142830 26 0 10000.000000
14.040151 26 13 50000.000000
15.458702 26 1 30000000.000000
16.814666 26 20 2000000.000000
17.397524 26 7 200000.000000
19.018692 26 11 30000000.000000
20.133346 26 13 80000.000000
20.325263 26 21 10000.000000
20.530994 26 6 2000000.000000
20.927199 26 21 10000.000000
23.069337 26 23 10000.000000
23.890400 26 6 2000000.000000
24.787951 26 1 1000000.000000
25.837963 26 5 200000.000000
26.037821 26 22 80000.000000
26.215863 26 5 10000000.000000
26.416098 26 12 5000000.000000
26.455168 26 26 30000000.000000
26.507974 26 1 1000000.000000
27.527328 26 0 5000000.000000
27.560495 26 11 1000000.000000
27.767820 26 7 10000000.000000
28.162905 26 9 2000000.000000
28.343737 26 12 80000.000000
28.768209 26 16 10000.000000
