0.048631 0 17 200000.000000
0.274046 0 4 10000.000000
1.588393 0 25 50000.000000
1.610009 0 23 200000.000000
1.651562 0 3 50000.000000
1.826090 0 24 80000.000000
1.961001 0 2 50000.000000
2.423442 0 5 80000.000000
2.799940 0 15 10000.000000
3.390441 0 0 10000.000000
3.763420 0 22 200000.000000
3.803157 0 17 10000000.000000
3.883397 0 4 2000000.000000
3.937292 0 7 2000000.000000
4.081605 0 21 10000.000000
4.115114 0 25 30000.000000
5.080032 0 23 5000000.000000
5.312595 0 19 200000.000000
5.472310 0 20 80000.000000
5.726024 0 17 1000000.000000
6.458687 0 4 10000.000000
6.580942 0 2 80000.000000
6.763233 0 3 10000.000000
6.841948 0 15 1000000.000000
7.023622 0 3 1000000.000000
7.547053 0 19 200000.000000
7.604371 0 5 200000.000000
7.943823 0 25 80000.000000
8.190660 0 7 2000000.000000
8.558209 0 0 20000.000000
8.746570 0 10 30000.000000
8.934176 0 18 1000000.000000
9.110724 0 6 50000.000000
9.170661 0 21 50000.000000
9.217779 0 15 50000.000000
9.587111 0 11 50000.000000
10.799147 0 16 2000000.000000
10.929078 0 3 5000000.000000
11.189810 0 26 30000.000000
11.254111 0 26 30000000.000000
11.772655 0 2 2000000.000000
11.932965 0 7 50000.000000
12.199393 0 16 10000.000000
12.264660 0 6 10000.000000
12.310392 0 16 20000.000000
12.437811 0 3 50000.000000
12.454157 0 20 50000.000000
12.500770 0 26 30000.000000
12.604227 0 22 20000.000000
12.917150 0 15 20000.000000
13.341333 0 21 20000.000000
13.389985 0 8 10000.000000
13.547976 0 3 5000000.000000
14.228007 0 2 2000000.000000
14.316130 0 8 10000000.000000
14.707589 0 10 1000000.000000
15.246710 0 8 50000.000000
15.249388 0 18 10000.000000
15.625177 0 1 10000000.000000
15.634916 0 26 5000000.000000
15.744736 0 8 10000.000000
15.831477 0 21 20000.000000
17.158542 0 13 2000000.000000
17.609629 0 6 20000.000000
17.762372 0 2 10000.000000
18.252129 0 24 80000.000000
18.426098 0 11 80000.000000
18.812935 0 7 1000000.000000
18.874040 0 21 5000000.000000
19.089563 0 21 80000.000000
19.098776 0 16 50000.000000
19.378746 0 2 200000.000000
19.771329 0 11 30000.000000
20.807144 0 0 1000000.000000
21.877339 0 22 80000.000000
22.562353 0 7 2000000.000000
22.947853 0 18 50000.000000
23.178178 0 21 80000.000000
23.425741 0 26 5000000.000000
23.518553 0 7 30000000.000000
24.097866 0 0 200000.000000
24.231575 0 15 10000.000000
24.267373 0 14 10000.000000
24.299591 0 3 5000000.000000
24.909582 0 26 50000.000000
24.910736 0 0 2000000.000000
25.017806 0 19 80000.000000
25.695216 0 3 80000.000000
25.915636 0 12 10000.000000
26.377716 0 21 50000.000000
26.455941 0 3 20000.000000
27.549426 0 0 80000.000000
27.850125 0 8 1000000.000000
28.080594 0 19 200000.000000
28.374716 0 0 1000000.000000
28.583081 0 14 30000000.000000
28.781326 0 19 10000.000000
28.892170 0 1 30000.000000
29.366501 0 3 80000.000000
29.663120 0 15 10000.000000
0.406912 1 7 80000.000000
0.947362 1 18 1000000.000000
1.354584 1 23 2000000.000000
2.321551 1 19 1000000.000000
2.361359 1 25 1000000.000000
2.726928 1 22 2000000.000000
2.860408 1 19 2000000.000000
2.867163 1 0 10000000.000000
3.278749 1 11 30000.000000
3.879356 1 13 80000.000000
3.882417 1 8 1000000.000000
4.162950 1 0 1000000.000000
4.251359 1 19 20000.000000
5.036634 1 7 10000000.000000
5.058404 1 11 200000.000000
5.261214 1 24 10000.000000
5.335705 1 15 80000.000000
5.342185 1 7 10000000.000000
5.377750 1 26 5000000.000000
5.392029 1 26 200000.000000
6.058906 1 17 1000000.000000
6.109020 1 3 10000000.000000
6.131934 1 5 20000.000000
6.722455 1 15 50000.000000
6.724392 1 1 10000000.000000
6.743345 1 16 10000000.000000
6.773025 1 6 10000000.000000
6.816784 1 25 50000.000000
7.404693 1 12 10000.000000
8.095679 1 20 50000.000000
8.480164 1 5 5000000.000000
8.871851 1 4 30000.000000
9.573037 1 12 5000000.000000
9.602616 1 11 10000.000000
10.021379 1 15 2000000.000000
10.043774 1 14 20000.000000
10.646081 1 20 200000.000000
10.688624 1 19 80000.000000
11.312005 1 26 80000.000000
11.352894 1 4 2000000.000000
11.731491 1 13 50000.000000
12.097253 1 14 10000.000000
12.165733 1 15 50000.000000
12.266459 1 18 10000000.000000
12.603709 1 7 20000.000000
12.770853 1 13 2000000.000000
13.253819 1 8 80000.000000
13.498805 1 0 50000.000000
13.679832 1 6 1000000.000000
13.864394 1 20 5000000.000000
13.947563 1 10 1000000.000000
14.303579 1 15 10000000.000000
15.049421 1 3 30000.000000
15.598719 1 18 10000000.000000
15.634665 1 4 2000000.000000
15.919844 1 7 20000.000000
15.922712 1 20 10000000.000000
16.401110 1 11 10000000.000000
16.729566 1 22 10000.000000
17.573976 1 15 50000.000000
17.690563 1 19 5000000.000000
18.418471 1 20 2000000.000000
18.594416 1 24 10000.000000
19.207889 1 25 80000.000000
19.348136 1 21 200000.000000
19.368228 1 14 2000000.000000
19.409288 1 4 80000.000000
19.510235 1 24 50000.000000
19.580027 1 26 20000.000000
20.353659 1 25 80000.000000
20.603539 1 4 10000.000000
20.613538 1 11 10000.000000
20.838765 1 26 5000000.000000
20.898565 1 0 10000000.000000
21.077309 1 2 10000.000000
21.084715 1 13 1000000.000000
21.655331 1 6 10000.000000
22.294488 1 16 1000000.000000
22.669245 1 16 200000.000000
22.739142 1 11 10000.000000
22.969180 1 23 200000.000000
23.219944 1 19 50000.000000
23.518782 1 17 10000.000000
23.842664 1 24 5000000.000000
24.156475 1 9 10000.000000
24.627726 1 9 30000.000000
24.641327 1 17 1000000.000000
24.941544 1 16 50000.000000
24.952254 1 20 10000.000000
24.956624 1 16 10000000.000000
25.124573 1 21 10000.000000
25.661502 1 12 30000000.000000
25.781013 1 14 10000.000000
26.310021 1 8 5000000.000000
26.383385 1 16 30000.000000
26.389350 1 18 5000000.000000
26.414399 1 7 2000000.000000
26.449230 1 2 80000.000000
26.613210 1 16 30000000.000000
27.364149 1 18 1000000.000000
27.911884 1 10 2000000.000000
28.598958 1 6 5000000.000000
29.183192 1 10 80000.000000
29.269442 1 22 80000.000000
29.906868 1 1 80000.000000
0.092786 2 5 1000000.000000
0.102114 2 19 200000.000000
0.498687 2 0 2000000.000000
0.560473 2 18 2000000.000000
1.444649 2 15 10000000.000000
1.743017 2 5 10000.000000
2.301381 2 9 5000000.000000
2.764286 2 7 10000.000000
3.250140 2 25 1000000.000000
3.706377 2 15 2000000.000000
3.730084 2 0 1000000.000000
3.848550 2 23 30000.000000
5.019941 2 4 80000.000000
5.248545 2 7 20000.000000
5.651475 2 15 1000000.000000
6.273516 2 16 5000000.000000
6.276197 2 8 30000.000000
6.731854 2 26 80000.000000
7.122647 2 4 20000.000000
8.135401 2 21 1000000.000000
8.316676 2 4 2000000.000000
8.438293 2 16 10000000.000000
8.441819 2 1 80000.000000
8.868322 2 3 10000.000000
9.919484 2 8 10000.000000
9.941212 2 22 5000000.000000
10.012038 2 6 5000000.000000
10.224861 2 21 2000000.000000
10.750732 2 13 50000.000000
11.554000 2 15 80000.000000
11.667999 2 15 10000.000000
11.816836 2 11 5000000.000000
11.940521 2 18 5000000.000000
11.954983 2 10 50000.000000
12.173206 2 18 10000.000000
12.287428 2 4 10000.000000
12.619031 2 20 1000000.000000
12.763104 2 24 10000000.000000
12.993332 2 16 1000000.000000
13.106817 2 0 2000000.000000
13.475435 2 8 50000.000000
13.545355 2 12 10000.000000
14.170781 2 2 30000.000000
14.177872 2 19 1000000.000000
14.973164 2 12 5000000.000000
15.232781 2 6 1000000.000000
15.271956 2 17 80000.000000
15.356278 2 13 5000000.000000
15.650259 2 18 80000.000000
15.811870 2 20 30000.000000
15.960363 2 5 20000.000000
16.491583 2 20 50000.000000
16.973955 2 7 80000.000000
17.196938 2 10 10000.000000
17.240804 2 23 50000.000000
17.501036 2 26 50000.000000
18.200898 2 21 50000.000000
18.785455 2 12 10000000.000000
19.585391 2 6 30000.000000
19.630733 2 11 30000.000000
19.986949 2 2 20000.000000
20.277618 2 8 10000.000000
21.002141 2 25 80000.000000
21.287530 2 17 5000000.000000
21.481189 2 22 1000000.000000
21.553881 2 14 80000.000000
22.091158 2 12 10000.000000
22.310913 2 16 2000000.000000
22.596423 2 18 30000.000000
22.891770 2 5 2000000.000000
23.044867 2 25 80000.000000
23.203126 2 23 10000000.000000
23.572427 2 5 1000000.000000
23.738848 2 4 30000000.000000
23.750086 2 3 30000000.000000
24.003255 2 19 10000000.000000
24.080273 2 11 10000.000000
24.100930 2 13 5000000.000000
24.156095 2 11 80000.000000
24.218795 2 14 10000.000000
24.265038 2 18 5000000.000000
24.468711 2 24 80000.000000
24.559194 2 13 200000.000000
25.032482 2 12 80000.000000
25.102130 2 17 30000000.000000
25.298292 2 24 200000.000000
25.305302 2 11 10000.000000
25.829850 2 23 50000.000000
26.107299 2 8 5000000.000000
26.350514 2 16 80000.000000
26.410941 2 9 1000000.000000
26.441488 2 5 10000.000000
27.223016 2 15 80000.000000
27.562298 2 19 80000.000000
27.780583 2 11 200000.000000
28.046559 2 11 200000.000000
28.079764 2 24 2000000.000000
28.182779 2 22 5000000.000000
29.183634 2 26 30000.000000
29.349819 2 21 2000000.000000
0.205340 3 3 1000000.000000
0.212072 3 4 30000.000000
0.326478 3 17 50000.000000
0.337573 3 8 5000000.000000
0.591882 3 21 80000.000000
0.708159 3 25 10000.000000
0.730287 3 12 80000.000000
0.995405 3 25 10000000.000000
1.090723 3 0 10000.000000
1.365708 3 4 80000.000000
1.374166 3 13 10000.000000
1.944978 3 18 200000.000000
2.588397 3 13 10000.000000
2.623319 3 0 30000.000000
2.819618 3 0 2000000.000000
3.123462 3 2 10000.000000
3.376956 3 1 10000000.000000
3.495792 3 23 30000.000000
4.026069 3 1 80000.000000
4.615984 3 6 10000.000000
4.864509 3 7 10000.000000
5.418446 3 16 1000000.000000
5.426599 3 13 2000000.000000
5.804235 3 24 10000.000000
5.821404 3 9 10000.000000
5.946786 3 13 5000000.000000
5.980969 3 7 30000.000000
6.009804 3 12 30000000.000000
6.049767 3 24 5000000.000000
6.423871 3 22 1000000.000000
6.637204 3 22 5000000.000000
6.695525 3 5 10000.000000
7.170778 3 26 200000.000000
7.464197 3 4 200000.000000
8.149404 3 22 10000.000000
8.336444 3 1 80000.000000
8.627054 3 21 30000.000000
9.361225 3 0 20000.000000
9.420032 3 25 30000.000000
9.559193 3 26 2000000.000000
9.602920 3 4 80000.000000
9.657068 3 25 80000.000000
9.753052 3 22 1000000.000000
9.995235 3 21 10000000.000000
10.054500 3 11 20000.000000
10.071722 3 5 1000000.000000
10.290084 3 8 50000.000000
10.385654 3 7 50000.000000
10.607141 3 1 2000000.000000
10.958958 3 13 10000000.000000
11.449360 3 1 10000.000000
11.474350 3 4 80000.000000
11.525699 3 26 10000.000000
11.699254 3 7 5000000.000000
11.773996 3 6 10000000.000000
12.563669 3 10 10000.000000
13.881022 3 24 5000000.000000
13.893294 3 11 10000000.000000
13.974752 3 7 10000.000000
14.449821 3 1 200000.000000
14.545447 3 0 200000.000000
15.414057 3 2 30000.000000
15.931604 3 6 80000.000000
16.655256 3 21 30000000.000000
17.795246 3 11 10000.000000
17.937177 3 20 80000.000000
17.954817 3 15 5000000.000000
18.033464 3 12 10000.000000
18.285126 3 6 10000.000000
18.395705 3 17 30000.000000
18.550551 3 4 20000.000000
18.701636 3 13 50000.000000
19.953727 3 25 80000.000000
19.997136 3 9 1000000.000000
20.000979 3 8 30000.000000
20.020462 3 2 30000.000000
20.264660 3 6 10000000.000000
20.354513 3 10 10000000.000000
20.628437 3 3 30000.000000
20.710848 3 9 30000.000000
21.514082 3 5 5000000.000000
21.623313 3 4 1000000.000000
22.102934 3 5 30000.000000
22.189180 3 13 2000000.000000
22.196915 3 14 50000.000000
22.531808 3 14 30000.000000
22.958599 3 20 10000000.000000
24.051593 3 8 10000.000000
24.052704 3 2 10000.000000
24.389389 3 17 80000.000000
24.408266 3 17 80000.000000
24.496990 3 23 30000.000000
24.879252 3 13 5000000.000000
25.165494 3 24 50000.000000
25.182574 3 0 1000000.000000
25.331883 3 25 10000.000000
26.394122 3 15 50000.000000
26.490513 3 16 50000.000000
26.760622 3 24 200000.000000
26.914850 3 21 80000.000000
26.921013 3 22 1000000.000000
26.925270 3 18 80000.000000
27.154782 3 13 5000000.000000
27.225667 3 0 1000000.000000
27.372590 3 5 50000.000000
27.634189 3 4 50000.000000
27.922693 3 26 50000.000000
28.354848 3 7 2000000.000000
28.509094 3 24 50000.000000
28.845147 3 6 5000000.000000
29.128086 3 17 2000000.000000
29.238875 3 8 1000000.000000
29.381566 3 12 1000000.000000
29.868053 3 14 50000.000000
29.951601 3 16 2000000.000000
0.331383 4 9 20000.000000
0.348242 4 22 30000000.000000
1.650157 4 15 1000000.000000
1.865613 4 4 2000000.000000
1.868289 4 3 5000000.000000
2.699195 4 21 5000000.000000
3.012721 4 21 30000000.000000
3.045233 4 13 2000000.000000
3.087982 4 5 30000000.000000
3.615994 4 22 10000000.000000
4.099431 4 13 30000.000000
4.133569 4 21 30000.000000
4.472907 4 6 30000000.000000
4.724385 4 8 80000.000000
5.188046 4 4 30000.000000
5.623924 4 8 10000.000000
6.482175 4 24 20000.000000
6.556745 4 18 200000.000000
6.698585 4 6 80000.000000
6.946582 4 16 10000.000000
7.040927 4 21 50000.000000
7.681109 4 22 200000.000000
8.521913 4 20 10000.000000
8.841741 4 16 30000.000000
9.482660 4 8 80000.000000
10.120379 4 15 80000.000000
10.166857 4 13 80000.000000
10.304627 4 4 1000000.000000
10.521266 4 5 5000000.000000
10.651439 4 19 5000000.000000
11.026351 4 25 80000.000000
11.632423 4 12 10000.000000
11.811299 4 8 80000.000000
12.197198 4 23 50000.000000
12.479624 4 15 80000.000000
12.498966 4 2 5000000.000000
12.596138 4 1 50000.000000
12.669377 4 13 30000.000000
12.824254 4 22 30000.000000
13.254267 4 8 1000000.000000
13.421528 4 4 1000000.000000
13.897337 4 2 200000.000000
14.024754 4 23 80000.000000
14.271483 4 26 1000000.000000
14.628579 4 24 10000000.000000
15.486673 4 0 50000.000000
15.843150 4 23 80000.000000
15.861491 4 7 80000.000000
16.378690 4 22 10000.000000
16.632441 4 25 80000.000000
16.716193 4 21 30000.000000
16.783670 4 9 80000.000000
17.116160 4 14 1000000.000000
17.156971 4 16 10000.000000
17.183128 4 14 30000.000000
17.566779 4 1 2000000.000000
17.584382 4 10 80000.000000
17.610953 4 25 10000.000000
17.625248 4 14 200000.000000
17.717407 4 24 10000.000000
17.864411 4 21 5000000.000000
18.193508 4 23 80000.000000
19.524424 4 15 200000.000000
20.511278 4 0 30000.000000
20.615504 4 11 2000000.000000
21.436543 4 10 30000.000000
22.641687 4 15 80000.000000
23.033630 4 0 1000000.000000
23.333625 4 19 80000.000000
23.543608 4 11 1000000.000000
23.766036 4 3 10000.000000
24.299601 4 3 1000000.000000
24.588862 4 20 30000.000000
24.595718 4 9 5000000.000000
24.828090 4 20 10000.000000
25.077026 4 24 50000.000000
25.570906 4 8 10000.000000
26.345876 4 9 2000000.000000
26.623593 4 1 1000000.000000
26.630356 4 23 5000000.000000
26.654421 4 24 10000.000000
26.827967 4 18 80000.000000
27.291211 4 3 50000.000000
27.366952 4 3 50000.000000
27.601708 4 13 10000000.000000
27.662190 4 8 80000.000000
28.377849 4 4 10000000.000000
29.425548 4 18 10000.000000
29.654933 4 18 5000000.000000
29.779095 4 10 80000.000000
29.881776 4 11 80000.000000
0.071919 5 14 10000000.000000
0.196006 5 16 1000000.000000
0.726258 5 22 5000000.000000
1.444522 5 22 20000.000000
1.582984 5 18 30000.000000
1.956088 5 3 50000.000000
2.147770 5 10 80000.000000
2.574319 5 6 5000000.000000
2.978330 5 7 10000.000000
3.567044 5 17 50000.000000
3.715499 5 24 50000.000000
3.925772 5 5 1000000.000000
3.958722 5 24 10000.000000
3.958735 5 5 2000000.000000
4.217093 5 23 200000.000000
4.238963 5 19 5000000.000000
4.839268 5 14 50000.000000
4.951790 5 11 2000000.000000
5.718319 5 3 80000.000000
5.734183 5 17 80000.000000
5.847518 5 5 2000000.000000
6.358505 5 9 5000000.000000
6.444524 5 4 80000.000000
6.835062 5 18 1000000.000000
7.048359 5 23 80000.000000
7.266089 5 5 200000.000000
7.488550 5 9 10000000.000000
7.635574 5 25 20000.000000
7.934903 5 11 2000000.000000
8.086057 5 19 30000000.000000
8.416615 5 8 30000.000000
8.934372 5 11 10000000.000000
9.300869 5 9 80000.000000
9.842397 5 21 5000000.000000
9.862518 5 8 20000.000000
10.393682 5 7 10000.000000
10.592707 5 9 10000.000000
10.838964 5 17 2000000.000000
11.135960 5 10 1000000.000000
11.285785 5 4 20000.000000
11.615299 5 7 80000.000000
12.055594 5 16 80000.000000
12.065554 5 25 30000000.000000
12.482603 5 0 10000000.000000
13.619717 5 6 2000000.000000
14.144822 5 11 30000.000000
14.365808 5 4 50000.000000
14.501548 5 0 10000.000000
14.712558 5 23 10000000.000000
14.721766 5 25 2000000.000000
14.996471 5 22 2000000.000000
15.204790 5 17 10000.000000
15.286214 5 1 2000000.000000
15.487049 5 7 10000000.000000
15.527036 5 22 50000.000000
15.716537 5 23 1000000.000000
16.657938 5 10 5000000.000000
16.701642 5 23 5000000.000000
16.997875 5 16 5000000.000000
17.562178 5 11 30000.000000
17.665460 5 5 30000.000000
17.708750 5 16 10000.000000
17.839982 5 23 1000000.000000
18.072223 5 0 10000000.000000
18.078773 5 26 20000.000000
18.191626 5 24 2000000.000000
18.791791 5 25 10000.000000
18.853547 5 15 2000000.000000
18.935038 5 0 5000000.000000
19.180803 5 16 30000.000000
19.239015 5 23 30000.000000
19.279125 5 2 20000.000000
19.357676 5 14 80000.000000
19.456476 5 19 10000.000000
20.099964 5 0 10000000.000000
20.121221 5 5 200000.000000
20.961752 5 4 2000000.000000
20.982040 5 19 5000000.000000
21.882436 5 10 5000000.000000
22.025960 5 19 80000.000000
22.191995 5 22 80000.000000
22.501431 5 20 200000.000000
22.550203 5 9 10000.000000
22.745961 5 9 30000.000000
23.298462 5 19 10000.000000
23.302145 5 10 1000000.000000
24.192370 5 0 5000000.000000
24.553168 5 26 200000.000000
24.626615 5 16 80000.000000
24.774729 5 18 50000.000000
25.113808 5 0 10000000.000000
25.176164 5 26 10000.000000
25.522007 5 6 10000.000000
26.337500 5 20 80000.000000
27.624003 5 15 30000.000000
27.672543 5 4 200000.000000
28.227619 5 7 20000.000000
28.356562 5 20 30000.000000
28.636216 5 21 10000.000000
28.886906 5 14 1000000.000000
29.195885 5 6 10000.000000
29.802190 5 7 80000.000000
29.845390 5 26 1000000.000000
29.900887 5 10 5000000.000000
0.535981 6 3 10000.000000
0.852115 6 9 10000.000000
1.115169 6 3 1000000.000000
1.336619 6 12 20000.000000
1.380384 6 4 200000.000000
1.524422 6 15 20000.000000
1.770451 6 22 20000.000000
2.091512 6 7 10000.000000
2.387856 6 5 80000.000000
3.032217 6 7 20000.000000
3.293097 6 25 50000.000000
3.358908 6 17 80000.000000
3.368025 6 8 30000.000000
3.652024 6 0 2000000.000000
3.688274 6 20 10000000.000000
3.778323 6 0 200000.000000
4.215434 6 0 50000.000000
4.283101 6 20 10000.000000
4.363825 6 6 2000000.000000
4.475689 6 2 10000.000000
4.568604 6 15 80000.000000
4.668091 6 7 1000000.000000
4.777358 6 25 200000.000000
5.086877 6 2 10000.000000
5.236633 6 21 200000.000000
5.395167 6 18 80000.000000
5.403088 6 20 1000000.000000
5.765844 6 12 30000.000000
5.769585 6 22 10000.000000
7.385366 6 25 50000.000000
7.614809 6 11 1000000.000000
7.648538 6 5 10000.000000
7.691206 6 24 1000000.000000
8.286239 6 20 10000000.000000
8.356103 6 19 200000.000000
8.639997 6 19 30000.000000
8.819219 6 12 5000000.000000
9.410743 6 22 5000000.000000
9.516948 6 20 30000.000000
9.582708 6 2 30000000.000000
9.631964 6 23 2000000.000000
9.890898 6 11 1000000.000000
9.958481 6 7 10000.000000
10.592161 6 7 5000000.000000
11.179254 6 14 10000000.000000
11.424465 6 11 1000000.000000
11.585754 6 21 20000.000000
11.788626 6 4 10000.000000
11.907409 6 3 10000.000000
12.563618 6 0 30000.000000
12.588174 6 20 200000.000000
14.102691 6 7 20000.000000
14.671342 6 9 80000.000000
14.820493 6 21 50000.000000
14.926542 6 16 80000.000000
15.128661 6 21 10000.000000
15.207801 6 11 50000.000000
15.436349 6 22 1000000.000000
15.853410 6 6 5000000.000000
16.342599 6 14 10000.000000
16.437692 6 14 2000000.000000
16.513551 6 13 50000.000000
16.653150 6 3 80000.000000
16.777533 6 15 50000.000000
17.420317 6 4 80000.000000
17.841780 6 6 1000000.000000
18.080060 6 25 10000.000000
18.098100 6 9 200000.000000
18.477303 6 5 5000000.000000
18.763491 6 14 80000.000000
19.339493 6 21 5000000.000000
19.552975 6 0 200000.000000
19.828395 6 18 80000.000000
19.841329 6 2 20000.000000
19.846865 6 14 2000000.000000
20.073615 6 12 10000.000000
20.393095 6 15 10000000.000000
20.424832 6 25 80000.000000
20.579740 6 4 80000.000000
21.088437 6 3 10000.000000
21.186650 6 8 50000.000000
21.621665 6 7 1000000.000000
22.169636 6 12 80000.000000
22.239078 6 18 1000000.000000
22.405871 6 24 20000.000000
22.540191 6 16 20000.000000
23.302185 6 18 30000.000000
23.377990 6 14 30000.000000
23.445773 6 1 10000000.000000
23.530235 6 11 10000.000000
23.689956 6 6 20000.000000
23.789695 6 6 1000000.000000
23.959346 6 10 1000000.000000
24.135817 6 19 1000000.000000
24.340885 6 12 5000000.000000
24.350039 6 24 2000000.000000
24.707545 6 21 2000000.000000
24.925636 6 4 1000000.000000
25.040036 6 25 1000000.000000
25.401310 6 13 20000.000000
25.949767 6 16 10000000.000000
26.169807 6 19 5000000.000000
26.438682 6 24 10000.000000
26.742734 6 5 80000.000000
27.077150 6 23 10000.000000
27.150949 6 19 30000.000000
27.371804 6 18 30000.000000
27.861810 6 2 80000.000000
28.096725 6 7 10000.000000
28.119404 6 17 10000.000000
28.202585 6 6 50000.000000
28.798482 6 18 20000.000000
29.300977 6 23 20000.000000
29.933641 6 23 10000000.000000
29.992263 6 7 20000.000000
0.298349 7 21 1000000.000000
0.373740 7 7 10000.000000
0.763945 7 20 50000.000000
1.075814 7 9 20000.000000
1.157460 7 19 2000000.000000
1.277936 7 5 80000.000000
1.821994 7 13 1000000.000000
1.864756 7 14 80000.000000
2.205622 7 14 80000.000000
2.550044 7 26 5000000.000000
2.850287 7 19 30000000.000000
2.903974 7 23 5000000.000000
3.838113 7 21 50000.000000
3.926625 7 23 10000.000000
3.933661 7 2 5000000.000000
4.037159 7 22 30000000.000000
4.982500 7 16 80000.000000
5.123074 7 0 80000.000000
5.341295 7 22 10000.000000
5.456919 7 25 20000.000000
5.554695 7 20 10000000.000000
5.854074 7 14 10000000.000000
5.876367 7 4 30000.000000
5.914249 7 21 2000000.000000
7.200871 7 12 5000000.000000
7.491536 7 1 5000000.000000
7.555712 7 3 50000.000000
7.599802 7 20 200000.000000
7.656372 7 17 30000.000000
7.657085 7 10 1000000.000000
8.073547 7 25 5000000.000000
8.461220 7 22 10000.000000
8.754028 7 7 10000.000000
9.200820 7 2 200000.000000
9.203706 7 9 30000.000000
9.222523 7 6 1000000.000000
9.823718 7 19 10000000.000000
10.495141 7 8 50000.000000
11.061311 7 0 80000.000000
11.180509 7 5 10000.000000
11.206510 7 17 30000.000000
11.213348 7 21 2000000.000000
11.281467 7 20 30000.000000
11.449059 7 8 30000000.000000
11.460211 7 25 50000.000000
11.765638 7 9 20000.000000
11.766890 7 12 2000000.000000
11.909788 7 16 10000.000000
12.027251 7 4 5000000.000000
12.153448 7 10 1000000.000000
12.394966 7 19 30000000.000000
12.439558 7 5 5000000.000000
12.679303 7 4 5000000.000000
12.950823 7 13 30000.000000
13.139730 7 21 5000000.000000
13.976470 7 21 20000.000000
14.199357 7 3 50000.000000
14.345586 7 22 5000000.000000
15.450729 7 8 30000.000000
15.700073 7 23 30000.000000
16.259106 7 10 80000.000000
16.326223 7 19 80000.000000
16.429764 7 25 1000000.000000
17.204570 7 3 20000.000000
18.371513 7 16 1000000.000000
18.642068 7 5 1000000.000000
18.767922 7 24 10000.000000
19.625995 7 24 1000000.000000
19.637976 7 12 30000.000000
19.653279 7 21 5000000.000000
19.718867 7 18 2000000.000000
19.931255 7 24 2000000.000000
20.533406 7 8 30000000.000000
21.275770 7 7 50000.000000
21.935600 7 11 200000.000000
22.005499 7 2 80000.000000
23.418995 7 9 80000.000000
23.457223 7 21 5000000.000000
24.879431 7 8 10000000.000000
25.066522 7 26 1000000.000000
25.201999 7 4 5000000.000000
25.323470 7 21 30000.000000
25.336790 7 14 10000000.000000
25.909611 7 18 200000.000000
26.436425 7 2 50000.000000
26.585983 7 11 5000000.000000
26.643625 7 5 80000.000000
26.869535 7 20 5000000.000000
27.468993 7 16 30000.000000
27.634395 7 9 30000.000000
28.159490 7 20 30000.000000
28.243033 7 26 10000000.000000
29.743553 7 10 200000.000000
29.768647 7 25 30000.000000
0.034594 8 22 10000000.000000
0.519123 8 4 1000000.000000
0.596266 8 17 50000.000000
0.702310 8 17 50000.000000
0.817440 8 22 80000.000000
0.926104 8 9 80000.000000
1.647334 8 26 5000000.000000
1.743724 8 23 200000.000000
1.960496 8 7 10000000.000000
2.162345 8 24 30000.000000
2.445619 8 6 1000000.000000
2.538516 8 2 10000.000000
2.911113 8 22 1000000.000000
3.044173 8 6 10000.000000
3.241680 8 0 50000.000000
3.274039 8 13 50000.000000
3.350015 8 7 5000000.000000
3.744629 8 11 1000000.000000
3.805649 8 10 10000.000000
4.104138 8 7 80000.000000
4.217425 8 16 80000.000000
4.286032 8 18 50000.000000
4.432505 8 4 2000000.000000
4.735436 8 25 1000000.000000
4.873224 8 10 10000000.000000
4.955050 8 12 50000.000000
5.255646 8 17 10000000.000000
5.415299 8 21 1000000.000000
5.771596 8 10 80000.000000
5.884190 8 7 80000.000000
7.081650 8 21 30000.000000
7.174503 8 10 1000000.000000
7.256705 8 4 50000.000000
7.493582 8 5 50000.000000
7.672416 8 2 50000.000000
7.732738 8 19 50000.000000
7.762393 8 7 30000.000000
7.821408 8 22 30000.000000
8.086376 8 4 2000000.000000
8.634381 8 11 200000.000000
8.707823 8 5 5000000.000000
9.110056 8 8 50000.000000
9.498815 8 16 5000000.000000
9.511796 8 24 80000.000000
10.225804 8 19 2000000.000000
11.311326 8 25 1000000.000000
12.365325 8 13 2000000.000000
12.448682 8 20 1000000.000000
12.656941 8 19 30000.000000
12.728460 8 21 50000.000000
12.742066 8 11 5000000.000000
12.967279 8 1 10000.000000
13.333892 8 3 30000000.000000
13.421944 8 18 10000.000000
13.424039 8 23 1000000.000000
13.870899 8 10 80000.000000
13.949345 8 14 1000000.000000
14.068856 8 13 30000.000000
14.072241 8 10 5000000.000000
14.312712 8 18 5000000.000000
14.431199 8 4 1000000.000000
15.001345 8 4 2000000.000000
15.056917 8 25 10000.000000
15.192936 8 14 80000.000000
15.250611 8 23 50000.000000
15.425248 8 1 50000.000000
15.458135 8 0 200000.000000
15.756393 8 3 2000000.000000
16.171849 8 4 1000000.000000
16.287399 8 26 2000000.000000
16.294415 8 23 30000000.000000
16.379813 8 2 50000.000000
16.969816 8 6 10000.000000
17.186817 8 3 10000.000000
17.944253 8 4 80000.000000
18.793226 8 18 2000000.000000
18.838258 8 11 1000000.000000
18.860264 8 5 10000.000000
18.983023 8 9 5000000.000000
19.682516 8 5 80000.000000
20.483339 8 16 5000000.000000
20.666655 8 18 80000.000000
21.637173 8 2 30000.000000
22.292106 8 9 200000.000000
22.432622 8 5 10000.000000
22.729608 8 23 2000000.000000
23.134210 8 7 1000000.000000
23.158904 8 18 20000.000000
24.208430 8 19 2000000.000000
24.702418 8 18 30000.000000
24.998030 8 5 50000.000000
25.925342 8 21 50000.000000
26.248394 8 10 80000.000000
26.320120 8 4 20000.000000
26.800371 8 7 50000.000000
26.881064 8 3 10000.000000
27.142934 8 9 10000000.000000
27.224601 8 3 2000000.000000
27.975109 8 22 50000.000000
28.267745 8 8 1000000.000000
28.368205 8 10 1000000.000000
29.521451 8 7 80000.000000
29.866134 8 19 200000.000000
0.008566 9 9 1000000.000000
0.070547 9 25 30000000.000000
0.256661 9 23 80000.000000
0.812584 9 26 10000000.000000
1.113549 9 25 5000000.000000
1.137149 9 6 20000.000000
1.159835 9 7 2000000.000000
1.698883 9 6 20000.000000
2.021489 9 16 2000000.000000
2.334862 9 10 80000.000000
2.713180 9 17 5000000.000000
2.843417 9 20 50000.000000
2.882828 9 0 2000000.000000
3.021046 9 7 10000.000000
3.170588 9 0 50000.000000
3.246665 9 11 50000.000000
4.006756 9 15 50000.000000
4.269738 9 10 80000.000000
4.527071 9 1 20000.000000
4.767024 9 8 2000000.000000
4.841730 9 24 30000.000000
4.946197 9 8 10000.000000
4.974518 9 6 80000.000000
5.256597 9 20 5000000.000000
5.391873 9 3 30000000.000000
5.519921 9 3 2000000.000000
6.221594 9 14 1000000.000000
6.577765 9 23 80000.000000
6.792981 9 6 10000.000000
6.848294 9 10 80000.000000
6.995911 9 8 200000.000000
7.142469 9 15 200000.000000
7.226354 9 8 1000000.000000
7.535499 9 25 80000.000000
7.997902 9 14 5000000.000000
8.179730 9 15 10000000.000000
8.314744 9 25 10000.000000
8.452088 9 5 10000.000000
8.499002 9 10 50000.000000
9.466414 9 16 30000.000000
9.667663 9 17 5000000.000000
9.751607 9 1 2000000.000000
9.860435 9 22 20000.000000
10.053258 9 23 5000000.000000
10.195026 9 7 5000000.000000
10.579038 9 23 5000000.000000
10.673091 9 6 20000.000000
10.927295 9 12 80000.000000
11.261003 9 15 10000000.000000
11.732774 9 3 30000.000000
11.855692 9 21 80000.000000
11.929154 9 19 30000000.000000
12.006013 9 3 30000.000000
12.189677 9 14 10000.000000
12.348513 9 11 1000000.000000
12.401058 9 5 200000.000000
13.276124 9 1 10000.000000
13.863053 9 11 10000.000000
13.974908 9 10 1000000.000000
14.216620 9 13 10000000.000000
14.217817 9 19 30000.000000
14.346944 9 5 10000000.000000
14.399990 9 26 2000000.000000
14.567703 9 3 5000000.000000
15.378619 9 6 2000000.000000
15.639835 9 22 80000.000000
15.959563 9 2 50000.000000
16.039252 9 10 5000000.000000
16.195609 9 0 20000.000000
16.206789 9 7 30000.000000
16.391826 9 5 10000000.000000
16.407180 9 17 80000.000000
16.472366 9 25 20000.000000
16.543888 9 19 20000.000000
17.026550 9 14 50000.000000
17.326456 9 25 50000.000000
18.114880 9 4 80000.000000
18.176002 9 21 10000.000000
18.316646 9 15 2000000.000000
18.340853 9 7 50000.000000
19.010929 9 8 10000.000000
19.186708 9 12 2000000.000000
19.537295 9 5 5000000.000000
19.629591 9 4 10000000.000000
19.861793 9 24 20000.000000
19.975237 9 16 5000000.000000
20.528602 9 3 10000000.000000
20.622428 9 25 10000.000000
20.878760 9 13 5000000.000000
20.889281 9 25 10000.000000
22.337569 9 24 10000000.000000
23.105191 9 6 5000000.000000
23.267934 9 20 2000000.000000
23.683671 9 10 200000.000000
23.735902 9 3 50000.000000
24.653848 9 20 200000.000000
24.720352 9 8 2000000.000000
25.039878 9 0 20000.000000
25.349017 9 16 10000000.000000
25.412745 9 7 10000.000000
25.759197 9 22 2000000.000000
25.925581 9 4 50000.000000
26.083206 9 7 2000000.000000
26.356783 9 4 80000.000000
26.402181 9 21 30000.000000
26.554554 9 20 50000.000000
26.586971 9 3 80000.000000
26.805394 9 13 1000000.000000
27.587035 9 6 20000.000000
27.999055 9 21 30000.000000
28.326074 9 2 1000000.000000
28.398045 9 26 80000.000000
28.559596 9 8 10000.000000
29.275550 9 1 10000000.000000
29.605946 9 21 2000000.000000
29.629676 9 15 30000.000000
29.923874 9 20 10000.000000
0.041978 10 19 50000.000000
0.236518 10 12 80000.000000
0.625412 10 21 80000.000000
0.724193 10 14 5000000.000000
1.764626 10 18 80000.000000
1.791980 10 9 10000.000000
1.821737 10 18 10000000.000000
2.818396 10 17 5000000.000000
3.608065 10 13 10000000.000000
3.976426 10 16 80000.000000
3.996049 10 8 30000.000000
4.108864 10 2 30000000.000000
4.233936 10 0 1000000.000000
5.341409 10 7 5000000.000000
5.545295 10 17 50000.000000
5.799941 10 25 80000.000000
6.047315 10 17 2000000.000000
6.170835 10 21 10000.000000
6.413356 10 21 50000.000000
6.645772 10 21 10000.000000
6.910298 10 3 10000.000000
7.474472 10 5 80000.000000
7.711648 10 18 1000000.000000
7.975279 10 23 2000000.000000
8.257864 10 4 20000.000000
8.491332 10 11 80000.000000
8.544747 10 16 5000000.000000
9.853165 10 26 2000000.000000
10.213275 10 14 20000.000000
10.216240 10 5 80000.000000
10.390832 10 12 10000.000000
11.079053 10 18 50000.000000
11.297572 10 2 10000.000000
11.343698 10 19 30000000.000000
11.587105 10 9 2000000.000000
11.648449 10 24 30000.000000
12.362075 10 5 80000.000000
13.695902 10 7 10000.000000
13.975181 10 14 50000.000000
14.227436 10 22 30000.000000
14.591228 10 21 10000.000000
14.675929 10 19 200000.000000
14.784487 10 9 10000.000000
14.853149 10 16 5000000.000000
15.196123 10 14 80000.000000
15.750450 10 22 50000.000000
16.339605 10 14 50000.000000
16.441214 10 7 2000000.000000
16.564057 10 26 1000000.000000
16.642429 10 18 30000.000000
16.764438 10 2 10000000.000000
16.898427 10 10 80000.000000
17.034433 10 7 1000000.000000
17.211541 10 9 200000.000000
17.466839 10 25 2000000.000000
17.714914 10 13 20000.000000
17.772818 10 10 10000.000000
17.945657 10 19 30000.000000
18.153461 10 14 20000.000000
18.650043 10 21 80000.000000
18.803688 10 19 10000000.000000
19.286002 10 6 2000000.000000
19.498972 10 18 1000000.000000
19.859085 10 0 10000.000000
20.312285 10 1 5000000.000000
20.465584 10 15 30000.000000
20.917267 10 7 10000000.000000
21.722249 10 16 30000.000000
22.185898 10 4 10000.000000
22.260337 10 25 2000000.000000
22.261065 10 18 2000000.000000
22.275518 10 11 30000.000000
22.676550 10 7 20000.000000
23.017354 10 26 80000.000000
23.137450 10 1 10000.000000
23.732198 10 16 10000.000000
23.814299 10 25 50000.000000
23.948039 10 4 5000000.000000
25.280348 10 24 80000.000000
25.283209 10 23 2000000.000000
25.295634 10 23 80000.000000
25.583018 10 7 1000000.000000
25.766203 10 14 1000000.000000
25.846354 10 23 10000.000000
25.867889 10 26 50000.000000
25.931530 10 9 1000000.000000
25.938365 10 11 30000.000000
26.188535 10 19 30000.000000
26.551534 10 3 5000000.000000
26.597076 10 17 2000000.000000
26.738437 10 0 1000000.000000
27.212882 10 3 80000.000000
27.393950 10 18 30000.000000
27.723330 10 19 10000000.000000
28.242872 10 12 5000000.000000
29.083411 10 4 80000.000000
29.205799 10 20 1000000.000000
29.866858 10 6 2000000.000000
0.257099 11 13 10000.000000
0.838422 11 14 10000.000000
1.432765 11 2 20000.000000
1.643267 11 3 5000000.000000
1.989535 11 23 10000.000000
2.367310 11 21 5000000.000000
2.835624 11 2 80000.000000
3.344352 11 19 10000000.000000
5.414397 11 23 80000.000000
5.954391 11 21 10000.000000
6.028071 11 3 5000000.000000
6.208204 11 20 10000000.000000
6.244396 11 7 5000000.000000
6.399186 11 18 10000.000000
6.476845 11 24 80000.000000
6.707665 11 13 2000000.000000
7.191417 11 5 5000000.000000
7.851454 11 23 80000.000000
8.562708 11 13 10000.000000
8.702092 11 10 80000.000000
8.858053 11 26 10000.000000
9.081883 11 24 200000.000000
9.586370 11 20 5000000.000000
9.682933 11 8 2000000.000000
10.346801 11 12 80000.000000
10.393733 11 21 1000000.000000
10.860559 11 20 80000.000000
10.895065 11 9 10000.000000
11.703091 11 0 80000.000000
12.707484 11 6 5000000.000000
12.822841 11 14 1000000.000000
12.858024 11 24 1000000.000000
12.947917 11 8 80000.000000
13.169372 11 16 10000.000000
13.192350 11 24 10000000.000000
13.268448 11 20 1000000.000000
13.354250 11 8 30000.000000
13.734783 11 13 10000.000000
14.284362 11 24 30000.000000
14.934472 11 24 10000.000000
15.047534 11 1 30000.000000
15.097453 11 3 20000.000000
15.540766 11 10 10000000.000000
15.636924 11 11 10000.000000
15.695484 11 1 10000.000000
15.789335 11 23 200000.000000
16.077768 11 25 200000.000000
16.167308 11 25 5000000.000000
16.411291 11 18 2000000.000000
16.644887 11 17 1000000.000000
16.872151 11 3 5000000.000000
17.178003 11 0 20000.000000
17.395293 11 7 10000.000000
17.432857 11 7 5000000.000000
18.566350 11 1 10000.000000
18.599350 11 18 2000000.000000
18.864659 11 0 30000.000000
19.036303 11 13 1000000.000000
19.981259 11 11 2000000.000000
20.287819 11 9 30000.000000
20.459151 11 19 2000000.000000
21.423132 11 7 20000.000000
21.521697 11 15 80000.000000
22.157037 11 12 80000.000000
22.402876 11 8 10000000.000000
22.970175 11 11 50000.000000
23.402493 11 19 10000000.000000
23.440131 11 17 200000.000000
23.589410 11 19 5000000.000000
23.635776 11 8 10000000.000000
23.969366 11 18 50000.000000
24.221508 11 1 10000000.000000
24.291487 11 10 10000.000000
24.599736 11 7 50000.000000
25.071460 11 16 80000.000000
25.542109 11 12 20000.000000
25.663859 11 22 10000000.000000
25.903356 11 3 10000.000000
25.962049 11 2 10000000.000000
26.124683 11 7 10000.000000
26.358752 11 24 30000.000000
26.509278 11 16 50000.000000
26.877832 11 8 30000000.000000
27.051731 11 20 30000.000000
27.152121 11 20 2000000.000000
27.217927 11 11 5000000.000000
27.637225 11 16 50000.000000
27.953422 11 7 30000.000000
27.987475 11 5 80000.000000
28.401531 11 26 20000.000000
28.889985 11 20 2000000.000000
29.000600 11 19 10000.000000
29.214567 11 9 50000.000000
29.214939 11 15 200000.000000
29.742009 11 16 10000000.000000
0.033274 12 0 2000000.000000
0.051194 12 3 1000000.000000
0.157524 12 23 10000.000000
0.598327 12 12 10000.000000
0.698584 12 1 80000.000000
0.724335 12 22 10000000.000000
0.743443 12 21 80000.000000
2.043956 12 3 1000000.000000
2.329198 12 16 1000000.000000
2.431379 12 21 5000000.000000
3.199713 12 18 80000.000000
3.389748 12 21 50000.000000
3.683999 12 19 30000.000000
3.976478 12 11 50000.000000
3.986742 12 19 80000.000000
4.360235 12 8 10000.000000
4.717505 12 19 80000.000000
4.821408 12 26 50000.000000
4.870663 12 0 30000.000000
5.818863 12 10 2000000.000000
5.950568 12 6 10000.000000
6.052933 12 19 200000.000000
6.197639 12 6 200000.000000
6.485746 12 18 2000000.000000
7.129019 12 8 50000.000000
7.256154 12 5 20000.000000
7.284889 12 16 30000.000000
7.431535 12 26 30000.000000
7.658493 12 18 1000000.000000
7.999697 12 5 5000000.000000
8.516157 12 16 50000.000000
8.840093 12 9 5000000.000000
8.961892 12 13 10000.000000
9.385932 12 1 50000.000000
9.551356 12 24 80000.000000
9.730947 12 4 200000.000000
10.090941 12 6 80000.000000
10.240859 12 20 2000000.000000
11.208483 12 13 80000.000000
11.457574 12 13 50000.000000
12.218915 12 2 30000.000000
12.324705 12 11 10000.000000
12.361780 12 18 10000.000000
12.367196 12 16 80000.000000
12.740335 12 26 200000.000000
13.025909 12 26 80000.000000
13.136505 12 12 5000000.000000
13.651242 12 1 50000.000000
13.857863 12 21 80000.000000
13.910577 12 17 2000000.000000
14.113101 12 14 10000000.000000
14.640731 12 0 1000000.000000
14.975999 12 23 10000.000000
15.406295 12 21 80000.000000
15.900933 12 25 10000.000000
15.919608 12 21 50000.000000
15.965138 12 16 80000.000000
16.161608 12 9 20000.000000
16.351168 12 20 80000.000000
16.406867 12 11 5000000.000000
16.872368 12 14 10000.000000
17.403614 12 12 80000.000000
17.536057 12 23 200000.000000
17.651451 12 3 50000.000000
17.834239 12 5 10000.000000
18.166098 12 14 10000.000000
18.285975 12 19 80000.000000
18.587747 12 17 5000000.000000
19.089155 12 23 1000000.000000
19.235431 12 4 200000.000000
19.762668 12 24 2000000.000000
19.785640 12 11 10000000.000000
20.292595 12 8 80000.000000
20.502207 12 26 50000.000000
20.691905 12 13 5000000.000000
21.629015 12 26 80000.000000
22.188617 12 10 10000.000000
22.251436 12 4 30000000.000000
22.257984 12 14 5000000.000000
22.524583 12 2 5000000.000000
22.977750 12 16 10000000.000000
23.635453 12 0 5000000.000000
23.651613 12 19 1000000.000000
23.882079 12 14 80000.000000
24.140848 12 17 30000.000000
24.246759 12 25 1000000.000000
24.872273 12 5 80000.000000
25.070184 12 6 50000.000000
25.077686 12 8 2000000.000000
25.175532 12 3 10000.000000
25.247300 12 5 10000.000000
25.259058 12 26 30000.000000
25.719424 12 3 200000.000000
26.147201 12 10 10000.000000
26.860761 12 0 1000000.000000
27.210079 12 9 5000000.000000
27.372968 12 17 30000.000000
27.391827 12 4 10000.000000
27.494772 12 15 10000.000000
28.191746 12 24 5000000.000000
28.193099 12 14 80000.000000
28.579187 12 14 10000000.000000
29.401693 12 11 10000.000000
29.452686 12 10 80000.000000
29.472513 12 15 10000.000000
0.851483 13 19 80000.000000
1.315802 13 5 1000000.000000
1.402008 13 8 50000.000000
1.420064 13 0 10000.000000
2.112546 13 25 2000000.000000
2.271765 13 9 5000000.000000
2.544383 13 23 30000.000000
2.644179 13 21 30000000.000000
2.845586 13 9 200000.000000
3.096560 13 23 20000.000000
3.206317 13 19 80000.000000
3.286528 13 8 80000.000000
3.348776 13 7 10000.000000
3.356510 13 17 20000.000000
3.671441 13 5 50000.000000
3.830934 13 19 30000.000000
3.837749 13 26 5000000.000000
4.091656 13 21 10000.000000
4.154236 13 21 2000000.000000
4.469290 13 4 30000.000000
4.485801 13 11 50000.000000
4.771951 13 4 2000000.000000
5.125306 13 14 10000.000000
5.391172 13 12 50000.000000
5.725532 13 23 50000.000000
5.753850 13 8 1000000.000000
5.799180 13 23 2000000.000000
6.583158 13 1 2000000.000000
6.642298 13 2 200000.000000
6.697435 13 25 200000.000000
6.767812 13 23 30000.000000
7.580147 13 21 50000.000000
8.240378 13 4 30000.000000
8.294057 13 8 5000000.000000
8.701753 13 15 20000.000000
8.733814 13 23 10000.000000
8.884420 13 15 1000000.000000
8.907147 13 12 1000000.000000
9.143848 13 15 10000.000000
9.363964 13 20 10000.000000
9.596499 13 11 20000.000000
9.856955 13 22 2000000.000000
10.065949 13 23 5000000.000000
10.265170 13 16 50000.000000
11.446237 13 14 10000000.000000
11.534383 13 22 5000000.000000
11.693613 13 21 30000.000000
13.459694 13 11 50000.000000
14.510572 13 26 30000.000000
14.935137 13 3 1000000.000000
15.004280 13 9 5000000.000000
15.171451 13 3 80000.000000
15.279861 13 5 10000.000000
15.418637 13 21 2000000.000000
15.487568 13 17 30000.000000
15.931345 13 0 10000.000000
16.139146 13 5 200000.000000
16.940839 13 14 5000000.000000
17.775566 13 18 5000000.000000
17.929002 13 4 50000.000000
18.101996 13 22 1000000.000000
18.818010 13 9 10000.000000
19.029273 13 22 80000.000000
19.052699 13 21 10000.000000
19.083721 13 17 200000.000000
19.563321 13 25 1000000.000000
19.629267 13 1 80000.000000
19.937316 13 3 50000.000000
20.088543 13 21 2000000.000000
20.497845 13 22 5000000.000000
20.505127 13 1 10000.000000
21.198002 13 2 80000.000000
21.200002 13 6 30000.000000
21.484595 13 23 80000.000000
22.416849 13 24 10000.000000
22.656695 13 7 80000.000000
23.042932 13 5 10000.000000
23.267919 13 25 2000000.000000
23.765754 13 26 5000000.000000
24.409966 13 11 10000000.000000
24.593156 13 21 10000.000000
24.798549 13 21 30000.000000
25.094911 13 15 30000.000000
25.317084 13 8 30000.000000
25.437656 13 0 5000000.000000
26.811996 13 9 10000.000000
26.868362 13 14 10000.000000
27.047149 13 23 80000.000000
27.129757 13 5 2000000.000000
27.321565 13 6 10000.000000
27.499540 13 24 50000.000000
28.186751 13 0 1000000.000000
28.567307 13 18 200000.000000
28.742219 13 19 1000000.000000
28.837514 13 23 5000000.000000
0.333611 14 12 2000000.000000
1.005181 14 17 2000000.000000
1.778284 14 2 10000.000000
2.217910 14 9 2000000.000000
2.946271 14 3 10000000.000000
2.956262 14 2 10000.000000
3.190653 14 26 10000.000000
3.468015 14 13 80000.000000
3.706009 14 14 20000.000000
3.817009 14 19 200000.000000
3.996916 14 26 10000.000000
4.503777 14 22 5000000.000000
4.987184 14 8 30000000.000000
5.103701 14 3 5000000.000000
5.783473 14 9 50000.000000
6.376272 14 9 5000000.000000
6.993085 14 16 10000.000000
7.087130 14 6 2000000.000000
7.136352 14 10 30000000.000000
7.564229 14 2 10000.000000
7.787522 14 2 20000.000000
8.115207 14 5 80000.000000
9.326207 14 26 50000.000000
9.819666 14 1 30000.000000
9.962357 14 15 1000000.000000
10.016924 14 23 30000.000000
10.169515 14 14 30000.000000
10.240751 14 19 1000000.000000
10.748605 14 11 80000.000000
11.079968 14 13 80000.000000
12.330547 14 21 1000000.000000
12.577507 14 20 10000000.000000
13.310287 14 0 5000000.000000
13.427980 14 3 80000.000000
13.654051 14 19 1000000.000000
13.819219 14 3 50000.000000
13.861917 14 15 10000.000000
13.925575 14 16 10000.000000
15.161659 14 15 10000.000000
15.250086 14 18 80000.000000
15.533855 14 15 30000.000000
15.769225 14 24 200000.000000
15.889329 14 22 5000000.000000
16.161566 14 25 5000000.000000
16.187174 14 1 10000.000000
16.188094 14 16 2000000.000000
16.438757 14 1 30000.000000
16.802521 14 6 1000000.000000
17.132440 14 13 10000000.000000
17.231110 14 17 80000.000000
17.277284 14 20 20000.000000
17.348073 14 20 10000000.000000
17.503123 14 6 1000000.000000
18.366706 14 1 5000000.000000
18.474281 14 15 80000.000000
19.159962 14 4 200000.000000
20.192445 14 23 80000.000000
20.461991 14 5 30000.000000
20.470760 14 22 5000000.000000
20.687688 14 14 2000000.000000
20.854499 14 9 10000.000000
20.867580 14 19 5000000.000000
21.057720 14 17 2000000.000000
21.429554 14 1 5000000.000000
21.531314 14 13 10000.000000
21.883834 14 13 2000000.000000
22.499088 14 17 2000000.000000
22.735338 14 8 10000.000000
23.026154 14 4 5000000.000000
24.505027 14 23 30000.000000
24.521261 14 18 2000000.000000
25.168591 14 22 10000000.000000
25.607536 14 17 80000.000000
26.445750 14 22 10000.000000
26.564476 14 9 80000.000000
26.699204 14 9 50000.000000
27.123824 14 17 5000000.000000
27.205577 14 18 30000.000000
27.390574 14 21 30000.000000
27.568240 14 26 50000.000000
27.704878 14 5 10000.000000
29.503045 14 18 10000.000000
29.645527 14 23 50000.000000
29.740777 14 7 30000.000000
29.920425 14 25 10000.000000
1.085313 15 8 80000.000000
1.409934 15 20 5000000.000000
1.501014 15 4 1000000.000000
1.756275 15 8 2000000.000000
1.767033 15 13 2000000.000000
2.882062 15 13 1000000.000000
3.211341 15 15 1000000.000000
3.346948 15 18 5000000.000000
3.431707 15 26 30000.000000
3.647654 15 4 10000.000000
4.443636 15 8 10000000.000000
4.963563 15 15 30000.000000
5.152308 15 20 10000000.000000
5.300333 15 3 2000000.000000
6.147243 15 0 5000000.000000
6.470620 15 9 2000000.000000
6.560387 15 8 5000000.000000
6.584716 15 16 10000000.000000
7.862108 15 3 10000.000000
8.095013 15 17 20000.000000
8.200012 15 5 50000.000000
8.468594 15 16 10000.000000
8.522129 15 23 50000.000000
8.811264 15 15 10000000.000000
8.921574 15 8 80000.000000
9.643326 15 10 2000000.000000
10.197397 15 6 1000000.000000
10.525348 15 4 80000.000000
10.640758 15 15 1000000.000000
11.119758 15 5 50000.000000
11.309460 15 26 30000.000000
11.433991 15 2 80000.000000
11.882879 15 17 30000.000000
12.162174 15 8 10000.000000
12.326352 15 5 80000.000000
12.557893 15 25 2000000.000000
12.746790 15 18 200000.000000
14.543058 15 19 80000.000000
14.830151 15 0 10000.000000
14.907072 15 25 1000000.000000
15.270693 15 5 30000000.000000
15.425504 15 25 20000.000000
15.718592 15 12 5000000.000000
15.781623 15 0 2000000.000000
16.174497 15 16 10000.000000
16.535334 15 20 80000.000000
17.124390 15 20 1000000.000000
17.354184 15 0 10000000.000000
17.541499 15 3 2000000.000000
17.602350 15 20 50000.000000
17.637443 15 12 20000.000000
18.089039 15 8 1000000.000000
18.850403 15 11 5000000.000000
18.922276 15 6 2000000.000000
19.127651 15 24 200000.000000
19.145969 15 10 1000000.000000
19.258629 15 2 30000.000000
19.540728 15 4 30000.000000
19.586638 15 16 200000.000000
19.832322 15 3 10000.000000
20.591562 15 26 10000.000000
20.753014 15 25 80000.000000
20.854248 15 8 10000000.000000
21.001679 15 18 50000.000000
21.470066 15 23 5000000.000000
21.651754 15 24 80000.000000
22.113006 15 24 2000000.000000
22.329944 15 0 2000000.000000
22.382381 15 22 30000.000000
22.556468 15 25 1000000.000000
22.705648 15 15 10000000.000000
22.960778 15 11 10000.000000
22.991138 15 6 30000.000000
23.561092 15 20 2000000.000000
23.701529 15 9 5000000.000000
23.886046 15 22 200000.000000
25.086335 15 9 50000.000000
25.202020 15 0 2000000.000000
25.590725 15 24 30000000.000000
25.591651 15 6 80000.000000
25.859157 15 24 2000000.000000
26.466618 15 6 10000000.000000
26.812436 15 9 200000.000000
27.474173 15 7 2000000.000000
27.507168 15 17 2000000.000000
27.633267 15 12 2000000.000000
27.734551 15 3 2000000.000000
28.225524 15 1 5000000.000000
28.493674 15 12 10000.000000
28.504465 15 10 50000.000000
28.543809 15 7 80000.000000
28.659572 15 2 80000.000000
28.666264 15 3 80000.000000
28.742118 15 22 1000000.000000
28.853215 15 15 50000.000000
28.934502 15 9 5000000.000000
29.047271 15 20 10000.000000
29.371511 15 22 20000.000000
29.471204 15 10 200000.000000
29.508742 15 11 10000000.000000
29.602247 15 24 30000.000000
0.090017 16 11 200000.000000
0.508346 16 10 200000.000000
0.840575 16 26 200000.000000
0.866239 16 22 1000000.000000
1.334876 16 6 2000000.000000
1.361701 16 19 5000000.000000
2.094273 16 23 10000.000000
2.472710 16 5 80000.000000
2.613250 16 23 50000.000000
2.948439 16 24 30000.000000
4.480848 16 10 5000000.000000
4.861578 16 10 200000.000000
5.827163 16 25 10000000.000000
6.946550 16 12 10000000.000000
6.964144 16 10 80000.000000
7.084398 16 23 20000.000000
7.507853 16 0 30000.000000
7.808076 16 22 1000000.000000
8.330779 16 17 30000000.000000
8.405627 16 3 5000000.000000
8.781421 16 9 10000000.000000
8.811804 16 10 5000000.000000
8.989575 16 7 1000000.000000
9.035490 16 13 1000000.000000
9.875006 16 13 200000.000000
10.271841 16 15 30000.000000
10.565783 16 7 50000.000000
10.860524 16 6 80000.000000
11.465065 16 8 80000.000000
11.531869 16 4 1000000.000000
11.724027 16 17 1000000.000000
11.893826 16 2 1000000.000000
12.052645 16 6 10000.000000
12.083436 16 22 5000000.000000
12.168483 16 21 10000.000000
12.241979 16 25 50000.000000
12.298534 16 9 50000.000000
13.050609 16 14 10000.000000
13.091470 16 12 10000.000000
14.047146 16 26 80000.000000
14.682779 16 17 30000.000000
15.408597 16 26 10000.000000
16.576036 16 1 1000000.000000
16.602064 16 2 10000000.000000
16.629361 16 13 80000.000000
17.779880 16 18 30000.000000
18.203961 16 23 80000.000000
18.593152 16 10 80000.000000
19.299003 16 23 5000000.000000
19.710889 16 5 1000000.000000
19.779290 16 8 10000.000000
19.787494 16 26 10000.000000
19.893911 16 12 2000000.000000
20.586806 16 23 5000000.000000
21.086995 16 3 10000000.000000
21.762553 16 1 80000.000000
21.908397 16 25 30000.000000
22.058040 16 17 10000000.000000
22.262023 16 22 1000000.000000
22.445747 16 10 1000000.000000
22.488224 16 16 80000.000000
22.614434 16 0 1000000.000000
22.922951 16 26 80000.000000
23.603863 16 4 10000.000000
23.951244 16 20 80000.000000
24.460551 16 18 30000.000000
24.894141 16 2 30000.000000
25.130813 16 8 10000.000000
25.321034 16 20 10000000.000000
25.943301 16 16 50000.000000
26.387465 16 16 5000000.000000
26.438557 16 6 30000.000000
26.538305 16 23 200000.000000
26.738392 16 3 80000.000000
27.092288 16 21 200000.000000
27.143737 16 15 5000000.000000
27.166186 16 19 200000.000000
27.672387 16 1 200000.000000
27.964929 16 15 20000.000000
27.974976 16 9 30000.000000
28.246719 16 4 50000.000000
28.253198 16 26 50000.000000
28.262868 16 23 50000.000000
28.328768 16 25 1000000.000000
28.509315 16 16 30000.000000
28.830898 16 1 2000000.000000
29.649633 16 10 200000.000000
0.102315 17 25 10000.000000
0.512731 17 9 2000000.000000
1.249597 17 2 50000.000000
1.262279 17 9 2000000.000000
1.701735 17 19 80000.000000
2.002566 17 21 1000000.000000
2.503477 17 25 50000.000000
2.651704 17 14 1000000.000000
3.896226 17 7 10000.000000
4.041075 17 13 1000000.000000
4.283439 17 2 1000000.000000
4.338246 17 18 1000000.000000
4.424980 17 14 5000000.000000
4.691270 17 4 50000.000000
4.804307 17 18 10000.000000
5.409382 17 12 30000.000000
5.808763 17 9 200000.000000
5.926676 17 11 30000.000000
6.241300 17 2 50000.000000
6.726352 17 17 20000.000000
7.231163 17 11 5000000.000000
7.368479 17 14 50000.000000
7.418412 17 10 1000000.000000
7.457885 17 22 5000000.000000
7.644840 17 9 200000.000000
7.710842 17 12 1000000.000000
7.794945 17 6 10000.000000
7.990082 17 1 10000.000000
8.291637 17 15 2000000.000000
8.692767 17 24 200000.000000
8.737212 17 8 80000.000000
9.810777 17 0 10000000.000000
10.471880 17 8 2000000.000000
10.648480 17 6 80000.000000
11.086962 17 21 5000000.000000
11.191204 17 5 10000.000000
11.281116 17 13 10000.000000
11.693031 17 9 10000000.000000
12.413622 17 11 200000.000000
12.432042 17 2 10000000.000000
12.462089 17 17 30000.000000
13.199061 17 26 50000.000000
14.014069 17 22 80000.000000
14.022812 17 5 30000.000000
14.195946 17 22 50000.000000
14.396038 17 6 1000000.000000
14.461565 17 17 10000.000000
14.472715 17 26 50000.000000
14.886159 17 7 50000.000000
15.075452 17 25 10000.000000
15.620423 17 23 10000.000000
15.961143 17 12 10000000.000000
16.658077 17 2 10000.000000
16.985511 17 21 30000.000000
17.058006 17 14 20000.000000
17.096255 17 0 50000.000000
17.601703 17 15 5000000.000000
18.882145 17 16 2000000.000000
19.296345 17 17 30000.000000
19.985674 17 10 20000.000000
20.083912 17 2 5000000.000000
20.169606 17 21 80000.000000
20.182198 17 11 10000000.000000
21.060689 17 6 50000.000000
21.527036 17 21 10000.000000
21.593958 17 26 10000.000000
21.989407 17 3 10000.000000
22.311846 17 5 20000.000000
22.482009 17 11 10000.000000
23.058026 17 12 80000.000000
23.161672 17 1 1000000.000000
23.240448 17 19 20000.000000
23.557297 17 1 30000.000000
23.583039 17 16 80000.000000
23.636598 17 8 10000.000000
24.006695 17 9 200000.000000
24.050887 17 4 10000.000000
24.133131 17 7 80000.000000
24.448297 17 18 5000000.000000
24.569316 17 12 5000000.000000
24.679690 17 23 50000.000000
24.874771 17 8 10000.000000
25.474826 17 1 1000000.000000
25.969370 17 9 50000.000000
26.215984 17 1 5000000.000000
26.615692 17 26 10000000.000000
26.766632 17 23 5000000.000000
27.010742 17 8 10000.000000
27.186442 17 5 20000.000000
27.710231 17 10 10000.000000
28.464700 17 23 20000.000000
28.687129 17 17 2000000.000000
28.713894 17 0 2000000.000000
28.754100 17 4 20000.000000
28.767131 17 26 20000.000000
28.785296 17 25 10000.000000
29.228651 17 17 1000000.000000
29.241420 17 0 200000.000000
29.423057 17 8 10000.000000
29.839971 17 8 10000.000000
0.088362 18 9 5000000.000000
0.675180 18 1 5000000.000000
0.975836 18 15 30000.000000
1.600783 18 24 50000.000000
2.158320 18 6 80000.000000
2.268047 18 0 30000.000000
2.625929 18 15 10000.000000
2.884869 18 18 50000.000000
3.449620 18 14 2000000.000000
4.019275 18 1 50000.000000
4.341936 18 2 1000000.000000
4.846645 18 26 200000.000000
5.122697 18 22 10000.000000
5.492047 18 16 1000000.000000
5.813399 18 3 1000000.000000
6.166380 18 3 80000.000000
6.246157 18 21 30000.000000
6.669066 18 23 50000.000000
6.798955 18 3 5000000.000000
7.042805 18 8 80000.000000
7.055264 18 16 1000000.000000
7.113701 18 17 50000.000000
8.034969 18 15 2000000.000000
8.103231 18 14 10000.000000
8.340438 18 20 30000.000000
8.342971 18 6 10000.000000
8.360172 18 4 80000.000000
8.410140 18 20 20000.000000
8.413608 18 9 30000.000000
8.650608 18 20 2000000.000000
8.942781 18 11 10000.000000
9.940157 18 15 80000.000000
10.358927 18 5 20000.000000
10.432822 18 21 2000000.000000
10.880462 18 10 10000.000000
11.003478 18 7 5000000.000000
11.310344 18 0 80000.000000
11.817960 18 25 200000.000000
11.932903 18 10 10000000.000000
12.392348 18 8 50000.000000
12.402642 18 0 30000.000000
12.498611 18 4 10000.000000
12.539522 18 8 80000.000000
13.016722 18 21 50000.000000
13.176327 18 11 10000.000000
13.711780 18 19 20000.000000
13.766277 18 15 50000.000000
14.045305 18 18 80000.000000
14.072847 18 24 200000.000000
14.299151 18 2 20000.000000
14.633142 18 3 10000.000000
14.855148 18 11 5000000.000000
15.078013 18 0 30000.000000
15.086613 18 9 5000000.000000
15.367884 18 21 20000.000000
15.404279 18 3 10000000.000000
15.427495 18 20 80000.000000
15.671439 18 5 2000000.000000
15.722936 18 21 10000000.000000
16.112390 18 7 50000.000000
16.404721 18 18 30000.000000
16.818203 18 7 30000.000000
17.058401 18 23 30000.000000
18.036762 18 26 30000.000000
18.085489 18 26 80000.000000
18.429923 18 16 80000.000000
18.675197 18 4 80000.000000
18.885209 18 22 10000.000000
19.055481 18 10 30000.000000
19.222258 18 15 80000.000000
19.586551 18 26 80000.000000
19.929081 18 21 80000.000000
19.969636 18 4 10000.000000
20.039397 18 25 1000000.000000
20.105726 18 14 30000.000000
20.429075 18 10 10000.000000
21.050827 18 6 80000.000000
21.559608 18 0 10000.000000
21.577605 18 15 80000.000000
21.835239 18 12 10000.000000
21.891787 18 6 50000.000000
22.074386 18 5 80000.000000
22.141889 18 2 5000000.000000
22.229090 18 4 10000.000000
22.517007 18 26 5000000.000000
22.789054 18 12 10000.000000
22.850117 18 15 10000.000000
23.101867 18 23 80000.000000
23.760642 18 5 2000000.000000
23.934038 18 19 1000000.000000
24.317837 18 1 1000000.000000
24.614546 18 2 10000.000000
24.832687 18 8 10000.000000
25.428727 18 14 80000.000000
26.134563 18 17 1000000.000000
26.709052 18 26 80000.000000
27.317128 18 17 200000.000000
27.432564 18 23 5000000.000000
27.565745 18 10 80000.000000
27.845589 18 26 10000.000000
28.001341 18 8 200000.000000
28.551121 18 25 2000000.000000
28.686825 18 17 30000.000000
28.807824 18 16 30000.000000
28.813588 18 5 30000000.000000
28.921045 18 8 200000.000000
29.162294 18 15 1000000.000000
29.624343 18 18 2000000.000000
0.872086 19 1 50000.000000
1.278898 19 8 5000000.000000
1.308027 19 10 2000000.000000
1.338718 19 20 10000.000000
1.469850 19 17 30000.000000
2.731763 19 25 30000.000000
3.179420 19 16 10000000.000000
3.334232 19 26 1000000.000000
3.367540 19 9 10000000.000000
3.446935 19 10 1000000.000000
4.166462 19 24 30000.000000
4.311790 19 16 2000000.000000
4.738824 19 13 5000000.000000
4.972387 19 14 10000000.000000
5.093780 19 24 50000.000000
5.498686 19 14 2000000.000000
5.690858 19 16 5000000.000000
5.813001 19 22 30000.000000
6.187866 19 19 80000.000000
7.405372 19 16 10000000.000000
7.471649 19 5 20000.000000
7.499149 19 9 10000.000000
7.625955 19 12 80000.000000
7.811282 19 24 20000.000000
8.348486 19 11 20000.000000
8.380034 19 25 20000.000000
8.448081 19 23 50000.000000
8.979105 19 16 50000.000000
9.073507 19 1 20000.000000
9.579868 19 26 2000000.000000
9.615718 19 13 80000.000000
9.980775 19 1 5000000.000000
10.450650 19 25 1000000.000000
10.590520 19 19 10000.000000
10.649869 19 2 50000.000000
10.718641 19 26 10000000.000000
11.045090 19 12 1000000.000000
11.555683 19 7 20000.000000
11.612128 19 22 2000000.000000
11.967923 19 23 20000.000000
12.969913 19 17 2000000.000000
13.736261 19 20 30000000.000000
13.763242 19 25 5000000.000000
14.011288 19 0 50000.000000
14.181504 19 17 200000.000000
14.495285 19 13 1000000.000000
14.761678 19 2 1000000.000000
14.818798 19 7 50000.000000
14.897395 19 0 80000.000000
15.222524 19 6 10000.000000
15.433450 19 23 10000000.000000
15.617306 19 15 50000.000000
15.712558 19 3 80000.000000
15.904940 19 21 2000000.000000
16.339795 19 5 80000.000000
16.662067 19 10 30000.000000
17.239469 19 1 5000000.000000
17.541088 19 14 10000000.000000
17.541113 19 2 200000.000000
19.345304 19 14 30000.000000
20.384271 19 4 50000.000000
20.758271 19 24 20000.000000
21.484389 19 19 2000000.000000
21.512289 19 23 30000000.000000
22.494801 19 8 10000.000000
22.887399 19 0 200000.000000
23.034548 19 24 10000.000000
23.195166 19 18 10000.000000
23.654696 19 0 10000.000000
23.760953 19 14 50000.000000
24.087125 19 8 10000000.000000
24.500924 19 6 2000000.000000
24.781030 19 18 5000000.000000
24.782111 19 24 10000.000000
25.106904 19 9 80000.000000
25.221693 19 2 10000.000000
25.232879 19 5 10000.000000
25.258248 19 8 80000.000000
25.299252 19 24 80000.000000
25.519111 19 22 2000000.000000
25.576866 19 12 10000.000000
25.792794 19 15 1000000.000000
25.955281 19 0 2000000.000000
26.271616 19 25 10000.000000
26.825583 19 23 30000.000000
27.044237 19 0 50000.000000
27.351526 19 26 1000000.000000
27.449841 19 2 80000.000000
27.629571 19 16 10000000.000000
27.685000 19 0 10000.000000
27.933047 19 4 50000.000000
28.020512 19 16 50000.000000
28.055157 19 7 80000.000000
28.974908 19 12 30000000.000000
29.293855 19 7 5000000.000000
29.521027 19 26 200000.000000
29.526102 19 8 10000.000000
29.708793 19 17 30000000.000000
0.400049 20 9 80000.000000
0.678286 20 14 30000.000000
0.726068 20 6 20000.000000
1.193128 20 26 80000.000000
1.414668 20 10 5000000.000000
1.653257 20 1 50000.000000
2.430843 20 6 10000.000000
2.542124 20 14 1000000.000000
3.797476 20 8 200000.000000
4.120136 20 9 80000.000000
4.686185 20 17 5000000.000000
4.945177 20 25 10000.000000
5.460806 20 17 2000000.000000
5.662681 20 22 1000000.000000
5.686253 20 0 5000000.000000
6.108374 20 24 2000000.000000
6.439877 20 6 30000.000000
6.872731 20 8 1000000.000000
7.974270 20 4 20000.000000
8.099514 20 23 5000000.000000
8.248080 20 14 10000.000000
8.320609 20 18 50000.000000
8.381201 20 14 1000000.000000
8.584902 20 19 30000000.000000
8.678245 20 14 10000.000000
9.174597 20 16 30000.000000
9.340968 20 11 30000000.000000
9.731860 20 7 30000.000000
9.929050 20 16 30000000.000000
10.319405 20 6 10000.000000
10.555315 20 16 10000.000000
10.668024 20 19 2000000.000000
10.783142 20 19 5000000.000000
10.941317 20 24 50000.000000
11.557953 20 24 200000.000000
11.924524 20 15 20000.000000
12.109502 20 6 30000000.000000
12.170126 20 20 1000000.000000
12.603781 20 1 200000.000000
12.896215 20 20 5000000.000000
13.460166 20 3 1000000.000000
13.851891 20 9 2000000.000000
14.079291 20 1 50000.000000
14.581308 20 5 10000000.000000
14.957276 20 19 10000000.000000
15.120313 20 11 2000000.000000
15.215132 20 3 50000.000000
15.848133 20 9 50000.000000
15.938716 20 4 10000.000000
16.391809 20 24 50000.000000
16.910242 20 15 10000.000000
17.058626 20 1 30000.000000
18.140721 20 9 200000.000000
18.823012 20 3 10000.000000
19.769492 20 22 20000.000000
19.868376 20 15 10000000.000000
19.990391 20 11 10000.000000
20.388159 20 2 10000.000000
20.460768 20 13 1000000.000000
20.649105 20 8 2000000.000000
21.170886 20 24 10000000.000000
22.536588 20 19 10000.000000
22.984552 20 12 10000.000000
23.126071 20 1 200000.000000
23.330468 20 7 2000000.000000
23.381154 20 22 2000000.000000
24.073854 20 17 10000.000000
24.579882 20 21 5000000.000000
25.081855 20 6 80000.000000
26.064550 20 9 50000.000000
26.212480 20 26 10000000.000000
26.278351 20 0 200000.000000
26.636523 20 10 50000.000000
26.640868 20 0 5000000.000000
26.889892 20 14 10000.000000
26.957179 20 8 10000.000000
27.001732 20 6 20000.000000
27.261151 20 1 80000.000000
27.381615 20 2 2000000.000000
27.914685 20 12 5000000.000000
28.187787 20 17 80000.000000
28.723166 20 10 5000000.000000
28.906173 20 19 30000.000000
29.407642 20 22 1000000.000000
29.587092 20 18 1000000.000000
29.639177 20 4 80000.000000
29.927703 20 7 20000.000000
0.058421 21 5 1000000.000000
0.138875 21 22 30000.000000
0.277932 21 4 10000.000000
0.543623 21 3 1000000.000000
1.166643 21 10 30000000.000000
1.405038 21 12 10000.000000
2.509504 21 16 1000000.000000
2.603958 21 14 80000.000000
3.645974 21 2 5000000.000000
3.738715 21 24 1000000.000000
4.054324 21 17 80000.000000
4.366644 21 5 80000.000000
5.065946 21 19 2000000.000000
5.271434 21 22 80000.000000
5.317542 21 18 30000.000000
6.283470 21 17 50000.000000
6.312792 21 10 5000000.000000
6.954583 21 18 10000000.000000
7.129994 21 0 10000.000000
8.021450 21 15 30000.000000
8.167275 21 8 200000.000000
8.429496 21 22 80000.000000
8.964155 21 20 1000000.000000
9.860913 21 14 20000.000000
10.052842 21 8 10000000.000000
10.164403 21 12 30000.000000
11.308258 21 16 50000.000000
11.381741 21 26 10000000.000000
11.389688 21 19 50000.000000
11.401665 21 20 50000.000000
11.405407 21 14 2000000.000000
11.716552 21 12 10000.000000
12.106405 21 1 50000.000000
12.806951 21 0 10000.000000
13.027151 21 13 50000.000000
13.077699 21 1 30000000.000000
13.146088 21 20 2000000.000000
13.491050 21 7 200000.000000
13.675850 21 11 30000000.000000
14.190797 21 13 80000.000000
14.334365 21 21 10000.000000
14.431122 21 6 2000000.000000
14.666096 21 21 10000.000000
15.305223 21 23 10000.000000
15.382143 21 6 2000000.000000
15.561210 21 1 1000000.000000
15.584061 21 5 200000.000000
16.036639 21 22 80000.000000
16.701988 21 5 10000000.000000
16.876325 21 12 5000000.000000
17.285283 21 26 30000000.000000
17.739662 21 1 1000000.000000
17.861351 21 0 5000000.000000
18.096978 21 11 1000000.000000
18.125708 21 7 10000000.000000
18.492268 21 9 2000000.000000
18.605577 21 12 80000.000000
18.676967 21 16 10000.000000
18.802121 21 26 30000.000000
18.841197 21 24 80000.000000
19.403306 21 23 10000.000000
19.713178 21 19 10000.000000
19.937612 21 17 5000000.000000
19.978947 21 23 200000.000000
20.015976 21 9 1000000.000000
20.298445 21 3 200000.000000
20.346072 21 11 2000000.000000
21.194225 21 6 5000000.000000
21.204232 21 18 50000.000000
21.387040 21 1 80000.000000
22.441923 21 3 2000000.000000
22.752056 21 16 80000.000000
23.273566 21 14 50000.000000
23.328542 21 26 30000.000000
24.684584 21 23 30000.000000
25.208835 21 24 30000.000000
25.639323 21 0 2000000.000000
25.642360 21 9 5000000.000000
25.741261 21 20 2000000.000000
25.763117 21 1 10000.000000
25.798899 21 18 5000000.000000
25.985668 21 16 10000.000000
26.445640 21 3 2000000.000000
26.807707 21 3 5000000.000000
27.078321 21 1 10000.000000
27.727075 21 8 80000.000000
28.598104 21 3 1000000.000000
28.984935 21 9 10000000.000000
29.395947 21 19 30000000.000000
29.494353 21 21 20000.000000
0.765474 22 10 50000.000000
0.940622 22 12 30000000.000000
1.071351 22 13 20000.000000
1.174665 22 5 50000.000000
1.385023 22 4 5000000.000000
1.410425 22 15 50000.000000
1.563416 22 5 5000000.000000
1.608489 22 3 80000.000000
2.038160 22 16 10000000.000000
2.110987 22 2 2000000.000000
2.971517 22 16 30000.000000
3.136149 22 22 2000000.000000
3.253888 22 24 1000000.000000
3.306213 22 0 10000000.000000
3.659313 22 8 80000.000000
3.818159 22 9 50000.000000
4.077172 22 17 200000.000000
4.305995 22 7 10000000.000000
4.334700 22 20 2000000.000000
4.443908 22 16 20000.000000
4.599568 22 24 200000.000000
4.756896 22 25 80000.000000
5.105621 22 24 10000.000000
5.152000 22 11 10000.000000
5.355755 22 13 2000000.000000
5.387893 22 4 10000.000000
5.611985 22 3 200000.000000
5.687016 22 23 10000000.000000
6.218569 22 9 1000000.000000
6.698381 22 6 50000.000000
7.030997 22 22 80000.000000
7.068457 22 25 5000000.000000
7.253759 22 15 20000.000000
7.903270 22 21 30000.000000
8.303916 22 6 200000.000000
8.329318 22 11 1000000.000000
8.556940 22 3 80000.000000
8.577336 22 23 200000.000000
9.187153 22 15 200000.000000
9.194952 22 3 2000000.000000
9.580032 22 26 10000.000000
9.942400 22 5 80000.000000
10.094273 22 23 20000.000000
10.187155 22 19 50000.000000
10.338209 22 2 1000000.000000
10.822580 22 1 50000.000000
11.475299 22 18 10000.000000
11.960486 22 25 1000000.000000
12.007027 22 9 10000.000000
12.328061 22 4 50000.000000
12.749588 22 19 5000000.000000
13.132817 22 8 30000.000000
13.390544 22 2 10000.000000
13.590457 22 2 10000.000000
13.623264 22 1 200000.000000
14.487072 22 19 10000.000000
15.282971 22 2 10000.000000
15.443024 22 19 50000.000000
15.715143 22 3 10000000.000000
15.778732 22 24 80000.000000
16.024151 22 25 200000.000000
16.110568 22 7 5000000.000000
16.423242 22 2 10000.000000
16.911841 22 12 10000.000000
17.204427 22 15 80000.000000
17.477878 22 0 20000.000000
17.689999 22 9 50000.000000
17.820727 22 8 2000000.000000
18.046198 22 2 30000.000000
18.946995 22 17 30000.000000
19.085537 22 5 30000000.000000
19.212962 22 8 80000.000000
19.316058 22 23 10000.000000
19.877065 22 10 2000000.000000
19.948052 22 0 10000.000000
19.960329 22 26 1000000.000000
20.190428 22 22 10000.000000
20.358916 22 4 30000.000000
20.779479 22 2 10000.000000
21.082990 22 9 2000000.000000
21.800074 22 21 20000.000000
21.846115 22 2 80000.000000
21.911912 22 22 5000000.000000
22.282029 22 3 10000.000000
22.297638 22 26 80000.000000
22.732968 22 5 80000.000000
22.962908 22 19 2000000.000000
23.076452 22 16 80000.000000
23.180386 22 3 20000.000000
24.982179 22 10 5000000.000000
25.090283 22 12 10000.000000
25.348005 22 18 2000000.000000
25.473831 22 21 10000.000000
25.843566 22 20 50000.000000
26.022995 22 0 5000000.000000
26.059989 22 18 10000000.000000
26.284453 22 16 10000.000000
26.498914 22 2 20000.000000
26.575084 22 10 20000.000000
26.786845 22 25 200000.000000
26.871663 22 4 200000.000000
27.025310 22 19 1000000.000000
27.549229 22 7 50000.000000
28.170466 22 17 10000.000000
28.280375 22 2 80000.000000
28.557015 22 14 2000000.000000
28.591865 22 15 200000.000000
29.580137 22 21 10000.000000
29.952015 22 6 10000.000000
0.965455 23 22 80000.000000
1.173840 23 6 10000.000000
1.209206 23 6 10000.000000
1.278258 23 12 80000.000000
1.624985 23 23 20000.000000
2.001241 23 8 80000.000000
2.164974 23 10 10000000.000000
2.281802 23 15 2000000.000000
2.311380 23 14 80000.000000
2.729729 23 4 50000.000000
3.060385 23 5 1000000.000000
3.425304 23 10 10000.000000
3.868297 23 20 5000000.000000
3.893641 23 4 80000.000000
4.036156 23 23 50000.000000
4.727383 23 7 80000.000000
4.914093 23 22 10000.000000
5.042355 23 10 5000000.000000
5.075902 23 24 5000000.000000
5.191617 23 16 80000.000000
5.307731 23 7 10000.000000
5.417770 23 5 50000.000000
6.227538 23 15 10000.000000
8.015774 23 24 200000.000000
8.231473 23 4 2000000.000000
8.335276 23 22 20000.000000
8.594813 23 8 30000.000000
8.888239 23 7 50000.000000
8.999769 23 8 10000.000000
9.039425 23 21 1000000.000000
9.123245 23 0 50000.000000
9.170758 23 17 2000000.000000
9.408508 23 19 50000.000000
9.510435 23 2 10000.000000
9.714654 23 12 10000.000000
10.296146 23 15 10000000.000000
10.858590 23 5 200000.000000
10.864133 23 14 10000.000000
11.184202 23 2 10000000.000000
11.188924 23 11 5000000.000000
11.615724 23 1 10000.000000
11.785119 23 21 200000.000000
11.794363 23 17 50000.000000
12.131026 23 5 10000.000000
12.359218 23 2 30000.000000
13.222135 23 8 30000.000000
14.260054 23 5 10000000.000000
15.028640 23 2 200000.000000
15.088785 23 15 2000000.000000
15.214622 23 2 200000.000000
15.500111 23 12 30000.000000
15.782578 23 24 5000000.000000
15.829414 23 0 50000.000000
15.835306 23 15 10000.000000
16.589559 23 11 2000000.000000
16.913161 23 14 50000.000000
17.331374 23 22 10000.000000
17.635776 23 0 50000.000000
17.872769 23 10 10000000.000000
18.021987 23 26 50000.000000
18.114729 23 9 1000000.000000
18.236354 23 8 2000000.000000
18.683893 23 23 5000000.000000
18.890918 23 11 10000000.000000
19.451489 23 4 30000000.000000
19.591512 23 17 50000.000000
19.803483 23 21 10000.000000
19.828406 23 12 20000.000000
20.054678 23 26 2000000.000000
20.960960 23 13 10000.000000
21.239997 23 16 50000.000000
21.301439 23 1 80000.000000
21.693592 23 9 10000.000000
21.708949 23 12 50000.000000
21.899947 23 12 20000.000000
22.617054 23 25 1000000.000000
22.700865 23 25 80000.000000
23.135190 23 25 10000000.000000
23.490141 23 22 30000.000000
23.494428 23 10 10000000.000000
24.075378 23 13 80000.000000
24.543226 23 21 200000.000000
25.372940 23 15 10000.000000
25.631956 23 1 30000000.000000
25.645033 23 24 10000.000000
26.541157 23 2 50000.000000
27.070694 23 5 30000.000000
27.356129 23 14 30000.000000
27.398499 23 11 10000.000000
27.716485 23 12 30000.000000
27.836442 23 0 80000.000000
27.886720 23 23 10000.000000
28.095835 23 22 50000.000000
28.106852 23 8 50000.000000
28.411981 23 21 10000.000000
28.970474 23 5 5000000.000000
29.216215 23 19 200000.000000
29.599114 23 3 1000000.000000
0.093542 24 12 20000.000000
0.247708 24 26 200000.000000
0.538333 24 24 5000000.000000
1.101336 24 0 20000.000000
1.701163 24 22 2000000.000000
2.162544 24 22 50000.000000
2.737483 24 3 1000000.000000
2.762894 24 7 1000000.000000
2.826627 24 22 80000.000000
2.976233 24 7 1000000.000000
3.105744 24 26 80000.000000
3.164267 24 23 5000000.000000
3.178163 24 12 5000000.000000
3.257537 24 16 10000.000000
3.536933 24 18 20000.000000
3.766136 24 17 10000.000000
3.957131 24 12 5000000.000000
4.105430 24 1 1000000.000000
4.116772 24 19 10000.000000
4.356675 24 17 2000000.000000
4.520548 24 21 2000000.000000
4.865186 24 9 2000000.000000
4.894613 24 8 1000000.000000
4.995363 24 5 10000.000000
5.354594 24 9 1000000.000000
5.651932 24 26 5000000.000000
5.827231 24 6 5000000.000000
5.988032 24 17 20000.000000
6.174292 24 14 200000.000000
7.083395 24 1 1000000.000000
7.127255 24 25 200000.000000
7.130369 24 13 1000000.000000
7.323791 24 25 80000.000000
7.469920 24 26 20000.000000
7.642224 24 20 10000.000000
7.656503 24 9 5000000.000000
7.695734 24 18 1000000.000000
7.850179 24 0 5000000.000000
7.946969 24 12 80000.000000
8.247177 24 8 80000.000000
8.293616 24 23 2000000.000000
8.583518 24 19 50000.000000
8.790254 24 20 10000.000000
8.841587 24 10 2000000.000000
9.221966 24 5 5000000.000000
10.056812 24 6 80000.000000
10.137794 24 19 2000000.000000
10.186952 24 20 5000000.000000
10.348785 24 11 30000000.000000
10.450523 24 23 20000.000000
10.665683 24 24 200000.000000
10.668257 24 24 10000.000000
10.788279 24 1 2000000.000000
11.024841 24 4 80000.000000
11.802128 24 19 30000000.000000
12.061411 24 25 10000.000000
12.093415 24 9 30000.000000
12.245820 24 23 5000000.000000
12.276711 24 16 5000000.000000
12.389344 24 3 20000.000000
13.035982 24 7 10000.000000
13.192922 24 4 1000000.000000
13.880591 24 6 50000.000000
14.970168 24 6 80000.000000
15.186802 24 5 10000.000000
15.810369 24 0 80000.000000
16.309073 24 13 5000000.000000
16.324674 24 18 50000.000000
16.375691 24 10 10000.000000
16.382248 24 6 5000000.000000
16.555637 24 23 2000000.000000
17.410930 24 24 5000000.000000
17.554209 24 11 2000000.000000
18.324981 24 13 10000.000000
18.706974 24 16 80000.000000
18.962066 24 0 10000000.000000
19.586921 24 15 10000000.000000
19.809998 24 0 80000.000000
20.225495 24 1 1000000.000000
20.500643 24 1 10000.000000
20.616853 24 3 1000000.000000
20.709594 24 25 80000.000000
21.987329 24 14 30000.000000
22.034739 24 8 10000.000000
22.229191 24 0 30000.000000
22.405077 24 6 80000.000000
22.927822 24 8 50000.000000
22.957192 24 7 10000.000000
24.053315 24 12 10000.000000
24.206463 24 9 50000.000000
24.298892 24 0 5000000.000000
24.476704 24 2 2000000.000000
24.779161 24 14 80000.000000
25.378056 24 26 200000.000000
25.464738 24 14 20000.000000
25.475704 24 0 80000.000000
25.968554 24 7 50000.000000
26.307379 24 11 50000.000000
26.720259 24 3 50000.000000
26.986448 24 9 50000.000000
27.487329 24 24 30000000.000000
28.677061 24 4 1000000.000000
28.875685 24 23 2000000.000000
28.885269 24 25 200000.000000
29.215116 24 22 50000.000000
29.245335 24 26 80000.000000
29.408072 24 5 2000000.000000
29.448090 24 26 80000.000000
29.607775 24 9 30000000.000000
0.362882 25 13 10000000.000000
0.840447 25 21 20000.000000
1.029707 25 19 10000.000000
1.215971 25 0 80000.000000
1.440363 25 12 200000.000000
2.336365 25 24 50000.000000
2.423820 25 11 50000.000000
2.581073 25 14 50000.000000
2.628343 25 15 30000.000000
2.754922 25 16 2000000.000000
3.036095 25 8 80000.000000
3.130032 25 25 2000000.000000
3.386640 25 11 2000000.000000
3.480665 25 13 30000.000000
3.630462 25 1 30000.000000
4.016896 25 15 2000000.000000
4.202139 25 25 80000.000000
4.518708 25 16 10000.000000
4.588936 25 26 80000.000000
4.608805 25 10 5000000.000000
4.674685 25 19 50000.000000
4.683337 25 11 200000.000000
4.983816 25 6 20000.000000
5.685032 25 8 5000000.000000
5.735617 25 14 80000.000000
6.152348 25 24 30000.000000
6.730871 25 14 1000000.000000
7.392958 25 7 80000.000000
7.820695 25 16 1000000.000000
7.933246 25 25 1000000.000000
8.720772 25 22 80000.000000
8.771595 25 21 1000000.000000
9.087064 25 0 50000.000000
9.426400 25 15 10000000.000000
9.736329 25 0 80000.000000
9.847353 25 17 80000.000000
10.626038 25 22 1000000.000000
10.725688 25 1 1000000.000000
10.854317 25 5 80000.000000
11.244728 25 13 2000000.000000
11.727472 25 11 10000.000000
12.031729 25 4 80000.000000
13.040852 25 6 10000.000000
13.056276 25 2 10000.000000
13.060706 25 22 1000000.000000
13.285193 25 2 10000.000000
13.373570 25 19 1000000.000000
13.638442 25 15 200000.000000
14.207064 25 22 20000.000000
14.484530 25 13 50000.000000
14.647637 25 2 50000.000000
14.849151 25 20 10000000.000000
14.920324 25 10 5000000.000000
15.246355 25 16 30000.000000
16.042777 25 8 200000.000000
16.193677 25 24 2000000.000000
16.499840 25 1 10000.000000
16.524840 25 23 30000.000000
16.575825 25 3 10000.000000
16.766047 25 8 50000.000000
16.798990 25 14 80000.000000
17.196234 25 20 80000.000000
17.241474 25 11 5000000.000000
17.305394 25 20 10000.000000
17.370388 25 0 80000.000000
18.549937 25 18 10000.000000
19.216741 25 26 50000.000000
19.227705 25 6 30000.000000
19.318049 25 21 20000.000000
20.490031 25 2 200000.000000
20.565059 25 2 10000000.000000
20.756491 25 11 50000.000000
20.764002 25 7 200000.000000
20.864270 25 0 10000.000000
21.021488 25 5 50000.000000
21.881682 25 13 80000.000000
22.024510 25 24 50000.000000
22.056079 25 15 10000000.000000
22.187645 25 19 50000.000000
22.458182 25 5 2000000.000000
22.788883 25 3 10000.000000
23.679186 25 0 1000000.000000
24.208952 25 24 80000.000000
24.264770 25 16 2000000.000000
24.574473 25 6 80000.000000
25.138780 25 10 50000.000000
25.213451 25 24 1000000.000000
25.896897 25 1 5000000.000000
26.620361 25 1 30000.000000
26.622689 25 3 10000000.000000
27.145334 25 15 50000.000000
27.147900 25 14 10000000.000000
27.287491 25 11 50000.000000
27.397642 25 16 10000.000000
28.575807 25 26 80000.000000
28.676453 25 22 1000000.000000
28.842571 25 6 1000000.000000
28.859350 25 10 80000.000000
29.292696 25 7 5000000.000000
29.470163 25 0 1000000.000000
29.986606 25 24 200000.000000
0.043314 26 11 1000000.000000
0.151269 26 20 5000000.000000
0.619431 26 25 10000.000000
0.961868 26 19 10000000.000000
2.555562 26 16 30000.000000
2.759611 26 17 10000.000000
2.780331 26 25 1000000.000000
2.880618 26 11 10000.000000
3.566806 26 4 2000000.000000
3.605465 26 24 10000000.000000
3.683212 26 18 200000.000000
3.941168 26 0 50000.000000
4.440378 26 12 10000.000000
4.657438 26 7 5000000.000000
5.419417 26 11 10000000.000000
6.224974 26 11 10000000.000000
8.078352 26 25 2000000.000000
8.198281 26 24 10000.000000
8.940109 26 14 10000000.000000
8.974896 26 13 80000.000000
9.791461 26 12 10000000.000000
10.126058 26 12 5000000.000000
11.486453 26 20 80000.000000
11.640055 26 14 30000.000000
11.697949 26 11 80000.000000
12.016016 26 17 10000.000000
12.135750 26 21 5000000.000000
12.168396 26 10 30000.000000
12.405311 26 4 10000.000000
12.600408 26 8 5000000.000000
12.691107 26 10 1000000.000000
12.795405 26 26 20000.000000
12.995967 26 13 200000.000000
13.390179 26 20 5000000.000000
13.689944 26 1 80000.000000
13.702231 26 9 1000000.000000
13.810160 26 14 30000.000000
13.897812 26 14 30000000.000000
13.985373 26 22 10000.000000
14.185653 26 9 50000.000000
14.824445 26 18 10000.000000
15.032337 26 3 2000000.000000
15.565640 26 22 50000.000000
15.589579 26 8 50000.000000
15.620950 26 8 20000.000000
15.989512 26 3 10000.000000
16.065646 26 24 200000.000000
16.267469 26 4 5000000.000000
16.466127 26 15 200000.000000
16.470486 26 16 1000000.000000
16.909742 26 8 10000.000000
17.076354 26 20 5000000.000000
17.267214 26 24 80000.000000
17.483289 26 18 200000.000000
18.050980 26 2 20000.000000
18.056307 26 3 1000000.000000
18.236783 26 16 50000.000000
18.270542 26 22 200000.000000
18.379352 26 9 10000000.000000
18.665238 26 16 30000.000000
18.726902 26 24 20000.000000
18.984952 26 25 10000.000000
19.016119 26 11 1000000.000000
19.165282 26 21 50000.000000
19.473456 26 16 10000.000000
20.058499 26 11 2000000.000000
20.226981 26 24 80000.000000
20.961527 26 9 200000.000000
21.391707 26 16 10000000.000000
21.687535 26 2 1000000.000000
22.680775 26 17 10000.000000
23.720844 26 1 50000.000000
23.928646 26 2 2000000.000000
24.294706 26 12 30000.000000
24.312476 26 5 10000.000000
24.326479 26 18 50000.000000
24.379563 26 9 10000000.000000
24.413904 26 14 10000000.000000
24.807982 26 25 30000.000000
25.013684 26 26 30000.000000
25.250517 26 24 80000.000000
26.028663 26 1 10000.000000
26.313841 26 19 10000.000000
27.622552 26 21 80000.000000
27.879058 26 17 30000.000000
28.204439 26 4 30000.000000
28.205295 26 7 80000.000000
28.273680 26 19 30000.000000
29.512063 26 8 2000000.000000
29.660714 26 26 5000000.000000
