4.960226 0 17 200000.000000
5.374004 0 4 10000.000000
11.564168 0 25 50000.000000
18.899649 0 23 200000.000000
21.198328 0 3 50000.000000
21.573427 0 24 80000.000000
25.379910 0 2 50000.000000
5.391819 1 5 80000.000000
6.668859 1 15 10000.000000
9.367425 1 0 10000.000000
10.106838 1 22 200000.000000
10.423925 1 17 10000000.000000
11.095769 1 4 2000000.000000
11.928875 1 7 2000000.000000
12.106803 1 21 10000.000000
14.683947 1 25 30000.000000
14.960835 1 23 5000000.000000
15.592863 1 19 200000.000000
16.975953 1 20 80000.000000
17.903662 1 17 1000000.000000
21.100059 1 4 10000.000000
25.229586 1 2 80000.000000
28.144353 1 3 10000.000000
28.174926 1 15 1000000.000000
29.496814 1 3 1000000.000000
6.875977 2 19 200000.000000
9.107485 2 5 200000.000000
11.732031 2 25 80000.000000
12.846325 2 7 2000000.000000
15.856087 2 0 20000.000000
22.789078 2 10 30000.000000
27.582507 2 18 1000000.000000
29.967526 2 6 50000.000000
29.981857 2 21 50000.000000
2.702998 3 15 50000.000000
6.352055 3 11 50000.000000
8.332886 3 16 2000000.000000
8.940121 3 3 5000000.000000
11.821291 3 26 30000.000000
16.158041 3 26 30000000.000000
17.157105 3 2 2000000.000000
20.361284 3 7 50000.000000
24.451443 3 16 10000.000000
25.338386 3 6 10000.000000
25.610446 3 16 20000.000000
5.422611 4 3 50000.000000
6.578010 4 20 50000.000000
9.223579 4 26 30000.000000
10.524833 4 22 20000.000000
15.655356 4 15 20000.000000
17.396115 4 21 20000.000000
21.955907 4 8 10000.000000
22.534778 4 3 5000000.000000
24.355640 4 2 2000000.000000
25.713403 4 8 10000000.000000
26.055001 4 10 1000000.000000
28.753239 4 8 50000.000000
3.284228 5 18 10000.000000
3.358814 5 1 10000000.000000
7.653119 5 26 5000000.000000
8.378050 5 8 10000.000000
8.713977 5 21 20000.000000
8.852935 5 13 2000000.000000
10.144371 5 6 20000.000000
15.860782 5 2 10000.000000
20.053875 5 24 80000.000000
21.076275 5 11 80000.000000
21.563631 5 7 1000000.000000
25.300016 5 21 5000000.000000
26.077457 5 21 80000.000000
29.015881 5 16 50000.000000
0.902649 6 2 200000.000000
17.945889 6 11 30000.000000
20.503058 6 0 1000000.000000
25.200228 6 22 80000.000000
26.159294 6 7 2000000.000000
27.481129 6 18 50000.000000
28.258244 6 21 80000.000000
3.388237 7 26 5000000.000000
3.989961 7 7 30000000.000000
6.421415 7 0 200000.000000
7.102978 7 15 10000.000000
7.787908 7 14 10000.000000
8.120106 7 3 5000000.000000
13.332603 7 26 50000.000000
13.922993 7 0 2000000.000000
14.837481 7 19 80000.000000
16.631025 7 3 80000.000000
16.899126 7 12 10000.000000
26.618890 7 21 50000.000000
1.268137 8 3 20000.000000
3.435634 8 0 80000.000000
4.096192 8 8 1000000.000000
7.673255 8 19 200000.000000
12.124536 8 0 1000000.000000
14.530321 8 14 30000000.000000
23.524479 8 19 10000.000000
24.821027 8 1 30000.000000
25.906467 8 3 80000.000000
6.087654 9 15 10000.000000
6.402854 9 7 80000.000000
8.865408 9 18 1000000.000000
18.083320 9 23 2000000.000000
19.074100 9 19 1000000.000000
19.872354 9 25 1000000.000000
21.864966 9 22 2000000.000000
26.659292 9 19 2000000.000000
28.442040 9 0 10000000.000000
29.109276 9 11 30000.000000
29.994291 9 13 80000.000000
12.504293 10 8 1000000.000000
13.107128 10 0 1000000.000000
13.895982 10 19 20000.000000
17.630386 10 7 10000000.000000
17.662064 10 11 200000.000000
20.279818 10 24 10000.000000
23.465045 10 15 80000.000000
23.561039 10 7 10000000.000000
0.800575 11 26 5000000.000000
1.369435 11 26 200000.000000
4.136998 11 17 1000000.000000
4.766402 11 3 10000000.000000
7.418178 11 5 20000.000000
8.397730 11 15 50000.000000
8.811991 11 1 10000000.000000
9.579254 11 16 10000000.000000
13.153981 11 6 10000000.000000
13.678387 11 25 50000.000000
19.609762 11 12 10000.000000
23.841290 11 20 50000.000000
26.078693 11 5 5000000.000000
27.954743 11 4 30000.000000
28.610553 11 12 5000000.000000
2.339512 12 11 10000.000000
3.254192 12 15 2000000.000000
3.472288 12 14 20000.000000
7.106638 12 20 200000.000000
9.111294 12 19 80000.000000
9.374710 12 26 80000.000000
10.633603 12 4 2000000.000000
14.946734 12 13 50000.000000
17.498761 12 14 10000.000000
18.306497 12 15 50000.000000
18.400493 12 18 10000000.000000
24.479920 12 7 20000.000000
27.450483 12 13 2000000.000000
1.138388 13 8 80000.000000
11.212408 13 0 50000.000000
14.502790 13 6 1000000.000000
14.697056 13 20 5000000.000000
15.753789 13 10 1000000.000000
16.925644 13 15 10000000.000000
20.569942 13 3 30000.000000
29.840716 13 18 10000000.000000
4.284764 14 4 2000000.000000
8.253491 14 7 20000.000000
9.145840 14 20 10000000.000000
10.687528 14 11 10000000.000000
15.542425 14 22 10000.000000
19.188595 14 15 50000.000000
20.997855 14 19 5000000.000000
22.191953 14 20 2000000.000000
22.974307 14 24 10000.000000
23.638467 14 25 80000.000000
24.681991 14 21 200000.000000
29.611888 14 14 2000000.000000
0.586982 15 4 80000.000000
0.683890 15 24 50000.000000
2.328533 15 26 20000.000000
5.569912 15 25 80000.000000
6.766887 15 4 10000.000000
8.371923 15 11 10000.000000
11.979830 15 26 5000000.000000
12.861341 15 0 10000000.000000
17.955276 15 2 10000.000000
19.054003 15 13 1000000.000000
21.185830 15 6 10000.000000
24.008966 15 16 1000000.000000
24.231795 15 16 200000.000000
24.496213 15 11 10000.000000
24.860150 15 23 200000.000000
27.351832 15 19 50000.000000
0.156876 16 17 10000.000000
0.803072 16 24 5000000.000000
3.867909 16 9 10000.000000
8.829155 16 9 30000.000000
18.087933 16 17 1000000.000000
18.615297 16 16 50000.000000
25.664227 16 20 10000.000000
25.896315 16 16 10000000.000000
26.278299 16 21 10000.000000
0.465697 17 12 30000000.000000
2.048040 17 14 10000.000000
2.645882 17 8 5000000.000000
2.811885 17 16 30000.000000
4.090712 17 18 5000000.000000
6.511077 17 7 2000000.000000
10.469001 17 2 80000.000000
12.464074 17 16 30000000.000000
13.157586 17 18 1000000.000000
14.589377 17 10 2000000.000000
22.614864 17 6 5000000.000000
23.707453 17 10 80000.000000
24.213710 17 22 80000.000000
25.789441 17 1 80000.000000
26.915144 17 5 1000000.000000
27.036805 17 19 200000.000000
28.976645 17 0 2000000.000000
1.710603 18 18 2000000.000000
1.967699 18 15 10000000.000000
3.338699 18 5 10000.000000
11.405141 18 9 5000000.000000
12.882542 18 7 10000.000000
14.822302 18 25 1000000.000000
14.825632 18 15 2000000.000000
14.926268 18 0 1000000.000000
18.952131 18 23 30000.000000
20.407944 18 4 80000.000000
20.819380 18 7 20000.000000
22.167074 18 15 1000000.000000
23.568811 18 16 5000000.000000
24.559241 18 8 30000.000000
25.092804 18 26 80000.000000
27.067731 18 4 20000.000000
3.979973 19 21 1000000.000000
15.282198 19 4 2000000.000000
17.125729 19 16 10000000.000000
24.291652 19 1 80000.000000
25.819881 19 3 10000.000000
26.250214 19 8 10000.000000
2.431760 20 22 5000000.000000
3.806169 20 6 5000000.000000
5.050840 20 21 2000000.000000
5.170682 20 13 50000.000000
10.106392 20 15 80000.000000
10.672796 20 15 10000.000000
11.417431 20 11 5000000.000000
16.641341 20 18 5000000.000000
16.903960 20 10 50000.000000
21.384805 20 18 10000.000000
22.368568 20 4 10000.000000
24.196035 20 20 1000000.000000
24.832853 20 24 10000000.000000
28.628461 20 16 1000000.000000
0.393582 21 0 2000000.000000
0.401011 21 8 50000.000000
1.409301 21 12 10000.000000
2.583252 21 2 30000.000000
3.177704 21 19 1000000.000000
13.040160 21 12 5000000.000000
13.760911 21 6 1000000.000000
15.610276 21 17 80000.000000
20.839540 21 13 5000000.000000
20.896822 21 18 80000.000000
21.628221 21 20 30000.000000
26.183520 21 5 20000.000000
1.951720 22 20 50000.000000
3.524057 22 7 80000.000000
14.562053 22 10 10000.000000
17.482556 22 23 50000.000000
17.974012 22 26 50000.000000
21.597935 22 21 50000.000000
24.602314 22 12 10000000.000000
26.072206 22 6 30000.000000
3.969016 23 11 30000.000000
7.195959 23 2 20000.000000
10.234096 23 8 10000.000000
10.591855 23 25 80000.000000
10.877814 23 17 5000000.000000
16.258597 23 22 1000000.000000
18.070335 23 14 80000.000000
21.320167 23 12 10000.000000
25.798720 23 16 2000000.000000
26.179552 23 18 30000.000000
26.727274 23 5 2000000.000000
0.726737 24 25 80000.000000
2.240128 24 23 10000000.000000
3.119727 24 5 1000000.000000
3.263956 24 4 30000000.000000
6.520834 24 3 30000000.000000
7.649079 24 19 10000000.000000
10.111301 24 11 10000.000000
14.391310 24 13 5000000.000000
18.962638 24 11 80000.000000
24.949835 24 14 10000.000000
1.270808 25 18 5000000.000000
2.797584 25 24 80000.000000
3.881291 25 13 200000.000000
9.726525 25 12 80000.000000
20.188645 25 17 30000000.000000
22.221772 25 24 200000.000000
27.056395 25 11 10000.000000
2.981700 26 23 50000.000000
5.761587 26 8 5000000.000000
9.289242 26 16 80000.000000
10.137478 26 9 1000000.000000
17.922630 26 5 10000.000000
19.539769 26 15 80000.000000
22.924137 26 19 80000.000000
23.022060 26 11 200000.000000
24.532574 26 11 200000.000000
