0.827829 0 17 200000.000000
1.025470 0 4 10000.000000
1.078113 0 25 50000.000000
1.099965 0 23 200000.000000
1.477768 0 3 50000.000000
1.883456 0 24 80000.000000
2.380500 0 2 50000.000000
2.735396 0 5 80000.000000
2.737549 0 15 10000.000000
3.009403 0 0 10000.000000
3.128094 0 22 200000.000000
3.680757 0 17 10000000.000000
4.008897 0 4 2000000.000000
4.428078 0 7 2000000.000000
6.003452 0 21 10000.000000
6.160064 0 25 30000.000000
6.164313 0 23 5000000.000000
6.322817 0 19 200000.000000
6.370328 0 20 80000.000000
6.980824 0 17 1000000.000000
7.008556 0 4 10000.000000
7.020307 0 2 80000.000000
7.116495 0 3 10000.000000
7.242321 0 15 1000000.000000
7.522045 0 3 1000000.000000
9.316007 0 19 200000.000000
9.648907 0 5 200000.000000
10.053157 0 25 80000.000000
10.054283 0 7 2000000.000000
10.196234 0 0 20000.000000
10.305169 0 10 30000.000000
10.384190 0 18 1000000.000000
11.117071 0 6 50000.000000
12.989453 0 21 50000.000000
13.781512 0 15 50000.000000
14.176926 0 11 50000.000000
14.226147 0 16 2000000.000000
14.584648 0 3 5000000.000000
14.649317 0 26 30000.000000
14.709942 0 26 30000000.000000
15.153643 0 2 2000000.000000
15.314865 0 7 50000.000000
15.884435 0 16 10000.000000
16.632277 0 6 10000.000000
16.911971 0 16 20000.000000
17.048403 0 3 50000.000000
17.515735 0 20 50000.000000
17.590275 0 26 30000.000000
17.634300 0 22 20000.000000
19.397315 0 15 20000.000000
20.899893 0 21 20000.000000
20.939128 0 8 10000.000000
20.982142 0 3 5000000.000000
21.712610 0 2 2000000.000000
21.714577 0 8 10000000.000000
22.464255 0 10 1000000.000000
23.258315 0 8 50000.000000
23.262340 0 18 10000.000000
23.660332 0 1 10000000.000000
23.716883 0 26 5000000.000000
24.354519 0 8 10000.000000
24.582511 0 21 20000.000000
24.768302 0 13 2000000.000000
24.775882 0 6 20000.000000
24.863347 0 2 10000.000000
25.355333 0 24 80000.000000
25.367774 0 11 80000.000000
25.622847 0 7 1000000.000000
25.910041 0 21 5000000.000000
26.560593 0 21 80000.000000
26.647680 0 16 50000.000000
26.651805 0 2 200000.000000
27.008399 0 11 30000.000000
27.446922 0 0 1000000.000000
27.892745 0 22 80000.000000
27.954765 0 7 2000000.000000
28.009185 0 18 50000.000000
28.019516 0 21 80000.000000
28.838393 0 26 5000000.000000
28.951186 0 7 30000000.000000
29.038408 0 0 200000.000000
29.121058 0 15 10000.000000
29.737982 0 14 10000.000000
0.284227 1 3 5000000.000000
1.489994 1 26 50000.000000
1.646463 1 0 2000000.000000
2.071670 1 19 80000.000000
2.086334 1 3 80000.000000
2.120571 1 12 10000.000000
2.495785 1 21 50000.000000
2.990304 1 3 20000.000000
3.005037 1 0 80000.000000
3.335962 1 8 1000000.000000
3.692603 1 19 200000.000000
4.386795 1 0 1000000.000000
4.430683 1 14 30000000.000000
5.660721 1 19 10000.000000
5.803487 1 1 30000.000000
6.047771 1 3 80000.000000
6.214040 1 15 10000.000000
6.317837 1 7 80000.000000
7.443364 1 18 1000000.000000
7.772040 1 23 2000000.000000
8.262846 1 19 1000000.000000
8.538614 1 25 1000000.000000
8.547525 1 22 2000000.000000
8.587235 1 19 2000000.000000
9.204901 1 0 10000000.000000
9.557719 1 11 30000.000000
9.907623 1 13 80000.000000
10.688390 1 8 1000000.000000
10.718237 1 0 1000000.000000
10.883171 1 19 20000.000000
10.886672 1 7 10000000.000000
10.990589 1 11 200000.000000
12.510005 1 24 10000.000000
12.682166 1 15 80000.000000
13.095966 1 7 10000000.000000
13.097199 1 26 5000000.000000
13.219920 1 26 200000.000000
13.445352 1 17 1000000.000000
14.729478 1 3 10000000.000000
14.918223 1 5 20000.000000
14.935391 1 15 50000.000000
15.252781 1 1 10000000.000000
15.418811 1 16 10000000.000000
15.594881 1 6 10000000.000000
15.990809 1 25 50000.000000
16.024154 1 12 10000.000000
16.043521 1 20 50000.000000
16.921704 1 5 5000000.000000
18.348253 1 4 30000.000000
18.516598 1 12 5000000.000000
19.068308 1 11 10000.000000
19.258295 1 15 2000000.000000
19.553024 1 14 20000.000000
19.889084 1 20 200000.000000
20.730422 1 19 80000.000000
20.866968 1 26 80000.000000
21.706585 1 4 2000000.000000
21.817450 1 13 50000.000000
22.901713 1 14 10000.000000
23.386573 1 15 50000.000000
23.572910 1 18 10000000.000000
23.782997 1 7 20000.000000
24.133943 1 13 2000000.000000
24.194229 1 8 80000.000000
24.384779 1 0 50000.000000
24.454620 1 6 1000000.000000
24.693791 1 20 5000000.000000
24.811971 1 10 1000000.000000
25.079771 1 15 10000000.000000
25.441949 1 3 30000.000000
26.691325 1 18 10000000.000000
26.827316 1 4 2000000.000000
26.981318 1 7 20000.000000
27.697518 1 20 10000000.000000
27.730469 1 11 10000000.000000
27.781427 1 22 10000.000000
27.983331 1 15 50000.000000
28.162885 1 19 5000000.000000
28.558973 1 20 2000000.000000
28.913086 1 24 10000.000000
29.273472 1 25 80000.000000
29.727084 1 21 200000.000000
29.989261 1 14 2000000.000000
0.160359 2 4 80000.000000
0.174340 2 24 50000.000000
0.597569 2 26 20000.000000
0.610997 2 25 80000.000000
0.771130 2 4 10000.000000
0.985553 2 11 10000.000000
0.987894 2 26 5000000.000000
1.092376 2 0 10000000.000000
1.484975 2 2 10000.000000
2.178864 2 13 1000000.000000
2.508906 2 6 10000.000000
2.673934 2 16 1000000.000000
3.202844 2 16 200000.000000
4.399024 2 11 10000.000000
4.729433 2 23 200000.000000
4.826808 2 19 50000.000000
4.970172 2 17 10000.000000
6.280600 2 24 5000000.000000
6.729915 2 9 10000.000000
7.083622 2 9 30000.000000
7.549467 2 17 1000000.000000
7.948218 2 16 50000.000000
8.162182 2 20 10000.000000
8.272041 2 16 10000000.000000
8.317677 2 21 10000.000000
8.470387 2 12 30000000.000000
8.693408 2 14 10000.000000
8.892645 2 8 5000000.000000
9.123749 2 16 30000.000000
9.358891 2 18 5000000.000000
10.201335 2 7 2000000.000000
10.324469 2 2 80000.000000
10.716345 2 16 30000000.000000
10.820450 2 18 1000000.000000
11.356316 2 10 2000000.000000
12.628261 2 6 5000000.000000
12.926164 2 10 80000.000000
13.154562 2 22 80000.000000
13.177470 2 1 80000.000000
13.991347 2 5 1000000.000000
14.023054 2 19 200000.000000
14.066143 2 0 2000000.000000
15.001635 2 18 2000000.000000
15.032481 2 15 10000000.000000
15.929917 2 5 10000.000000
15.974844 2 9 5000000.000000
16.527278 2 7 10000.000000
16.981832 2 25 1000000.000000
17.018317 2 15 2000000.000000
17.191612 2 0 1000000.000000
17.714967 2 23 30000.000000
18.048997 2 4 80000.000000
18.261444 2 7 20000.000000
18.594217 2 15 1000000.000000
18.645679 2 16 5000000.000000
18.838321 2 8 30000.000000
18.905887 2 26 80000.000000
18.948929 2 4 20000.000000
18.955447 2 21 1000000.000000
18.968945 2 4 2000000.000000
19.565530 2 16 10000000.000000
19.828180 2 1 80000.000000
20.030000 2 3 10000.000000
20.038234 2 8 10000.000000
20.183340 2 22 5000000.000000
20.274003 2 6 5000000.000000
20.798186 2 21 2000000.000000
20.949327 2 13 50000.000000
22.396966 2 15 80000.000000
22.995539 2 15 10000.000000
23.006957 2 11 5000000.000000
23.063188 2 18 5000000.000000
23.470528 2 10 50000.000000
24.161066 2 18 10000.000000
24.309973 2 4 10000.000000
24.485050 2 20 1000000.000000
24.913098 2 24 10000000.000000
25.255940 2 16 1000000.000000
25.605239 2 0 2000000.000000
25.630158 2 8 50000.000000
25.735468 2 12 10000.000000
25.792601 2 2 30000.000000
26.402817 2 19 1000000.000000
26.467678 2 12 5000000.000000
27.135446 2 6 1000000.000000
27.217106 2 17 80000.000000
27.291397 2 13 5000000.000000
27.419456 2 18 80000.000000
27.603602 2 20 30000.000000
27.820221 2 5 20000.000000
27.885009 2 20 50000.000000
28.559070 2 7 80000.000000
28.783295 2 10 10000.000000
28.938178 2 23 50000.000000
29.374399 2 26 50000.000000
29.853679 2 21 50000.000000
29.972367 2 12 10000000.000000
0.032157 3 6 30000.000000
0.723957 3 11 30000.000000
0.780092 3 2 20000.000000
1.592143 3 8 10000.000000
1.819048 3 25 80000.000000
1.897988 3 17 5000000.000000
2.159745 3 22 1000000.000000
2.568166 3 14 80000.000000
2.577419 3 12 10000.000000
2.586969 3 16 2000000.000000
3.214925 3 18 30000.000000
3.485458 3 5 2000000.000000
4.384802 3 25 80000.000000
4.407330 3 23 10000000.000000
4.715524 3 5 1000000.000000
4.915057 3 4 30000000.000000
4.995487 3 3 30000000.000000
5.679505 3 19 10000000.000000
5.941564 3 11 10000.000000
6.216565 3 13 5000000.000000
6.687620 3 11 80000.000000
6.702441 3 14 10000.000000
7.354319 3 18 5000000.000000
8.121692 3 24 80000.000000
8.585456 3 13 200000.000000
8.658518 3 12 80000.000000
8.985796 3 17 30000000.000000
9.642279 3 24 200000.000000
10.127242 3 11 10000.000000
10.130384 3 23 50000.000000
10.177580 3 8 5000000.000000
10.312290 3 16 80000.000000
10.964262 3 9 1000000.000000
11.620489 3 5 10000.000000
11.727855 3 15 80000.000000
11.869500 3 19 80000.000000
12.275153 3 11 200000.000000
12.502373 3 11 200000.000000
12.629856 3 24 2000000.000000
12.815597 3 22 5000000.000000
12.845109 3 26 30000.000000
12.984564 3 21 2000000.000000
13.071760 3 3 1000000.000000
13.242297 3 4 30000.000000
13.536244 3 17 50000.000000
13.819822 3 8 5000000.000000
14.803596 3 21 80000.000000
16.408182 3 25 10000.000000
16.427682 3 12 80000.000000
16.775464 3 25 10000000.000000
16.904151 3 0 10000.000000
16.939619 3 4 80000.000000
17.227645 3 13 10000.000000
17.769685 3 18 200000.000000
18.183930 3 13 10000.000000
18.834628 3 0 30000.000000
19.172393 3 0 2000000.000000
19.654405 3 2 10000.000000
20.063879 3 1 10000000.000000
20.079703 3 23 30000.000000
20.413238 3 1 80000.000000
20.712517 3 6 10000.000000
21.335863 3 7 10000.000000
21.613941 3 16 1000000.000000
22.068312 3 13 2000000.000000
22.118422 3 24 10000.000000
22.132741 3 9 10000.000000
22.401593 3 13 5000000.000000
22.807760 3 7 30000.000000
23.369545 3 12 30000000.000000
24.010411 3 24 5000000.000000
24.073676 3 22 1000000.000000
24.493638 3 22 5000000.000000
24.893201 3 5 10000.000000
24.990701 3 26 200000.000000
25.405674 3 4 200000.000000
25.789042 3 22 10000.000000
25.840218 3 1 80000.000000
26.517808 3 21 30000.000000
26.572936 3 0 20000.000000
27.219010 3 25 30000.000000
28.565629 3 26 2000000.000000
28.629780 3 4 80000.000000
28.712149 3 25 80000.000000
28.748015 3 22 1000000.000000
28.876616 3 21 10000000.000000
29.152302 3 11 20000.000000
29.372491 3 5 1000000.000000
29.797094 3 8 50000.000000
29.859151 3 7 50000.000000
29.927183 3 1 2000000.000000
0.039704 4 13 10000000.000000
0.435242 4 1 10000.000000
0.512340 4 4 80000.000000
0.808768 4 26 10000.000000
1.423418 4 7 5000000.000000
1.461876 4 6 10000000.000000
1.466793 4 10 10000.000000
1.732008 4 24 5000000.000000
2.318276 4 11 10000000.000000
2.490410 4 7 10000.000000
4.369413 4 1 200000.000000
4.563626 4 0 200000.000000
4.622623 4 2 30000.000000
4.696758 4 6 80000.000000
4.958241 4 21 30000000.000000
5.109556 4 11 10000.000000
5.220602 4 20 80000.000000
5.342529 4 15 5000000.000000
6.437717 4 12 10000.000000
6.769531 4 6 10000.000000
6.996404 4 17 30000.000000
7.291966 4 4 20000.000000
7.597453 4 13 50000.000000
7.837976 4 25 80000.000000
7.892556 4 9 1000000.000000
8.040990 4 8 30000.000000
8.378888 4 2 30000.000000
8.749376 4 6 10000000.000000
8.863993 4 10 10000000.000000
9.318209 4 3 30000.000000
9.340024 4 9 30000.000000
10.078570 4 5 5000000.000000
10.431968 4 4 1000000.000000
10.519961 4 5 30000.000000
10.523740 4 13 2000000.000000
11.323310 4 14 50000.000000
11.438591 4 14 30000.000000
11.556188 4 20 10000000.000000
11.718391 4 8 10000.000000
11.863085 4 2 10000.000000
12.281621 4 17 80000.000000
12.812273 4 17 80000.000000
13.576162 4 23 30000.000000
13.989479 4 13 5000000.000000
14.155129 4 24 50000.000000
15.318047 4 0 1000000.000000
15.578693 4 25 10000.000000
15.646547 4 15 50000.000000
16.474463 4 16 50000.000000
17.096509 4 24 200000.000000
17.366857 4 21 80000.000000
17.690666 4 22 1000000.000000
17.926123 4 18 80000.000000
18.674115 4 13 5000000.000000
19.200612 4 0 1000000.000000
19.229774 4 5 50000.000000
19.639950 4 4 50000.000000
20.268989 4 26 50000.000000
20.534748 4 7 2000000.000000
20.569541 4 24 50000.000000
20.751695 4 6 5000000.000000
20.754973 4 17 2000000.000000
20.820555 4 8 1000000.000000
21.371917 4 12 1000000.000000
21.856775 4 14 50000.000000
23.085663 4 16 2000000.000000
23.348081 4 9 20000.000000
24.272544 4 22 30000000.000000
24.702540 4 15 1000000.000000
25.427286 4 4 2000000.000000
25.513553 4 3 5000000.000000
26.372822 4 21 5000000.000000
27.133763 4 21 30000000.000000
27.140740 4 13 2000000.000000
27.269202 4 5 30000000.000000
27.345859 4 22 10000000.000000
27.383420 4 13 30000.000000
27.688980 4 21 30000.000000
27.724058 4 6 30000000.000000
27.733025 4 8 80000.000000
27.772469 4 4 30000.000000
27.958444 4 8 10000.000000
28.298696 4 24 20000.000000
28.951322 4 18 200000.000000
29.240848 4 6 80000.000000
29.530302 4 16 10000.000000
29.856692 4 21 50000.000000
0.005796 5 22 200000.000000
0.430212 5 20 10000.000000
0.686493 5 16 30000.000000
1.258897 5 8 80000.000000
1.288556 5 15 80000.000000
1.358978 5 13 80000.000000
2.221359 5 4 1000000.000000
2.711302 5 5 5000000.000000
2.821946 5 19 5000000.000000
2.879032 5 25 80000.000000
2.891050 5 12 10000.000000
2.941902 5 8 80000.000000
3.392284 5 23 50000.000000
3.764617 5 15 80000.000000
4.626713 5 2 5000000.000000
4.725199 5 1 50000.000000
5.141608 5 13 30000.000000
5.699464 5 22 30000.000000
6.348321 5 8 1000000.000000
6.649439 5 4 1000000.000000
7.103844 5 2 200000.000000
7.310780 5 23 80000.000000
7.417877 5 26 1000000.000000
8.109625 5 24 10000000.000000
8.709898 5 0 50000.000000
8.749895 5 23 80000.000000
8.969471 5 7 80000.000000
9.700793 5 22 10000.000000
9.945718 5 25 80000.000000
10.180403 5 21 30000.000000
10.279855 5 9 80000.000000
10.477065 5 14 1000000.000000
10.861069 5 16 10000.000000
10.908189 5 14 30000.000000
11.141203 5 1 2000000.000000
11.369228 5 10 80000.000000
11.423553 5 25 10000.000000
11.682204 5 14 200000.000000
11.740081 5 24 10000.000000
11.785485 5 21 5000000.000000
11.849353 5 23 80000.000000
11.950295 5 15 200000.000000
12.392004 5 0 30000.000000
12.398983 5 11 2000000.000000
12.828573 5 10 30000.000000
12.860054 5 15 80000.000000
12.943147 5 0 1000000.000000
12.947294 5 19 80000.000000
13.561606 5 11 1000000.000000
13.897943 5 3 10000.000000
14.377729 5 3 1000000.000000
15.622778 5 20 30000.000000
16.579867 5 9 5000000.000000
16.837299 5 20 10000.000000
17.106574 5 24 50000.000000
17.653594 5 8 10000.000000
17.917255 5 9 2000000.000000
18.145256 5 1 1000000.000000
18.783333 5 23 5000000.000000
19.537320 5 24 10000.000000
19.608278 5 18 80000.000000
19.887516 5 3 50000.000000
19.905964 5 3 50000.000000
20.020800 5 13 10000000.000000
20.029223 5 8 80000.000000
20.119294 5 4 10000000.000000
20.622286 5 18 10000.000000
21.888165 5 18 5000000.000000
24.151149 5 10 80000.000000
24.697661 5 11 80000.000000
25.122187 5 14 10000000.000000
25.239449 5 16 1000000.000000
25.517602 5 22 5000000.000000
25.612148 5 22 20000.000000
26.047166 5 18 30000.000000
26.727746 5 3 50000.000000
27.067085 5 10 80000.000000
27.621563 5 6 5000000.000000
28.478682 5 7 10000.000000
29.009636 5 17 50000.000000
29.214017 5 24 50000.000000
29.673138 5 5 1000000.000000
29.766302 5 24 10000.000000
0.336310 6 5 2000000.000000
0.493399 6 23 200000.000000
0.682249 6 19 5000000.000000
1.224718 6 14 50000.000000
1.641533 6 11 2000000.000000
3.708847 6 3 80000.000000
3.883922 6 17 80000.000000
4.697891 6 5 2000000.000000
4.720930 6 9 5000000.000000
5.182872 6 4 80000.000000
5.957634 6 18 1000000.000000
6.034313 6 23 80000.000000
6.866387 6 5 200000.000000
6.907455 6 9 10000000.000000
8.333683 6 25 20000.000000
8.777363 6 11 2000000.000000
8.803747 6 19 30000000.000000
9.304551 6 8 30000.000000
10.878855 6 11 10000000.000000
10.891280 6 9 80000.000000
11.188140 6 21 5000000.000000
11.613124 6 8 20000.000000
11.809342 6 7 10000.000000
12.528613 6 9 10000.000000
12.849583 6 17 2000000.000000
12.934278 6 10 1000000.000000
13.407342 6 4 20000.000000
13.663474 6 7 80000.000000
13.684649 6 16 80000.000000
13.849154 6 25 30000000.000000
14.090898 6 0 10000000.000000
15.216979 6 6 2000000.000000
15.394337 6 11 30000.000000
15.432433 6 4 50000.000000
15.902424 6 0 10000.000000
16.193341 6 23 10000000.000000
16.260430 6 25 2000000.000000
16.492999 6 22 2000000.000000
16.938770 6 17 10000.000000
17.271064 6 1 2000000.000000
17.497666 6 7 10000000.000000
17.643803 6 22 50000.000000
18.130497 6 23 1000000.000000
18.304022 6 10 5000000.000000
18.469206 6 23 5000000.000000
18.646150 6 16 5000000.000000
19.402901 6 11 30000.000000
20.010119 6 5 30000.000000
20.057117 6 16 10000.000000
20.316169 6 23 1000000.000000
20.357917 6 0 10000000.000000
20.396613 6 26 20000.000000
20.737747 6 24 2000000.000000
20.753158 6 25 10000.000000
21.110750 6 15 2000000.000000
22.142241 6 0 5000000.000000
22.183650 6 16 30000.000000
22.621791 6 23 30000.000000
23.491937 6 2 20000.000000
23.739924 6 14 80000.000000
24.524547 6 19 10000.000000
24.553366 6 0 10000000.000000
24.618309 6 5 200000.000000
24.726406 6 4 2000000.000000
25.306904 6 19 5000000.000000
26.524899 6 10 5000000.000000
26.962504 6 19 80000.000000
27.293578 6 22 80000.000000
27.815502 6 20 200000.000000
28.385724 6 9 10000.000000
28.645394 6 9 30000.000000
29.066349 6 19 10000.000000
29.093182 6 10 1000000.000000
29.203400 6 0 5000000.000000
29.726176 6 26 200000.000000
29.808203 6 16 80000.000000
0.604611 7 18 50000.000000
1.507764 7 0 10000000.000000
2.262378 7 26 10000.000000
2.769424 7 6 10000.000000
2.952425 7 20 80000.000000
4.512657 7 15 30000.000000
5.253140 7 4 200000.000000
5.598132 7 7 20000.000000
6.306534 7 20 30000.000000
6.328942 7 21 10000.000000
6.564700 7 14 1000000.000000
7.095950 7 6 10000.000000
7.265189 7 7 80000.000000
7.321411 7 26 1000000.000000
7.790635 7 10 5000000.000000
7.946001 7 3 10000.000000
7.984872 7 9 10000.000000
8.022046 7 3 1000000.000000
8.444043 7 12 20000.000000
9.096673 7 4 200000.000000
10.045419 7 15 20000.000000
10.094371 7 22 20000.000000
10.160756 7 7 10000.000000
10.678796 7 5 80000.000000
10.812608 7 7 20000.000000
11.369682 7 25 50000.000000
11.989384 7 17 80000.000000
12.118449 7 8 30000.000000
12.282345 7 0 2000000.000000
12.475847 7 20 10000000.000000
12.585802 7 0 200000.000000
12.786947 7 0 50000.000000
12.821562 7 20 10000.000000
13.583914 7 6 2000000.000000
13.826256 7 2 10000.000000
13.910338 7 15 80000.000000
14.198477 7 7 1000000.000000
14.467160 7 25 200000.000000
14.865818 7 2 10000.000000
14.942886 7 21 200000.000000
15.307891 7 18 80000.000000
15.831651 7 20 1000000.000000
15.849743 7 12 30000.000000
15.997003 7 22 10000.000000
16.375836 7 25 50000.000000
16.427233 7 11 1000000.000000
16.702110 7 5 10000.000000
17.620747 7 24 1000000.000000
17.976880 7 20 10000000.000000
18.259214 7 19 200000.000000
18.541967 7 19 30000.000000
18.802171 7 12 5000000.000000
18.969540 7 22 5000000.000000
19.821569 7 20 30000.000000
19.889645 7 2 30000000.000000
19.971588 7 23 2000000.000000
20.082262 7 11 1000000.000000
20.193679 7 7 10000.000000
20.471534 7 7 5000000.000000
20.514662 7 14 10000000.000000
20.524782 7 11 1000000.000000
20.896692 7 21 20000.000000
21.087721 7 4 10000.000000
21.683268 7 3 10000.000000
22.092826 7 0 30000.000000
22.266409 7 20 200000.000000
22.321656 7 7 20000.000000
22.471637 7 9 80000.000000
23.183109 7 21 50000.000000
24.609892 7 16 80000.000000
25.994489 7 21 10000.000000
26.047425 7 11 50000.000000
26.164392 7 22 1000000.000000
26.249819 7 6 5000000.000000
26.366500 7 14 10000.000000
26.819825 7 14 2000000.000000
27.028462 7 13 50000.000000
27.421402 7 3 80000.000000
27.786634 7 15 50000.000000
27.810838 7 4 80000.000000
28.071409 7 6 1000000.000000
28.448076 7 25 10000.000000
28.652313 7 9 200000.000000
28.734589 7 5 5000000.000000
28.993616 7 14 80000.000000
29.450635 7 21 5000000.000000
29.598467 7 0 200000.000000
29.972268 7 18 80000.000000
0.338483 8 2 20000.000000
0.705654 8 14 2000000.000000
0.814757 8 12 10000.000000
1.046286 8 15 10000000.000000
1.587520 8 25 80000.000000
1.803797 8 4 80000.000000
2.105549 8 3 10000.000000
2.947436 8 8 50000.000000
4.053426 8 7 1000000.000000
4.351732 8 12 80000.000000
4.463170 8 18 1000000.000000
4.826748 8 24 20000.000000
5.102993 8 16 20000.000000
5.817670 8 18 30000.000000
6.093814 8 14 30000.000000
6.189381 8 1 10000000.000000
6.263277 8 11 10000.000000
6.303008 8 6 20000.000000
6.784080 8 6 1000000.000000
7.231203 8 10 1000000.000000
7.238908 8 19 1000000.000000
7.478157 8 12 5000000.000000
8.202256 8 24 2000000.000000
8.232292 8 21 2000000.000000
8.434328 8 4 1000000.000000
8.460001 8 25 1000000.000000
8.500255 8 13 20000.000000
8.622154 8 16 10000000.000000
9.277541 8 19 5000000.000000
9.411877 8 24 10000.000000
9.648790 8 5 80000.000000
9.736960 8 23 10000.000000
9.954284 8 19 30000.000000
10.277525 8 18 30000.000000
10.376245 8 2 80000.000000
10.532192 8 7 10000.000000
11.204634 8 17 10000.000000
11.368691 8 6 50000.000000
11.553175 8 18 20000.000000
13.002483 8 23 20000.000000
13.079108 8 23 10000000.000000
13.088078 8 7 20000.000000
13.223621 8 21 1000000.000000
13.647392 8 7 10000.000000
14.376124 8 20 50000.000000
14.386433 8 9 20000.000000
14.404953 8 19 2000000.000000
14.862171 8 5 80000.000000
15.690208 8 13 1000000.000000
17.632270 8 14 80000.000000
17.734378 8 14 80000.000000
17.819762 8 26 5000000.000000
18.508967 8 19 30000000.000000
18.816216 8 23 5000000.000000
18.878673 8 21 50000.000000
18.956706 8 23 10000.000000
19.456212 8 2 5000000.000000
19.610122 8 22 30000000.000000
20.225162 8 16 80000.000000
20.301890 8 0 80000.000000
20.795312 8 22 10000.000000
20.930591 8 25 20000.000000
21.218168 8 20 10000000.000000
21.585705 8 14 10000000.000000
21.922197 8 4 30000.000000
22.161737 8 21 2000000.000000
22.194526 8 12 5000000.000000
22.627341 8 1 5000000.000000
23.645207 8 3 50000.000000
24.095066 8 20 200000.000000
24.118874 8 17 30000.000000
24.153647 8 10 1000000.000000
24.257111 8 25 5000000.000000
24.311634 8 22 10000.000000
24.758615 8 7 10000.000000
24.772399 8 2 200000.000000
24.894832 8 9 30000.000000
24.976932 8 6 1000000.000000
25.008590 8 19 10000000.000000
25.203316 8 8 50000.000000
25.332546 8 0 80000.000000
25.487285 8 5 10000.000000
25.674110 8 17 30000.000000
25.693944 8 21 2000000.000000
26.068043 8 20 30000.000000
26.084586 8 8 30000000.000000
27.199582 8 25 50000.000000
27.709113 8 9 20000.000000
29.378834 8 12 2000000.000000
29.596656 8 16 10000.000000
0.678587 9 4 5000000.000000
1.145452 9 10 1000000.000000
1.523511 9 19 30000000.000000
1.744708 9 5 5000000.000000
2.239569 9 4 5000000.000000
2.248162 9 13 30000.000000
2.443220 9 21 5000000.000000
3.215041 9 21 20000.000000
3.496111 9 3 50000.000000
3.522095 9 22 5000000.000000
3.662711 9 8 30000.000000
3.754117 9 23 30000.000000
4.028882 9 10 80000.000000
5.251348 9 19 80000.000000
5.398529 9 25 1000000.000000
5.522684 9 3 20000.000000
6.231788 9 16 1000000.000000
6.778037 9 5 1000000.000000
7.154451 9 24 10000.000000
7.925824 9 24 1000000.000000
8.138346 9 12 30000.000000
8.173058 9 21 5000000.000000
8.494709 9 18 2000000.000000
8.602004 9 24 2000000.000000
9.399332 9 8 30000000.000000
10.202078 9 7 50000.000000
10.796850 9 11 200000.000000
10.863822 9 2 80000.000000
11.044116 9 9 80000.000000
11.436214 9 21 5000000.000000
11.587435 9 8 10000000.000000
11.907453 9 26 1000000.000000
12.347495 9 4 5000000.000000
12.589761 9 21 30000.000000
13.702965 9 14 10000000.000000
13.872296 9 18 200000.000000
14.943843 9 2 50000.000000
14.996545 9 11 5000000.000000
15.775901 9 5 80000.000000
15.781726 9 20 5000000.000000
16.749427 9 16 30000.000000
17.138109 9 9 30000.000000
17.607488 9 20 30000.000000
17.851957 9 26 10000000.000000
18.294576 9 10 200000.000000
18.694523 9 25 30000.000000
18.822703 9 22 10000000.000000
19.127123 9 4 1000000.000000
19.538552 9 17 50000.000000
19.854532 9 17 50000.000000
20.051428 9 22 80000.000000
20.064109 9 9 80000.000000
20.961063 9 26 5000000.000000
21.120523 9 23 200000.000000
21.403660 9 7 10000000.000000
21.673949 9 24 30000.000000
22.986102 9 6 1000000.000000
23.138743 9 2 10000.000000
23.677213 9 22 1000000.000000
23.804770 9 6 10000.000000
23.826820 9 0 50000.000000
23.840262 9 13 50000.000000
23.857639 9 7 5000000.000000
24.215586 9 11 1000000.000000
24.945316 9 10 10000.000000
25.089182 9 7 80000.000000
25.158521 9 16 80000.000000
26.415701 9 18 50000.000000
26.428934 9 4 2000000.000000
27.446545 9 25 1000000.000000
27.746366 9 10 10000000.000000
27.835716 9 12 50000.000000
27.853545 9 17 10000000.000000
27.990336 9 21 1000000.000000
28.568954 9 10 80000.000000
29.635017 9 7 80000.000000
29.721087 9 21 30000.000000
29.890298 9 10 1000000.000000
0.196722 10 4 50000.000000
0.214687 10 5 50000.000000
0.916385 10 2 50000.000000
1.299198 10 19 50000.000000
1.300002 10 7 30000.000000
1.645162 10 22 30000.000000
1.886806 10 4 2000000.000000
2.449035 10 11 200000.000000
3.414703 10 5 5000000.000000
3.688698 10 8 50000.000000
3.760831 10 16 5000000.000000
4.208260 10 24 80000.000000
5.105672 10 19 2000000.000000
5.448153 10 25 1000000.000000
5.856249 10 13 2000000.000000
5.884347 10 20 1000000.000000
5.966226 10 19 30000.000000
6.095058 10 21 50000.000000
6.191823 10 11 5000000.000000
6.228880 10 1 10000.000000
6.396670 10 3 30000000.000000
6.441145 10 18 10000.000000
6.505050 10 23 1000000.000000
7.150200 10 10 80000.000000
7.467869 10 14 1000000.000000
7.476165 10 13 30000.000000
8.997866 10 10 5000000.000000
9.397190 10 18 5000000.000000
9.648481 10 4 1000000.000000
9.724583 10 4 2000000.000000
9.760718 10 25 10000.000000
9.854336 10 14 80000.000000
12.247419 10 23 50000.000000
12.664511 10 1 50000.000000
13.638058 10 0 200000.000000
13.750831 10 3 2000000.000000
14.067009 10 4 1000000.000000
14.175645 10 26 2000000.000000
14.345798 10 23 30000000.000000
14.550832 10 2 50000.000000
14.809267 10 6 10000.000000
14.836040 10 3 10000.000000
14.847035 10 4 80000.000000
15.164526 10 18 2000000.000000
15.466540 10 11 1000000.000000
15.509732 10 5 10000.000000
16.149433 10 9 5000000.000000
16.864259 10 5 80000.000000
16.981680 10 16 5000000.000000
17.136973 10 18 80000.000000
17.181451 10 2 30000.000000
17.382606 10 9 200000.000000
17.986928 10 5 10000.000000
18.093018 10 23 2000000.000000
18.099248 10 7 1000000.000000
18.165759 10 18 20000.000000
18.688421 10 19 2000000.000000
19.067163 10 18 30000.000000
20.215270 10 5 50000.000000
20.494210 10 21 50000.000000
20.512292 10 10 80000.000000
20.910090 10 4 20000.000000
21.867060 10 7 50000.000000
22.330174 10 3 10000.000000
22.581550 10 9 10000000.000000
22.783596 10 3 2000000.000000
22.819346 10 22 50000.000000
23.575206 10 8 1000000.000000
24.148389 10 10 1000000.000000
24.374435 10 7 80000.000000
24.815478 10 19 200000.000000
25.176835 10 9 1000000.000000
25.881084 10 25 30000000.000000
26.058748 10 23 80000.000000
26.827888 10 26 10000000.000000
27.285862 10 25 5000000.000000
27.358575 10 6 20000.000000
27.845802 10 7 2000000.000000
28.416280 10 6 20000.000000
28.587094 10 16 2000000.000000
28.811197 10 10 80000.000000
28.872616 10 17 5000000.000000
29.455254 10 20 50000.000000
29.620641 10 0 2000000.000000
29.817071 10 7 10000.000000
29.842523 10 0 50000.000000
29.855022 10 11 50000.000000
0.346276 11 15 50000.000000
0.405172 11 10 80000.000000
0.774427 11 1 20000.000000
1.452129 11 8 2000000.000000
1.584362 11 24 30000.000000
1.659265 11 8 10000.000000
2.119938 11 6 80000.000000
2.795339 11 20 5000000.000000
2.943558 11 3 30000000.000000
3.206577 11 3 2000000.000000
3.482146 11 14 1000000.000000
4.562777 11 23 80000.000000
4.572642 11 6 10000.000000
4.670105 11 10 80000.000000
5.117564 11 8 200000.000000
5.151315 11 15 200000.000000
5.226797 11 8 1000000.000000
5.307342 11 25 80000.000000
5.545022 11 14 5000000.000000
5.566923 11 15 10000000.000000
5.825858 11 25 10000.000000
5.860888 11 5 10000.000000
5.865790 11 10 50000.000000
6.255181 11 16 30000.000000
6.497496 11 17 5000000.000000
6.621147 11 1 2000000.000000
6.755414 11 22 20000.000000
7.504143 11 23 5000000.000000
7.853437 11 7 5000000.000000
7.894552 11 23 5000000.000000
8.095004 11 6 20000.000000
8.415411 11 12 80000.000000
8.542925 11 15 10000000.000000
8.744393 11 3 30000.000000
9.826963 11 21 80000.000000
10.029274 11 19 30000000.000000
10.179429 11 3 30000.000000
10.432623 11 14 10000.000000
11.052890 11 11 1000000.000000
11.592617 11 5 200000.000000
11.785857 11 1 10000.000000
11.891433 11 11 10000.000000
11.967058 11 10 1000000.000000
12.019167 11 13 10000000.000000
12.430940 11 19 30000.000000
12.779243 11 5 10000000.000000
13.298043 11 26 2000000.000000
13.514301 11 3 5000000.000000
14.354464 11 6 2000000.000000
14.441618 11 22 80000.000000
14.602592 11 2 50000.000000
14.816404 11 10 5000000.000000
15.283308 11 0 20000.000000
15.401733 11 7 30000.000000
15.956369 11 5 10000000.000000
16.175917 11 17 80000.000000
17.251182 11 25 20000.000000
17.304466 11 19 20000.000000
17.354679 11 14 50000.000000
17.466622 11 25 50000.000000
17.790170 11 4 80000.000000
17.840648 11 21 10000.000000
17.841211 11 15 2000000.000000
18.058380 11 7 50000.000000
18.127908 11 8 10000.000000
18.558091 11 12 2000000.000000
18.792154 11 5 5000000.000000
19.573943 11 4 10000000.000000
20.346308 11 24 20000.000000
20.679176 11 16 5000000.000000
20.716447 11 3 10000000.000000
21.335133 11 25 10000.000000
21.399131 11 13 5000000.000000
22.542474 11 25 10000.000000
22.921831 11 24 10000000.000000
23.784858 11 6 5000000.000000
23.864843 11 20 2000000.000000
24.127129 11 10 200000.000000
24.548708 11 3 50000.000000
24.627133 11 20 200000.000000
26.350694 11 8 2000000.000000
26.564214 11 0 20000.000000
27.177089 11 16 10000000.000000
28.370372 11 7 10000.000000
28.575931 11 22 2000000.000000
28.762406 11 4 50000.000000
29.067382 11 7 2000000.000000
29.602659 11 4 80000.000000
0.018674 12 21 30000.000000
0.071703 12 20 50000.000000
0.616139 12 3 80000.000000
0.803034 12 13 1000000.000000
0.997295 12 6 20000.000000
2.093759 12 21 30000.000000
2.268964 12 2 1000000.000000
2.595160 12 26 80000.000000
3.141914 12 8 10000.000000
3.666217 12 1 10000000.000000
3.668110 12 21 2000000.000000
4.752119 12 15 30000.000000
4.936526 12 20 10000.000000
5.217255 12 19 50000.000000
5.655208 12 12 80000.000000
6.102360 12 21 80000.000000
6.232961 12 14 5000000.000000
6.399092 12 18 80000.000000
6.498695 12 9 10000.000000
7.014492 12 18 10000000.000000
7.120524 12 17 5000000.000000
7.235037 12 13 10000000.000000
7.569834 12 16 80000.000000
9.725772 12 8 30000.000000
10.183319 12 2 30000000.000000
10.848981 12 0 1000000.000000
11.095883 12 7 5000000.000000
11.241767 12 17 50000.000000
11.377133 12 25 80000.000000
11.672846 12 17 2000000.000000
11.829442 12 21 10000.000000
12.397585 12 21 50000.000000
12.713185 12 21 10000.000000
13.211039 12 3 10000.000000
13.212764 12 5 80000.000000
13.829394 12 18 1000000.000000
13.953516 12 23 2000000.000000
14.348911 12 4 20000.000000
14.589427 12 11 80000.000000
14.757785 12 16 5000000.000000
15.142613 12 26 2000000.000000
16.397912 12 14 20000.000000
16.431769 12 5 80000.000000
16.556645 12 12 10000.000000
16.907972 12 18 50000.000000
17.022561 12 2 10000.000000
17.449984 12 19 30000000.000000
18.570886 12 9 2000000.000000
19.096795 12 24 30000.000000
19.257381 12 5 80000.000000
19.344423 12 7 10000.000000
19.457754 12 14 50000.000000
19.582651 12 22 30000.000000
19.822751 12 21 10000.000000
20.498872 12 19 200000.000000
21.182644 12 9 10000.000000
21.204244 12 16 5000000.000000
21.213898 12 14 80000.000000
21.277411 12 22 50000.000000
21.497870 12 14 50000.000000
21.765179 12 7 2000000.000000
21.776409 12 26 1000000.000000
22.303265 12 18 30000.000000
22.426565 12 2 10000000.000000
22.487698 12 10 80000.000000
22.569834 12 7 1000000.000000
23.277051 12 9 200000.000000
23.575276 12 25 2000000.000000
23.940708 12 13 20000.000000
23.993063 12 10 10000.000000
24.337798 12 19 30000.000000
25.038841 12 14 20000.000000
25.866206 12 21 80000.000000
26.323950 12 19 10000000.000000
26.748137 12 6 2000000.000000
26.981697 12 18 1000000.000000
27.222500 12 0 10000.000000
27.246514 12 1 5000000.000000
27.679453 12 15 30000.000000
27.916683 12 7 10000000.000000
27.963850 12 16 30000.000000
28.194335 12 4 10000.000000
28.222189 12 25 2000000.000000
28.246821 12 18 2000000.000000
28.876984 12 11 30000.000000
29.568477 12 7 20000.000000
0.434305 13 26 80000.000000
0.631233 13 1 10000.000000
0.954642 13 16 10000.000000
1.620312 13 25 50000.000000
2.317946 13 4 5000000.000000
2.481755 13 24 80000.000000
2.588592 13 23 2000000.000000
3.086707 13 23 80000.000000
3.114623 13 7 1000000.000000
3.676974 13 14 1000000.000000
3.812533 13 23 10000.000000
3.904769 13 26 50000.000000
4.143382 13 9 1000000.000000
4.312645 13 11 30000.000000
4.570409 13 19 30000.000000
4.629457 13 3 5000000.000000
4.974467 13 17 2000000.000000
5.211567 13 0 1000000.000000
5.638703 13 3 80000.000000
6.107568 13 18 30000.000000
6.303730 13 19 10000000.000000
6.387320 13 12 5000000.000000
7.340675 13 4 80000.000000
7.581366 13 20 1000000.000000
7.940394 13 6 2000000.000000
8.569009 13 13 10000.000000
8.656948 13 14 10000.000000
8.750927 13 2 20000.000000
8.767714 13 3 5000000.000000
8.917960 13 23 10000.000000
9.560596 13 21 5000000.000000
9.798181 13 2 80000.000000
10.287751 13 19 10000000.000000
10.433074 13 23 80000.000000
10.914009 13 21 10000.000000
11.094921 13 3 5000000.000000
11.308525 13 20 10000000.000000
11.463199 13 7 5000000.000000
11.991725 13 18 10000.000000
12.090870 13 24 80000.000000
12.208905 13 13 2000000.000000
12.908269 13 5 5000000.000000
13.356305 13 23 80000.000000
13.823360 13 13 10000.000000
14.732746 13 10 80000.000000
14.790419 13 26 10000.000000
15.503085 13 24 200000.000000
16.468870 13 20 5000000.000000
17.157421 13 8 2000000.000000
18.324603 13 12 80000.000000
18.924180 13 21 1000000.000000
19.096824 13 20 80000.000000
19.375500 13 9 10000.000000
19.402439 13 0 80000.000000
19.676307 13 6 5000000.000000
20.253414 13 14 1000000.000000
20.286600 13 24 1000000.000000
20.315697 13 8 80000.000000
20.535794 13 16 10000.000000
20.616389 13 24 10000000.000000
20.692990 13 20 1000000.000000
21.240684 13 8 30000.000000
21.327808 13 13 10000.000000
21.353780 13 24 30000.000000
21.413745 13 24 10000.000000
21.506908 13 1 30000.000000
21.722802 13 3 20000.000000
21.879978 13 10 10000000.000000
22.025429 13 11 10000.000000
22.038954 13 1 10000.000000
22.116609 13 23 200000.000000
22.169299 13 25 200000.000000
22.323965 13 25 5000000.000000
22.590355 13 18 2000000.000000
22.782374 13 17 1000000.000000
23.159883 13 3 5000000.000000
23.432080 13 0 20000.000000
23.514155 13 7 10000.000000
23.566702 13 7 5000000.000000
23.911252 13 1 10000.000000
23.960222 13 18 2000000.000000
24.554315 13 0 30000.000000
25.112591 13 13 1000000.000000
25.172247 13 11 2000000.000000
25.253564 13 9 30000.000000
25.628648 13 19 2000000.000000
26.531162 13 7 20000.000000
27.528538 13 15 80000.000000
27.628922 13 12 80000.000000
28.004245 13 8 10000000.000000
28.014168 13 11 50000.000000
28.284374 13 19 10000000.000000
28.518173 13 17 200000.000000
28.661333 13 19 5000000.000000
28.849767 13 8 10000000.000000
29.454070 13 18 50000.000000
29.568414 13 1 10000000.000000
29.923941 13 10 10000.000000
0.822862 14 7 50000.000000
1.132084 14 16 80000.000000
2.096163 14 12 20000.000000
2.233655 14 22 10000000.000000
2.518143 14 3 10000.000000
2.635979 14 2 10000000.000000
3.361961 14 7 10000.000000
3.578929 14 24 30000.000000
3.624648 14 16 50000.000000
3.655173 14 8 30000000.000000
3.962697 14 20 30000.000000
4.454027 14 20 2000000.000000
5.770373 14 11 5000000.000000
6.143267 14 16 50000.000000
6.805926 14 7 30000.000000
7.072741 14 5 80000.000000
7.180983 14 26 20000.000000
7.435221 14 20 2000000.000000
8.010424 14 19 10000.000000
8.619694 14 9 50000.000000
8.635004 14 15 200000.000000
8.940577 14 16 10000000.000000
9.491899 14 0 2000000.000000
9.518847 14 3 1000000.000000
9.808758 14 23 10000.000000
10.608312 14 12 10000.000000
10.692278 14 1 80000.000000
10.928839 14 22 10000000.000000
11.115402 14 21 80000.000000
11.128421 14 3 1000000.000000
12.645902 14 16 1000000.000000
12.898042 14 21 5000000.000000
13.200913 14 18 80000.000000
13.677322 14 21 50000.000000
13.919021 14 19 30000.000000
14.192367 14 11 50000.000000
14.376860 14 19 80000.000000
14.737176 14 8 10000.000000
14.959496 14 19 80000.000000
15.038308 14 26 50000.000000
15.432924 14 0 30000.000000
15.452069 14 10 2000000.000000
15.683614 14 6 10000.000000
16.300408 14 19 200000.000000
16.547300 14 6 200000.000000
16.727034 14 18 2000000.000000
16.878633 14 8 50000.000000
17.283562 14 5 20000.000000
17.416092 14 16 30000.000000
17.728096 14 26 30000.000000
17.887802 14 18 1000000.000000
18.148526 14 5 5000000.000000
18.187296 14 16 50000.000000
18.688092 14 9 5000000.000000
18.700659 14 13 10000.000000
18.851616 14 1 50000.000000
19.022580 14 24 80000.000000
19.333268 14 4 200000.000000
19.714766 14 6 80000.000000
19.953309 14 20 2000000.000000
20.036187 14 13 80000.000000
20.080728 14 13 50000.000000
20.241349 14 2 30000.000000
20.933017 14 11 10000.000000
21.005014 14 18 10000.000000
21.902699 14 16 80000.000000
22.587861 14 26 200000.000000
23.973091 14 26 80000.000000
24.732183 14 12 5000000.000000
24.790875 14 1 50000.000000
24.799359 14 21 80000.000000
24.840832 14 17 2000000.000000
25.700973 14 14 10000000.000000
26.486411 14 0 1000000.000000
27.008365 14 23 10000.000000
27.019685 14 21 80000.000000
27.256545 14 25 10000.000000
28.127973 14 21 50000.000000
28.357973 14 16 80000.000000
28.410459 14 9 20000.000000
28.482667 14 20 80000.000000
28.753660 14 11 5000000.000000
28.985166 14 14 10000.000000
29.174719 14 12 80000.000000
29.714526 14 23 200000.000000
29.956583 14 3 50000.000000
0.862158 15 5 10000.000000
1.105833 15 14 10000.000000
1.639068 15 19 80000.000000
1.734644 15 17 5000000.000000
1.741997 15 23 1000000.000000
1.806285 15 4 200000.000000
2.009969 15 24 2000000.000000
2.447573 15 11 10000000.000000
2.728121 15 8 80000.000000
3.373926 15 26 50000.000000
3.610023 15 13 5000000.000000
4.047501 15 26 80000.000000
4.058133 15 10 10000.000000
4.724876 15 4 30000000.000000
5.202709 15 14 5000000.000000
6.211484 15 2 5000000.000000
6.695138 15 16 10000000.000000
6.996607 15 0 5000000.000000
7.009436 15 19 1000000.000000
7.226089 15 14 80000.000000
7.254419 15 17 30000.000000
7.383596 15 25 1000000.000000
7.589950 15 5 80000.000000
7.623191 15 6 50000.000000
8.959135 15 8 2000000.000000
9.284000 15 3 10000.000000
9.658180 15 5 10000.000000
11.160427 15 26 30000.000000
11.385918 15 3 200000.000000
11.604052 15 10 10000.000000
11.650630 15 0 1000000.000000
11.782961 15 9 5000000.000000
11.917795 15 17 30000.000000
12.223206 15 4 10000.000000
13.286811 15 15 10000.000000
14.139636 15 24 5000000.000000
14.209962 15 14 80000.000000
15.119238 15 14 10000000.000000
15.317223 15 11 10000.000000
15.446216 15 10 80000.000000
15.698458 15 15 10000.000000
15.714390 15 19 80000.000000
16.708015 15 5 1000000.000000
16.855930 15 8 50000.000000
17.756251 15 0 10000.000000
18.164406 15 25 2000000.000000
20.388831 15 9 5000000.000000
20.454837 15 23 30000.000000
20.927687 15 21 30000000.000000
21.074368 15 9 200000.000000
21.334349 15 23 20000.000000
21.647662 15 19 80000.000000
21.828264 15 8 80000.000000
22.373899 15 7 10000.000000
22.628994 15 17 20000.000000
22.632242 15 5 50000.000000
22.688548 15 19 30000.000000
23.166750 15 26 5000000.000000
23.968004 15 21 10000.000000
24.268188 15 21 2000000.000000
24.806078 15 4 30000.000000
25.331595 15 11 50000.000000
25.422292 15 4 2000000.000000
26.172996 15 14 10000.000000
26.311332 15 12 50000.000000
27.198463 15 23 50000.000000
27.387396 15 8 1000000.000000
27.509656 15 23 2000000.000000
28.773333 15 1 2000000.000000
28.874143 15 2 200000.000000
29.206325 15 25 200000.000000
0.357539 16 23 30000.000000
1.451962 16 21 50000.000000
2.151226 16 4 30000.000000
2.670586 16 8 5000000.000000
4.372526 16 15 20000.000000
4.493174 16 23 10000.000000
5.245452 16 15 1000000.000000
5.952751 16 12 1000000.000000
6.370366 16 15 10000.000000
6.432750 16 20 10000.000000
6.487479 16 11 20000.000000
6.516109 16 22 2000000.000000
7.092459 16 23 5000000.000000
7.341922 16 16 50000.000000
7.580498 16 14 10000000.000000
7.935732 16 22 5000000.000000
7.943134 16 21 30000.000000
9.140062 16 11 50000.000000
9.926737 16 26 30000.000000
10.158347 16 3 1000000.000000
10.311727 16 9 5000000.000000
10.732511 16 3 80000.000000
11.191363 16 5 10000.000000
11.342115 16 21 2000000.000000
11.566112 16 17 30000.000000
11.707228 16 0 10000.000000
12.316273 16 5 200000.000000
12.553649 16 14 5000000.000000
12.570071 16 18 5000000.000000
12.683260 16 4 50000.000000
12.737636 16 22 1000000.000000
13.550752 16 9 10000.000000
13.566398 16 22 80000.000000
14.131315 16 21 10000.000000
14.319224 16 17 200000.000000
14.795773 16 25 1000000.000000
14.889720 16 1 80000.000000
15.089611 16 3 50000.000000
15.148144 16 21 2000000.000000
15.264314 16 22 5000000.000000
15.525396 16 1 10000.000000
15.812357 16 2 80000.000000
16.520659 16 6 30000.000000
17.034613 16 23 80000.000000
17.323455 16 24 10000.000000
17.650493 16 7 80000.000000
18.311478 16 5 10000.000000
18.961739 16 25 2000000.000000
19.135174 16 26 5000000.000000
19.391331 16 11 10000000.000000
19.402638 16 21 10000.000000
19.493262 16 21 30000.000000
19.567883 16 15 30000.000000
19.938036 16 8 30000.000000
19.996495 16 0 5000000.000000
20.510388 16 9 10000.000000
20.658610 16 14 10000.000000
20.706254 16 23 80000.000000
21.775557 16 5 2000000.000000
22.047018 16 6 10000.000000
22.246622 16 24 50000.000000
23.370014 16 0 1000000.000000
23.648041 16 18 200000.000000
23.848850 16 19 1000000.000000
23.971541 16 23 5000000.000000
24.162964 16 12 2000000.000000
24.646430 16 17 2000000.000000
24.685133 16 2 10000.000000
24.688832 16 9 2000000.000000
24.732888 16 3 10000000.000000
25.102171 16 2 10000.000000
25.198658 16 26 10000.000000
25.385497 16 13 80000.000000
25.538775 16 14 20000.000000
25.703724 16 19 200000.000000
26.073739 16 26 10000.000000
26.166960 16 22 5000000.000000
26.277566 16 8 30000000.000000
26.535455 16 3 5000000.000000
27.385022 16 9 50000.000000
28.463486 16 9 5000000.000000
28.504469 16 16 10000.000000
28.968938 16 6 2000000.000000
28.997832 16 10 30000000.000000
29.488073 16 2 10000.000000
0.221055 17 2 20000.000000
0.659846 17 5 80000.000000
0.695216 17 26 50000.000000
0.766313 17 1 30000.000000
0.782585 17 15 1000000.000000
0.796847 17 23 30000.000000
1.789517 17 14 30000.000000
2.856316 17 19 1000000.000000
3.549945 17 11 80000.000000
4.034051 17 13 80000.000000
4.387622 17 21 1000000.000000
4.521179 17 20 10000000.000000
4.906183 17 0 5000000.000000
4.929665 17 3 80000.000000
5.097214 17 19 1000000.000000
5.821380 17 3 50000.000000
6.374312 17 15 10000.000000
6.724090 17 16 10000.000000
6.777426 17 15 10000.000000
6.944518 17 18 80000.000000
7.172518 17 15 30000.000000
7.312253 17 24 200000.000000
7.330833 17 22 5000000.000000
7.464489 17 25 5000000.000000
7.918398 17 1 10000.000000
8.195682 17 16 2000000.000000
8.228485 17 1 30000.000000
8.412641 17 6 1000000.000000
9.148574 17 13 10000000.000000
9.236227 17 17 80000.000000
10.688782 17 20 20000.000000
11.009418 17 20 10000000.000000
11.030113 17 6 1000000.000000
11.753166 17 1 5000000.000000
11.799773 17 15 80000.000000
12.448654 17 4 200000.000000
12.449180 17 23 80000.000000
12.540876 17 5 30000.000000
12.563799 17 22 5000000.000000
12.890515 17 14 2000000.000000
12.906425 17 9 10000.000000
12.913524 17 19 5000000.000000
13.294662 17 17 2000000.000000
14.401329 17 1 5000000.000000
14.408899 17 13 10000.000000
15.081510 17 13 2000000.000000
15.495105 17 17 2000000.000000
15.906454 17 8 10000.000000
16.214213 17 4 5000000.000000
17.369023 17 23 30000.000000
17.688038 17 18 2000000.000000
17.720283 17 22 10000000.000000
17.723982 17 17 80000.000000
17.936620 17 22 10000.000000
19.026306 17 9 80000.000000
20.529475 17 9 50000.000000
20.901454 17 17 5000000.000000
21.677146 17 18 30000.000000
21.688848 17 21 30000.000000
22.071334 17 26 50000.000000
22.218301 17 5 10000.000000
22.381967 17 18 10000.000000
22.388053 17 23 50000.000000
22.435324 17 7 30000.000000
22.511517 17 25 10000.000000
23.976178 17 8 80000.000000
24.625775 17 20 5000000.000000
24.670984 17 4 1000000.000000
24.672120 17 8 2000000.000000
24.996598 17 13 2000000.000000
25.081243 17 13 1000000.000000
25.196414 17 15 1000000.000000
25.411031 17 18 5000000.000000
25.579201 17 26 30000.000000
26.466688 17 4 10000.000000
26.714671 17 8 10000000.000000
26.939925 17 15 30000.000000
27.031797 17 20 10000000.000000
27.361843 17 3 2000000.000000
27.480864 17 0 5000000.000000
27.541638 17 9 2000000.000000
27.784816 17 8 5000000.000000
27.892632 17 16 10000000.000000
28.355338 17 3 10000.000000
28.525092 17 17 20000.000000
28.873760 17 5 50000.000000
29.318092 17 16 10000.000000
29.541319 17 23 50000.000000
29.704069 17 15 10000000.000000
0.058490 18 8 80000.000000
0.504196 18 10 2000000.000000
0.716335 18 6 1000000.000000
0.781646 18 4 80000.000000
1.158752 18 15 1000000.000000
1.304021 18 5 50000.000000
1.437949 18 26 30000.000000
1.460786 18 2 80000.000000
1.603138 18 17 30000.000000
1.713339 18 8 10000.000000
2.187472 18 5 80000.000000
2.417811 18 25 2000000.000000
2.705980 18 18 200000.000000
2.757884 18 19 80000.000000
2.987325 18 0 10000.000000
3.242391 18 25 1000000.000000
3.400570 18 5 30000000.000000
4.874453 18 25 20000.000000
5.438750 18 12 5000000.000000
5.659018 18 0 2000000.000000
5.849670 18 16 10000.000000
6.990358 18 20 80000.000000
7.139486 18 20 1000000.000000
7.252902 18 0 10000000.000000
7.806000 18 3 2000000.000000
7.907655 18 20 50000.000000
8.126914 18 12 20000.000000
8.174589 18 8 1000000.000000
8.280850 18 11 5000000.000000
8.301545 18 6 2000000.000000
8.412068 18 24 200000.000000
8.564552 18 10 1000000.000000
8.740883 18 2 30000.000000
8.777741 18 4 30000.000000
9.774151 18 16 200000.000000
9.828748 18 3 10000.000000
9.854515 18 26 10000.000000
10.137797 18 25 80000.000000
10.198751 18 8 10000000.000000
10.202184 18 18 50000.000000
10.302354 18 23 5000000.000000
10.304216 18 24 80000.000000
11.197074 18 24 2000000.000000
11.680242 18 0 2000000.000000
12.101979 18 22 30000.000000
12.254930 18 25 1000000.000000
12.271204 18 15 10000000.000000
12.424857 18 11 10000.000000
12.447213 18 6 30000.000000
12.931741 18 20 2000000.000000
13.152309 18 9 5000000.000000
13.645557 18 22 200000.000000
14.333314 18 9 50000.000000
14.755621 18 0 2000000.000000
15.353083 18 24 30000000.000000
16.036360 18 6 80000.000000
16.806912 18 24 2000000.000000
16.984322 18 6 10000000.000000
17.522454 18 9 200000.000000
18.044340 18 7 2000000.000000
18.402994 18 17 2000000.000000
18.732735 18 12 2000000.000000
18.835660 18 3 2000000.000000
18.839648 18 1 5000000.000000
18.910893 18 12 10000.000000
19.231117 18 10 50000.000000
19.873933 18 7 80000.000000
19.953923 18 2 80000.000000
20.194913 18 3 80000.000000
21.528051 18 22 1000000.000000
21.981008 18 15 50000.000000
22.294274 18 9 5000000.000000
23.273933 18 20 10000.000000
23.854541 18 22 20000.000000
24.373441 18 10 200000.000000
24.681537 18 11 10000000.000000
24.753829 18 24 30000.000000
25.033408 18 11 200000.000000
25.088403 18 10 200000.000000
25.242972 18 26 200000.000000
25.246903 18 22 1000000.000000
26.125273 18 6 2000000.000000
26.195694 18 19 5000000.000000
26.216724 18 23 10000.000000
26.370076 18 5 80000.000000
26.409699 18 23 50000.000000
26.832212 18 24 30000.000000
27.387116 18 10 5000000.000000
27.476842 18 10 200000.000000
28.162590 18 25 10000000.000000
28.482033 18 12 10000000.000000
29.197978 18 10 80000.000000
29.317470 18 23 20000.000000
29.408682 18 0 30000.000000
29.646182 18 22 1000000.000000
0.418882 19 17 30000000.000000
0.843249 19 3 5000000.000000
0.903425 19 9 10000000.000000
1.299114 19 10 5000000.000000
1.310547 19 7 1000000.000000
1.589840 19 13 1000000.000000
2.048329 19 13 200000.000000
2.328492 19 15 30000.000000
2.575443 19 7 50000.000000
3.107156 19 6 80000.000000
3.329107 19 8 80000.000000
3.900182 19 4 1000000.000000
4.378553 19 17 1000000.000000
4.845561 19 2 1000000.000000
5.398329 19 6 10000.000000
5.439341 19 22 5000000.000000
5.541231 19 21 10000.000000
5.927857 19 25 50000.000000
6.032514 19 9 50000.000000
6.170894 19 14 10000.000000
6.178523 19 12 10000.000000
6.498718 19 26 80000.000000
6.625394 19 17 30000.000000
7.131287 19 26 10000.000000
7.153056 19 1 1000000.000000
7.302583 19 2 10000000.000000
7.454408 19 13 80000.000000
7.717839 19 18 30000.000000
7.719831 19 23 80000.000000
8.238507 19 10 80000.000000
8.541959 19 23 5000000.000000
8.745886 19 5 1000000.000000
9.012098 19 8 10000.000000
9.037653 19 26 10000.000000
9.046747 19 12 2000000.000000
9.113852 19 23 5000000.000000
9.168312 19 3 10000000.000000
9.332787 19 1 80000.000000
10.036447 19 25 30000.000000
10.694790 19 17 10000000.000000
11.703240 19 22 1000000.000000
12.752250 19 10 1000000.000000
12.849225 19 16 80000.000000
12.983762 19 0 1000000.000000
14.675410 19 26 80000.000000
14.687083 19 4 10000.000000
14.784673 19 20 80000.000000
15.050697 19 18 30000.000000
15.712192 19 2 30000.000000
16.095222 19 8 10000.000000
16.207578 19 20 10000000.000000
16.391890 19 16 50000.000000
16.813914 19 16 5000000.000000
16.814910 19 6 30000.000000
16.865205 19 23 200000.000000
16.879450 19 3 80000.000000
17.268330 19 21 200000.000000
18.134569 19 15 5000000.000000
19.024981 19 19 200000.000000
19.036566 19 1 200000.000000
19.105763 19 15 20000.000000
19.481283 19 9 30000.000000
19.514965 19 4 50000.000000
19.678725 19 26 50000.000000
20.032305 19 23 50000.000000
20.243806 19 25 1000000.000000
20.469958 19 16 30000.000000
20.687572 19 1 2000000.000000
20.720944 19 10 200000.000000
21.119704 19 25 10000.000000
21.424430 19 9 2000000.000000
21.831926 19 2 50000.000000
22.329211 19 9 2000000.000000
22.756846 19 19 80000.000000
23.409919 19 21 1000000.000000
23.748984 19 25 50000.000000
23.939416 19 14 1000000.000000
24.314714 19 7 10000.000000
25.004906 19 13 1000000.000000
25.347623 19 2 1000000.000000
25.364095 19 18 1000000.000000
25.475580 19 14 5000000.000000
25.615711 19 4 50000.000000
25.978631 19 18 10000.000000
26.834770 19 12 30000.000000
26.936347 19 9 200000.000000
27.144469 19 11 30000.000000
27.973597 19 2 50000.000000
28.685214 19 17 20000.000000
28.705023 19 11 5000000.000000
28.827334 19 14 50000.000000
29.327717 19 10 1000000.000000
29.462999 19 22 5000000.000000
29.595621 19 9 200000.000000
0.029262 20 12 1000000.000000
1.226985 20 6 10000.000000
1.357160 20 1 10000.000000
2.180302 20 15 2000000.000000
2.919257 20 24 200000.000000
2.998467 20 8 80000.000000
3.483303 20 0 10000000.000000
3.523938 20 8 2000000.000000
3.894720 20 6 80000.000000
4.646694 20 21 5000000.000000
4.727896 20 5 10000.000000
4.838915 20 13 10000.000000
5.157497 20 9 10000000.000000
5.479481 20 11 200000.000000
5.569263 20 2 10000000.000000
6.039441 20 17 30000.000000
6.368177 20 26 50000.000000
6.419346 20 22 80000.000000
6.531434 20 5 30000.000000
6.587161 20 22 50000.000000
6.982484 20 6 1000000.000000
7.151438 20 17 10000.000000
7.301578 20 26 50000.000000
7.537968 20 7 50000.000000
7.913151 20 25 10000.000000
7.925626 20 23 10000.000000
8.087880 20 12 10000000.000000
8.266941 20 2 10000.000000
8.924163 20 21 30000.000000
9.002086 20 14 20000.000000
9.289641 20 0 50000.000000
9.702270 20 15 5000000.000000
9.838068 20 16 2000000.000000
10.140573 20 17 30000.000000
10.412396 20 10 20000.000000
10.562666 20 2 5000000.000000
11.244893 20 21 80000.000000
11.832584 20 11 10000000.000000
11.871642 20 6 50000.000000
11.998688 20 21 10000.000000
12.450029 20 26 10000.000000
12.622181 20 3 10000.000000
12.783345 20 5 20000.000000
12.846020 20 11 10000.000000
13.282596 20 12 80000.000000
13.872838 20 1 1000000.000000
14.212210 20 19 20000.000000
14.289619 20 1 30000.000000
14.563411 20 16 80000.000000
14.850738 20 8 10000.000000
15.426380 20 9 200000.000000
15.503397 20 4 10000.000000
15.946344 20 7 80000.000000
16.207758 20 18 5000000.000000
16.246324 20 12 5000000.000000
16.307735 20 23 50000.000000
17.207191 20 8 10000.000000
17.228927 20 1 1000000.000000
17.402439 20 9 50000.000000
17.707621 20 1 5000000.000000
17.906470 20 26 10000000.000000
17.909956 20 23 5000000.000000
18.313089 20 8 10000.000000
18.740845 20 5 20000.000000
18.949713 20 10 10000.000000
19.028191 20 23 20000.000000
19.153888 20 17 2000000.000000
19.164379 20 0 2000000.000000
20.199859 20 4 20000.000000
22.799552 20 26 20000.000000
23.091904 20 25 10000.000000
23.174290 20 17 1000000.000000
23.764205 20 0 200000.000000
23.880060 20 8 10000.000000
24.042378 20 8 10000.000000
24.061768 20 9 5000000.000000
24.933942 20 1 5000000.000000
25.104670 20 15 30000.000000
25.413789 20 24 50000.000000
25.414299 20 6 80000.000000
25.630766 20 0 30000.000000
25.963685 20 15 10000.000000
26.012456 20 18 50000.000000
26.088341 20 14 2000000.000000
26.388758 20 1 50000.000000
26.437149 20 2 1000000.000000
26.530898 20 26 200000.000000
27.775839 20 22 10000.000000
28.189055 20 16 1000000.000000
28.247731 20 3 1000000.000000
28.606285 20 3 80000.000000
28.638920 20 21 30000.000000
29.432662 20 23 50000.000000
0.112464 21 3 5000000.000000
0.314945 21 8 80000.000000
1.312155 21 16 1000000.000000
1.631696 21 17 50000.000000
1.754699 21 15 2000000.000000
1.847010 21 14 10000.000000
2.041362 21 20 30000.000000
2.474345 21 6 10000.000000
2.654385 21 4 80000.000000
2.814217 21 20 20000.000000
3.167991 21 9 30000.000000
3.233761 21 20 2000000.000000
3.598992 21 11 10000.000000
3.705492 21 15 80000.000000
4.858092 21 5 20000.000000
4.965900 21 21 2000000.000000
5.054002 21 10 10000.000000
5.414678 21 7 5000000.000000
5.441599 21 0 80000.000000
5.476018 21 25 200000.000000
5.782137 21 10 10000000.000000
6.813894 21 8 50000.000000
7.069689 21 0 30000.000000
7.086538 21 4 10000.000000
7.116807 21 8 80000.000000
7.119474 21 21 50000.000000
7.417778 21 11 10000.000000
7.475522 21 19 20000.000000
7.943689 21 15 50000.000000
7.984453 21 18 80000.000000
8.181305 21 24 200000.000000
8.276779 21 2 20000.000000
8.294003 21 3 10000.000000
8.320104 21 11 5000000.000000
8.411660 21 0 30000.000000
8.688032 21 9 5000000.000000
9.270434 21 21 20000.000000
9.530634 21 3 10000000.000000
9.731426 21 20 80000.000000
9.824055 21 5 2000000.000000
10.299154 21 21 10000000.000000
10.550617 21 7 50000.000000
11.286748 21 18 30000.000000
11.744230 21 7 30000.000000
12.904830 21 23 30000.000000
12.948950 21 26 30000.000000
13.268599 21 26 80000.000000
13.355055 21 16 80000.000000
14.069244 21 4 80000.000000
14.778677 21 22 10000.000000
15.543960 21 10 30000.000000
15.764585 21 15 80000.000000
15.807995 21 26 80000.000000
16.179629 21 21 80000.000000
16.435952 21 4 10000.000000
16.519132 21 25 1000000.000000
16.769120 21 14 30000.000000
16.926873 21 10 10000.000000
18.372448 21 6 80000.000000
18.466154 21 0 10000.000000
19.662521 21 15 80000.000000
20.940018 21 12 10000.000000
20.976666 21 6 50000.000000
21.124407 21 5 80000.000000
21.265662 21 2 5000000.000000
22.132835 21 4 10000.000000
22.284263 21 26 5000000.000000
22.340726 21 12 10000.000000
23.170430 21 15 10000.000000
23.305985 21 23 80000.000000
23.541629 21 5 2000000.000000
24.065522 21 19 1000000.000000
24.457097 21 1 1000000.000000
24.673950 21 2 10000.000000
24.986625 21 8 10000.000000
25.059417 21 14 80000.000000
25.378588 21 17 1000000.000000
25.497923 21 26 80000.000000
25.782276 21 17 200000.000000
26.142999 21 23 5000000.000000
26.545447 21 10 80000.000000
26.660720 21 26 10000.000000
27.043548 21 8 200000.000000
27.965354 21 25 2000000.000000
28.880919 21 17 30000.000000
29.257276 21 16 30000.000000
29.297035 21 5 30000000.000000
29.357293 21 8 200000.000000
0.679633 22 15 1000000.000000
1.578436 22 18 2000000.000000
1.630407 22 1 50000.000000
1.833299 22 8 5000000.000000
2.364759 22 10 2000000.000000
2.380640 22 20 10000.000000
2.485543 22 17 30000.000000
2.955854 22 25 30000.000000
3.001218 22 16 10000000.000000
3.049024 22 26 1000000.000000
3.154238 22 9 10000000.000000
3.466770 22 10 1000000.000000
3.766546 22 24 30000.000000
3.866520 22 16 2000000.000000
3.907134 22 13 5000000.000000
3.914207 22 14 10000000.000000
4.191412 22 24 50000.000000
4.683727 22 14 2000000.000000
4.713154 22 16 5000000.000000
4.802736 22 22 30000.000000
4.934961 22 19 80000.000000
5.188353 22 16 10000000.000000
5.238477 22 5 20000.000000
5.292798 22 9 10000.000000
5.447386 22 12 80000.000000
5.573993 22 24 20000.000000
5.623656 22 11 20000.000000
5.761757 22 25 20000.000000
6.480323 22 23 50000.000000
6.690396 22 16 50000.000000
6.967820 22 1 20000.000000
6.974154 22 26 2000000.000000
6.985998 22 13 80000.000000
7.200226 22 1 5000000.000000
7.310588 22 25 1000000.000000
7.512697 22 19 10000.000000
7.936026 22 2 50000.000000
9.893124 22 26 10000000.000000
9.913730 22 12 1000000.000000
9.983446 22 7 20000.000000
10.602977 22 22 2000000.000000
10.729461 22 23 20000.000000
10.761148 22 17 2000000.000000
10.957579 22 20 30000000.000000
11.041493 22 25 5000000.000000
11.079857 22 0 50000.000000
11.103262 22 17 200000.000000
11.513649 22 13 1000000.000000
11.586431 22 2 1000000.000000
11.877953 22 7 50000.000000
11.940492 22 0 80000.000000
11.981484 22 6 10000.000000
12.202180 22 23 10000000.000000
12.219672 22 15 50000.000000
12.535197 22 3 80000.000000
12.686911 22 21 2000000.000000
13.058823 22 5 80000.000000
13.140323 22 10 30000.000000
14.596140 22 1 5000000.000000
15.459596 22 14 10000000.000000
15.614692 22 2 200000.000000
16.003183 22 14 30000.000000
16.068721 22 4 50000.000000
16.132933 22 24 20000.000000
16.584036 22 19 2000000.000000
16.732414 22 23 30000000.000000
17.105682 22 8 10000.000000
17.548250 22 0 200000.000000
17.740557 22 24 10000.000000
17.980118 22 18 10000.000000
18.720685 22 0 10000.000000
18.957853 22 14 50000.000000
19.316455 22 8 10000000.000000
19.597375 22 6 2000000.000000
19.733704 22 18 5000000.000000
19.789146 22 24 10000.000000
20.028645 22 9 80000.000000
21.009707 22 2 10000.000000
21.581138 22 5 10000.000000
21.988238 22 8 80000.000000
22.040300 22 24 80000.000000
22.802542 22 22 2000000.000000
23.557653 22 12 10000.000000
23.598998 22 15 1000000.000000
23.750700 22 0 2000000.000000
24.153286 22 25 10000.000000
24.458209 22 23 30000.000000
24.714132 22 0 50000.000000
25.198272 22 26 1000000.000000
25.928335 22 2 80000.000000
26.148886 22 16 10000000.000000
26.173074 22 0 10000.000000
26.493730 22 4 50000.000000
26.560439 22 16 50000.000000
26.613143 22 7 80000.000000
27.071132 22 12 30000000.000000
27.212272 22 7 5000000.000000
27.636167 22 26 200000.000000
27.663325 22 8 10000.000000
27.872156 22 17 30000000.000000
28.352538 22 9 80000.000000
28.457153 22 14 30000.000000
28.590988 22 6 20000.000000
28.657395 22 26 80000.000000
28.968037 22 10 5000000.000000
29.218617 22 1 50000.000000
29.402084 22 6 10000.000000
29.514537 22 14 1000000.000000
29.622379 22 8 200000.000000
29.891263 22 9 80000.000000
0.422908 23 17 5000000.000000
0.521114 23 25 10000.000000
0.904178 23 17 2000000.000000
1.344736 23 22 1000000.000000
1.591357 23 0 5000000.000000
1.769603 23 24 2000000.000000
1.841197 23 6 30000.000000
2.745394 23 8 1000000.000000
3.083931 23 4 20000.000000
3.773638 23 23 5000000.000000
4.071629 23 14 10000.000000
5.079838 23 18 50000.000000
5.216076 23 14 1000000.000000
5.276958 23 19 30000000.000000
5.778997 23 14 10000.000000
6.111983 23 16 30000.000000
6.171856 23 11 30000000.000000
6.678840 23 7 30000.000000
6.701016 23 16 30000000.000000
6.883049 23 6 10000.000000
6.924527 23 16 10000.000000
7.000389 23 19 2000000.000000
7.584589 23 19 5000000.000000
8.815663 23 24 50000.000000
9.259948 23 24 200000.000000
9.501630 23 15 20000.000000
9.521920 23 6 30000000.000000
9.574460 23 20 1000000.000000
9.670429 23 1 200000.000000
9.813915 23 20 5000000.000000
9.922308 23 3 1000000.000000
10.936664 23 9 2000000.000000
11.747217 23 1 50000.000000
14.337556 23 5 10000000.000000
14.361791 23 19 10000000.000000
14.823342 23 11 2000000.000000
14.846739 23 3 50000.000000
15.095577 23 9 50000.000000
15.228225 23 4 10000.000000
15.419345 23 24 50000.000000
15.446915 23 15 10000.000000
15.540024 23 1 30000.000000
15.708170 23 9 200000.000000
15.764283 23 3 10000.000000
15.848241 23 22 20000.000000
16.495288 23 15 10000000.000000
17.155351 23 11 10000.000000
17.333744 23 2 10000.000000
17.401979 23 13 1000000.000000
17.555616 23 8 2000000.000000
18.230452 23 24 10000000.000000
18.439687 23 19 10000.000000
18.440318 23 12 10000.000000
18.465133 23 1 200000.000000
18.679512 23 7 2000000.000000
19.138000 23 22 2000000.000000
19.261544 23 17 10000.000000
19.608091 23 21 5000000.000000
19.795619 23 6 80000.000000
19.974972 23 9 50000.000000
20.475029 23 26 10000000.000000
20.727256 23 0 200000.000000
20.948863 23 10 50000.000000
21.277370 23 0 5000000.000000
22.140807 23 14 10000.000000
22.165228 23 8 10000.000000
22.204855 23 6 20000.000000
22.384740 23 1 80000.000000
22.451879 23 2 2000000.000000
22.538619 23 12 5000000.000000
22.565860 23 17 80000.000000
22.591953 23 10 5000000.000000
23.078301 23 19 30000.000000
23.644994 23 22 1000000.000000
23.905676 23 18 1000000.000000
23.963664 23 4 80000.000000
24.783003 23 7 20000.000000
25.119990 23 5 1000000.000000
25.154163 23 22 30000.000000
25.240868 23 4 10000.000000
26.052729 23 3 1000000.000000
26.911275 23 10 30000000.000000
27.062629 23 12 10000.000000
27.948023 23 16 1000000.000000
29.404240 23 14 80000.000000
29.435232 23 2 5000000.000000
29.995220 23 24 1000000.000000
0.111499 24 17 80000.000000
0.155933 24 5 80000.000000
0.195660 24 19 2000000.000000
0.225682 24 22 80000.000000
0.433172 24 18 30000.000000
1.048209 24 17 50000.000000
1.106614 24 10 5000000.000000
1.227390 24 18 10000000.000000
1.288038 24 0 10000.000000
1.393606 24 15 30000.000000
1.802425 24 8 200000.000000
2.333995 24 22 80000.000000
3.119807 24 20 1000000.000000
3.272360 24 14 20000.000000
3.408512 24 8 10000000.000000
3.759869 24 12 30000.000000
4.066914 24 16 50000.000000
4.129821 24 26 10000000.000000
4.235308 24 19 50000.000000
4.259195 24 20 50000.000000
4.387430 24 14 2000000.000000
4.390688 24 12 10000.000000
5.891065 24 1 50000.000000
6.121565 24 0 10000.000000
6.699735 24 13 50000.000000
6.813270 24 1 30000000.000000
7.113716 24 20 2000000.000000
7.300099 24 7 200000.000000
7.627207 24 11 30000000.000000
8.350557 24 13 80000.000000
9.293622 24 21 10000.000000
9.585575 24 6 2000000.000000
10.089348 24 21 10000.000000
10.305152 24 23 10000.000000
10.678543 24 6 2000000.000000
10.696437 24 1 1000000.000000
10.839469 24 5 200000.000000
11.127023 24 22 80000.000000
11.331281 24 5 10000000.000000
11.368282 24 12 5000000.000000
11.483279 24 26 30000000.000000
12.103676 24 1 1000000.000000
12.129878 24 0 5000000.000000
12.513645 24 11 1000000.000000
12.526764 24 7 10000000.000000
12.728926 24 9 2000000.000000
12.977705 24 12 80000.000000
13.361411 24 16 10000.000000
13.369720 24 26 30000.000000
13.752111 24 24 80000.000000
14.787731 24 23 10000.000000
14.800075 24 19 10000.000000
15.604249 24 17 5000000.000000
16.080232 24 23 200000.000000
16.145649 24 9 1000000.000000
17.127941 24 3 200000.000000
17.435416 24 11 2000000.000000
18.585489 24 6 5000000.000000
18.692649 24 18 50000.000000
18.848771 24 1 80000.000000
18.991716 24 3 2000000.000000
19.097615 24 16 80000.000000
19.623932 24 14 50000.000000
20.397231 24 26 30000.000000
20.805076 24 23 30000.000000
21.244372 24 24 30000.000000
21.351882 24 0 2000000.000000
21.478875 24 9 5000000.000000
21.616233 24 20 2000000.000000
21.647019 24 1 10000.000000
21.951951 24 18 5000000.000000
22.400000 24 16 10000.000000
22.732264 24 3 2000000.000000
23.283615 24 3 5000000.000000
24.422787 24 1 10000.000000
24.957261 24 8 80000.000000
25.013949 24 3 1000000.000000
25.353863 24 9 10000000.000000
25.561558 24 19 30000000.000000
25.799603 24 21 20000.000000
25.908653 24 10 50000.000000
26.098708 24 12 30000000.000000
26.198007 24 13 20000.000000
26.771157 24 5 50000.000000
27.061901 24 4 5000000.000000
27.463717 24 15 50000.000000
27.746685 24 5 5000000.000000
28.498924 24 3 80000.000000
28.543930 24 16 10000000.000000
28.893016 24 2 2000000.000000
28.998154 24 16 30000.000000
29.023834 24 22 2000000.000000
29.203813 24 24 1000000.000000
29.739510 24 0 10000000.000000
29.828023 24 8 80000.000000
29.855599 24 9 50000.000000
0.624769 25 17 200000.000000
0.832783 25 7 10000000.000000
1.297427 25 20 2000000.000000
1.317049 25 16 20000.000000
1.918623 25 24 200000.000000
2.544079 25 25 80000.000000
2.551400 25 24 10000.000000
2.576140 25 11 10000.000000
3.650558 25 13 2000000.000000
3.794641 25 4 10000.000000
4.070856 25 3 200000.000000
4.116213 25 23 10000000.000000
4.217109 25 9 1000000.000000
4.375766 25 6 50000.000000
4.426937 25 22 80000.000000
4.535803 25 25 5000000.000000
4.553356 25 15 20000.000000
5.299789 25 21 30000.000000
5.437497 25 6 200000.000000
5.660012 25 11 1000000.000000
6.054610 25 3 80000.000000
6.406246 25 23 200000.000000
7.004559 25 15 200000.000000
7.435287 25 3 2000000.000000
7.565688 25 26 10000.000000
8.080734 25 5 80000.000000
9.226775 25 23 20000.000000
9.572776 25 19 50000.000000
9.615488 25 2 1000000.000000
9.718263 25 1 50000.000000
10.124726 25 18 10000.000000
10.417519 25 25 1000000.000000
10.436962 25 9 10000.000000
10.758484 25 4 50000.000000
10.903256 25 19 5000000.000000
11.043912 25 8 30000.000000
11.085003 25 2 10000.000000
11.286194 25 2 10000.000000
11.734010 25 1 200000.000000
12.913697 25 19 10000.000000
13.252975 25 2 10000.000000
13.451756 25 19 50000.000000
14.258060 25 3 10000000.000000
14.468309 25 24 80000.000000
15.276175 25 25 200000.000000
15.276555 25 7 5000000.000000
15.331483 25 2 10000.000000
15.647870 25 12 10000.000000
15.803803 25 15 80000.000000
16.308500 25 0 20000.000000
16.507107 25 9 50000.000000
16.827340 25 8 2000000.000000
17.058216 25 2 30000.000000
17.286026 25 17 30000.000000
18.171501 25 5 30000000.000000
18.175459 25 8 80000.000000
18.590601 25 23 10000.000000
19.144826 25 10 2000000.000000
19.677942 25 0 10000.000000
19.810480 25 26 1000000.000000
20.183713 25 22 10000.000000
20.418269 25 4 30000.000000
20.421148 25 2 10000.000000
20.445165 25 9 2000000.000000
21.210659 25 21 20000.000000
21.439639 25 2 80000.000000
21.890355 25 22 5000000.000000
21.968780 25 3 10000.000000
22.085642 25 26 80000.000000
22.905068 25 5 80000.000000
23.082743 25 19 2000000.000000
24.389622 25 16 80000.000000
25.504917 25 3 20000.000000
25.721020 25 10 5000000.000000
26.112754 25 12 10000.000000
26.693296 25 18 2000000.000000
26.783677 25 21 10000.000000
26.795763 25 20 50000.000000
26.810749 25 0 5000000.000000
26.813394 25 18 10000000.000000
26.825532 25 16 10000.000000
28.100822 25 2 20000.000000
28.145759 25 10 20000.000000
28.462183 25 25 200000.000000
28.772125 25 4 200000.000000
28.846531 25 19 1000000.000000
29.004388 25 7 50000.000000
29.287381 25 17 10000.000000
29.785658 25 2 80000.000000
0.309828 26 14 2000000.000000
0.427715 26 15 200000.000000
1.177597 26 21 10000.000000
1.235750 26 6 10000.000000
1.388624 26 22 80000.000000
1.612765 26 6 10000.000000
1.670596 26 6 10000.000000
1.767345 26 12 80000.000000
1.863438 26 23 20000.000000
1.906862 26 8 80000.000000
2.048894 26 10 10000000.000000
2.161377 26 15 2000000.000000
2.414805 26 14 80000.000000
2.546823 26 4 50000.000000
2.982355 26 5 1000000.000000
3.310031 26 10 10000.000000
5.043952 26 20 5000000.000000
5.403282 26 4 80000.000000
5.714296 26 23 50000.000000
6.146703 26 7 80000.000000
6.346726 26 22 10000.000000
6.596263 26 10 5000000.000000
6.778018 26 24 5000000.000000
6.862656 26 16 80000.000000
7.330089 26 7 10000.000000
7.600131 26 5 50000.000000
7.765207 26 15 10000.000000
8.185282 26 24 200000.000000
8.496098 26 4 2000000.000000
9.120922 26 22 20000.000000
9.153037 26 8 30000.000000
9.588717 26 7 50000.000000
9.619116 26 8 10000.000000
9.922453 26 21 1000000.000000
9.990606 26 0 50000.000000
10.139648 26 17 2000000.000000
13.338439 26 19 50000.000000
13.737655 26 2 10000.000000
13.765421 26 12 10000.000000
14.008918 26 15 10000000.000000
14.119611 26 5 200000.000000
14.155016 26 14 10000.000000
14.196688 26 2 10000000.000000
14.820007 26 11 5000000.000000
15.075124 26 1 10000.000000
15.096182 26 21 200000.000000
15.154977 26 17 50000.000000
15.158267 26 5 10000.000000
15.997408 26 2 30000.000000
17.969762 26 8 30000.000000
17.999651 26 5 10000000.000000
18.262578 26 2 200000.000000
18.416198 26 15 2000000.000000
18.537789 26 2 200000.000000
18.575712 26 12 30000.000000
18.641520 26 24 5000000.000000
18.756287 26 0 50000.000000
19.240328 26 15 10000.000000
19.695681 26 11 2000000.000000
20.303719 26 14 50000.000000
20.467618 26 22 10000.000000
20.693097 26 0 50000.000000
20.888922 26 10 10000000.000000
21.345720 26 26 50000.000000
21.365756 26 9 1000000.000000
21.443543 26 8 2000000.000000
22.177894 26 23 5000000.000000
22.630007 26 11 10000000.000000
23.155356 26 4 30000000.000000
23.395434 26 17 50000.000000
23.437988 26 21 10000.000000
23.709072 26 12 20000.000000
24.227153 26 26 2000000.000000
25.456956 26 13 10000.000000
25.916701 26 16 50000.000000
26.042794 26 1 80000.000000
26.383041 26 9 10000.000000
26.732096 26 12 50000.000000
27.069431 26 12 20000.000000
27.073319 26 25 1000000.000000
27.310838 26 25 80000.000000
28.145951 26 25 10000000.000000
28.289356 26 22 30000.000000
28.520161 26 10 10000000.000000
28.542197 26 13 80000.000000
28.573442 26 21 200000.000000
29.219668 26 15 10000.000000
29.232346 26 1 30000000.000000
29.426841 26 24 10000.000000
29.735271 26 2 50000.000000
29.932088 26 5 30000.000000
