0.321584 0 17 200000.000000
0.502401 0 4 10000.000000
0.781047 0 25 50000.000000
0.810449 0 23 200000.000000
2.075791 0 3 50000.000000
2.192642 0 24 80000.000000
2.236017 0 2 50000.000000
2.322949 0 5 80000.000000
2.911204 0 15 10000.000000
3.652426 0 0 10000.000000
4.425432 0 22 200000.000000
4.642003 0 17 10000000.000000
5.326093 0 4 2000000.000000
5.958228 0 7 2000000.000000
6.316485 0 21 10000.000000
6.367508 0 25 30000.000000
7.001353 0 23 5000000.000000
7.027907 0 19 200000.000000
7.384462 0 20 80000.000000
7.446764 0 17 1000000.000000
7.876451 0 4 10000.000000
8.940917 0 2 80000.000000
10.781849 0 3 10000.000000
11.220982 0 15 1000000.000000
12.253333 0 3 1000000.000000
12.381448 0 19 200000.000000
13.037008 0 5 200000.000000
13.207792 0 25 80000.000000
13.865789 0 7 2000000.000000
13.922763 0 0 20000.000000
14.063071 0 10 30000.000000
14.310430 0 18 1000000.000000
14.366545 0 6 50000.000000
14.380591 0 21 50000.000000
14.898108 0 15 50000.000000
15.019090 0 11 50000.000000
16.248773 0 16 2000000.000000
16.289200 0 3 5000000.000000
16.573803 0 26 30000.000000
16.753976 0 26 30000000.000000
17.195665 0 2 2000000.000000
17.264445 0 7 50000.000000
17.310254 0 16 10000.000000
17.371828 0 6 10000.000000
17.443062 0 16 20000.000000
17.466210 0 3 50000.000000
17.907621 0 20 50000.000000
18.190598 0 26 30000.000000
18.272368 0 22 20000.000000
18.519417 0 15 20000.000000
18.696718 0 21 20000.000000
19.066039 0 8 10000.000000
19.968480 0 3 5000000.000000
20.197872 0 2 2000000.000000
20.240341 0 8 10000000.000000
20.493483 0 10 1000000.000000
20.886597 0 8 50000.000000
21.044733 0 18 10000.000000
21.779779 0 1 10000000.000000
21.924285 0 26 5000000.000000
22.089951 0 8 10000.000000
22.799976 0 21 20000.000000
22.873074 0 13 2000000.000000
23.021358 0 6 20000.000000
23.120285 0 2 10000.000000
23.355604 0 24 80000.000000
23.736171 0 11 80000.000000
24.089167 0 7 1000000.000000
25.403343 0 21 5000000.000000
25.549678 0 21 80000.000000
25.722428 0 16 50000.000000
25.910447 0 2 200000.000000
25.921604 0 11 30000.000000
26.454226 0 0 1000000.000000
26.585873 0 22 80000.000000
26.862172 0 7 2000000.000000
26.900190 0 18 50000.000000
27.208391 0 21 80000.000000
27.787495 0 26 5000000.000000
28.182237 0 7 30000000.000000
29.163258 0 0 200000.000000
29.205649 0 15 10000.000000
0.124719 1 14 10000.000000
0.647432 1 3 5000000.000000
2.960211 1 26 50000.000000
3.889242 1 0 2000000.000000
4.011314 1 19 80000.000000
4.356945 1 3 80000.000000
5.412808 1 12 10000.000000
5.467020 1 21 50000.000000
6.407473 1 3 20000.000000
6.452806 1 0 80000.000000
6.462178 1 8 1000000.000000
6.811264 1 19 200000.000000
6.976802 1 0 1000000.000000
6.985982 1 14 30000000.000000
7.700860 1 19 10000.000000
7.934848 1 1 30000.000000
8.057415 1 3 80000.000000
9.146430 1 15 10000.000000
9.679134 1 7 80000.000000
9.934644 1 18 1000000.000000
10.691151 1 23 2000000.000000
11.457986 1 19 1000000.000000
11.474878 1 25 1000000.000000
12.450844 1 22 2000000.000000
12.547114 1 19 2000000.000000
12.794310 1 0 10000000.000000
12.892093 1 11 30000.000000
12.941168 1 13 80000.000000
13.447997 1 8 1000000.000000
14.409352 1 0 1000000.000000
14.792966 1 19 20000.000000
16.306231 1 7 10000000.000000
16.434884 1 11 200000.000000
16.470796 1 24 10000.000000
17.003904 1 15 80000.000000
17.710036 1 7 10000000.000000
18.119980 1 26 5000000.000000
18.779144 1 26 200000.000000
19.838366 1 17 1000000.000000
20.163046 1 3 10000000.000000
21.000584 1 5 20000.000000
21.272934 1 15 50000.000000
21.761214 1 1 10000000.000000
21.824585 1 16 10000000.000000
21.878049 1 6 10000000.000000
21.886495 1 25 50000.000000
22.073580 1 12 10000.000000
22.132807 1 20 50000.000000
22.393140 1 5 5000000.000000
22.604058 1 4 30000.000000
23.888537 1 12 5000000.000000
24.181562 1 11 10000.000000
24.370999 1 15 2000000.000000
24.542666 1 14 20000.000000
24.639161 1 20 200000.000000
24.671593 1 19 80000.000000
24.757953 1 26 80000.000000
24.987716 1 4 2000000.000000
25.217648 1 13 50000.000000
25.222634 1 14 10000.000000
25.445386 1 15 50000.000000
25.804828 1 18 10000000.000000
26.046160 1 7 20000.000000
26.622124 1 13 2000000.000000
27.041714 1 8 80000.000000
27.502846 1 0 50000.000000
28.163020 1 6 1000000.000000
29.165403 1 20 5000000.000000
29.211928 1 10 1000000.000000
29.327023 1 15 10000000.000000
29.329861 1 3 30000.000000
29.424877 1 18 10000000.000000
29.560737 1 4 2000000.000000
29.625238 1 7 20000.000000
0.404854 2 20 10000000.000000
0.549921 2 11 10000000.000000
0.792406 2 22 10000.000000
1.083867 2 15 50000.000000
1.229318 2 19 5000000.000000
1.923923 2 20 2000000.000000
2.162012 2 24 10000.000000
2.631717 2 25 80000.000000
2.824346 2 21 200000.000000
3.262361 2 14 2000000.000000
3.459185 2 4 80000.000000
3.544151 2 24 50000.000000
3.603671 2 26 20000.000000
4.435348 2 25 80000.000000
5.456341 2 4 10000.000000
5.558029 2 11 10000.000000
5.986543 2 26 5000000.000000
8.865418 2 0 10000000.000000
9.621385 2 2 10000.000000
9.656213 2 13 1000000.000000
10.471577 2 6 10000.000000
10.504744 2 16 1000000.000000
11.071807 2 16 200000.000000
11.139115 2 11 10000.000000
11.312902 2 23 200000.000000
11.524020 2 19 50000.000000
11.634902 2 17 10000.000000
11.740285 2 24 5000000.000000
12.249283 2 9 10000.000000
12.259770 2 9 30000.000000
12.338397 2 17 1000000.000000
12.371787 2 16 50000.000000
13.096556 2 20 10000.000000
13.315737 2 16 10000000.000000
13.446637 2 21 10000.000000
13.964860 2 12 30000000.000000
14.077671 2 14 10000.000000
15.039284 2 8 5000000.000000
15.225527 2 16 30000.000000
16.194311 2 18 5000000.000000
16.810656 2 7 2000000.000000
17.100636 2 2 80000.000000
17.226008 2 16 30000000.000000
17.495626 2 18 1000000.000000
17.562205 2 10 2000000.000000
17.831922 2 6 5000000.000000
18.829460 2 10 80000.000000
19.679923 2 22 80000.000000
20.161003 2 1 80000.000000
20.667731 2 5 1000000.000000
21.473058 2 19 200000.000000
21.746266 2 0 2000000.000000
21.993314 2 18 2000000.000000
22.126855 2 15 10000000.000000
22.623348 2 5 10000.000000
22.684774 2 9 5000000.000000
22.716502 2 7 10000.000000
22.994181 2 25 1000000.000000
23.191045 2 15 2000000.000000
23.333219 2 0 1000000.000000
23.407510 2 23 30000.000000
23.551786 2 4 80000.000000
24.184961 2 7 20000.000000
24.250112 2 15 1000000.000000
24.278347 2 16 5000000.000000
24.917697 2 8 30000.000000
24.959110 2 26 80000.000000
25.095031 2 4 20000.000000
25.096191 2 21 1000000.000000
25.499206 2 4 2000000.000000
25.607466 2 16 10000000.000000
25.833772 2 1 80000.000000
25.903586 2 3 10000.000000
26.013868 2 8 10000.000000
26.028820 2 22 5000000.000000
26.316843 2 6 5000000.000000
26.655898 2 21 2000000.000000
27.369217 2 13 50000.000000
27.633967 2 15 80000.000000
28.168704 2 15 10000.000000
28.524052 2 11 5000000.000000
29.356749 2 18 5000000.000000
29.858768 2 10 50000.000000
29.959344 2 18 10000.000000
0.232273 3 4 10000.000000
0.435470 3 20 1000000.000000
0.667392 3 24 10000000.000000
0.785134 3 16 1000000.000000
0.982125 3 0 2000000.000000
1.151477 3 8 50000.000000
1.533088 3 12 10000.000000
1.986774 3 2 30000.000000
2.325934 3 19 1000000.000000
2.629680 3 12 5000000.000000
3.257755 3 6 1000000.000000
3.307192 3 17 80000.000000
3.892028 3 13 5000000.000000
4.170411 3 18 80000.000000
4.477516 3 20 30000.000000
5.286079 3 5 20000.000000
5.416218 3 20 50000.000000
5.595560 3 7 80000.000000
6.684876 3 10 10000.000000
7.201218 3 23 50000.000000
7.397351 3 26 50000.000000
7.520721 3 21 50000.000000
7.582214 3 12 10000000.000000
7.956262 3 6 30000.000000
8.176983 3 11 30000.000000
9.717888 3 2 20000.000000
9.786397 3 8 10000.000000
10.552154 3 25 80000.000000
10.557261 3 17 5000000.000000
10.571204 3 22 1000000.000000
10.986447 3 14 80000.000000
11.704782 3 12 10000.000000
12.137658 3 16 2000000.000000
12.192865 3 18 30000.000000
12.244166 3 5 2000000.000000
12.569447 3 25 80000.000000
12.614621 3 23 10000000.000000
13.221656 3 5 1000000.000000
14.467345 3 4 30000000.000000
14.648845 3 3 30000000.000000
14.821862 3 19 10000000.000000
15.015917 3 11 10000.000000
15.142053 3 13 5000000.000000
16.280394 3 11 80000.000000
17.536712 3 14 10000.000000
17.539639 3 18 5000000.000000
17.661539 3 24 80000.000000
19.956984 3 13 200000.000000
20.024994 3 12 80000.000000
21.597821 3 17 30000000.000000
22.338131 3 24 200000.000000
22.638593 3 11 10000.000000
22.892528 3 23 50000.000000
23.009443 3 8 5000000.000000
23.026914 3 16 80000.000000
23.051698 3 9 1000000.000000
23.550001 3 5 10000.000000
23.553204 3 15 80000.000000
23.859211 3 19 80000.000000
24.004568 3 11 200000.000000
24.673653 3 11 200000.000000
25.081005 3 24 2000000.000000
25.177690 3 22 5000000.000000
25.256895 3 26 30000.000000
25.638757 3 21 2000000.000000
25.671383 3 3 1000000.000000
25.847726 3 4 30000.000000
26.452617 3 17 50000.000000
26.460158 3 8 5000000.000000
26.808834 3 21 80000.000000
26.951788 3 25 10000.000000
27.958864 3 12 80000.000000
28.055837 3 25 10000000.000000
28.883762 3 0 10000.000000
29.714622 3 4 80000.000000
29.830865 3 13 10000.000000
0.351899 4 18 200000.000000
0.526006 4 13 10000.000000
1.354302 4 0 30000.000000
1.700976 4 0 2000000.000000
1.928825 4 2 10000.000000
2.771286 4 1 10000000.000000
3.215244 4 23 30000.000000
3.571043 4 1 80000.000000
3.854267 4 6 10000.000000
4.141325 4 7 10000.000000
4.328596 4 16 1000000.000000
4.651473 4 13 2000000.000000
5.001001 4 24 10000.000000
5.119465 4 9 10000.000000
5.415984 4 13 5000000.000000
5.786332 4 7 30000.000000
5.878324 4 12 30000000.000000
5.959526 4 24 5000000.000000
6.106027 4 22 1000000.000000
6.631293 4 22 5000000.000000
7.250123 4 5 10000.000000
7.501265 4 26 200000.000000
7.693999 4 4 200000.000000
8.617118 4 22 10000.000000
8.750200 4 1 80000.000000
9.110665 4 21 30000.000000
9.868757 4 0 20000.000000
9.870394 4 25 30000.000000
10.104353 4 26 2000000.000000
10.708145 4 4 80000.000000
10.853723 4 25 80000.000000
11.828030 4 22 1000000.000000
12.337523 4 21 10000000.000000
12.755777 4 11 20000.000000
12.756069 4 5 1000000.000000
12.776877 4 8 50000.000000
12.943500 4 7 50000.000000
13.463653 4 1 2000000.000000
13.793672 4 13 10000000.000000
13.984698 4 1 10000.000000
14.108048 4 4 80000.000000
14.864799 4 26 10000.000000
15.375165 4 7 5000000.000000
15.707852 4 6 10000000.000000
15.854074 4 10 10000.000000
16.001393 4 24 5000000.000000
16.258986 4 11 10000000.000000
16.333030 4 7 10000.000000
16.853546 4 1 200000.000000
17.268402 4 0 200000.000000
17.289722 4 2 30000.000000
18.616707 4 6 80000.000000
19.367991 4 21 30000000.000000
20.059530 4 11 10000.000000
20.142892 4 20 80000.000000
20.877427 4 15 5000000.000000
21.113921 4 12 10000.000000
21.320083 4 6 10000.000000
21.779324 4 17 30000.000000
22.691605 4 4 20000.000000
22.817452 4 13 50000.000000
24.411478 4 25 80000.000000
24.676396 4 9 1000000.000000
25.200679 4 8 30000.000000
25.403824 4 2 30000.000000
26.298877 4 6 10000000.000000
27.243501 4 10 10000000.000000
27.252621 4 3 30000.000000
27.606626 4 9 30000.000000
28.650937 4 5 5000000.000000
28.877387 4 4 1000000.000000
29.001968 4 5 30000.000000
29.372227 4 13 2000000.000000
29.398341 4 14 50000.000000
29.797006 4 14 30000.000000
29.874802 4 20 10000000.000000
0.042057 5 8 10000.000000
0.195803 5 2 10000.000000
0.365123 5 17 80000.000000
0.424526 5 17 80000.000000
0.587783 5 23 30000.000000
0.840524 5 13 5000000.000000
1.294101 5 24 50000.000000
1.854469 5 0 1000000.000000
1.873343 5 25 10000.000000
2.416137 5 15 50000.000000
2.672617 5 16 50000.000000
3.152188 5 24 200000.000000
3.381808 5 21 80000.000000
3.517955 5 22 1000000.000000
5.004706 5 18 80000.000000
5.425629 5 13 5000000.000000
6.644180 5 0 1000000.000000
6.834945 5 5 50000.000000
7.379369 5 4 50000.000000
7.647386 5 26 50000.000000
7.722289 5 7 2000000.000000
8.066515 5 24 50000.000000
8.213466 5 6 5000000.000000
8.946966 5 17 2000000.000000
9.040896 5 8 1000000.000000
9.488767 5 12 1000000.000000
9.863781 5 14 50000.000000
10.466789 5 16 2000000.000000
10.819860 5 9 20000.000000
11.780289 5 22 30000000.000000
12.056188 5 15 1000000.000000
12.645305 5 4 2000000.000000
12.762798 5 3 5000000.000000
13.557073 5 21 5000000.000000
13.595792 5 21 30000000.000000
14.248691 5 13 2000000.000000
14.259668 5 5 30000000.000000
15.572709 5 22 10000000.000000
16.057473 5 13 30000.000000
16.215065 5 21 30000.000000
16.224308 5 6 30000000.000000
16.446817 5 8 80000.000000
16.655700 5 4 30000.000000
16.740542 5 8 10000.000000
16.811875 5 24 20000.000000
16.871005 5 18 200000.000000
17.028884 5 6 80000.000000
17.134400 5 16 10000.000000
17.293811 5 21 50000.000000
17.574875 5 22 200000.000000
17.608345 5 20 10000.000000
17.768647 5 16 30000.000000
19.333673 5 8 80000.000000
19.475433 5 15 80000.000000
20.079585 5 13 80000.000000
20.558215 5 4 1000000.000000
21.419039 5 5 5000000.000000
21.770559 5 19 5000000.000000
21.876837 5 25 80000.000000
21.947897 5 12 10000.000000
22.469682 5 8 80000.000000
23.196568 5 23 50000.000000
24.161513 5 15 80000.000000
26.387843 5 2 5000000.000000
26.390146 5 1 50000.000000
27.044339 5 13 30000.000000
28.110627 5 22 30000.000000
28.341519 5 8 1000000.000000
28.838173 5 4 1000000.000000
29.489031 5 2 200000.000000
29.632605 5 23 80000.000000
29.732633 5 26 1000000.000000
29.797845 5 24 10000000.000000
0.845807 6 0 50000.000000
1.107621 6 23 80000.000000
1.373920 6 7 80000.000000
2.237471 6 22 10000.000000
2.241699 6 25 80000.000000
4.091003 6 21 30000.000000
4.169074 6 9 80000.000000
4.965605 6 14 1000000.000000
5.109951 6 16 10000.000000
5.579830 6 14 30000.000000
6.399235 6 1 2000000.000000
6.452573 6 10 80000.000000
7.125367 6 25 10000.000000
7.826542 6 14 200000.000000
7.867707 6 24 10000.000000
8.127945 6 21 5000000.000000
8.712439 6 23 80000.000000
8.734438 6 15 200000.000000
9.510860 6 0 30000.000000
9.591254 6 11 2000000.000000
11.173766 6 10 30000.000000
12.070266 6 15 80000.000000
12.204636 6 0 1000000.000000
12.271819 6 19 80000.000000
12.313785 6 11 1000000.000000
13.572454 6 3 10000.000000
13.590946 6 3 1000000.000000
14.172194 6 20 30000.000000
15.082932 6 9 5000000.000000
15.145871 6 20 10000.000000
15.270779 6 24 50000.000000
16.097933 6 8 10000.000000
16.490590 6 9 2000000.000000
17.184909 6 1 1000000.000000
17.588038 6 23 5000000.000000
17.724976 6 24 10000.000000
17.794800 6 18 80000.000000
17.903342 6 3 50000.000000
17.965528 6 3 50000.000000
17.982713 6 13 10000000.000000
18.026103 6 8 80000.000000
18.083353 6 4 10000000.000000
18.973212 6 18 10000.000000
19.002696 6 18 5000000.000000
19.115733 6 10 80000.000000
19.981179 6 11 80000.000000
20.078137 6 14 10000000.000000
20.302934 6 16 1000000.000000
20.475063 6 22 5000000.000000
20.735454 6 22 20000.000000
20.972301 6 18 30000.000000
21.154468 6 3 50000.000000
21.265033 6 10 80000.000000
21.376000 6 6 5000000.000000
22.322276 6 7 10000.000000
22.894669 6 17 50000.000000
22.949006 6 24 50000.000000
23.206546 6 5 1000000.000000
23.589491 6 24 10000.000000
24.213987 6 5 2000000.000000
25.301518 6 23 200000.000000
25.683828 6 19 5000000.000000
25.840096 6 14 50000.000000
26.541688 6 11 2000000.000000
26.557553 6 3 80000.000000
26.565198 6 17 80000.000000
27.087181 6 5 2000000.000000
27.261898 6 9 5000000.000000
27.675085 6 4 80000.000000
28.090303 6 18 1000000.000000
28.230168 6 23 80000.000000
28.457673 6 5 200000.000000
28.574868 6 9 10000000.000000
28.982858 6 25 20000.000000
29.085051 6 11 2000000.000000
29.615027 6 19 30000000.000000
0.562303 7 8 30000.000000
1.367882 7 11 10000000.000000
1.583011 7 9 80000.000000
1.855852 7 21 5000000.000000
2.072574 7 8 20000.000000
2.301524 7 7 10000.000000
2.750029 7 9 10000.000000
2.836661 7 17 2000000.000000
3.527348 7 10 1000000.000000
3.737251 7 4 20000.000000
4.594792 7 7 80000.000000
4.914055 7 16 80000.000000
5.317515 7 25 30000000.000000
5.387994 7 0 10000000.000000
5.416814 7 6 2000000.000000
5.580543 7 11 30000.000000
5.961342 7 4 50000.000000
6.293925 7 0 10000.000000
7.118036 7 23 10000000.000000
7.162486 7 25 2000000.000000
7.663327 7 22 2000000.000000
7.998684 7 17 10000.000000
8.885359 7 1 2000000.000000
8.951041 7 7 10000000.000000
9.953884 7 22 50000.000000
9.968332 7 23 1000000.000000
10.691115 7 10 5000000.000000
10.759004 7 23 5000000.000000
11.195807 7 16 5000000.000000
11.935324 7 11 30000.000000
11.944933 7 5 30000.000000
11.964978 7 16 10000.000000
12.309939 7 23 1000000.000000
13.759359 7 0 10000000.000000
14.265852 7 26 20000.000000
15.770227 7 24 2000000.000000
16.935244 7 25 10000.000000
16.984256 7 15 2000000.000000
17.433434 7 0 5000000.000000
17.777499 7 16 30000.000000
17.887437 7 23 30000.000000
18.182805 7 2 20000.000000
18.724153 7 14 80000.000000
18.959112 7 19 10000.000000
19.364492 7 0 10000000.000000
19.504865 7 5 200000.000000
20.534402 7 4 2000000.000000
21.104385 7 19 5000000.000000
21.159568 7 10 5000000.000000
22.162394 7 19 80000.000000
22.957323 7 22 80000.000000
23.368900 7 20 200000.000000
23.469689 7 9 10000.000000
23.558783 7 9 30000.000000
25.639903 7 19 10000.000000
25.902352 7 10 1000000.000000
26.367025 7 0 5000000.000000
26.636410 7 26 200000.000000
27.070193 7 16 80000.000000
27.134895 7 18 50000.000000
27.537305 7 0 10000000.000000
28.129303 7 26 10000.000000
28.551216 7 6 10000.000000
29.493470 7 20 80000.000000
0.346567 8 15 30000.000000
0.436577 8 4 200000.000000
0.739312 8 7 20000.000000
1.460076 8 20 30000.000000
1.794771 8 21 10000.000000
2.185708 8 14 1000000.000000
2.327124 8 6 10000.000000
3.329458 8 7 80000.000000
3.329799 8 26 1000000.000000
3.397390 8 10 5000000.000000
3.463450 8 3 10000.000000
4.755656 8 9 10000.000000
5.193098 8 3 1000000.000000
5.865532 8 12 20000.000000
6.099283 8 4 200000.000000
6.216941 8 15 20000.000000
6.238028 8 22 20000.000000
6.501118 8 7 10000.000000
6.521852 8 5 80000.000000
6.951331 8 7 20000.000000
6.991944 8 25 50000.000000
7.183795 8 17 80000.000000
7.205337 8 8 30000.000000
7.255884 8 0 2000000.000000
7.670461 8 20 10000000.000000
8.585125 8 0 200000.000000
9.166515 8 0 50000.000000
9.442626 8 20 10000.000000
9.664560 8 6 2000000.000000
10.140259 8 2 10000.000000
11.587509 8 15 80000.000000
11.643390 8 7 1000000.000000
11.754188 8 25 200000.000000
12.291578 8 2 10000.000000
12.483400 8 21 200000.000000
13.154552 8 18 80000.000000
13.595710 8 20 1000000.000000
13.622106 8 12 30000.000000
13.946494 8 22 10000.000000
14.068876 8 25 50000.000000
14.232078 8 11 1000000.000000
14.859852 8 5 10000.000000
15.560743 8 24 1000000.000000
15.608501 8 20 10000000.000000
15.748796 8 19 200000.000000
16.328841 8 19 30000.000000
16.623554 8 12 5000000.000000
16.770800 8 22 5000000.000000
17.862889 8 20 30000.000000
17.875416 8 2 30000000.000000
18.070735 8 23 2000000.000000
18.140159 8 11 1000000.000000
18.552874 8 7 10000.000000
19.489131 8 7 5000000.000000
20.241830 8 14 10000000.000000
21.545367 8 11 1000000.000000
22.280480 8 21 20000.000000
22.929866 8 4 10000.000000
23.065270 8 3 10000.000000
24.411147 8 0 30000.000000
24.430683 8 20 200000.000000
24.538304 8 7 20000.000000
25.119598 8 9 80000.000000
25.543206 8 21 50000.000000
26.737403 8 16 80000.000000
27.109320 8 21 10000.000000
27.305018 8 11 50000.000000
28.118108 8 22 1000000.000000
28.502937 8 6 5000000.000000
28.883132 8 14 10000.000000
29.883093 8 14 2000000.000000
0.267447 9 13 50000.000000
0.383650 9 3 80000.000000
1.702118 9 15 50000.000000
2.056861 9 4 80000.000000
2.744736 9 6 1000000.000000
2.916619 9 25 10000.000000
3.129665 9 9 200000.000000
3.136839 9 5 5000000.000000
3.148002 9 14 80000.000000
3.566050 9 21 5000000.000000
3.704114 9 0 200000.000000
3.787563 9 18 80000.000000
3.856319 9 2 20000.000000
4.103031 9 14 2000000.000000
4.244569 9 12 10000.000000
4.361645 9 15 10000000.000000
4.556641 9 25 80000.000000
4.613170 9 4 80000.000000
4.844157 9 3 10000.000000
5.341654 9 8 50000.000000
6.047556 9 7 1000000.000000
6.662826 9 12 80000.000000
7.174596 9 18 1000000.000000
7.769829 9 24 20000.000000
7.815041 9 16 20000.000000
8.317841 9 18 30000.000000
8.531268 9 14 30000.000000
8.566677 9 1 10000000.000000
8.680321 9 11 10000.000000
8.831149 9 6 20000.000000
9.382805 9 6 1000000.000000
9.624743 9 10 1000000.000000
10.020501 9 19 1000000.000000
10.134957 9 12 5000000.000000
10.469466 9 24 2000000.000000
10.480731 9 21 2000000.000000
10.685739 9 4 1000000.000000
10.752879 9 25 1000000.000000
11.211497 9 13 20000.000000
11.380205 9 16 10000000.000000
12.179193 9 19 5000000.000000
12.205381 9 24 10000.000000
12.280871 9 5 80000.000000
12.396905 9 23 10000.000000
12.857767 9 19 30000.000000
13.321641 9 18 30000.000000
13.356955 9 2 80000.000000
14.489527 9 7 10000.000000
14.866366 9 17 10000.000000
15.897928 9 6 50000.000000
16.381271 9 18 20000.000000
16.864418 9 23 20000.000000
17.545361 9 23 10000000.000000
17.758051 9 7 20000.000000
18.731935 9 21 1000000.000000
19.085143 9 7 10000.000000
19.321890 9 20 50000.000000
19.982705 9 9 20000.000000
20.033843 9 19 2000000.000000
20.358816 9 5 80000.000000
22.047354 9 13 1000000.000000
22.732893 9 14 80000.000000
22.736737 9 14 80000.000000
22.788543 9 26 5000000.000000
22.914517 9 19 30000000.000000
23.045939 9 23 5000000.000000
23.558600 9 21 50000.000000
23.627376 9 23 10000.000000
25.995035 9 2 5000000.000000
25.998830 9 22 30000000.000000
26.533679 9 16 80000.000000
26.780795 9 0 80000.000000
27.296110 9 22 10000.000000
27.365580 9 25 20000.000000
27.396265 9 20 10000000.000000
27.490120 9 14 10000000.000000
27.912046 9 4 30000.000000
28.042004 9 21 2000000.000000
28.259233 9 12 5000000.000000
28.269718 9 1 5000000.000000
29.046143 9 3 50000.000000
29.072437 9 20 200000.000000
29.416022 9 17 30000.000000
29.622580 9 10 1000000.000000
29.753942 9 25 5000000.000000
29.881357 9 22 10000.000000
29.950632 9 7 10000.000000
0.290472 10 2 200000.000000
0.560256 10 9 30000.000000
0.730546 10 6 1000000.000000
0.747850 10 19 10000000.000000
0.821192 10 8 50000.000000
1.195434 10 0 80000.000000
2.490077 10 5 10000.000000
3.154354 10 17 30000.000000
3.364623 10 21 2000000.000000
3.613880 10 20 30000.000000
3.673810 10 8 30000000.000000
3.814448 10 25 50000.000000
3.998859 10 9 20000.000000
4.475974 10 12 2000000.000000
4.846711 10 16 10000.000000
6.009900 10 4 5000000.000000
6.281733 10 10 1000000.000000
6.652878 10 19 30000000.000000
6.806930 10 5 5000000.000000
6.969275 10 4 5000000.000000
8.357740 10 13 30000.000000
8.613058 10 21 5000000.000000
9.106522 10 21 20000.000000
9.466207 10 3 50000.000000
11.107032 10 22 5000000.000000
11.617435 10 8 30000.000000
11.682985 10 23 30000.000000
11.776056 10 10 80000.000000
11.994680 10 19 80000.000000
12.227183 10 25 1000000.000000
12.337150 10 3 20000.000000
12.405600 10 16 1000000.000000
12.670787 10 5 1000000.000000
12.813928 10 24 10000.000000
13.408948 10 24 1000000.000000
13.448664 10 12 30000.000000
13.504838 10 21 5000000.000000
13.765141 10 18 2000000.000000
14.605282 10 24 2000000.000000
14.744126 10 8 30000000.000000
15.104370 10 7 50000.000000
15.521803 10 11 200000.000000
16.248215 10 2 80000.000000
16.341283 10 9 80000.000000
16.370740 10 21 5000000.000000
16.541144 10 8 10000000.000000
16.697891 10 26 1000000.000000
17.197174 10 4 5000000.000000
17.237516 10 21 30000.000000
17.563076 10 14 10000000.000000
17.821187 10 18 200000.000000
18.120642 10 2 50000.000000
19.080445 10 11 5000000.000000
19.527334 10 5 80000.000000
19.589362 10 20 5000000.000000
19.608221 10 16 30000.000000
19.864041 10 9 30000.000000
19.953473 10 20 30000.000000
20.125482 10 26 10000000.000000
20.582270 10 10 200000.000000
20.635124 10 25 30000.000000
20.911035 10 22 10000000.000000
20.956596 10 4 1000000.000000
21.229913 10 17 50000.000000
22.020814 10 17 50000.000000
22.368454 10 22 80000.000000
23.039543 10 9 80000.000000
23.059466 10 26 5000000.000000
23.061313 10 23 200000.000000
23.481882 10 7 10000000.000000
23.618066 10 24 30000.000000
23.858561 10 6 1000000.000000
24.460087 10 2 10000.000000
24.778534 10 22 1000000.000000
24.808870 10 6 10000.000000
25.934968 10 0 50000.000000
26.054456 10 13 50000.000000
26.122512 10 7 5000000.000000
27.112200 10 11 1000000.000000
27.158395 10 10 10000.000000
27.227114 10 7 80000.000000
27.273016 10 16 80000.000000
28.364705 10 18 50000.000000
28.479554 10 4 2000000.000000
29.041241 10 25 1000000.000000
29.160523 10 10 10000000.000000
29.240365 10 12 50000.000000
29.306279 10 17 10000000.000000
29.318869 10 21 1000000.000000
29.746086 10 10 80000.000000
29.810438 10 7 80000.000000
0.204858 11 21 30000.000000
0.295289 11 10 1000000.000000
0.473547 11 4 50000.000000
0.541990 11 5 50000.000000
0.780008 11 2 50000.000000
1.241489 11 19 50000.000000
1.367170 11 7 30000.000000
1.544687 11 22 30000.000000
1.996348 11 4 2000000.000000
2.532874 11 11 200000.000000
2.951193 11 5 5000000.000000
3.364140 11 8 50000.000000
3.405211 11 16 5000000.000000
3.565292 11 24 80000.000000
3.829643 11 19 2000000.000000
4.701102 11 25 1000000.000000
4.812899 11 13 2000000.000000
4.860446 11 20 1000000.000000
5.138567 11 19 30000.000000
5.664788 11 21 50000.000000
6.529513 11 11 5000000.000000
6.652733 11 1 10000.000000
6.783453 11 3 30000000.000000
6.853183 11 18 10000.000000
7.482783 11 23 1000000.000000
7.808167 11 10 80000.000000
8.013384 11 14 1000000.000000
8.171830 11 13 30000.000000
8.381025 11 10 5000000.000000
8.427895 11 18 5000000.000000
8.539182 11 4 1000000.000000
9.254698 11 4 2000000.000000
9.840080 11 25 10000.000000
9.962429 11 14 80000.000000
10.444966 11 23 50000.000000
10.753094 11 1 50000.000000
10.763217 11 0 200000.000000
11.071595 11 3 2000000.000000
11.102463 11 4 1000000.000000
11.248850 11 26 2000000.000000
11.415337 11 23 30000000.000000
11.425315 11 2 50000.000000
11.889524 11 6 10000.000000
13.508984 11 3 10000.000000
14.058667 11 4 80000.000000
14.115408 11 18 2000000.000000
14.586243 11 11 1000000.000000
15.134311 11 5 10000.000000
15.831490 11 9 5000000.000000
16.717297 11 5 80000.000000
16.867791 11 16 5000000.000000
17.411844 11 18 80000.000000
17.492503 11 2 30000.000000
18.728353 11 9 200000.000000
18.754400 11 5 10000.000000
19.204524 11 23 2000000.000000
19.556021 11 7 1000000.000000
19.704693 11 18 20000.000000
19.708202 11 19 2000000.000000
20.174596 11 18 30000.000000
20.411652 11 5 50000.000000
20.531182 11 21 50000.000000
20.975977 11 10 80000.000000
21.078281 11 4 20000.000000
21.491423 11 7 50000.000000
21.632709 11 3 10000.000000
21.992783 11 9 10000000.000000
23.364316 11 3 2000000.000000
23.996453 11 22 50000.000000
24.760073 11 8 1000000.000000
24.951719 11 10 1000000.000000
25.026916 11 7 80000.000000
25.053350 11 19 200000.000000
25.531757 11 9 1000000.000000
25.592704 11 25 30000000.000000
25.705624 11 23 80000.000000
25.954939 11 26 10000000.000000
26.319954 11 25 5000000.000000
26.763332 11 6 20000.000000
26.807122 11 7 2000000.000000
28.544909 11 6 20000.000000
29.574846 11 16 2000000.000000
29.886107 11 10 80000.000000
0.265564 12 17 5000000.000000
1.118009 12 20 50000.000000
1.413262 12 0 2000000.000000
2.831294 12 7 10000.000000
3.650081 12 0 50000.000000
4.106625 12 11 50000.000000
4.258880 12 15 50000.000000
4.290646 12 10 80000.000000
4.521525 12 1 20000.000000
4.665630 12 8 2000000.000000
4.776243 12 24 30000.000000
5.289785 12 8 10000.000000
5.664827 12 6 80000.000000
5.960348 12 20 5000000.000000
6.904020 12 3 30000000.000000
8.065127 12 3 2000000.000000
8.097702 12 14 1000000.000000
8.433829 12 23 80000.000000
8.890017 12 6 10000.000000
9.109620 12 10 80000.000000
9.621513 12 8 200000.000000
9.657081 12 15 200000.000000
9.751539 12 8 1000000.000000
9.942376 12 25 80000.000000
10.187172 12 14 5000000.000000
11.103679 12 15 10000000.000000
11.839453 12 25 10000.000000
12.421605 12 5 10000.000000
12.572628 12 10 50000.000000
12.695006 12 16 30000.000000
13.969375 12 17 5000000.000000
14.085367 12 1 2000000.000000
14.301998 12 22 20000.000000
14.712171 12 23 5000000.000000
14.922787 12 7 5000000.000000
15.666551 12 23 5000000.000000
16.183284 12 6 20000.000000
16.227840 12 12 80000.000000
16.660378 12 15 10000000.000000
17.160930 12 3 30000.000000
18.054007 12 21 80000.000000
18.177395 12 19 30000000.000000
19.093152 12 3 30000.000000
19.456230 12 14 10000.000000
19.916558 12 11 1000000.000000
20.028608 12 5 200000.000000
20.263615 12 1 10000.000000
21.122237 12 11 10000.000000
21.610040 12 10 1000000.000000
22.696087 12 13 10000000.000000
23.054197 12 19 30000.000000
23.782233 12 5 10000000.000000
24.131898 12 26 2000000.000000
24.293918 12 3 5000000.000000
25.560323 12 6 2000000.000000
25.581300 12 22 80000.000000
27.594361 12 2 50000.000000
27.844682 12 10 5000000.000000
29.081716 12 0 20000.000000
29.974416 12 7 30000.000000
0.146336 13 5 10000000.000000
0.684074 13 17 80000.000000
0.965965 13 25 20000.000000
1.563626 13 19 20000.000000
2.166664 13 14 50000.000000
2.216340 13 25 50000.000000
2.799389 13 4 80000.000000
3.091651 13 21 10000.000000
3.841236 13 15 2000000.000000
3.955581 13 7 50000.000000
4.795801 13 8 10000.000000
4.853094 13 12 2000000.000000
5.588699 13 5 5000000.000000
5.599374 13 4 10000000.000000
5.604273 13 24 20000.000000
5.677258 13 16 5000000.000000
5.938755 13 3 10000000.000000
6.207622 13 25 10000.000000
6.371967 13 13 5000000.000000
6.589279 13 25 10000.000000
7.338127 13 24 10000000.000000
7.362322 13 6 5000000.000000
8.730824 13 20 2000000.000000
8.843583 13 10 200000.000000
8.958024 13 3 50000.000000
8.979097 13 20 200000.000000
9.872030 13 8 2000000.000000
10.596604 13 0 20000.000000
11.043858 13 16 10000000.000000
12.448304 13 7 10000.000000
13.331113 13 22 2000000.000000
13.488984 13 4 50000.000000
13.606140 13 7 2000000.000000
13.640262 13 4 80000.000000
14.038707 13 21 30000.000000
15.273021 13 20 50000.000000
15.306807 13 3 80000.000000
15.393024 13 13 1000000.000000
16.353435 13 6 20000.000000
16.396325 13 21 30000.000000
17.589496 13 2 1000000.000000
17.640067 13 26 80000.000000
18.109174 13 8 10000.000000
18.125550 13 1 10000000.000000
19.351771 13 21 2000000.000000
20.577246 13 15 30000.000000
20.850394 13 20 10000.000000
20.902255 13 19 50000.000000
21.819807 13 12 80000.000000
22.141998 13 21 80000.000000
23.788116 13 14 5000000.000000
24.046009 13 18 80000.000000
24.748015 13 9 10000.000000
25.009228 13 18 10000000.000000
25.257732 13 17 5000000.000000
25.488466 13 13 10000000.000000
25.949328 13 16 80000.000000
26.443725 13 8 30000.000000
26.588387 13 2 30000000.000000
27.746190 13 0 1000000.000000
28.061398 13 7 5000000.000000
28.079603 13 17 50000.000000
28.473881 13 25 80000.000000
29.035149 13 17 2000000.000000
29.572107 13 21 10000.000000
0.009700 14 21 50000.000000
0.313509 14 21 10000.000000
0.915178 14 3 10000.000000
1.287677 14 5 80000.000000
1.327232 14 18 1000000.000000
1.538466 14 23 2000000.000000
1.826700 14 4 20000.000000
1.837313 14 11 80000.000000
1.884142 14 16 5000000.000000
2.521847 14 26 2000000.000000
2.541553 14 14 20000.000000
2.959148 14 5 80000.000000
2.967430 14 12 10000.000000
3.200637 14 18 50000.000000
3.612308 14 2 10000.000000
4.037633 14 19 30000000.000000
4.343960 14 9 2000000.000000
4.535340 14 24 30000.000000
4.585965 14 5 80000.000000
4.615882 14 7 10000.000000
4.788878 14 14 50000.000000
5.278460 14 22 30000.000000
5.568860 14 21 10000.000000
6.414785 14 19 200000.000000
6.813802 14 9 10000.000000
6.947162 14 16 5000000.000000
7.130812 14 14 80000.000000
7.483617 14 22 50000.000000
7.589199 14 14 50000.000000
7.698888 14 7 2000000.000000
7.860173 14 26 1000000.000000
8.313718 14 18 30000.000000
9.039901 14 2 10000000.000000
9.545849 14 10 80000.000000
9.778981 14 7 1000000.000000
10.279848 14 9 200000.000000
10.384160 14 25 2000000.000000
10.811934 14 13 20000.000000
10.994682 14 10 10000.000000
11.759007 14 19 30000.000000
12.246276 14 14 20000.000000
13.098334 14 21 80000.000000
13.150978 14 19 10000000.000000
13.600580 14 6 2000000.000000
13.601092 14 18 1000000.000000
13.689895 14 0 10000.000000
13.839602 14 1 5000000.000000
13.981887 14 15 30000.000000
15.013486 14 7 10000000.000000
15.023957 14 16 30000.000000
15.223707 14 4 10000.000000
15.244057 14 25 2000000.000000
15.800900 14 18 2000000.000000
16.100678 14 11 30000.000000
16.112558 14 7 20000.000000
16.741677 14 26 80000.000000
16.812544 14 1 10000.000000
16.850913 14 16 10000.000000
17.102314 14 25 50000.000000
17.286913 14 4 5000000.000000
18.863689 14 24 80000.000000
19.321274 14 23 2000000.000000
19.511308 14 23 80000.000000
19.622441 14 7 1000000.000000
19.927540 14 14 1000000.000000
20.051764 14 23 10000.000000
22.598280 14 26 50000.000000
22.750011 14 9 1000000.000000
22.921316 14 11 30000.000000
23.355770 14 19 30000.000000
24.669671 14 3 5000000.000000
24.867861 14 17 2000000.000000
24.975123 14 0 1000000.000000
25.183385 14 3 80000.000000
26.207039 14 18 30000.000000
27.184559 14 19 10000000.000000
27.769505 14 12 5000000.000000
28.066616 14 4 80000.000000
28.712014 14 20 1000000.000000
29.233092 14 6 2000000.000000
0.590718 15 13 10000.000000
0.649842 15 14 10000.000000
0.895653 15 2 20000.000000
1.473753 15 3 5000000.000000
1.560522 15 23 10000.000000
2.468399 15 21 5000000.000000
2.668691 15 2 80000.000000
2.883225 15 19 10000000.000000
3.443580 15 23 80000.000000
3.537077 15 21 10000.000000
4.245107 15 3 5000000.000000
4.299509 15 20 10000000.000000
4.359847 15 7 5000000.000000
4.556149 15 18 10000.000000
5.299851 15 24 80000.000000
6.854159 15 13 2000000.000000
7.933440 15 5 5000000.000000
8.191985 15 23 80000.000000
8.564150 15 13 10000.000000
8.716963 15 10 80000.000000
8.839169 15 26 10000.000000
8.958467 15 24 200000.000000
9.138901 15 20 5000000.000000
9.701151 15 8 2000000.000000
10.489022 15 12 80000.000000
11.046839 15 21 1000000.000000
11.289732 15 20 80000.000000
11.384659 15 9 10000.000000
11.768310 15 0 80000.000000
12.293610 15 6 5000000.000000
13.208911 15 14 1000000.000000
13.320411 15 24 1000000.000000
14.481933 15 8 80000.000000
15.487088 15 16 10000.000000
15.702754 15 24 10000000.000000
15.755228 15 20 1000000.000000
16.073409 15 8 30000.000000
16.751106 15 13 10000.000000
17.222743 15 24 30000.000000
17.255248 15 24 10000.000000
18.111550 15 1 30000.000000
19.072709 15 3 20000.000000
19.255708 15 10 10000000.000000
20.566615 15 11 10000.000000
20.566852 15 1 10000.000000
20.980273 15 23 200000.000000
21.263918 15 25 200000.000000
21.554425 15 25 5000000.000000
22.182235 15 18 2000000.000000
22.322846 15 17 1000000.000000
23.148236 15 3 5000000.000000
25.182416 15 0 20000.000000
25.245815 15 7 10000.000000
25.665013 15 7 5000000.000000
25.856005 15 1 10000.000000
26.282727 15 18 2000000.000000
26.294644 15 0 30000.000000
26.568712 15 13 1000000.000000
26.600206 15 11 2000000.000000
26.857488 15 9 30000.000000
27.459595 15 19 2000000.000000
27.870161 15 7 20000.000000
28.068612 15 15 80000.000000
29.874428 15 12 80000.000000
0.721583 16 8 10000000.000000
2.064814 16 11 50000.000000
2.281048 16 19 10000000.000000
2.432439 16 17 200000.000000
2.601224 16 19 5000000.000000
2.663791 16 8 10000000.000000
2.725437 16 18 50000.000000
3.224946 16 1 10000000.000000
4.837954 16 10 10000.000000
4.956069 16 7 50000.000000
5.038022 16 16 80000.000000
5.442154 16 12 20000.000000
5.445126 16 22 10000000.000000
5.742709 16 3 10000.000000
6.693171 16 2 10000000.000000
7.153375 16 7 10000.000000
7.154643 16 24 30000.000000
7.395336 16 16 50000.000000
7.645023 16 8 30000000.000000
7.788205 16 20 30000.000000
7.938422 16 20 2000000.000000
8.214002 16 11 5000000.000000
8.315918 16 16 50000.000000
8.360781 16 7 30000.000000
8.742367 16 5 80000.000000
10.270218 16 26 20000.000000
11.735440 16 20 2000000.000000
11.760304 16 19 10000.000000
12.101759 16 9 50000.000000
12.382795 16 15 200000.000000
12.567728 16 16 10000000.000000
13.142270 16 0 2000000.000000
13.480765 16 3 1000000.000000
13.722337 16 23 10000.000000
13.829873 16 12 10000.000000
14.578134 16 1 80000.000000
14.651570 16 22 10000000.000000
14.972860 16 21 80000.000000
15.215983 16 3 1000000.000000
15.683933 16 16 1000000.000000
15.802972 16 21 5000000.000000
17.135560 16 18 80000.000000
17.290254 16 21 50000.000000
17.476534 16 19 30000.000000
18.511564 16 11 50000.000000
18.608634 16 19 80000.000000
19.504725 16 8 10000.000000
20.135554 16 19 80000.000000
20.414132 16 26 50000.000000
20.443046 16 0 30000.000000
20.456760 16 10 2000000.000000
21.240402 16 6 10000.000000
21.265993 16 19 200000.000000
21.592379 16 6 200000.000000
22.201892 16 18 2000000.000000
22.252914 16 8 50000.000000
22.367264 16 5 20000.000000
23.212999 16 16 30000.000000
23.791179 16 26 30000.000000
25.798481 16 18 1000000.000000
26.028388 16 5 5000000.000000
26.256145 16 16 50000.000000
26.669623 16 9 5000000.000000
26.903494 16 13 10000.000000
28.347309 16 1 50000.000000
28.651064 16 24 80000.000000
28.816416 16 4 200000.000000
29.360809 16 6 80000.000000
29.693849 16 20 2000000.000000
0.220365 17 13 80000.000000
0.888627 17 13 50000.000000
1.873224 17 2 30000.000000
2.472850 17 11 10000.000000
2.553571 17 18 10000.000000
3.535682 17 16 80000.000000
4.173401 17 26 200000.000000
4.627219 17 26 80000.000000
4.649546 17 12 5000000.000000
5.047532 17 1 50000.000000
5.360329 17 21 80000.000000
6.108508 17 17 2000000.000000
6.802962 17 14 10000000.000000
6.847781 17 0 1000000.000000
7.708568 17 23 10000.000000
7.771782 17 21 80000.000000
7.863651 17 25 10000.000000
8.304723 17 21 50000.000000
8.396709 17 16 80000.000000
9.279482 17 9 20000.000000
9.839404 17 20 80000.000000
9.897883 17 11 5000000.000000
9.996828 17 14 10000.000000
11.038308 17 12 80000.000000
11.245313 17 23 200000.000000
11.327144 17 3 50000.000000
11.378487 17 5 10000.000000
11.405762 17 14 10000.000000
11.493910 17 19 80000.000000
12.153047 17 17 5000000.000000
12.170428 17 23 1000000.000000
12.754213 17 4 200000.000000
12.841689 17 24 2000000.000000
13.021093 17 11 10000000.000000
13.952098 17 8 80000.000000
14.259353 17 26 50000.000000
14.578004 17 13 5000000.000000
14.825833 17 26 80000.000000
15.508807 17 10 10000.000000
15.829477 17 4 30000000.000000
15.831303 17 14 5000000.000000
15.887916 17 2 5000000.000000
16.939639 17 16 10000000.000000
17.012881 17 0 5000000.000000
17.663242 17 19 1000000.000000
17.805654 17 14 80000.000000
18.246399 17 17 30000.000000
18.335815 17 25 1000000.000000
19.493640 17 5 80000.000000
19.525490 17 6 50000.000000
19.637247 17 8 2000000.000000
19.680509 17 3 10000.000000
19.954984 17 5 10000.000000
21.147110 17 26 30000.000000
21.624759 17 3 200000.000000
21.674266 17 10 10000.000000
21.764078 17 0 1000000.000000
21.882956 17 9 5000000.000000
22.269056 17 17 30000.000000
22.716276 17 4 10000.000000
23.229136 17 15 10000.000000
23.453403 17 24 5000000.000000
24.117626 17 14 80000.000000
25.907491 17 14 10000000.000000
25.910523 17 11 10000.000000
26.272042 17 10 80000.000000
26.489119 17 15 10000.000000
26.603870 17 19 80000.000000
26.862446 17 5 1000000.000000
27.837343 17 8 50000.000000
28.138438 17 0 10000.000000
28.208043 17 25 2000000.000000
28.490262 17 9 5000000.000000
28.849641 17 23 30000.000000
29.365739 17 21 30000000.000000
29.728735 17 9 200000.000000
29.805061 17 23 20000.000000
0.287135 18 19 80000.000000
0.446776 18 8 80000.000000
1.121744 18 7 10000.000000
1.222804 18 17 20000.000000
1.827186 18 5 50000.000000
2.063326 18 19 30000.000000
2.543234 18 26 5000000.000000
2.770313 18 21 10000.000000
3.042210 18 21 2000000.000000
4.494954 18 4 30000.000000
4.882905 18 11 50000.000000
5.687964 18 4 2000000.000000
5.828623 18 14 10000.000000
5.901395 18 12 50000.000000
5.909241 18 23 50000.000000
6.342550 18 8 1000000.000000
6.394949 18 23 2000000.000000
6.708953 18 1 2000000.000000
7.113686 18 2 200000.000000
7.948609 18 25 200000.000000
8.098006 18 23 30000.000000
8.205496 18 21 50000.000000
9.178800 18 4 30000.000000
9.254691 18 8 5000000.000000
9.516518 18 15 20000.000000
9.613847 18 23 10000.000000
11.128862 18 15 1000000.000000
11.764635 18 12 1000000.000000
11.822441 18 15 10000.000000
12.069292 18 20 10000.000000
13.212519 18 11 20000.000000
13.930831 18 22 2000000.000000
14.260368 18 23 5000000.000000
14.489064 18 16 50000.000000
14.572062 18 14 10000000.000000
14.612346 18 22 5000000.000000
15.024917 18 21 30000.000000
15.042476 18 11 50000.000000
15.123933 18 26 30000.000000
16.039211 18 3 1000000.000000
16.828918 18 9 5000000.000000
16.937874 18 3 80000.000000
19.659038 18 5 10000.000000
19.708589 18 21 2000000.000000
20.020961 18 17 30000.000000
20.072681 18 0 10000.000000
20.138929 18 5 200000.000000
20.919103 18 14 5000000.000000
22.180004 18 18 5000000.000000
22.317186 18 4 50000.000000
23.115952 18 22 1000000.000000
24.240480 18 9 10000.000000
24.755891 18 22 80000.000000
24.828038 18 21 10000.000000
25.173669 18 17 200000.000000
25.659253 18 25 1000000.000000
26.496017 18 1 80000.000000
26.741827 18 3 50000.000000
27.301074 18 21 2000000.000000
27.418925 18 22 5000000.000000
28.221827 18 1 10000.000000
28.762003 18 2 80000.000000
28.803931 18 6 30000.000000
29.861905 18 23 80000.000000
0.532179 19 24 10000.000000
0.887018 19 7 80000.000000
1.063870 19 5 10000.000000
1.819467 19 25 2000000.000000
1.872594 19 26 5000000.000000
1.966833 19 11 10000000.000000
3.343557 19 21 10000.000000
3.610531 19 21 30000.000000
4.357477 19 15 30000.000000
4.408075 19 8 30000.000000
4.581146 19 0 5000000.000000
4.583888 19 9 10000.000000
4.732828 19 14 10000.000000
6.249897 19 23 80000.000000
7.221037 19 5 2000000.000000
7.237833 19 6 10000.000000
7.785218 19 24 50000.000000
8.211114 19 0 1000000.000000
8.326782 19 18 200000.000000
8.495372 19 19 1000000.000000
9.159693 19 23 5000000.000000
9.395526 19 12 2000000.000000
9.405902 19 17 2000000.000000
9.478299 19 2 10000.000000
10.013284 19 9 2000000.000000
10.216826 19 3 10000000.000000
10.292080 19 2 10000.000000
11.633799 19 26 10000.000000
11.641061 19 13 80000.000000
11.659933 19 14 20000.000000
12.529985 19 19 200000.000000
12.941654 19 26 10000.000000
14.345832 19 22 5000000.000000
14.845261 19 8 30000000.000000
15.793475 19 3 5000000.000000
16.146707 19 9 50000.000000
16.200049 19 9 5000000.000000
16.205324 19 16 10000.000000
16.276869 19 6 2000000.000000
16.341216 19 10 30000000.000000
16.795032 19 2 10000.000000
18.144660 19 2 20000.000000
18.433958 19 5 80000.000000
18.745258 19 26 50000.000000
20.167451 19 1 30000.000000
20.431344 19 15 1000000.000000
21.511547 19 23 30000.000000
21.657384 19 14 30000.000000
21.729066 19 19 1000000.000000
21.790597 19 11 80000.000000
22.001554 19 13 80000.000000
22.399560 19 21 1000000.000000
22.543334 19 20 10000000.000000
22.576984 19 0 5000000.000000
24.945984 19 3 80000.000000
25.184462 19 19 1000000.000000
25.374552 19 3 50000.000000
25.465399 19 15 10000.000000
26.093033 19 16 10000.000000
27.067494 19 15 10000.000000
27.348675 19 18 80000.000000
27.605293 19 15 30000.000000
28.164319 19 24 200000.000000
28.290946 19 22 5000000.000000
28.374642 19 25 5000000.000000
28.861302 19 1 10000.000000
28.895409 19 16 2000000.000000
29.027490 19 1 30000.000000
29.483766 19 6 1000000.000000
29.560901 19 13 10000000.000000
29.568244 19 17 80000.000000
29.694004 19 20 20000.000000
0.317436 20 20 10000000.000000
0.840095 20 6 1000000.000000
1.017423 20 1 5000000.000000
2.348711 20 15 80000.000000
2.496494 20 4 200000.000000
2.583866 20 23 80000.000000
2.996027 20 5 30000.000000
3.160398 20 22 5000000.000000
3.160700 20 14 2000000.000000
3.305676 20 9 10000.000000
4.329533 20 19 5000000.000000
4.421414 20 17 2000000.000000
4.525715 20 1 5000000.000000
4.554149 20 13 10000.000000
4.999501 20 13 2000000.000000
5.025625 20 17 2000000.000000
5.306262 20 8 10000.000000
5.403035 20 4 5000000.000000
5.438290 20 23 30000.000000
5.556463 20 18 2000000.000000
6.209379 20 22 10000000.000000
6.224890 20 17 80000.000000
7.558985 20 22 10000.000000
8.826756 20 9 80000.000000
9.319920 20 9 50000.000000
9.740866 20 17 5000000.000000
10.274552 20 18 30000.000000
11.262831 20 21 30000.000000
11.911189 20 26 50000.000000
12.759654 20 5 10000.000000
13.088812 20 18 10000.000000
13.145552 20 23 50000.000000
13.842902 20 7 30000.000000
13.879393 20 25 10000.000000
13.922283 20 8 80000.000000
13.951591 20 20 5000000.000000
14.806775 20 4 1000000.000000
15.400944 20 8 2000000.000000
15.430770 20 13 2000000.000000
15.572223 20 13 1000000.000000
15.957556 20 15 1000000.000000
16.070515 20 18 5000000.000000
16.186324 20 26 30000.000000
16.644478 20 4 10000.000000
16.959251 20 8 10000000.000000
17.392494 20 15 30000.000000
17.507683 20 20 10000000.000000
17.797021 20 3 2000000.000000
18.082944 20 0 5000000.000000
18.536283 20 9 2000000.000000
18.858579 20 8 5000000.000000
19.295987 20 16 10000000.000000
21.518337 20 3 10000.000000
21.812044 20 17 20000.000000
22.032981 20 5 50000.000000
22.306793 20 16 10000.000000
22.719351 20 23 50000.000000
23.269600 20 15 10000000.000000
23.764180 20 8 80000.000000
24.221392 20 10 2000000.000000
24.456037 20 6 1000000.000000
25.980486 20 4 80000.000000
26.611077 20 15 1000000.000000
26.698823 20 5 50000.000000
26.712982 20 26 30000.000000
26.842177 20 2 80000.000000
26.915873 20 17 30000.000000
28.261261 20 8 10000.000000
28.286302 20 5 80000.000000
28.397003 20 25 2000000.000000
28.897227 20 18 200000.000000
29.311789 20 19 80000.000000
29.415609 20 0 10000.000000
0.700477 21 25 1000000.000000
1.981810 21 5 30000000.000000
2.342123 21 25 20000.000000
2.457954 21 12 5000000.000000
4.019054 21 0 2000000.000000
4.324933 21 16 10000.000000
4.474489 21 20 80000.000000
6.432942 21 20 1000000.000000
6.436429 21 0 10000000.000000
6.635183 21 3 2000000.000000
6.710651 21 20 50000.000000
6.777278 21 12 20000.000000
7.227919 21 8 1000000.000000
8.221969 21 11 5000000.000000
8.501488 21 6 2000000.000000
8.507451 21 24 200000.000000
8.619374 21 10 1000000.000000
8.874505 21 2 30000.000000
9.377589 21 4 30000.000000
9.679832 21 16 200000.000000
10.031312 21 3 10000.000000
10.438109 21 26 10000.000000
11.138132 21 25 80000.000000
11.457236 21 8 10000000.000000
11.974583 21 18 50000.000000
12.190622 21 23 5000000.000000
12.209842 21 24 80000.000000
12.614632 21 24 2000000.000000
12.754776 21 0 2000000.000000
12.917925 21 22 30000.000000
12.928008 21 25 1000000.000000
12.939883 21 15 10000000.000000
13.190494 21 11 10000.000000
13.526110 21 6 30000.000000
13.730235 21 20 2000000.000000
14.398920 21 9 5000000.000000
14.959572 21 22 200000.000000
15.486089 21 9 50000.000000
15.746649 21 0 2000000.000000
16.239124 21 24 30000000.000000
16.567376 21 6 80000.000000
16.730017 21 24 2000000.000000
16.904105 21 6 10000000.000000
17.219043 21 9 200000.000000
17.381091 21 7 2000000.000000
18.614385 21 17 2000000.000000
18.824199 21 12 2000000.000000
19.227912 21 3 2000000.000000
19.434973 21 1 5000000.000000
19.497730 21 12 10000.000000
20.880281 21 10 50000.000000
21.021140 21 7 80000.000000
21.821676 21 2 80000.000000
22.134805 21 3 80000.000000
23.392766 21 22 1000000.000000
23.487362 21 15 50000.000000
23.706990 21 9 5000000.000000
24.815724 21 20 10000.000000
25.063566 21 22 20000.000000
25.738791 21 10 200000.000000
26.169597 21 11 10000000.000000
26.297924 21 24 30000.000000
26.374854 21 11 200000.000000
26.730912 21 10 200000.000000
27.444019 21 26 200000.000000
28.048139 21 22 1000000.000000
28.136379 21 6 2000000.000000
28.770068 21 19 5000000.000000
29.125196 21 23 10000.000000
0.668036 22 5 80000.000000
0.949173 22 23 50000.000000
1.084504 22 24 30000.000000
1.334396 22 10 5000000.000000
1.858944 22 10 200000.000000
2.070157 22 25 10000000.000000
2.120081 22 12 10000000.000000
2.256440 22 10 80000.000000
2.271074 22 23 20000.000000
2.429575 22 0 30000.000000
2.522244 22 22 1000000.000000
2.581506 22 17 30000000.000000
2.640378 22 3 5000000.000000
4.195435 22 9 10000000.000000
5.064580 22 10 5000000.000000
5.466585 22 7 1000000.000000
5.894201 22 13 1000000.000000
6.109559 22 13 200000.000000
7.157333 22 15 30000.000000
7.296316 22 7 50000.000000
7.665076 22 6 80000.000000
7.931290 22 8 80000.000000
7.933210 22 4 1000000.000000
8.269567 22 17 1000000.000000
9.146499 22 2 1000000.000000
9.329533 22 6 10000.000000
9.571371 22 22 5000000.000000
9.884159 22 21 10000.000000
9.922153 22 25 50000.000000
10.965310 22 9 50000.000000
11.058690 22 14 10000.000000
11.546653 22 12 10000.000000
11.765656 22 26 80000.000000
12.122899 22 17 30000.000000
12.762764 22 26 10000.000000
12.792483 22 1 1000000.000000
13.083094 22 2 10000000.000000
13.950814 22 13 80000.000000
14.401259 22 18 30000.000000
14.983367 22 23 80000.000000
15.188875 22 10 80000.000000
15.868815 22 23 5000000.000000
15.963571 22 5 1000000.000000
17.110507 22 8 10000.000000
17.146645 22 26 10000.000000
17.218371 22 12 2000000.000000
17.435296 22 23 5000000.000000
18.895108 22 3 10000000.000000
19.451140 22 1 80000.000000
19.923802 22 25 30000.000000
20.352721 22 17 10000000.000000
20.403571 22 22 1000000.000000
21.070204 22 10 1000000.000000
21.199143 22 16 80000.000000
21.561800 22 0 1000000.000000
22.182514 22 26 80000.000000
22.549628 22 4 10000.000000
22.571599 22 20 80000.000000
23.473640 22 18 30000.000000
23.592762 22 2 30000.000000
23.760649 22 8 10000.000000
23.761018 22 20 10000000.000000
24.395253 22 16 50000.000000
24.603341 22 16 5000000.000000
24.725536 22 6 30000.000000
24.770740 22 23 200000.000000
24.918203 22 3 80000.000000
26.168030 22 21 200000.000000
26.307514 22 15 5000000.000000
26.795415 22 19 200000.000000
26.955531 22 1 200000.000000
27.346603 22 15 20000.000000
27.515090 22 9 30000.000000
27.636783 22 4 50000.000000
27.657940 22 26 50000.000000
27.684970 22 23 50000.000000
27.876460 22 25 1000000.000000
28.090322 22 16 30000.000000
29.212913 22 1 2000000.000000
29.614509 22 10 200000.000000
29.878272 22 25 10000.000000
0.503187 23 9 2000000.000000
0.512264 23 2 50000.000000
1.523033 23 9 2000000.000000
2.209806 23 19 80000.000000
2.632716 23 21 1000000.000000
2.644112 23 25 50000.000000
2.921213 23 14 1000000.000000
3.401801 23 7 10000.000000
4.845999 23 13 1000000.000000
5.089923 23 2 1000000.000000
5.952246 23 18 1000000.000000
6.576891 23 14 5000000.000000
7.451751 23 4 50000.000000
7.783098 23 18 10000.000000
7.956837 23 12 30000.000000
8.376049 23 9 200000.000000
8.786056 23 11 30000.000000
8.862400 23 2 50000.000000
8.880441 23 17 20000.000000
9.996230 23 11 5000000.000000
10.016965 23 14 50000.000000
11.592455 23 10 1000000.000000
11.630789 23 22 5000000.000000
12.158457 23 9 200000.000000
12.248618 23 12 1000000.000000
12.366061 23 6 10000.000000
12.723884 23 1 10000.000000
12.749856 23 15 2000000.000000
12.895924 23 24 200000.000000
13.123329 23 8 80000.000000
13.251211 23 0 10000000.000000
14.264103 23 8 2000000.000000
14.454295 23 6 80000.000000
15.333900 23 21 5000000.000000
15.539444 23 5 10000.000000
15.631671 23 13 10000.000000
16.858537 23 9 10000000.000000
16.968435 23 11 200000.000000
16.998683 23 2 10000000.000000
18.008623 23 17 30000.000000
18.544266 23 26 50000.000000
18.578327 23 22 80000.000000
18.686820 23 5 30000.000000
18.880646 23 22 50000.000000
19.924315 23 6 1000000.000000
20.678682 23 17 10000.000000
20.971898 23 26 50000.000000
22.712332 23 7 50000.000000
22.830310 23 25 10000.000000
23.316370 23 23 10000.000000
23.875291 23 12 10000000.000000
24.095637 23 2 10000.000000
24.970523 23 21 30000.000000
25.603352 23 14 20000.000000
26.256338 23 0 50000.000000
26.334850 23 15 5000000.000000
26.371372 23 16 2000000.000000
26.871078 23 17 30000.000000
27.189622 23 10 20000.000000
28.148063 23 2 5000000.000000
0.104262 24 21 80000.000000
0.151927 24 11 10000000.000000
0.769376 24 6 50000.000000
0.772813 24 21 10000.000000
1.869912 24 26 10000.000000
2.005358 24 3 10000.000000
2.442546 24 5 20000.000000
2.734666 24 11 10000.000000
2.886352 24 12 80000.000000
3.062312 24 1 1000000.000000
3.921039 24 19 20000.000000
4.366534 24 1 30000.000000
4.451567 24 16 80000.000000
4.927308 24 8 10000.000000
5.177939 24 9 200000.000000
5.178288 24 4 10000.000000
5.284900 24 7 80000.000000
6.470586 24 18 5000000.000000
6.897805 24 12 5000000.000000
7.053614 24 23 50000.000000
7.279078 24 8 10000.000000
7.552117 24 1 1000000.000000
8.133830 24 9 50000.000000
8.188857 24 1 5000000.000000
8.937722 24 26 10000000.000000
8.981304 24 23 5000000.000000
9.009778 24 8 10000.000000
9.157385 24 5 20000.000000
9.422820 24 10 10000.000000
10.073489 24 23 20000.000000
10.329333 24 17 2000000.000000
10.352879 24 0 2000000.000000
10.408979 24 4 20000.000000
10.849137 24 26 20000.000000
10.855688 24 25 10000.000000
10.909153 24 17 1000000.000000
10.961648 24 0 200000.000000
11.682984 24 8 10000.000000
12.032423 24 8 10000.000000
12.776206 24 9 5000000.000000
13.300541 24 1 5000000.000000
13.863125 24 15 30000.000000
13.964281 24 24 50000.000000
13.981421 24 6 80000.000000
14.989014 24 0 30000.000000
15.595234 24 15 10000.000000
15.632688 24 18 50000.000000
16.034148 24 14 2000000.000000
16.798057 24 1 50000.000000
17.144843 24 2 1000000.000000
17.200360 24 26 200000.000000
17.255780 24 22 10000.000000
17.584680 24 16 1000000.000000
17.928075 24 3 1000000.000000
18.426756 24 3 80000.000000
18.696855 24 21 30000.000000
18.697194 24 23 50000.000000
18.723092 24 3 5000000.000000
19.017036 24 8 80000.000000
19.293502 24 16 1000000.000000
19.499575 24 17 50000.000000
19.810604 24 15 2000000.000000
19.916317 24 14 10000.000000
19.975513 24 20 30000.000000
20.019051 24 6 10000.000000
20.078022 24 4 80000.000000
20.226354 24 20 20000.000000
20.304883 24 9 30000.000000
20.335458 24 20 2000000.000000
20.514539 24 11 10000.000000
20.588641 24 15 80000.000000
20.744085 24 5 20000.000000
22.161833 24 21 2000000.000000
22.331326 24 10 10000.000000
23.189133 24 7 5000000.000000
23.200580 24 0 80000.000000
23.781073 24 25 200000.000000
24.054525 24 10 10000000.000000
24.194413 24 8 50000.000000
24.412106 24 0 30000.000000
24.423870 24 4 10000.000000
24.662572 24 8 80000.000000
25.049804 24 21 50000.000000
25.547832 24 11 10000.000000
25.557832 24 19 20000.000000
25.956332 24 15 50000.000000
26.484493 24 18 80000.000000
27.291176 24 24 200000.000000
27.475228 24 2 20000.000000
27.984724 24 3 10000.000000
28.049994 24 11 5000000.000000
28.815815 24 0 30000.000000
28.964431 24 9 5000000.000000
29.042693 24 21 20000.000000
29.389678 24 3 10000000.000000
0.020653 25 20 80000.000000
0.026468 25 5 2000000.000000
0.248226 25 21 10000000.000000
0.940831 25 7 50000.000000
1.381465 25 18 30000.000000
1.538075 25 7 30000.000000
1.642280 25 23 30000.000000
1.920086 25 26 30000.000000
2.951422 25 26 80000.000000
3.024934 25 16 80000.000000
3.148026 25 4 80000.000000
4.001552 25 22 10000.000000
4.696413 25 10 30000.000000
4.823551 25 15 80000.000000
4.846301 25 26 80000.000000
5.505296 25 21 80000.000000
5.625378 25 4 10000.000000
5.695129 25 25 1000000.000000
5.787834 25 14 30000.000000
6.536160 25 10 10000.000000
6.648126 25 6 80000.000000
8.021796 25 0 10000.000000
8.224834 25 15 80000.000000
9.142100 25 12 10000.000000
9.374258 25 6 50000.000000
11.238466 25 5 80000.000000
12.054505 25 2 5000000.000000
12.828967 25 4 10000.000000
13.375662 25 26 5000000.000000
13.699482 25 12 10000.000000
14.768635 25 15 10000.000000
15.249961 25 23 80000.000000
15.620608 25 5 2000000.000000
16.089272 25 19 1000000.000000
16.282271 25 1 1000000.000000
16.543886 25 2 10000.000000
17.482832 25 8 10000.000000
18.023017 25 14 80000.000000
18.681691 25 17 1000000.000000
19.143524 25 26 80000.000000
20.020841 25 17 200000.000000
20.456823 25 23 5000000.000000
20.873433 25 10 80000.000000
20.904324 25 26 10000.000000
21.031486 25 8 200000.000000
21.694850 25 25 2000000.000000
21.922104 25 17 30000.000000
22.901588 25 16 30000.000000
23.058748 25 5 30000000.000000
23.382505 25 8 200000.000000
23.424691 25 15 1000000.000000
23.543719 25 18 2000000.000000
23.588497 25 1 50000.000000
23.808963 25 8 5000000.000000
24.854158 25 10 2000000.000000
25.133390 25 20 10000.000000
25.250095 25 17 30000.000000
25.569459 25 25 30000.000000
25.970790 25 16 10000000.000000
26.059696 25 26 1000000.000000
26.315161 25 9 10000000.000000
27.118984 25 10 1000000.000000
27.783936 25 24 30000.000000
28.011959 25 16 2000000.000000
28.406945 25 13 5000000.000000
29.249941 25 14 10000000.000000
29.265351 25 24 50000.000000
29.425001 25 14 2000000.000000
29.623809 25 16 5000000.000000
29.830780 25 22 30000.000000
0.526652 26 19 80000.000000
0.534210 26 16 10000000.000000
0.537588 26 5 20000.000000
0.770609 26 9 10000.000000
1.736959 26 12 80000.000000
1.930862 26 24 20000.000000
2.337702 26 11 20000.000000
2.447575 26 25 20000.000000
2.748897 26 23 50000.000000
3.229166 26 16 50000.000000
3.867487 26 1 20000.000000
4.248698 26 26 2000000.000000
4.735922 26 13 80000.000000
5.127364 26 1 5000000.000000
5.140727 26 25 1000000.000000
5.420892 26 19 10000.000000
5.604210 26 2 50000.000000
6.850691 26 26 10000000.000000
7.324757 26 12 1000000.000000
7.498344 26 7 20000.000000
7.626613 26 22 2000000.000000
7.645208 26 23 20000.000000
7.825260 26 17 2000000.000000
8.103257 26 20 30000000.000000
8.372938 26 25 5000000.000000
8.443072 26 0 50000.000000
8.491486 26 17 200000.000000
9.660986 26 13 1000000.000000
10.042193 26 2 1000000.000000
10.259979 26 7 50000.000000
10.847324 26 0 80000.000000
11.494018 26 6 10000.000000
11.526483 26 23 10000000.000000
12.181390 26 15 50000.000000
12.297278 26 3 80000.000000
12.408823 26 21 2000000.000000
12.631495 26 5 80000.000000
12.718293 26 10 30000.000000
13.094994 26 1 5000000.000000
13.481694 26 14 10000000.000000
14.287617 26 2 200000.000000
14.923517 26 14 30000.000000
15.582912 26 4 50000.000000
16.712448 26 24 20000.000000
16.997901 26 19 2000000.000000
17.432097 26 23 30000000.000000
17.564590 26 8 10000.000000
17.670611 26 0 200000.000000
17.860972 26 24 10000.000000
17.981491 26 18 10000.000000
18.050060 26 0 10000.000000
18.416252 26 14 50000.000000
18.618133 26 8 10000000.000000
19.265415 26 6 2000000.000000
19.625576 26 18 5000000.000000
20.190070 26 24 10000.000000
20.512751 26 9 80000.000000
20.598757 26 2 10000.000000
20.657084 26 5 10000.000000
20.812932 26 8 80000.000000
21.267761 26 24 80000.000000
21.879172 26 22 2000000.000000
22.040888 26 12 10000.000000
22.249091 26 15 1000000.000000
22.721328 26 0 2000000.000000
22.749880 26 25 10000.000000
22.998520 26 23 30000.000000
23.793511 26 0 50000.000000
23.927509 26 26 1000000.000000
24.047157 26 2 80000.000000
24.141660 26 16 10000000.000000
26.258856 26 0 10000.000000
26.802921 26 4 50000.000000
26.836756 26 16 50000.000000
27.021688 26 7 80000.000000
27.226568 26 12 30000000.000000
27.344671 26 7 5000000.000000
27.976333 26 26 200000.000000
28.083499 26 8 10000.000000
28.177945 26 17 30000000.000000
28.230493 26 9 80000.000000
28.267568 26 14 30000.000000
28.544686 26 6 20000.000000
28.725933 26 26 80000.000000
29.515693 26 10 5000000.000000
29.570783 26 1 50000.000000
29.699038 26 6 10000.000000
29.862611 26 14 1000000.000000
29.956546 26 8 200000.000000
