0.420603 0 17 200000.000000
0.500307 0 4 10000.000000
0.603749 0 25 50000.000000
1.066255 0 23 200000.000000
1.537255 0 3 50000.000000
2.655822 0 24 80000.000000
4.631358 0 2 50000.000000
5.553393 0 5 80000.000000
5.614877 0 15 10000.000000
5.840444 0 0 10000.000000
6.603978 0 22 200000.000000
7.798546 0 17 10000000.000000
8.030591 0 4 2000000.000000
8.529415 0 7 2000000.000000
8.846153 0 21 10000.000000
9.119502 0 25 30000.000000
9.149502 0 23 5000000.000000
9.716053 0 19 200000.000000
9.939942 0 20 80000.000000
9.950446 0 17 1000000.000000
10.240763 0 4 10000.000000
10.476326 0 2 80000.000000
11.570348 0 3 10000.000000
11.668138 0 15 1000000.000000
11.992481 0 3 1000000.000000
12.437785 0 19 200000.000000
12.862852 0 5 200000.000000
13.039279 0 25 80000.000000
13.263572 0 7 2000000.000000
13.297386 0 0 20000.000000
13.297419 0 10 30000.000000
13.748368 0 18 1000000.000000
14.605237 0 6 50000.000000
15.743762 0 21 50000.000000
17.410107 0 15 50000.000000
17.986768 0 11 50000.000000
19.270670 0 16 2000000.000000
19.424328 0 3 5000000.000000
20.058823 0 26 30000.000000
20.352827 0 26 30000000.000000
20.504964 0 2 2000000.000000
21.457011 0 7 50000.000000
22.018671 0 16 10000.000000
22.022822 0 6 10000.000000
22.351276 0 16 20000.000000
22.861245 0 3 50000.000000
23.044388 0 20 50000.000000
23.320588 0 26 30000.000000
23.345096 0 22 20000.000000
24.616125 0 15 20000.000000
25.239747 0 21 20000.000000
25.577835 0 8 10000.000000
25.672002 0 3 5000000.000000
27.513856 0 2 2000000.000000
27.719974 0 8 10000000.000000
28.147813 0 10 1000000.000000
29.355004 0 8 50000.000000
29.642776 0 18 10000.000000
0.196686 1 1 10000000.000000
0.973492 1 26 5000000.000000
1.108266 1 8 10000.000000
1.783968 1 21 20000.000000
2.641213 1 13 2000000.000000
2.884496 1 6 20000.000000
2.983153 1 2 10000.000000
3.587444 1 24 80000.000000
3.979119 1 11 80000.000000
4.355279 1 7 1000000.000000
4.709815 1 21 5000000.000000
4.902799 1 21 80000.000000
5.099310 1 16 50000.000000
5.253824 1 2 200000.000000
5.301771 1 11 30000.000000
6.122584 1 0 1000000.000000
6.325639 1 22 80000.000000
6.696430 1 7 2000000.000000
6.980320 1 18 50000.000000
7.023995 1 21 80000.000000
7.742359 1 26 5000000.000000
9.867435 1 7 30000000.000000
10.351322 1 0 200000.000000
10.537248 1 15 10000.000000
10.770017 1 14 10000.000000
11.177273 1 3 5000000.000000
11.639837 1 26 50000.000000
11.730384 1 0 2000000.000000
11.778222 1 19 80000.000000
12.095516 1 3 80000.000000
12.101723 1 12 10000.000000
12.633144 1 21 50000.000000
13.208786 1 3 20000.000000
14.055072 1 0 80000.000000
14.177813 1 8 1000000.000000
15.386576 1 19 200000.000000
15.618424 1 0 1000000.000000
18.179195 1 14 30000000.000000
18.909944 1 19 10000.000000
19.272386 1 1 30000.000000
19.769932 1 3 80000.000000
21.186173 1 15 10000.000000
21.732948 1 7 80000.000000
21.841141 1 18 1000000.000000
22.007006 1 23 2000000.000000
22.322974 1 19 1000000.000000
22.502557 1 25 1000000.000000
23.156554 1 22 2000000.000000
23.248815 1 19 2000000.000000
24.453378 1 0 10000000.000000
26.115990 1 11 30000.000000
27.001023 1 13 80000.000000
28.185358 1 8 1000000.000000
28.737285 1 0 1000000.000000
29.209443 1 19 20000.000000
1.237777 2 7 10000000.000000
2.173133 2 11 200000.000000
4.672622 2 24 10000.000000
6.044338 2 15 80000.000000
6.481787 2 7 10000000.000000
6.513741 2 26 5000000.000000
6.873986 2 26 200000.000000
7.205481 2 17 1000000.000000
8.266771 2 3 10000000.000000
8.566475 2 5 20000.000000
8.962357 2 15 50000.000000
9.976302 2 1 10000000.000000
10.306503 2 16 10000000.000000
10.601590 2 6 10000000.000000
10.976234 2 25 50000.000000
11.064025 2 12 10000.000000
11.529423 2 20 50000.000000
11.889975 2 5 5000000.000000
12.440274 2 4 30000.000000
12.987751 2 12 5000000.000000
14.457734 2 11 10000.000000
15.164106 2 15 2000000.000000
15.424608 2 14 20000.000000
15.723616 2 20 200000.000000
16.255001 2 19 80000.000000
16.974438 2 26 80000.000000
18.681319 2 4 2000000.000000
18.798968 2 13 50000.000000
18.907275 2 14 10000.000000
18.949513 2 15 50000.000000
19.598374 2 18 10000000.000000
20.264072 2 7 20000.000000
20.746033 2 13 2000000.000000
21.345525 2 8 80000.000000
21.913651 2 0 50000.000000
24.071864 2 6 1000000.000000
24.226463 2 20 5000000.000000
25.059180 2 10 1000000.000000
25.644410 2 15 10000000.000000
25.706944 2 3 30000.000000
25.990098 2 18 10000000.000000
26.556527 2 4 2000000.000000
26.621009 2 7 20000.000000
26.846370 2 20 10000000.000000
26.913862 2 11 10000000.000000
27.281434 2 22 10000.000000
27.477531 2 15 50000.000000
28.096064 2 19 5000000.000000
28.342081 2 20 2000000.000000
28.344783 2 24 10000.000000
0.173878 3 25 80000.000000
1.301094 3 21 200000.000000
1.658628 3 14 2000000.000000
1.877041 3 4 80000.000000
2.407264 3 24 50000.000000
2.472852 3 26 20000.000000
3.409228 3 25 80000.000000
3.626790 3 4 10000.000000
3.740155 3 11 10000.000000
3.840143 3 26 5000000.000000
4.188698 3 0 10000000.000000
5.336205 3 2 10000.000000
5.714883 3 13 1000000.000000
5.799173 3 6 10000.000000
5.817754 3 16 1000000.000000
6.711256 3 16 200000.000000
7.275365 3 11 10000.000000
7.372341 3 23 200000.000000
7.414682 3 19 50000.000000
7.560138 3 17 10000.000000
7.953906 3 24 5000000.000000
9.606201 3 9 10000.000000
9.875888 3 9 30000.000000
10.145957 3 17 1000000.000000
10.389885 3 16 50000.000000
11.245403 3 20 10000.000000
11.524786 3 16 10000000.000000
11.623939 3 21 10000.000000
11.748236 3 12 30000000.000000
11.810296 3 14 10000.000000
12.542950 3 8 5000000.000000
12.823260 3 16 30000.000000
15.384129 3 18 5000000.000000
15.804393 3 7 2000000.000000
16.231877 3 2 80000.000000
16.417807 3 16 30000000.000000
16.536867 3 18 1000000.000000
16.812392 3 10 2000000.000000
16.880564 3 6 5000000.000000
17.735343 3 10 80000.000000
18.032239 3 22 80000.000000
18.036894 3 1 80000.000000
18.377188 3 5 1000000.000000
19.697992 3 19 200000.000000
19.910325 3 0 2000000.000000
21.544677 3 18 2000000.000000
21.678948 3 15 10000000.000000
22.145601 3 5 10000.000000
22.186729 3 9 5000000.000000
22.617892 3 7 10000.000000
22.693729 3 25 1000000.000000
23.117005 3 15 2000000.000000
23.120034 3 0 1000000.000000
23.165417 3 23 30000.000000
23.626724 3 4 80000.000000
23.907733 3 7 20000.000000
24.032123 3 15 1000000.000000
24.420829 3 16 5000000.000000
24.429312 3 8 30000.000000
24.485680 3 26 80000.000000
26.636362 3 4 20000.000000
26.696169 3 21 1000000.000000
28.590842 3 4 2000000.000000
28.815455 3 16 10000000.000000
29.483626 3 1 80000.000000
0.766859 4 3 10000.000000
1.252018 4 8 10000.000000
1.282807 4 22 5000000.000000
1.374847 4 6 5000000.000000
1.382463 4 21 2000000.000000
1.592148 4 13 50000.000000
1.911418 4 15 80000.000000
2.255906 4 15 10000.000000
4.213629 4 11 5000000.000000
4.474152 4 18 5000000.000000
5.031177 4 10 50000.000000
5.677406 4 18 10000.000000
6.035249 4 4 10000.000000
7.936851 4 20 1000000.000000
8.906005 4 24 10000000.000000
8.929143 4 16 1000000.000000
9.148904 4 0 2000000.000000
9.279972 4 8 50000.000000
9.407038 4 12 10000.000000
9.545193 4 2 30000.000000
10.290064 4 19 1000000.000000
10.305328 4 12 5000000.000000
13.149825 4 6 1000000.000000
13.605367 4 17 80000.000000
14.124353 4 13 5000000.000000
14.421962 4 18 80000.000000
14.640564 4 20 30000.000000
15.357521 4 5 20000.000000
15.402697 4 20 50000.000000
15.500625 4 7 80000.000000
17.441857 4 10 10000.000000
18.292887 4 23 50000.000000
18.471421 4 26 50000.000000
19.363059 4 21 50000.000000
19.572433 4 12 10000000.000000
21.168297 4 6 30000.000000
23.720596 4 11 30000.000000
24.063246 4 2 20000.000000
24.594656 4 8 10000.000000
25.500789 4 25 80000.000000
26.480180 4 17 5000000.000000
27.305482 4 22 1000000.000000
27.326681 4 14 80000.000000
27.674162 4 12 10000.000000
28.411692 4 16 2000000.000000
29.942801 4 18 30000.000000
0.598527 5 5 2000000.000000
0.847387 5 25 80000.000000
0.938699 5 23 10000000.000000
1.078794 5 5 1000000.000000
1.353914 5 4 30000000.000000
1.408786 5 3 30000000.000000
1.616772 5 19 10000000.000000
1.971252 5 11 10000.000000
3.042681 5 13 5000000.000000
4.711673 5 11 80000.000000
4.813305 5 14 10000.000000
6.183917 5 18 5000000.000000
6.323815 5 24 80000.000000
6.797796 5 13 200000.000000
7.424762 5 12 80000.000000
8.242247 5 17 30000000.000000
8.269413 5 24 200000.000000
8.378828 5 11 10000.000000
8.546775 5 23 50000.000000
8.677368 5 8 5000000.000000
8.918766 5 16 80000.000000
9.798048 5 9 1000000.000000
10.124917 5 5 10000.000000
10.166122 5 15 80000.000000
10.166507 5 19 80000.000000
10.447176 5 11 200000.000000
11.259210 5 11 200000.000000
11.794232 5 24 2000000.000000
12.926845 5 22 5000000.000000
13.239037 5 26 30000.000000
13.307683 5 21 2000000.000000
13.639084 5 3 1000000.000000
14.263290 5 4 30000.000000
15.124369 5 17 50000.000000
15.850841 5 8 5000000.000000
17.464323 5 21 80000.000000
17.482781 5 25 10000.000000
18.526324 5 12 80000.000000
19.652106 5 25 10000000.000000
20.017189 5 0 10000.000000
20.335757 5 4 80000.000000
20.595716 5 13 10000.000000
21.066989 5 18 200000.000000
22.191284 5 13 10000.000000
22.519953 5 0 30000.000000
22.555300 5 0 2000000.000000
22.597352 5 2 10000.000000
23.676562 5 1 10000000.000000
23.903949 5 23 30000.000000
24.326905 5 1 80000.000000
25.159847 5 6 10000.000000
25.211166 5 7 10000.000000
26.030233 5 16 1000000.000000
26.969095 5 13 2000000.000000
28.843983 5 24 10000.000000
29.392390 5 9 10000.000000
0.675438 6 13 5000000.000000
1.293973 6 7 30000.000000
2.630446 6 12 30000000.000000
2.653873 6 24 5000000.000000
3.339854 6 22 1000000.000000
3.734636 6 22 5000000.000000
3.938618 6 5 10000.000000
4.564451 6 26 200000.000000
4.767238 6 4 200000.000000
5.959081 6 22 10000.000000
6.171194 6 1 80000.000000
6.374262 6 21 30000.000000
6.417910 6 0 20000.000000
7.465795 6 25 30000.000000
7.601683 6 26 2000000.000000
7.984910 6 4 80000.000000
8.413088 6 25 80000.000000
9.328999 6 22 1000000.000000
9.846768 6 21 10000000.000000
9.885709 6 11 20000.000000
10.908689 6 5 1000000.000000
11.571889 6 8 50000.000000
11.648938 6 7 50000.000000
12.270220 6 1 2000000.000000
12.272430 6 13 10000000.000000
12.428238 6 1 10000.000000
12.773012 6 4 80000.000000
13.000059 6 26 10000.000000
13.568104 6 7 5000000.000000
13.709608 6 6 10000000.000000
13.746590 6 10 10000.000000
14.857279 6 24 5000000.000000
14.964679 6 11 10000000.000000
15.027906 6 7 10000.000000
15.176501 6 1 200000.000000
15.607619 6 0 200000.000000
16.075613 6 2 30000.000000
16.214832 6 6 80000.000000
16.216511 6 21 30000000.000000
16.275081 6 11 10000.000000
16.305850 6 20 80000.000000
16.652189 6 15 5000000.000000
16.761553 6 12 10000.000000
17.014634 6 6 10000.000000
17.022864 6 17 30000.000000
18.880513 6 4 20000.000000
19.274329 6 13 50000.000000
19.331625 6 25 80000.000000
19.884937 6 9 1000000.000000
20.906622 6 8 30000.000000
20.986675 6 2 30000.000000
21.418210 6 6 10000000.000000
22.013064 6 10 10000000.000000
22.101408 6 3 30000.000000
22.166385 6 9 30000.000000
22.916802 6 5 5000000.000000
23.571791 6 4 1000000.000000
23.598596 6 5 30000.000000
24.088313 6 13 2000000.000000
24.375717 6 14 50000.000000
25.064511 6 14 30000.000000
25.467983 6 20 10000000.000000
25.910530 6 8 10000.000000
25.990007 6 2 10000.000000
26.018629 6 17 80000.000000
26.584878 6 17 80000.000000
26.919362 6 23 30000.000000
27.316004 6 13 5000000.000000
27.526167 6 24 50000.000000
27.924056 6 0 1000000.000000
28.067852 6 25 10000.000000
28.781033 6 15 50000.000000
29.211315 6 16 50000.000000
29.455033 6 24 200000.000000
29.987579 6 21 80000.000000
0.282045 7 22 1000000.000000
0.775384 7 18 80000.000000
2.129774 7 13 5000000.000000
3.131383 7 0 1000000.000000
3.933389 7 5 50000.000000
5.898841 7 4 50000.000000
5.907772 7 26 50000.000000
7.071954 7 7 2000000.000000
7.095797 7 24 50000.000000
7.590945 7 6 5000000.000000
7.993877 7 17 2000000.000000
8.793901 7 8 1000000.000000
9.121089 7 12 1000000.000000
9.357389 7 14 50000.000000
9.444079 7 16 2000000.000000
9.468944 7 9 20000.000000
9.576463 7 22 30000000.000000
9.852297 7 15 1000000.000000
10.012311 7 4 2000000.000000
10.313754 7 3 5000000.000000
10.546815 7 21 5000000.000000
10.893333 7 21 30000000.000000
11.178150 7 13 2000000.000000
12.335700 7 5 30000000.000000
12.917347 7 22 10000000.000000
13.070194 7 13 30000.000000
14.928869 7 21 30000.000000
15.111813 7 6 30000000.000000
16.163042 7 8 80000.000000
18.326683 7 4 30000.000000
19.417242 7 8 10000.000000
20.185575 7 24 20000.000000
20.225694 7 18 200000.000000
20.243654 7 6 80000.000000
20.745218 7 16 10000.000000
20.784423 7 21 50000.000000
22.101063 7 22 200000.000000
22.141405 7 20 10000.000000
22.588203 7 16 30000.000000
24.029596 7 8 80000.000000
26.814739 7 15 80000.000000
27.269160 7 13 80000.000000
28.119166 7 4 1000000.000000
29.528303 7 5 5000000.000000
1.927919 8 19 5000000.000000
2.310660 8 25 80000.000000
3.313845 8 12 10000.000000
4.919944 8 8 80000.000000
5.712935 8 23 50000.000000
6.180122 8 15 80000.000000
6.609215 8 2 5000000.000000
7.209038 8 1 50000.000000
7.209710 8 13 30000.000000
7.425024 8 22 30000.000000
7.532972 8 8 1000000.000000
8.113107 8 4 1000000.000000
8.311715 8 2 200000.000000
10.213117 8 23 80000.000000
11.268411 8 26 1000000.000000
11.839899 8 24 10000000.000000
12.341195 8 0 50000.000000
12.891142 8 23 80000.000000
13.262151 8 7 80000.000000
13.923664 8 22 10000.000000
13.956716 8 25 80000.000000
13.973678 8 21 30000.000000
14.126960 8 9 80000.000000
14.148706 8 14 1000000.000000
14.266236 8 16 10000.000000
16.033700 8 14 30000.000000
16.488180 8 1 2000000.000000
16.691277 8 10 80000.000000
17.933626 8 25 10000.000000
17.934453 8 14 200000.000000
18.347313 8 24 10000.000000
18.439235 8 21 5000000.000000
18.836881 8 23 80000.000000
18.866653 8 15 200000.000000
19.411623 8 0 30000.000000
19.596521 8 11 2000000.000000
20.262626 8 10 30000.000000
20.502664 8 15 80000.000000
21.193503 8 0 1000000.000000
21.588588 8 19 80000.000000
22.696428 8 11 1000000.000000
23.054812 8 3 10000.000000
23.920268 8 3 1000000.000000
24.070410 8 20 30000.000000
24.471232 8 9 5000000.000000
24.871819 8 20 10000.000000
25.257965 8 24 50000.000000
25.389412 8 8 10000.000000
25.464839 8 9 2000000.000000
25.836997 8 1 1000000.000000
26.408860 8 23 5000000.000000
26.745509 8 24 10000.000000
27.453834 8 18 80000.000000
27.796884 8 3 50000.000000
27.912198 8 3 50000.000000
28.176319 8 13 10000000.000000
28.279863 8 8 80000.000000
28.331020 8 4 10000000.000000
28.480438 8 18 10000.000000
29.026567 8 18 5000000.000000
0.833742 9 10 80000.000000
0.932854 9 11 80000.000000
1.071161 9 14 10000000.000000
1.513853 9 16 1000000.000000
2.148207 9 22 5000000.000000
2.703647 9 22 20000.000000
3.416580 9 18 30000.000000
3.971973 9 3 50000.000000
4.144011 9 10 80000.000000
4.481601 9 6 5000000.000000
4.789158 9 7 10000.000000
5.443820 9 17 50000.000000
7.773187 9 24 50000.000000
8.147582 9 5 1000000.000000
8.266683 9 24 10000.000000
8.314551 9 5 2000000.000000
8.727313 9 23 200000.000000
9.979840 9 19 5000000.000000
11.497761 9 14 50000.000000
12.334122 9 11 2000000.000000
12.850210 9 3 80000.000000
15.092277 9 17 80000.000000
15.828360 9 5 2000000.000000
16.722611 9 9 5000000.000000
17.293214 9 4 80000.000000
17.531838 9 18 1000000.000000
17.625621 9 23 80000.000000
17.725195 9 5 200000.000000
17.783090 9 9 10000000.000000
18.946991 9 25 20000.000000
19.264304 9 11 2000000.000000
19.973056 9 19 30000000.000000
20.339488 9 8 30000.000000
20.660047 9 11 10000000.000000
21.929813 9 9 80000.000000
22.186790 9 21 5000000.000000
22.708036 9 8 20000.000000
24.839830 9 7 10000.000000
25.710242 9 9 10000.000000
26.302486 9 17 2000000.000000
27.562580 9 10 1000000.000000
28.293650 9 4 20000.000000
28.639795 9 7 80000.000000
28.776661 9 16 80000.000000
28.914202 9 25 30000000.000000
29.811470 9 0 10000000.000000
0.106374 10 6 2000000.000000
0.458817 10 11 30000.000000
0.896257 10 4 50000.000000
2.045741 10 0 10000.000000
2.465267 10 23 10000000.000000
2.564160 10 25 2000000.000000
2.568408 10 22 2000000.000000
3.166653 10 17 10000.000000
3.737707 10 1 2000000.000000
3.915247 10 7 10000000.000000
3.983859 10 22 50000.000000
4.166253 10 23 1000000.000000
4.537636 10 10 5000000.000000
4.569133 10 23 5000000.000000
5.959571 10 16 5000000.000000
6.107175 10 11 30000.000000
6.653695 10 5 30000.000000
7.483540 10 16 10000.000000
7.963300 10 23 1000000.000000
7.972039 10 0 10000000.000000
10.060182 10 26 20000.000000
11.216204 10 24 2000000.000000
11.279976 10 25 10000.000000
11.598131 10 15 2000000.000000
12.261276 10 0 5000000.000000
12.701507 10 16 30000.000000
13.093889 10 23 30000.000000
14.093095 10 2 20000.000000
15.107262 10 14 80000.000000
16.601307 10 19 10000.000000
18.236527 10 0 10000000.000000
18.243846 10 5 200000.000000
18.938842 10 4 2000000.000000
20.351015 10 19 5000000.000000
20.518557 10 10 5000000.000000
20.566067 10 19 80000.000000
20.894092 10 22 80000.000000
21.560974 10 20 200000.000000
21.626178 10 9 10000.000000
21.894311 10 9 30000.000000
22.042640 10 19 10000.000000
22.903100 10 10 1000000.000000
22.938936 10 0 5000000.000000
23.883671 10 26 200000.000000
24.050560 10 16 80000.000000
24.088010 10 18 50000.000000
24.371046 10 0 10000000.000000
24.389581 10 26 10000.000000
24.731806 10 6 10000.000000
25.112115 10 20 80000.000000
25.702374 10 15 30000.000000
26.007410 10 4 200000.000000
28.066575 10 7 20000.000000
28.337859 10 20 30000.000000
28.583582 10 21 10000.000000
28.628358 10 14 1000000.000000
28.840096 10 6 10000.000000
29.330408 10 7 80000.000000
29.530729 10 26 1000000.000000
29.562347 10 10 5000000.000000
29.978124 10 3 10000.000000
0.462908 11 9 10000.000000
0.467512 11 3 1000000.000000
0.756251 11 12 20000.000000
0.831682 11 4 200000.000000
0.836923 11 15 20000.000000
0.988062 11 22 20000.000000
1.290974 11 7 10000.000000
1.626381 11 5 80000.000000
4.636795 11 7 20000.000000
5.237987 11 25 50000.000000
5.591744 11 17 80000.000000
5.646857 11 8 30000.000000
7.078580 11 0 2000000.000000
7.580311 11 20 10000000.000000
8.317333 11 0 200000.000000
9.039153 11 0 50000.000000
9.295421 11 20 10000.000000
9.562029 11 6 2000000.000000
9.945683 11 2 10000.000000
10.142512 11 15 80000.000000
10.664000 11 7 1000000.000000
11.360192 11 25 200000.000000
11.794433 11 2 10000.000000
12.018438 11 21 200000.000000
12.256579 11 18 80000.000000
12.947260 11 20 1000000.000000
14.263708 11 12 30000.000000
14.411680 11 22 10000.000000
15.489114 11 25 50000.000000
15.971958 11 11 1000000.000000
16.519677 11 5 10000.000000
16.574884 11 24 1000000.000000
16.679508 11 20 10000000.000000
16.847954 11 19 200000.000000
17.148041 11 19 30000.000000
17.945930 11 12 5000000.000000
18.669099 11 22 5000000.000000
19.551140 11 20 30000.000000
20.419062 11 2 30000000.000000
20.568068 11 23 2000000.000000
21.020955 11 11 1000000.000000
21.166610 11 7 10000.000000
21.270409 11 7 5000000.000000
21.747750 11 14 10000000.000000
21.846074 11 11 1000000.000000
22.369677 11 21 20000.000000
24.460561 11 4 10000.000000
24.631367 11 3 10000.000000
26.591478 11 0 30000.000000
27.322731 11 20 200000.000000
27.332220 11 7 20000.000000
27.430952 11 9 80000.000000
28.849985 11 21 50000.000000
28.946121 11 16 80000.000000
29.291659 11 21 10000.000000
29.360694 11 11 50000.000000
0.665731 12 22 1000000.000000
0.958319 12 6 5000000.000000
1.755585 12 14 10000.000000
3.067014 12 14 2000000.000000
3.269918 12 13 50000.000000
3.332015 12 3 80000.000000
3.419668 12 15 50000.000000
7.328992 12 4 80000.000000
7.445838 12 6 1000000.000000
7.719114 12 25 10000.000000
7.850043 12 9 200000.000000
8.028606 12 5 5000000.000000
9.890688 12 14 80000.000000
10.294353 12 21 5000000.000000
10.792438 12 0 200000.000000
11.799865 12 18 80000.000000
12.185469 12 2 20000.000000
12.190619 12 14 2000000.000000
12.346201 12 12 10000.000000
12.548176 12 15 10000000.000000
13.072658 12 25 80000.000000
13.341998 12 4 80000.000000
14.011660 12 3 10000.000000
14.882617 12 8 50000.000000
15.423031 12 7 1000000.000000
15.701650 12 12 80000.000000
15.961720 12 18 1000000.000000
16.521997 12 24 20000.000000
16.574944 12 16 20000.000000
17.498645 12 18 30000.000000
18.507309 12 14 30000.000000
19.424798 12 1 10000000.000000
19.752977 12 11 10000.000000
19.983669 12 6 20000.000000
20.649622 12 6 1000000.000000
21.401700 12 10 1000000.000000
21.475932 12 19 1000000.000000
21.603835 12 12 5000000.000000
22.012669 12 24 2000000.000000
22.229442 12 21 2000000.000000
22.459613 12 4 1000000.000000
23.680239 12 25 1000000.000000
23.710309 12 13 20000.000000
24.208348 12 16 10000000.000000
25.323401 12 19 5000000.000000
26.871459 12 24 10000.000000
27.708586 12 5 80000.000000
28.924641 12 23 10000.000000
29.444085 12 19 30000.000000
0.071875 13 18 30000.000000
0.139251 13 2 80000.000000
1.169126 13 7 10000.000000
1.461437 13 17 10000.000000
1.535466 13 6 50000.000000
2.316262 13 18 20000.000000
2.378708 13 23 20000.000000
2.627984 13 23 10000000.000000
2.834431 13 7 20000.000000
5.178522 13 21 1000000.000000
5.421679 13 7 10000.000000
5.753974 13 20 50000.000000
7.023405 13 9 20000.000000
8.467706 13 19 2000000.000000
9.388746 13 5 80000.000000
9.494121 13 13 1000000.000000
9.502539 13 14 80000.000000
9.644629 13 14 80000.000000
9.723830 13 26 5000000.000000
10.236513 13 19 30000000.000000
10.364525 13 23 5000000.000000
11.115749 13 21 50000.000000
11.344399 13 23 10000.000000
11.668238 13 2 5000000.000000
12.375363 13 22 30000000.000000
13.679153 13 16 80000.000000
13.874315 13 0 80000.000000
13.912960 13 22 10000.000000
14.005397 13 25 20000.000000
14.310791 13 20 10000000.000000
15.298686 13 14 10000000.000000
15.582750 13 4 30000.000000
15.599786 13 21 2000000.000000
15.600718 13 12 5000000.000000
16.150503 13 1 5000000.000000
17.035629 13 3 50000.000000
17.434667 13 20 200000.000000
17.987364 13 17 30000.000000
18.150662 13 10 1000000.000000
20.492329 13 25 5000000.000000
20.672479 13 22 10000.000000
21.707669 13 7 10000.000000
21.744361 13 2 200000.000000
21.811818 13 9 30000.000000
22.217043 13 6 1000000.000000
22.225100 13 19 10000000.000000
23.720636 13 8 50000.000000
24.010663 13 0 80000.000000
24.053760 13 5 10000.000000
24.678532 13 17 30000.000000
25.336688 13 21 2000000.000000
25.418147 13 20 30000.000000
25.912100 13 8 30000000.000000
26.508181 13 25 50000.000000
29.129178 13 9 20000.000000
0.253720 14 12 2000000.000000
0.645263 14 16 10000.000000
0.660890 14 4 5000000.000000
1.839872 14 10 1000000.000000
1.847195 14 19 30000000.000000
1.862147 14 5 5000000.000000
2.357494 14 4 5000000.000000
2.826808 14 13 30000.000000
3.285936 14 21 5000000.000000
5.207913 14 21 20000.000000
5.417535 14 3 50000.000000
5.510034 14 22 5000000.000000
6.269087 14 8 30000.000000
7.210885 14 23 30000.000000
7.280606 14 10 80000.000000
7.551876 14 19 80000.000000
7.689605 14 25 1000000.000000
8.157311 14 3 20000.000000
8.181529 14 16 1000000.000000
8.837744 14 5 1000000.000000
8.847485 14 24 10000.000000
9.672826 14 24 1000000.000000
9.861258 14 12 30000.000000
10.599294 14 21 5000000.000000
11.098337 14 18 2000000.000000
12.434677 14 24 2000000.000000
12.445861 14 8 30000000.000000
12.787423 14 7 50000.000000
12.856833 14 11 200000.000000
13.276678 14 2 80000.000000
13.895162 14 9 80000.000000
14.571564 14 21 5000000.000000
15.045246 14 8 10000000.000000
15.751688 14 26 1000000.000000
17.915791 14 4 5000000.000000
18.051897 14 21 30000.000000
18.173993 14 14 10000000.000000
19.528780 14 18 200000.000000
19.544625 14 2 50000.000000
23.048346 14 11 5000000.000000
23.065403 14 5 80000.000000
23.448414 14 20 5000000.000000
23.478554 14 16 30000.000000
23.931146 14 9 30000.000000
25.924189 14 20 30000.000000
26.118742 14 26 10000000.000000
26.947902 14 10 200000.000000
27.132902 14 25 30000.000000
27.468776 14 22 10000000.000000
27.601469 14 4 1000000.000000
27.677202 14 17 50000.000000
27.693001 14 17 50000.000000
28.491244 14 22 80000.000000
29.075005 14 9 80000.000000
29.291169 14 26 5000000.000000
29.300378 14 23 200000.000000
29.481143 14 7 10000000.000000
0.802422 15 24 30000.000000
0.985707 15 6 1000000.000000
1.013423 15 2 10000.000000
1.646056 15 22 1000000.000000
2.098264 15 6 10000.000000
2.206846 15 0 50000.000000
2.749419 15 13 50000.000000
3.009818 15 7 5000000.000000
3.913388 15 11 1000000.000000
7.896078 15 10 10000.000000
8.756210 15 7 80000.000000
9.015452 15 16 80000.000000
9.785017 15 18 50000.000000
9.815625 15 4 2000000.000000
10.043632 15 25 1000000.000000
11.096025 15 10 10000000.000000
12.181211 15 12 50000.000000
12.668581 15 17 10000000.000000
12.977182 15 21 1000000.000000
13.564961 15 10 80000.000000
14.394545 15 7 80000.000000
14.508144 15 21 30000.000000
14.614594 15 10 1000000.000000
15.586905 15 4 50000.000000
15.591455 15 5 50000.000000
17.957156 15 2 50000.000000
18.620403 15 19 50000.000000
19.003840 15 7 30000.000000
20.272877 15 22 30000.000000
20.337728 15 4 2000000.000000
20.706097 15 11 200000.000000
21.250023 15 5 5000000.000000
21.334467 15 8 50000.000000
21.594381 15 16 5000000.000000
22.008686 15 24 80000.000000
22.559305 15 19 2000000.000000
24.527956 15 25 1000000.000000
24.913936 15 13 2000000.000000
25.457078 15 20 1000000.000000
25.747976 15 19 30000.000000
26.090086 15 21 50000.000000
26.308300 15 11 5000000.000000
27.187672 15 1 10000.000000
27.490847 15 3 30000000.000000
27.909656 15 18 10000.000000
29.441541 15 23 1000000.000000
29.999529 15 10 80000.000000
0.103651 16 14 1000000.000000
0.986934 16 13 30000.000000
1.654073 16 10 5000000.000000
2.129669 16 18 5000000.000000
3.080217 16 4 1000000.000000
3.229568 16 4 2000000.000000
3.781099 16 25 10000.000000
3.892195 16 14 80000.000000
4.280772 16 23 50000.000000
4.522331 16 1 50000.000000
4.974281 16 0 200000.000000
5.059694 16 3 2000000.000000
5.463406 16 4 1000000.000000
5.794284 16 26 2000000.000000
6.297734 16 23 30000000.000000
7.262824 16 2 50000.000000
7.569993 16 6 10000.000000
7.855174 16 3 10000.000000
8.774485 16 4 80000.000000
8.869344 16 18 2000000.000000
9.603853 16 11 1000000.000000
9.798552 16 5 10000.000000
10.248658 16 9 5000000.000000
10.294884 16 5 80000.000000
10.634650 16 16 5000000.000000
10.722571 16 18 80000.000000
11.195189 16 2 30000.000000
11.919341 16 9 200000.000000
12.199617 16 5 10000.000000
12.576568 16 23 2000000.000000
12.786884 16 7 1000000.000000
13.038520 16 18 20000.000000
14.795214 16 19 2000000.000000
14.822312 16 18 30000.000000
14.938443 16 5 50000.000000
15.306120 16 21 50000.000000
15.374772 16 10 80000.000000
16.080647 16 4 20000.000000
16.183821 16 7 50000.000000
17.474893 16 3 10000.000000
17.604123 16 9 10000000.000000
17.640609 16 3 2000000.000000
18.136948 16 22 50000.000000
18.404672 16 8 1000000.000000
19.155132 16 10 1000000.000000
19.429438 16 7 80000.000000
19.714299 16 19 200000.000000
20.011583 16 9 1000000.000000
20.132217 16 25 30000000.000000
20.266493 16 23 80000.000000
20.327961 16 26 10000000.000000
20.446673 16 25 5000000.000000
20.994984 16 6 20000.000000
21.525299 16 7 2000000.000000
21.870767 16 6 20000.000000
22.382596 16 16 2000000.000000
22.982041 16 10 80000.000000
23.620497 16 17 5000000.000000
23.636505 16 20 50000.000000
24.037553 16 0 2000000.000000
24.273765 16 7 10000.000000
24.555578 16 0 50000.000000
24.572123 16 11 50000.000000
25.297389 16 15 50000.000000
26.281194 16 10 80000.000000
26.617986 16 1 20000.000000
27.348646 16 8 2000000.000000
27.474872 16 24 30000.000000
27.814848 16 8 10000.000000
29.266346 16 6 80000.000000
29.527500 16 20 5000000.000000
0.478186 17 3 30000000.000000
0.677442 17 3 2000000.000000
0.818832 17 14 1000000.000000
1.517058 17 23 80000.000000
2.799434 17 6 10000.000000
3.729434 17 10 80000.000000
3.740186 17 8 200000.000000
3.808423 17 15 200000.000000
5.013066 17 8 1000000.000000
5.121824 17 25 80000.000000
6.585763 17 14 5000000.000000
7.704041 17 15 10000000.000000
7.947305 17 25 10000.000000
7.949999 17 5 10000.000000
8.820919 17 10 50000.000000
9.978296 17 16 30000.000000
10.136736 17 17 5000000.000000
10.368686 17 1 2000000.000000
11.531657 17 22 20000.000000
11.537471 17 23 5000000.000000
11.571728 17 7 5000000.000000
11.929123 17 23 5000000.000000
12.216708 17 6 20000.000000
12.299972 17 12 80000.000000
12.949633 17 15 10000000.000000
13.351934 17 3 30000.000000
13.990058 17 21 80000.000000
14.344005 17 19 30000000.000000
14.553244 17 3 30000.000000
14.699562 17 14 10000.000000
14.979673 17 11 1000000.000000
15.192610 17 5 200000.000000
16.083572 17 1 10000.000000
16.875875 17 11 10000.000000
17.119479 17 10 1000000.000000
17.330059 17 13 10000000.000000
17.918387 17 19 30000.000000
19.002630 17 5 10000000.000000
19.194168 17 26 2000000.000000
19.528732 17 3 5000000.000000
20.399644 17 6 2000000.000000
20.857958 17 22 80000.000000
21.034676 17 2 50000.000000
21.318702 17 10 5000000.000000
21.865539 17 0 20000.000000
22.212532 17 7 30000.000000
22.301279 17 5 10000000.000000
22.730858 17 17 80000.000000
23.038403 17 25 20000.000000
23.144378 17 19 20000.000000
23.316088 17 14 50000.000000
23.362295 17 25 50000.000000
23.367030 17 4 80000.000000
23.999713 17 21 10000.000000
24.821225 17 15 2000000.000000
25.296552 17 7 50000.000000
25.577806 17 8 10000.000000
25.624623 17 12 2000000.000000
26.109365 17 5 5000000.000000
26.572855 17 4 10000000.000000
26.867298 17 24 20000.000000
27.019761 17 16 5000000.000000
27.220625 17 3 10000000.000000
27.418833 17 25 10000.000000
28.117508 17 13 5000000.000000
28.377650 17 25 10000.000000
28.626263 17 24 10000000.000000
29.616651 17 6 5000000.000000
0.438446 18 20 2000000.000000
0.993330 18 10 200000.000000
1.086762 18 3 50000.000000
1.364401 18 20 200000.000000
2.920639 18 8 2000000.000000
3.715103 18 0 20000.000000
4.976791 18 16 10000000.000000
5.096767 18 7 10000.000000
5.484870 18 22 2000000.000000
6.011572 18 4 50000.000000
6.188298 18 7 2000000.000000
6.305203 18 4 80000.000000
7.830088 18 21 30000.000000
8.260132 18 20 50000.000000
8.623984 18 3 80000.000000
8.819764 18 13 1000000.000000
8.976513 18 6 20000.000000
9.410269 18 21 30000.000000
9.585934 18 2 1000000.000000
10.133185 18 26 80000.000000
10.720689 18 8 10000.000000
11.010456 18 1 10000000.000000
11.258473 18 21 2000000.000000
11.858232 18 15 30000.000000
12.127668 18 20 10000.000000
12.356710 18 19 50000.000000
13.760448 18 12 80000.000000
13.949996 18 21 80000.000000
14.859701 18 14 5000000.000000
14.914042 18 18 80000.000000
15.270197 18 9 10000.000000
16.285790 18 18 10000000.000000
16.355664 18 17 5000000.000000
17.251857 18 13 10000000.000000
17.409489 18 16 80000.000000
17.551743 18 8 30000.000000
17.617214 18 2 30000000.000000
18.185388 18 0 1000000.000000
18.305832 18 7 5000000.000000
18.360929 18 17 50000.000000
18.778890 18 25 80000.000000
19.206346 18 17 2000000.000000
19.757700 18 21 10000.000000
20.122002 18 21 50000.000000
20.216414 18 21 10000.000000
20.516515 18 3 10000.000000
20.536051 18 5 80000.000000
20.843861 18 18 1000000.000000
23.403296 18 23 2000000.000000
23.738754 18 4 20000.000000
23.816225 18 11 80000.000000
24.048646 18 16 5000000.000000
26.516108 18 26 2000000.000000
26.645283 18 14 20000.000000
26.698389 18 5 80000.000000
26.849293 18 12 10000.000000
28.350119 18 18 50000.000000
28.461945 18 2 10000.000000
28.531679 18 19 30000000.000000
29.666847 18 9 2000000.000000
29.959705 18 24 30000.000000
0.357440 19 5 80000.000000
0.484470 19 7 10000.000000
0.629808 19 14 50000.000000
0.635787 19 22 30000.000000
0.657646 19 21 10000.000000
1.036586 19 19 200000.000000
1.858028 19 9 10000.000000
2.924997 19 16 5000000.000000
3.541576 19 14 80000.000000
3.819449 19 22 50000.000000
4.192347 19 14 50000.000000
4.899054 19 7 2000000.000000
6.191818 19 26 1000000.000000
6.544454 19 18 30000.000000
7.089125 19 2 10000000.000000
7.132041 19 10 80000.000000
8.003659 19 7 1000000.000000
8.154347 19 9 200000.000000
8.547792 19 25 2000000.000000
8.870800 19 13 20000.000000
9.128425 19 10 10000.000000
9.380776 19 19 30000.000000
9.797161 19 14 20000.000000
9.974195 19 21 80000.000000
10.061241 19 19 10000000.000000
10.344734 19 6 2000000.000000
10.699522 19 18 1000000.000000
10.885892 19 0 10000.000000
11.051081 19 1 5000000.000000
11.554834 19 15 30000.000000
12.077540 19 7 10000000.000000
13.037084 19 16 30000.000000
13.739576 19 4 10000.000000
13.852628 19 25 2000000.000000
14.109943 19 18 2000000.000000
14.371615 19 11 30000.000000
14.374399 19 7 20000.000000
14.947352 19 26 80000.000000
15.608381 19 1 10000.000000
16.158006 19 16 10000.000000
16.801730 19 25 50000.000000
16.941507 19 4 5000000.000000
17.966098 19 24 80000.000000
18.418154 19 23 2000000.000000
18.422816 19 23 80000.000000
18.825181 19 7 1000000.000000
18.972554 19 14 1000000.000000
20.127745 19 23 10000.000000
20.238313 19 26 50000.000000
20.476660 19 9 1000000.000000
22.731799 19 11 30000.000000
23.929168 19 19 30000.000000
24.400098 19 3 5000000.000000
24.550869 19 17 2000000.000000
24.948576 19 0 1000000.000000
25.249338 19 3 80000.000000
25.454306 19 18 30000.000000
25.955327 19 19 10000000.000000
26.388025 19 12 5000000.000000
26.501401 19 4 80000.000000
26.788556 19 20 1000000.000000
27.187581 19 6 2000000.000000
27.554662 19 13 10000.000000
29.320268 19 14 10000.000000
29.735080 19 2 20000.000000
29.795391 19 3 5000000.000000
0.247643 20 23 10000.000000
0.628737 20 21 5000000.000000
0.658416 20 2 80000.000000
0.659068 20 19 10000000.000000
1.425101 20 23 80000.000000
1.901192 20 21 10000.000000
2.007084 20 3 5000000.000000
2.059662 20 20 10000000.000000
2.152466 20 7 5000000.000000
2.173564 20 18 10000.000000
2.217322 20 24 80000.000000
3.361074 20 13 2000000.000000
4.403898 20 5 5000000.000000
4.599787 20 23 80000.000000
4.798824 20 13 10000.000000
6.862318 20 10 80000.000000
8.549611 20 26 10000.000000
8.601878 20 24 200000.000000
9.061221 20 20 5000000.000000
9.632982 20 8 2000000.000000
10.088035 20 12 80000.000000
11.084764 20 21 1000000.000000
11.199728 20 20 80000.000000
11.762216 20 9 10000.000000
11.808194 20 0 80000.000000
11.928447 20 6 5000000.000000
12.019824 20 14 1000000.000000
12.135609 20 24 1000000.000000
13.399329 20 8 80000.000000
13.663594 20 16 10000.000000
13.835207 20 24 10000000.000000
14.217890 20 20 1000000.000000
15.017152 20 8 30000.000000
15.198701 20 13 10000.000000
16.841820 20 24 30000.000000
17.144546 20 24 10000.000000
17.367834 20 1 30000.000000
17.380162 20 3 20000.000000
17.454598 20 10 10000000.000000
17.698164 20 11 10000.000000
18.175500 20 1 10000.000000
19.203312 20 23 200000.000000
19.230382 20 25 200000.000000
19.887574 20 25 5000000.000000
20.196398 20 18 2000000.000000
20.893983 20 17 1000000.000000
21.751658 20 3 5000000.000000
22.687499 20 0 20000.000000
26.224642 20 7 10000.000000
26.504101 20 7 5000000.000000
27.264995 20 1 10000.000000
27.323767 20 18 2000000.000000
27.725098 20 0 30000.000000
27.731106 20 13 1000000.000000
28.225526 20 11 2000000.000000
29.000614 20 9 30000.000000
29.863374 20 19 2000000.000000
1.265338 21 7 20000.000000
1.418189 21 15 80000.000000
1.798718 21 12 80000.000000
2.064652 21 8 10000000.000000
2.486304 21 11 50000.000000
2.932217 21 19 10000000.000000
3.243777 21 17 200000.000000
3.791417 21 19 5000000.000000
4.690776 21 8 10000000.000000
5.077156 21 18 50000.000000
6.389212 21 1 10000000.000000
7.760303 21 10 10000.000000
8.555108 21 7 50000.000000
9.147505 21 16 80000.000000
13.748871 21 12 20000.000000
13.863514 21 22 10000000.000000
14.041180 21 3 10000.000000
15.250225 21 2 10000000.000000
15.783549 21 7 10000.000000
15.798989 21 24 30000.000000
17.251554 21 16 50000.000000
17.743469 21 8 30000000.000000
18.391381 21 20 30000.000000
19.611356 21 20 2000000.000000
20.307395 21 11 5000000.000000
20.665198 21 16 50000.000000
21.368854 21 7 30000.000000
21.553004 21 5 80000.000000
21.832907 21 26 20000.000000
22.172466 21 20 2000000.000000
23.946202 21 19 10000.000000
24.053965 21 9 50000.000000
25.054080 21 15 200000.000000
27.699928 21 16 10000000.000000
29.640198 21 0 2000000.000000
29.648125 21 3 1000000.000000
0.712987 22 23 10000.000000
0.879003 22 12 10000.000000
1.229270 22 1 80000.000000
1.366956 22 22 10000000.000000
2.439380 22 21 80000.000000
2.462185 22 3 1000000.000000
3.194849 22 16 1000000.000000
3.232601 22 21 5000000.000000
3.669898 22 18 80000.000000
3.985852 22 21 50000.000000
4.859142 22 19 30000.000000
5.721533 22 11 50000.000000
6.213537 22 19 80000.000000
6.312796 22 8 10000.000000
6.383216 22 19 80000.000000
6.445080 22 26 50000.000000
6.668070 22 0 30000.000000
7.106948 22 10 2000000.000000
9.346416 22 6 10000.000000
10.504286 22 19 200000.000000
10.651801 22 6 200000.000000
12.139264 22 18 2000000.000000
12.339163 22 8 50000.000000
12.671698 22 5 20000.000000
13.056410 22 16 30000.000000
13.225056 22 26 30000.000000
13.295556 22 18 1000000.000000
13.819310 22 5 5000000.000000
13.836118 22 16 50000.000000
15.048413 22 9 5000000.000000
15.436922 22 13 10000.000000
15.465094 22 1 50000.000000
15.473594 22 24 80000.000000
17.709109 22 4 200000.000000
17.820466 22 6 80000.000000
18.446088 22 20 2000000.000000
19.840236 22 13 80000.000000
20.330532 22 13 50000.000000
22.151162 22 2 30000.000000
22.917896 22 11 10000.000000
22.945776 22 18 10000.000000
23.312377 22 16 80000.000000
23.725833 22 26 200000.000000
24.081685 22 26 80000.000000
24.376270 22 12 5000000.000000
24.499192 22 1 50000.000000
25.037957 22 21 80000.000000
26.876555 22 17 2000000.000000
27.090768 22 14 10000000.000000
27.440969 22 0 1000000.000000
28.345841 22 23 10000.000000
29.020207 22 21 80000.000000
29.060054 22 25 10000.000000
29.603230 22 21 50000.000000
29.608325 22 16 80000.000000
1.276890 23 9 20000.000000
1.807884 23 20 80000.000000
2.672852 23 11 5000000.000000
2.944178 23 14 10000.000000
2.976703 23 12 80000.000000
3.738990 23 23 200000.000000
3.896291 23 3 50000.000000
3.921718 23 5 10000.000000
4.187263 23 14 10000.000000
4.217163 23 19 80000.000000
5.091767 23 17 5000000.000000
6.462316 23 23 1000000.000000
6.913676 23 4 200000.000000
8.422002 23 24 2000000.000000
8.703303 23 11 10000000.000000
8.942584 23 8 80000.000000
9.323237 23 26 50000.000000
9.530557 23 13 5000000.000000
9.570290 23 26 80000.000000
9.919554 23 10 10000.000000
13.532618 23 4 30000000.000000
13.632390 23 14 5000000.000000
13.920330 23 2 5000000.000000
15.982261 23 16 10000000.000000
16.419889 23 0 5000000.000000
16.999465 23 19 1000000.000000
18.212452 23 14 80000.000000
18.741133 23 17 30000.000000
19.685858 23 25 1000000.000000
20.291586 23 5 80000.000000
20.889536 23 6 50000.000000
20.923587 23 8 2000000.000000
20.982064 23 3 10000.000000
21.245696 23 5 10000.000000
21.536176 23 26 30000.000000
22.128523 23 3 200000.000000
22.174828 23 10 10000.000000
22.736414 23 0 1000000.000000
22.886107 23 9 5000000.000000
23.334247 23 17 30000.000000
23.419548 23 4 10000.000000
23.581398 23 15 10000.000000
23.712273 23 24 5000000.000000
26.478428 23 14 80000.000000
26.666631 23 14 10000000.000000
26.779783 23 11 10000.000000
26.872951 23 10 80000.000000
27.309588 23 15 10000.000000
28.174084 23 19 80000.000000
28.282046 23 5 1000000.000000
28.690544 23 8 50000.000000
29.032970 23 0 10000.000000
29.390822 23 25 2000000.000000
29.898535 23 9 5000000.000000
0.207430 24 23 30000.000000
0.440829 24 21 30000000.000000
0.613471 24 9 200000.000000
1.557026 24 23 20000.000000
4.557905 24 19 80000.000000
5.486795 24 8 80000.000000
6.118473 24 7 10000.000000
6.203035 24 17 20000.000000
6.307353 24 5 50000.000000
6.402724 24 19 30000.000000
6.481229 24 26 5000000.000000
8.222532 24 21 10000.000000
8.608555 24 21 2000000.000000
9.282188 24 4 30000.000000
9.949447 24 11 50000.000000
10.273809 24 4 2000000.000000
12.013123 24 14 10000.000000
12.099714 24 12 50000.000000
13.424894 24 23 50000.000000
13.653480 24 8 1000000.000000
13.824023 24 23 2000000.000000
14.262215 24 1 2000000.000000
14.753589 24 2 200000.000000
15.203519 24 25 200000.000000
15.503729 24 23 30000.000000
15.672110 24 21 50000.000000
15.683991 24 4 30000.000000
15.819733 24 8 5000000.000000
16.238176 24 15 20000.000000
16.392919 24 23 10000.000000
17.162970 24 15 1000000.000000
17.760175 24 12 1000000.000000
18.438558 24 15 10000.000000
21.773803 24 20 10000.000000
21.885061 24 11 20000.000000
22.057452 24 22 2000000.000000
22.187874 24 23 5000000.000000
22.231546 24 16 50000.000000
22.435611 24 14 10000000.000000
22.715043 24 22 5000000.000000
23.707726 24 21 30000.000000
23.878681 24 11 50000.000000
24.280883 24 26 30000.000000
24.467749 24 3 1000000.000000
24.919131 24 9 5000000.000000
25.728219 24 3 80000.000000
25.807592 24 5 10000.000000
26.215455 24 21 2000000.000000
26.985301 24 17 30000.000000
27.115155 24 0 10000.000000
27.486209 24 5 200000.000000
28.368906 24 14 5000000.000000
29.060857 24 18 5000000.000000
29.131101 24 4 50000.000000
29.878651 24 22 1000000.000000
0.918512 25 9 10000.000000
1.093802 25 22 80000.000000
1.349289 25 21 10000.000000
2.174793 25 17 200000.000000
3.796842 25 25 1000000.000000
3.961374 25 1 80000.000000
4.311418 25 3 50000.000000
5.002520 25 21 2000000.000000
6.652769 25 22 5000000.000000
6.886088 25 1 10000.000000
7.716635 25 2 80000.000000
8.389566 25 6 30000.000000
8.850536 25 23 80000.000000
9.548686 25 24 10000.000000
10.967992 25 7 80000.000000
11.056543 25 5 10000.000000
11.438057 25 25 2000000.000000
12.175679 25 26 5000000.000000
12.205085 25 11 10000000.000000
12.339970 25 21 10000.000000
12.867903 25 21 30000.000000
13.150104 25 15 30000.000000
13.475216 25 8 30000.000000
13.786313 25 0 5000000.000000
13.840914 25 9 10000.000000
14.038040 25 14 10000.000000
14.912143 25 23 80000.000000
15.140528 25 5 2000000.000000
15.598920 25 6 10000.000000
15.864465 25 24 50000.000000
16.609176 25 0 1000000.000000
17.232688 25 18 200000.000000
17.302855 25 19 1000000.000000
18.372041 25 23 5000000.000000
19.857749 25 12 2000000.000000
20.623069 25 17 2000000.000000
20.695140 25 2 10000.000000
20.822777 25 9 2000000.000000
21.061175 25 3 10000000.000000
22.253419 25 2 10000.000000
22.640938 25 26 10000.000000
22.673116 25 13 80000.000000
23.612096 25 14 20000.000000
23.754031 25 19 200000.000000
24.113635 25 26 10000.000000
24.222501 25 22 5000000.000000
24.258438 25 8 30000000.000000
24.622159 25 3 5000000.000000
24.991588 25 9 50000.000000
25.466107 25 9 5000000.000000
25.865254 25 16 10000.000000
27.053096 25 6 2000000.000000
27.497204 25 10 30000000.000000
27.675827 25 2 10000.000000
29.150008 25 2 20000.000000
29.221026 25 5 80000.000000
29.338887 25 26 50000.000000
0.451373 26 1 30000.000000
0.968104 26 15 1000000.000000
1.621989 26 23 30000.000000
1.744924 26 14 30000.000000
1.889477 26 19 1000000.000000
1.963388 26 11 80000.000000
2.754504 26 13 80000.000000
2.896385 26 21 1000000.000000
3.537876 26 20 10000000.000000
3.766995 26 0 5000000.000000
3.989528 26 3 80000.000000
4.362529 26 19 1000000.000000
5.309856 26 3 50000.000000
5.627171 26 15 10000.000000
5.919803 26 16 10000.000000
8.173801 26 15 10000.000000
9.362870 26 18 80000.000000
10.120525 26 15 30000.000000
11.659243 26 24 200000.000000
13.174256 26 22 5000000.000000
14.013216 26 25 5000000.000000
15.314980 26 1 10000.000000
15.410127 26 16 2000000.000000
15.413395 26 1 30000.000000
15.697651 26 6 1000000.000000
15.832620 26 13 10000000.000000
16.960263 26 17 80000.000000
18.288509 26 20 20000.000000
18.488919 26 20 10000000.000000
18.578198 26 6 1000000.000000
18.683041 26 1 5000000.000000
18.952582 26 15 80000.000000
19.195913 26 4 200000.000000
20.129821 26 23 80000.000000
20.189070 26 5 30000.000000
20.353336 26 22 5000000.000000
21.015563 26 14 2000000.000000
21.159428 26 9 10000.000000
21.272916 26 19 5000000.000000
21.337059 26 17 2000000.000000
21.711062 26 1 5000000.000000
22.261196 26 13 10000.000000
23.155688 26 13 2000000.000000
23.708663 26 17 2000000.000000
24.515110 26 8 10000.000000
24.565278 26 4 5000000.000000
25.549208 26 23 30000.000000
26.003241 26 18 2000000.000000
26.400830 26 22 10000000.000000
26.558992 26 17 80000.000000
26.890951 26 22 10000.000000
26.943263 26 9 80000.000000
26.981273 26 9 50000.000000
