0.240436 0 17 200000.000000
0.923792 0 4 10000.000000
1.567158 0 25 50000.000000
2.149266 0 23 200000.000000
3.765726 0 3 50000.000000
3.803934 0 24 80000.000000
5.623853 0 2 50000.000000
6.584942 0 5 80000.000000
6.918941 0 15 10000.000000
7.191120 0 0 10000.000000
9.469750 0 22 200000.000000
10.037893 0 17 10000000.000000
11.226687 0 4 2000000.000000
11.404935 0 7 2000000.000000
11.476403 0 21 10000.000000
11.603144 0 25 30000.000000
11.764893 0 23 5000000.000000
11.843989 0 19 200000.000000
12.483473 0 20 80000.000000
12.508304 0 17 1000000.000000
12.775735 0 4 10000.000000
13.891539 0 2 80000.000000
13.968672 0 3 10000.000000
14.047114 0 15 1000000.000000
16.612912 0 3 1000000.000000
16.782194 0 19 200000.000000
16.921371 0 5 200000.000000
17.596706 0 25 80000.000000
17.753195 0 7 2000000.000000
17.930526 0 0 20000.000000
18.094746 0 10 30000.000000
18.636632 0 18 1000000.000000
18.814518 0 6 50000.000000
19.108728 0 21 50000.000000
19.693071 0 15 50000.000000
21.538319 0 11 50000.000000
21.934750 0 16 2000000.000000
22.063402 0 3 5000000.000000
22.291460 0 26 30000.000000
22.356119 0 26 30000000.000000
22.543894 0 2 2000000.000000
22.947314 0 7 50000.000000
23.009513 0 16 10000.000000
23.683035 0 6 10000.000000
24.158820 0 16 20000.000000
24.382322 0 3 50000.000000
24.651188 0 20 50000.000000
25.299681 0 26 30000.000000
25.522873 0 22 20000.000000
25.736005 0 15 20000.000000
26.810366 0 21 20000.000000
27.253628 0 8 10000.000000
27.990276 0 3 5000000.000000
28.418878 0 2 2000000.000000
28.575075 0 8 10000000.000000
29.394062 0 10 1000000.000000
0.192166 1 8 50000.000000
1.036825 1 18 10000.000000
1.189395 1 1 10000000.000000
1.877772 1 26 5000000.000000
2.514245 1 8 10000.000000
2.638558 1 21 20000.000000
2.876197 1 13 2000000.000000
3.101899 1 6 20000.000000
3.117484 1 2 10000.000000
3.229241 1 24 80000.000000
4.797364 1 11 80000.000000
5.045441 1 7 1000000.000000
6.051179 1 21 5000000.000000
6.056329 1 21 80000.000000
6.617398 1 16 50000.000000
8.070358 1 2 200000.000000
9.453979 1 11 30000.000000
11.086124 1 0 1000000.000000
11.602408 1 22 80000.000000
12.098325 1 7 2000000.000000
12.713320 1 18 50000.000000
13.212534 1 21 80000.000000
13.500359 1 26 5000000.000000
14.229603 1 7 30000000.000000
15.952735 1 0 200000.000000
16.057179 1 15 10000.000000
16.364700 1 14 10000.000000
17.478517 1 3 5000000.000000
17.537523 1 26 50000.000000
17.903929 1 0 2000000.000000
18.341054 1 19 80000.000000
18.654621 1 3 80000.000000
19.370872 1 12 10000.000000
19.524468 1 21 50000.000000
20.376591 1 3 20000.000000
22.012177 1 0 80000.000000
22.041924 1 8 1000000.000000
22.642032 1 19 200000.000000
23.296772 1 0 1000000.000000
23.343482 1 14 30000000.000000
23.385048 1 19 10000.000000
24.644255 1 1 30000.000000
24.951427 1 3 80000.000000
25.851656 1 15 10000.000000
25.854975 1 7 80000.000000
26.420935 1 18 1000000.000000
26.752412 1 23 2000000.000000
26.866173 1 19 1000000.000000
27.153820 1 25 1000000.000000
28.373600 1 22 2000000.000000
0.044638 2 19 2000000.000000
0.354882 2 0 10000000.000000
0.636928 2 11 30000.000000
0.807887 2 13 80000.000000
0.894694 2 8 1000000.000000
1.030390 2 0 1000000.000000
1.214452 2 19 20000.000000
2.205106 2 7 10000000.000000
2.574077 2 11 200000.000000
2.819446 2 24 10000.000000
2.894134 2 15 80000.000000
3.074774 2 7 10000000.000000
5.470067 2 26 5000000.000000
5.656817 2 26 200000.000000
6.704554 2 17 1000000.000000
6.846513 2 3 10000000.000000
7.715389 2 5 20000.000000
8.044473 2 15 50000.000000
8.163185 2 1 10000000.000000
8.487432 2 16 10000000.000000
8.881363 2 6 10000000.000000
9.463244 2 25 50000.000000
10.925174 2 12 10000.000000
13.073699 2 20 50000.000000
17.529110 2 5 5000000.000000
17.662645 2 4 30000.000000
18.221672 2 12 5000000.000000
18.911108 2 11 10000.000000
19.008708 2 15 2000000.000000
19.500416 2 14 20000.000000
20.017840 2 20 200000.000000
20.552044 2 19 80000.000000
21.433816 2 26 80000.000000
21.963548 2 4 2000000.000000
22.210205 2 13 50000.000000
23.413334 2 14 10000.000000
23.634593 2 15 50000.000000
23.645761 2 18 10000000.000000
23.666668 2 7 20000.000000
23.821216 2 13 2000000.000000
24.304841 2 8 80000.000000
26.009947 2 0 50000.000000
26.108246 2 6 1000000.000000
27.219280 2 20 5000000.000000
28.309281 2 10 1000000.000000
28.772235 2 15 10000000.000000
28.855623 2 3 30000.000000
29.792307 2 18 10000000.000000
0.705495 3 4 2000000.000000
0.961529 3 7 20000.000000
2.573921 3 20 10000000.000000
2.685667 3 11 10000000.000000
2.999868 3 22 10000.000000
4.651510 3 15 50000.000000
5.566065 3 19 5000000.000000
5.570897 3 20 2000000.000000
6.124100 3 24 10000.000000
6.326850 3 25 80000.000000
6.520749 3 21 200000.000000
6.596517 3 14 2000000.000000
6.749176 3 4 80000.000000
7.962424 3 24 50000.000000
8.609072 3 26 20000.000000
8.641641 3 25 80000.000000
8.739381 3 4 10000.000000
8.748678 3 11 10000.000000
9.508544 3 26 5000000.000000
9.512272 3 0 10000000.000000
11.076108 3 2 10000.000000
11.233002 3 13 1000000.000000
13.078512 3 6 10000.000000
13.312288 3 16 1000000.000000
14.193616 3 16 200000.000000
14.284355 3 11 10000.000000
16.032727 3 23 200000.000000
16.170817 3 19 50000.000000
16.468292 3 17 10000.000000
16.504393 3 24 5000000.000000
17.134609 3 9 10000.000000
17.204271 3 9 30000.000000
17.965282 3 17 1000000.000000
18.089062 3 16 50000.000000
19.605111 3 20 10000.000000
19.723387 3 16 10000000.000000
19.731902 3 21 10000.000000
19.795735 3 12 30000000.000000
20.373917 3 14 10000.000000
20.447476 3 8 5000000.000000
20.458056 3 16 30000.000000
20.784038 3 18 5000000.000000
21.863994 3 7 2000000.000000
21.965501 3 2 80000.000000
22.294980 3 16 30000000.000000
22.460963 3 18 1000000.000000
22.559764 3 10 2000000.000000
23.034689 3 6 5000000.000000
23.118527 3 10 80000.000000
23.141498 3 22 80000.000000
23.505904 3 1 80000.000000
23.970709 3 5 1000000.000000
24.269632 3 19 200000.000000
24.610867 3 0 2000000.000000
25.049181 3 18 2000000.000000
25.341681 3 15 10000000.000000
26.392841 3 5 10000.000000
26.655163 3 9 5000000.000000
27.216168 3 7 10000.000000
28.226993 3 25 1000000.000000
28.235368 3 15 2000000.000000
0.029502 4 0 1000000.000000
0.237122 4 23 30000.000000
0.556519 4 4 80000.000000
0.785396 4 7 20000.000000
2.362751 4 15 1000000.000000
3.291068 4 16 5000000.000000
4.218144 4 8 30000.000000
4.511911 4 26 80000.000000
5.006334 4 4 20000.000000
5.088447 4 21 1000000.000000
5.164834 4 4 2000000.000000
6.170868 4 16 10000000.000000
6.376607 4 1 80000.000000
6.943759 4 3 10000.000000
6.971455 4 8 10000.000000
7.230262 4 22 5000000.000000
8.010402 4 6 5000000.000000
8.328105 4 21 2000000.000000
9.092716 4 13 50000.000000
9.752745 4 15 80000.000000
9.931390 4 15 10000.000000
10.592838 4 11 5000000.000000
11.254939 4 18 5000000.000000
11.281746 4 10 50000.000000
11.478414 4 18 10000.000000
11.636159 4 4 10000.000000
11.699315 4 20 1000000.000000
12.599479 4 24 10000000.000000
13.105356 4 16 1000000.000000
14.237154 4 0 2000000.000000
14.268339 4 8 50000.000000
15.350527 4 12 10000.000000
16.504349 4 2 30000.000000
16.558017 4 19 1000000.000000
17.231837 4 12 5000000.000000
17.318927 4 6 1000000.000000
17.327407 4 17 80000.000000
17.374287 4 13 5000000.000000
17.543613 4 18 80000.000000
17.578169 4 20 30000.000000
17.911224 4 5 20000.000000
19.108765 4 20 50000.000000
19.340756 4 7 80000.000000
19.693985 4 10 10000.000000
19.999319 4 23 50000.000000
20.068550 4 26 50000.000000
20.742063 4 21 50000.000000
21.063026 4 12 10000000.000000
21.294507 4 6 30000.000000
21.740448 4 11 30000.000000
21.860576 4 2 20000.000000
22.599443 4 8 10000.000000
23.417002 4 25 80000.000000
24.258257 4 17 5000000.000000
24.361646 4 22 1000000.000000
24.367666 4 14 80000.000000
24.922207 4 12 10000.000000
26.205960 4 16 2000000.000000
26.300523 4 18 30000.000000
26.727599 4 5 2000000.000000
27.546184 4 25 80000.000000
27.569530 4 23 10000000.000000
29.405373 4 5 1000000.000000
29.437930 4 4 30000000.000000
0.005855 5 3 30000000.000000
0.625026 5 19 10000000.000000
0.753699 5 11 10000.000000
0.800283 5 13 5000000.000000
1.951542 5 11 80000.000000
1.979163 5 14 10000.000000
2.879195 5 18 5000000.000000
3.716285 5 24 80000.000000
4.215748 5 13 200000.000000
4.415111 5 12 80000.000000
5.162173 5 17 30000000.000000
5.337649 5 24 200000.000000
6.535483 5 11 10000.000000
7.535740 5 23 50000.000000
7.679341 5 8 5000000.000000
9.267598 5 16 80000.000000
9.966584 5 9 1000000.000000
10.070335 5 5 10000.000000
10.542144 5 15 80000.000000
11.186121 5 19 80000.000000
11.504192 5 11 200000.000000
12.021145 5 11 200000.000000
12.840648 5 24 2000000.000000
14.229732 5 22 5000000.000000
15.371801 5 26 30000.000000
16.026800 5 21 2000000.000000
16.028091 5 3 1000000.000000
16.077675 5 4 30000.000000
17.471894 5 17 50000.000000
17.918413 5 8 5000000.000000
19.027944 5 21 80000.000000
19.339236 5 25 10000.000000
19.433771 5 12 80000.000000
19.977873 5 25 10000000.000000
20.702961 5 0 10000.000000
21.052061 5 4 80000.000000
21.105392 5 13 10000.000000
23.362883 5 18 200000.000000
23.446873 5 13 10000.000000
23.781160 5 0 30000.000000
23.866235 5 0 2000000.000000
24.133246 5 2 10000.000000
26.323069 5 1 10000000.000000
26.527795 5 23 30000.000000
26.694313 5 1 80000.000000
26.880781 5 6 10000.000000
27.311594 5 7 10000.000000
28.335307 5 16 1000000.000000
28.443155 5 13 2000000.000000
28.674839 5 24 10000.000000
29.036660 5 9 10000.000000
0.179325 6 13 5000000.000000
0.250786 6 7 30000.000000
0.339511 6 12 30000000.000000
0.516938 6 24 5000000.000000
1.314676 6 22 1000000.000000
1.774019 6 22 5000000.000000
1.783352 6 5 10000.000000
4.019368 6 26 200000.000000
4.211230 6 4 200000.000000
4.367626 6 22 10000.000000
4.461093 6 1 80000.000000
6.006090 6 21 30000.000000
6.648697 6 0 20000.000000
6.858971 6 25 30000.000000
6.967017 6 26 2000000.000000
7.234309 6 4 80000.000000
7.424780 6 25 80000.000000
7.868011 6 22 1000000.000000
8.217951 6 21 10000000.000000
8.255587 6 11 20000.000000
9.156715 6 5 1000000.000000
9.936651 6 8 50000.000000
10.344627 6 7 50000.000000
10.926404 6 1 2000000.000000
11.426844 6 13 10000000.000000
11.615645 6 1 10000.000000
12.310387 6 4 80000.000000
12.397521 6 26 10000.000000
12.809148 6 7 5000000.000000
12.869216 6 6 10000000.000000
13.364202 6 10 10000.000000
13.669783 6 24 5000000.000000
14.442012 6 11 10000000.000000
14.717181 6 7 10000.000000
15.039314 6 1 200000.000000
15.502819 6 0 200000.000000
17.204658 6 2 30000.000000
17.238749 6 6 80000.000000
17.644042 6 21 30000000.000000
17.973780 6 11 10000.000000
17.973924 6 20 80000.000000
18.373640 6 15 5000000.000000
19.458257 6 12 10000.000000
19.774662 6 6 10000.000000
21.066370 6 17 30000.000000
21.613977 6 4 20000.000000
23.023924 6 13 50000.000000
23.121274 6 25 80000.000000
25.001612 6 9 1000000.000000
25.353030 6 8 30000.000000
25.558836 6 2 30000.000000
25.641001 6 6 10000000.000000
25.871065 6 10 10000000.000000
26.020149 6 3 30000.000000
26.572803 6 9 30000.000000
26.710893 6 5 5000000.000000
27.638433 6 4 1000000.000000
28.433492 6 5 30000.000000
28.689226 6 13 2000000.000000
29.676087 6 14 50000.000000
0.481273 7 14 30000.000000
1.172399 7 20 10000000.000000
1.496811 7 8 10000.000000
1.892611 7 2 10000.000000
1.987331 7 17 80000.000000
2.167486 7 17 80000.000000
2.514910 7 23 30000.000000
2.924257 7 13 5000000.000000
3.249847 7 24 50000.000000
3.631605 7 0 1000000.000000
3.645839 7 25 10000.000000
3.785819 7 15 50000.000000
4.390934 7 16 50000.000000
4.474565 7 24 200000.000000
4.509001 7 21 80000.000000
5.173365 7 22 1000000.000000
5.426272 7 18 80000.000000
5.653337 7 13 5000000.000000
6.511418 7 0 1000000.000000
6.878354 7 5 50000.000000
7.200190 7 4 50000.000000
7.808575 7 26 50000.000000
8.188102 7 7 2000000.000000
8.794481 7 24 50000.000000
10.607825 7 6 5000000.000000
11.051058 7 17 2000000.000000
11.195268 7 8 1000000.000000
11.209331 7 12 1000000.000000
11.319892 7 14 50000.000000
11.458932 7 16 2000000.000000
12.057647 7 9 20000.000000
12.476064 7 22 30000000.000000
12.704661 7 15 1000000.000000
12.707548 7 4 2000000.000000
12.733242 7 3 5000000.000000
12.766000 7 21 5000000.000000
12.771867 7 21 30000000.000000
12.922118 7 13 2000000.000000
13.037982 7 5 30000000.000000
13.980223 7 22 10000000.000000
14.592266 7 13 30000.000000
14.606992 7 21 30000.000000
15.112818 7 6 30000000.000000
15.451929 7 8 80000.000000
15.884105 7 4 30000.000000
15.897735 7 8 10000.000000
15.963637 7 24 20000.000000
18.685873 7 18 200000.000000
18.766441 7 6 80000.000000
18.891735 7 16 10000.000000
19.475368 7 21 50000.000000
19.581625 7 22 200000.000000
19.816660 7 20 10000.000000
20.134966 7 16 30000.000000
20.266139 7 8 80000.000000
20.563968 7 15 80000.000000
21.595790 7 13 80000.000000
21.648640 7 4 1000000.000000
22.024471 7 5 5000000.000000
22.600224 7 19 5000000.000000
24.677869 7 25 80000.000000
24.715260 7 12 10000.000000
24.769852 7 8 80000.000000
24.927134 7 23 50000.000000
25.418711 7 15 80000.000000
26.153917 7 2 5000000.000000
27.109025 7 1 50000.000000
28.158945 7 13 30000.000000
28.237528 7 22 30000.000000
28.505459 7 8 1000000.000000
28.618194 7 4 1000000.000000
29.633207 7 2 200000.000000
29.921056 7 23 80000.000000
0.319299 8 26 1000000.000000
0.751517 8 24 10000000.000000
1.264394 8 0 50000.000000
1.296625 8 23 80000.000000
1.592324 8 7 80000.000000
2.770448 8 22 10000.000000
3.147050 8 25 80000.000000
3.353761 8 21 30000.000000
4.214862 8 9 80000.000000
4.426989 8 14 1000000.000000
4.630590 8 16 10000.000000
5.070301 8 14 30000.000000
7.120269 8 1 2000000.000000
7.903462 8 10 80000.000000
8.289506 8 25 10000.000000
10.797082 8 14 200000.000000
11.307076 8 24 10000.000000
13.296477 8 21 5000000.000000
13.406775 8 23 80000.000000
14.048495 8 15 200000.000000
14.469362 8 0 30000.000000
14.590189 8 11 2000000.000000
17.740834 8 10 30000.000000
17.760215 8 15 80000.000000
17.857621 8 0 1000000.000000
18.634062 8 19 80000.000000
19.379093 8 11 1000000.000000
20.443772 8 3 10000.000000
21.655045 8 3 1000000.000000
22.518550 8 20 30000.000000
23.008592 8 9 5000000.000000
23.779507 8 20 10000.000000
24.580013 8 24 50000.000000
25.011301 8 8 10000.000000
25.035697 8 9 2000000.000000
26.648576 8 1 1000000.000000
26.993822 8 23 5000000.000000
27.178500 8 24 10000.000000
27.322882 8 18 80000.000000
27.415075 8 3 50000.000000
27.605540 8 3 50000.000000
28.229918 8 13 10000000.000000
28.258666 8 8 80000.000000
28.406664 8 4 10000000.000000
28.448804 8 18 10000.000000
28.639820 8 18 5000000.000000
28.813898 8 10 80000.000000
28.845702 8 11 80000.000000
29.098126 8 14 10000000.000000
29.548020 8 16 1000000.000000
1.192448 9 22 5000000.000000
1.798250 9 22 20000.000000
1.819199 9 18 30000.000000
1.961323 9 3 50000.000000
2.308467 9 10 80000.000000
3.138021 9 6 5000000.000000
3.166729 9 7 10000.000000
3.454014 9 17 50000.000000
6.457745 9 24 50000.000000
7.015932 9 5 1000000.000000
7.397824 9 24 10000.000000
8.893323 9 5 2000000.000000
8.996305 9 23 200000.000000
9.706102 9 19 5000000.000000
9.820834 9 14 50000.000000
11.123062 9 11 2000000.000000
12.206995 9 3 80000.000000
12.966993 9 17 80000.000000
13.388422 9 5 2000000.000000
13.542911 9 9 5000000.000000
13.992017 9 4 80000.000000
14.498873 9 18 1000000.000000
15.126283 9 23 80000.000000
15.815229 9 5 200000.000000
15.871971 9 9 10000000.000000
15.945277 9 25 20000.000000
16.741094 9 11 2000000.000000
16.871558 9 19 30000000.000000
17.085656 9 8 30000.000000
17.707085 9 11 10000000.000000
18.210693 9 9 80000.000000
19.214102 9 21 5000000.000000
19.381075 9 8 20000.000000
20.120090 9 7 10000.000000
20.153580 9 9 10000.000000
20.630089 9 17 2000000.000000
22.395054 9 10 1000000.000000
25.013867 9 4 20000.000000
25.030964 9 7 80000.000000
25.575281 9 16 80000.000000
25.886977 9 25 30000000.000000
27.361260 9 0 10000000.000000
27.555042 9 6 2000000.000000
27.901838 9 11 30000.000000
28.087927 9 4 50000.000000
29.453395 9 0 10000.000000
1.331399 10 23 10000000.000000
1.381163 10 25 2000000.000000
1.558495 10 22 2000000.000000
2.905221 10 17 10000.000000
2.942177 10 1 2000000.000000
3.296313 10 7 10000000.000000
4.046787 10 22 50000.000000
4.347892 10 23 1000000.000000
4.369257 10 10 5000000.000000
4.592048 10 23 5000000.000000
6.044023 10 16 5000000.000000
6.208614 10 11 30000.000000
6.410034 10 5 30000.000000
6.780174 10 16 10000.000000
8.957811 10 23 1000000.000000
9.119970 10 0 10000000.000000
10.300094 10 26 20000.000000
10.409504 10 24 2000000.000000
11.009073 10 25 10000.000000
11.645163 10 15 2000000.000000
12.100327 10 0 5000000.000000
12.391778 10 16 30000.000000
12.769834 10 23 30000.000000
13.443019 10 2 20000.000000
14.264667 10 14 80000.000000
14.584808 10 19 10000.000000
15.052549 10 0 10000000.000000
15.962833 10 5 200000.000000
16.760932 10 4 2000000.000000
18.136177 10 19 5000000.000000
18.746849 10 10 5000000.000000
19.468085 10 19 80000.000000
19.967660 10 22 80000.000000
20.915164 10 20 200000.000000
20.996292 10 9 10000.000000
21.113347 10 9 30000.000000
21.232781 10 19 10000.000000
21.487852 10 10 1000000.000000
22.205984 10 0 5000000.000000
23.559880 10 26 200000.000000
24.001921 10 16 80000.000000
24.227969 10 18 50000.000000
24.411274 10 0 10000000.000000
24.468638 10 26 10000.000000
25.109619 10 6 10000.000000
25.574541 10 20 80000.000000
26.249504 10 15 30000.000000
26.538014 10 4 200000.000000
28.010729 10 7 20000.000000
28.138589 10 20 30000.000000
28.392312 10 21 10000.000000
28.602925 10 14 1000000.000000
28.628247 10 6 10000.000000
29.414955 10 7 80000.000000
29.667343 10 26 1000000.000000
0.476135 11 10 5000000.000000
0.934636 11 3 10000.000000
1.038582 11 9 10000.000000
2.367968 11 3 1000000.000000
2.992773 11 12 20000.000000
3.175215 11 4 200000.000000
3.371447 11 15 20000.000000
3.774488 11 22 20000.000000
4.243201 11 7 10000.000000
4.319428 11 5 80000.000000
5.227784 11 7 20000.000000
5.726716 11 25 50000.000000
6.028389 11 17 80000.000000
6.290272 11 8 30000.000000
7.636183 11 0 2000000.000000
7.683310 11 20 10000000.000000
7.770125 11 0 200000.000000
8.043118 11 0 50000.000000
8.401242 11 20 10000.000000
9.191483 11 6 2000000.000000
10.325350 11 2 10000.000000
12.495409 11 15 80000.000000
13.912663 11 7 1000000.000000
14.207004 11 25 200000.000000
14.217419 11 2 10000.000000
15.043651 11 21 200000.000000
15.916456 11 18 80000.000000
16.135135 11 20 1000000.000000
16.181390 11 12 30000.000000
16.320800 11 22 10000.000000
16.418639 11 25 50000.000000
16.781896 11 11 1000000.000000
16.987444 11 5 10000.000000
17.313503 11 24 1000000.000000
17.471617 11 20 10000000.000000
22.340096 11 19 200000.000000
22.865343 11 19 30000.000000
23.054006 11 12 5000000.000000
25.879396 11 22 5000000.000000
25.940606 11 20 30000.000000
26.033179 11 2 30000000.000000
26.729317 11 23 2000000.000000
26.829899 11 11 1000000.000000
26.908011 11 7 10000.000000
28.170978 11 7 5000000.000000
29.883432 11 14 10000000.000000
0.657782 12 11 1000000.000000
0.679653 12 21 20000.000000
2.239835 12 4 10000.000000
2.346303 12 3 10000.000000
2.658784 12 0 30000.000000
2.775927 12 20 200000.000000
2.820362 12 7 20000.000000
3.874592 12 9 80000.000000
4.133165 12 21 50000.000000
7.265879 12 16 80000.000000
7.736601 12 21 10000.000000
8.511167 12 11 50000.000000
9.077986 12 22 1000000.000000
9.590890 12 6 5000000.000000
10.808109 12 14 10000.000000
12.242374 12 14 2000000.000000
13.157345 12 13 50000.000000
13.241029 12 3 80000.000000
13.587380 12 15 50000.000000
14.241507 12 4 80000.000000
14.686556 12 6 1000000.000000
14.722836 12 25 10000.000000
15.651419 12 9 200000.000000
16.831232 12 5 5000000.000000
17.283097 12 14 80000.000000
17.451991 12 21 5000000.000000
17.635840 12 0 200000.000000
21.725439 12 18 80000.000000
22.706613 12 2 20000.000000
23.296967 12 14 2000000.000000
23.517279 12 12 10000.000000
24.297161 12 15 10000000.000000
24.565344 12 25 80000.000000
25.395406 12 4 80000.000000
25.754553 12 3 10000.000000
26.963027 12 8 50000.000000
27.183038 12 7 1000000.000000
27.463681 12 12 80000.000000
28.484948 12 18 1000000.000000
28.553818 12 24 20000.000000
29.788462 12 16 20000.000000
0.354508 13 18 30000.000000
1.179785 13 14 30000.000000
1.773310 13 1 10000000.000000
2.128025 13 11 10000.000000
2.640000 13 6 20000.000000
3.426139 13 6 1000000.000000
3.498542 13 10 1000000.000000
4.872922 13 19 1000000.000000
5.028745 13 12 5000000.000000
5.324957 13 24 2000000.000000
5.361686 13 21 2000000.000000
5.440450 13 4 1000000.000000
5.519643 13 25 1000000.000000
6.434946 13 13 20000.000000
6.535158 13 16 10000000.000000
8.533822 13 19 5000000.000000
8.539951 13 24 10000.000000
8.548505 13 5 80000.000000
8.781704 13 23 10000.000000
10.049918 13 19 30000.000000
10.297774 13 18 30000.000000
10.725345 13 2 80000.000000
11.228843 13 7 10000.000000
13.141749 13 17 10000.000000
13.165150 13 6 50000.000000
13.502805 13 18 20000.000000
14.166088 13 23 20000.000000
14.689076 13 23 10000000.000000
15.037069 13 7 20000.000000
15.530401 13 21 1000000.000000
15.741667 13 7 10000.000000
18.181015 13 20 50000.000000
18.504443 13 9 20000.000000
19.575498 13 19 2000000.000000
19.688366 13 5 80000.000000
19.869235 13 13 1000000.000000
19.960743 13 14 80000.000000
20.853676 13 14 80000.000000
20.876158 13 26 5000000.000000
21.315594 13 19 30000000.000000
21.723958 13 23 5000000.000000
22.562231 13 21 50000.000000
22.638031 13 23 10000.000000
24.080595 13 2 5000000.000000
24.174711 13 22 30000000.000000
25.800960 13 16 80000.000000
25.928262 13 0 80000.000000
26.607029 13 22 10000.000000
26.705505 13 25 20000.000000
27.460917 13 20 10000000.000000
27.561088 13 14 10000000.000000
28.085257 13 4 30000.000000
28.522826 13 21 2000000.000000
28.855803 13 12 5000000.000000
28.886308 13 1 5000000.000000
29.324164 13 3 50000.000000
29.510013 13 20 200000.000000
29.558545 13 17 30000.000000
29.744635 13 10 1000000.000000
29.900617 13 25 5000000.000000
0.165419 14 22 10000.000000
1.007696 14 7 10000.000000
1.364610 14 2 200000.000000
3.081693 14 9 30000.000000
3.455922 14 6 1000000.000000
3.552953 14 19 10000000.000000
4.465129 14 8 50000.000000
4.547309 14 0 80000.000000
5.168411 14 5 10000.000000
5.624722 14 17 30000.000000
6.019422 14 21 2000000.000000
7.007207 14 20 30000.000000
7.259308 14 8 30000000.000000
7.283299 14 25 50000.000000
8.626395 14 9 20000.000000
10.255589 14 12 2000000.000000
10.497554 14 16 10000.000000
10.552968 14 4 5000000.000000
11.889192 14 10 1000000.000000
12.737971 14 19 30000000.000000
13.114558 14 5 5000000.000000
13.202441 14 4 5000000.000000
13.860925 14 13 30000.000000
14.176727 14 21 5000000.000000
14.520973 14 21 20000.000000
14.839732 14 3 50000.000000
15.559089 14 22 5000000.000000
15.559623 14 8 30000.000000
15.878752 14 23 30000.000000
15.903885 14 10 80000.000000
16.966628 14 19 80000.000000
17.082287 14 25 1000000.000000
17.708541 14 3 20000.000000
18.612539 14 16 1000000.000000
18.908619 14 5 1000000.000000
19.268319 14 24 10000.000000
19.416182 14 24 1000000.000000
20.843089 14 12 30000.000000
20.953687 14 21 5000000.000000
21.192781 14 18 2000000.000000
21.771299 14 24 2000000.000000
22.062724 14 8 30000000.000000
22.846393 14 7 50000.000000
22.895050 14 11 200000.000000
23.430659 14 2 80000.000000
23.455902 14 9 80000.000000
23.828865 14 21 5000000.000000
23.938693 14 8 10000000.000000
24.734863 14 26 1000000.000000
24.740175 14 4 5000000.000000
24.788374 14 21 30000.000000
25.241244 14 14 10000000.000000
25.324858 14 18 200000.000000
26.077640 14 2 50000.000000
27.901536 14 11 5000000.000000
28.397062 14 5 80000.000000
29.105668 14 20 5000000.000000
29.553607 14 16 30000.000000
29.826445 14 9 30000.000000
0.367529 15 20 30000.000000
0.829552 15 26 10000000.000000
0.919728 15 10 200000.000000
1.313954 15 25 30000.000000
1.978131 15 22 10000000.000000
2.385521 15 4 1000000.000000
2.389420 15 17 50000.000000
2.772049 15 17 50000.000000
3.099297 15 22 80000.000000
4.512526 15 9 80000.000000
4.835934 15 26 5000000.000000
5.099762 15 23 200000.000000
5.484061 15 7 10000000.000000
5.618025 15 24 30000.000000
6.008858 15 6 1000000.000000
6.489576 15 2 10000.000000
7.820297 15 22 1000000.000000
8.763391 15 6 10000.000000
8.808021 15 0 50000.000000
9.099619 15 13 50000.000000
9.698077 15 7 5000000.000000
9.739719 15 11 1000000.000000
9.924014 15 10 10000.000000
10.102166 15 7 80000.000000
10.722765 15 16 80000.000000
10.953290 15 18 50000.000000
11.067323 15 4 2000000.000000
11.905355 15 25 1000000.000000
12.546376 15 10 10000000.000000
12.930122 15 12 50000.000000
13.489613 15 17 10000000.000000
14.180344 15 21 1000000.000000
14.759502 15 10 80000.000000
15.828850 15 7 80000.000000
15.999856 15 21 30000.000000
16.331053 15 10 1000000.000000
16.809309 15 4 50000.000000
17.621892 15 5 50000.000000
18.888424 15 2 50000.000000
19.910030 15 19 50000.000000
20.340329 15 7 30000.000000
23.173130 15 22 30000.000000
23.314790 15 4 2000000.000000
23.554925 15 11 200000.000000
23.841665 15 5 5000000.000000
23.985220 15 8 50000.000000
24.556537 15 16 5000000.000000
25.059475 15 24 80000.000000
26.069247 15 19 2000000.000000
28.142467 15 25 1000000.000000
28.249102 15 13 2000000.000000
28.745836 15 20 1000000.000000
28.828700 15 19 30000.000000
29.662370 15 21 50000.000000
3.223283 16 11 5000000.000000
4.461699 16 1 10000.000000
5.109382 16 3 30000000.000000
5.359758 16 18 10000.000000
5.374090 16 23 1000000.000000
5.449373 16 10 80000.000000
5.649613 16 14 1000000.000000
6.780557 16 13 30000.000000
7.511766 16 10 5000000.000000
8.685501 16 18 5000000.000000
8.890020 16 4 1000000.000000
9.233647 16 4 2000000.000000
9.318983 16 25 10000.000000
9.521370 16 14 80000.000000
9.607091 16 23 50000.000000
10.109682 16 1 50000.000000
10.495000 16 0 200000.000000
12.677461 16 3 2000000.000000
12.762049 16 4 1000000.000000
12.986270 16 26 2000000.000000
13.351673 16 23 30000000.000000
14.072691 16 2 50000.000000
14.277327 16 6 10000.000000
15.612035 16 3 10000.000000
16.094325 16 4 80000.000000
16.282096 16 18 2000000.000000
16.343714 16 11 1000000.000000
16.495127 16 5 10000.000000
19.579331 16 9 5000000.000000
19.681532 16 5 80000.000000
21.368843 16 16 5000000.000000
22.900196 16 18 80000.000000
23.646209 16 2 30000.000000
24.106224 16 9 200000.000000
24.481530 16 5 10000.000000
24.696598 16 23 2000000.000000
24.700106 16 7 1000000.000000
24.864832 16 18 20000.000000
25.071710 16 19 2000000.000000
25.759323 16 18 30000.000000
26.000914 16 5 50000.000000
26.181731 16 21 50000.000000
26.447053 16 10 80000.000000
26.536197 16 4 20000.000000
29.144806 16 7 50000.000000
29.704419 16 3 10000.000000
29.886346 16 9 10000000.000000
0.326493 17 3 2000000.000000
0.735658 17 22 50000.000000
1.730387 17 8 1000000.000000
2.087314 17 10 1000000.000000
2.153812 17 7 80000.000000
3.205387 17 19 200000.000000
3.439275 17 9 1000000.000000
4.030675 17 25 30000000.000000
4.500657 17 23 80000.000000
4.748821 17 26 10000000.000000
5.390345 17 25 5000000.000000
5.961097 17 6 20000.000000
6.856302 17 7 2000000.000000
6.988045 17 6 20000.000000
7.042098 17 16 2000000.000000
7.170354 17 10 80000.000000
9.126120 17 17 5000000.000000
9.205110 17 20 50000.000000
9.839598 17 0 2000000.000000
10.861805 17 7 10000.000000
11.151043 17 0 50000.000000
11.765108 17 11 50000.000000
12.538802 17 15 50000.000000
12.627789 17 10 80000.000000
12.819004 17 1 20000.000000
14.086198 17 8 2000000.000000
14.091227 17 24 30000.000000
14.703045 17 8 10000.000000
15.563419 17 6 80000.000000
16.120869 17 20 5000000.000000
16.397626 17 3 30000000.000000
16.423676 17 3 2000000.000000
16.449013 17 14 1000000.000000
18.447086 17 23 80000.000000
18.502072 17 6 10000.000000
18.586005 17 10 80000.000000
19.410481 17 8 200000.000000
20.423797 17 15 200000.000000
20.427556 17 8 1000000.000000
20.847601 17 25 80000.000000
20.983191 17 14 5000000.000000
21.405868 17 15 10000000.000000
21.647679 17 25 10000.000000
21.885040 17 5 10000.000000
22.097352 17 10 50000.000000
22.647491 17 16 30000.000000
24.554371 17 17 5000000.000000
24.607787 17 1 2000000.000000
24.995098 17 22 20000.000000
25.390049 17 23 5000000.000000
25.787388 17 7 5000000.000000
26.003772 17 23 5000000.000000
26.209720 17 6 20000.000000
27.203519 17 12 80000.000000
27.327427 17 15 10000000.000000
28.725682 17 3 30000.000000
0.172915 18 21 80000.000000
0.240893 18 19 30000000.000000
0.418151 18 3 30000.000000
1.610898 18 14 10000.000000
1.805933 18 11 1000000.000000
2.821498 18 5 200000.000000
3.019733 18 1 10000.000000
3.246175 18 11 10000.000000
4.456946 18 10 1000000.000000
5.192967 18 13 10000000.000000
5.222253 18 19 30000.000000
5.719609 18 5 10000000.000000
6.251048 18 26 2000000.000000
6.738198 18 3 5000000.000000
7.386566 18 6 2000000.000000
7.451747 18 22 80000.000000
8.083819 18 2 50000.000000
9.216911 18 10 5000000.000000
9.570158 18 0 20000.000000
9.846519 18 7 30000.000000
10.034181 18 5 10000000.000000
11.580502 18 17 80000.000000
13.149365 18 25 20000.000000
13.475004 18 19 20000.000000
13.868521 18 14 50000.000000
13.903430 18 25 50000.000000
13.961867 18 4 80000.000000
14.158628 18 21 10000.000000
15.112544 18 15 2000000.000000
15.839052 18 7 50000.000000
15.975293 18 8 10000.000000
16.298082 18 12 2000000.000000
16.515045 18 5 5000000.000000
17.053522 18 4 10000000.000000
17.388249 18 24 20000.000000
18.144145 18 16 5000000.000000
18.573403 18 3 10000000.000000
20.913686 18 25 10000.000000
21.182670 18 13 5000000.000000
21.189353 18 25 10000.000000
21.410691 18 24 10000000.000000
22.184454 18 6 5000000.000000
22.687704 18 20 2000000.000000
24.478668 18 10 200000.000000
24.895711 18 3 50000.000000
26.006156 18 20 200000.000000
26.934448 18 8 2000000.000000
27.576656 18 0 20000.000000
27.726186 18 16 10000000.000000
28.228289 18 7 10000.000000
28.431464 18 22 2000000.000000
29.500814 18 4 50000.000000
0.293848 19 7 2000000.000000
0.815832 19 4 80000.000000
1.145687 19 21 30000.000000
1.995227 19 20 50000.000000
2.108256 19 3 80000.000000
3.289101 19 13 1000000.000000
3.300512 19 6 20000.000000
5.305893 19 21 30000.000000
6.406044 19 2 1000000.000000
6.459099 19 26 80000.000000
7.102759 19 8 10000.000000
7.903588 19 1 10000000.000000
8.053004 19 21 2000000.000000
8.145147 19 15 30000.000000
10.020129 19 20 10000.000000
11.446542 19 19 50000.000000
11.893921 19 12 80000.000000
12.195435 19 21 80000.000000
13.381444 19 14 5000000.000000
13.773128 19 18 80000.000000
13.864794 19 9 10000.000000
15.577233 19 18 10000000.000000
16.025453 19 17 5000000.000000
17.493940 19 13 10000000.000000
17.996999 19 16 80000.000000
18.576359 19 8 30000.000000
18.588528 19 2 30000000.000000
21.189156 19 0 1000000.000000
21.666869 19 7 5000000.000000
22.158502 19 17 50000.000000
22.344371 19 25 80000.000000
22.511861 19 17 2000000.000000
22.945841 19 21 10000.000000
23.031203 19 21 50000.000000
23.309287 19 21 10000.000000
23.758183 19 3 10000.000000
23.943189 19 5 80000.000000
23.976843 19 18 1000000.000000
24.014514 19 23 2000000.000000
25.698204 19 4 20000.000000
25.752256 19 11 80000.000000
25.809349 19 16 5000000.000000
25.832557 19 26 2000000.000000
26.021957 19 14 20000.000000
26.169480 19 5 80000.000000
26.277910 19 12 10000.000000
26.314671 19 18 50000.000000
27.385419 19 2 10000.000000
27.439258 19 19 30000000.000000
27.783359 19 9 2000000.000000
27.934046 19 24 30000.000000
0.300559 20 5 80000.000000
1.307739 20 7 10000.000000
1.520181 20 14 50000.000000
2.339284 20 22 30000.000000
3.984841 20 21 10000.000000
4.203147 20 19 200000.000000
4.230745 20 9 10000.000000
4.550283 20 16 5000000.000000
4.786876 20 14 80000.000000
4.891943 20 22 50000.000000
5.156332 20 14 50000.000000
5.446226 20 7 2000000.000000
6.396718 20 26 1000000.000000
8.150151 20 18 30000.000000
8.562564 20 2 10000000.000000
9.521146 20 10 80000.000000
9.993634 20 7 1000000.000000
10.597516 20 9 200000.000000
10.928921 20 25 2000000.000000
11.226224 20 13 20000.000000
11.493502 20 10 10000.000000
11.650768 20 19 30000.000000
11.663492 20 14 20000.000000
12.157452 20 21 80000.000000
12.195765 20 19 10000000.000000
12.365578 20 6 2000000.000000
14.186309 20 18 1000000.000000
14.376774 20 0 10000.000000
14.824830 20 1 5000000.000000
15.817276 20 15 30000.000000
16.117142 20 7 10000000.000000
16.345774 20 16 30000.000000
17.323375 20 4 10000.000000
18.291870 20 25 2000000.000000
19.095272 20 18 2000000.000000
19.532078 20 11 30000.000000
19.925495 20 7 20000.000000
21.723015 20 26 80000.000000
22.134910 20 1 10000.000000
22.157283 20 16 10000.000000
22.681506 20 25 50000.000000
22.826072 20 4 5000000.000000
25.093946 20 24 80000.000000
25.350118 20 23 2000000.000000
25.481331 20 23 80000.000000
26.278058 20 7 1000000.000000
26.433300 20 14 1000000.000000
27.048452 20 23 10000.000000
27.599313 20 26 50000.000000
27.806071 20 9 1000000.000000
28.535484 20 11 30000.000000
29.401539 20 19 30000.000000
29.738022 20 3 5000000.000000
0.044330 21 17 2000000.000000
3.085561 21 0 1000000.000000
3.391795 21 3 80000.000000
4.002540 21 18 30000.000000
4.920979 21 19 10000000.000000
5.100684 21 12 5000000.000000
5.133388 21 4 80000.000000
5.241519 21 20 1000000.000000
5.388618 21 6 2000000.000000
5.500789 21 13 10000.000000
6.527241 21 14 10000.000000
6.628945 21 2 20000.000000
6.707285 21 3 5000000.000000
7.432744 21 23 10000.000000
7.536066 21 21 5000000.000000
7.670809 21 2 80000.000000
9.661377 21 19 10000000.000000
9.911978 21 23 80000.000000
10.350526 21 21 10000.000000
10.728967 21 3 5000000.000000
11.399848 21 20 10000000.000000
11.522503 21 7 5000000.000000
11.543344 21 18 10000.000000
11.798779 21 24 80000.000000
12.004628 21 13 2000000.000000
13.186731 21 5 5000000.000000
13.267477 21 23 80000.000000
14.477469 21 13 10000.000000
15.161588 21 10 80000.000000
15.347462 21 26 10000.000000
15.448086 21 24 200000.000000
16.396178 21 20 5000000.000000
17.582477 21 8 2000000.000000
20.156220 21 12 80000.000000
20.262243 21 21 1000000.000000
20.665346 21 20 80000.000000
21.318289 21 9 10000.000000
22.366909 21 0 80000.000000
22.441326 21 6 5000000.000000
22.998150 21 14 1000000.000000
23.196418 21 24 1000000.000000
24.433966 21 8 80000.000000
25.016826 21 16 10000.000000
26.900889 21 24 10000000.000000
27.548411 21 20 1000000.000000
27.917992 21 8 30000.000000
28.804449 21 13 10000.000000
29.852907 21 24 30000.000000
29.872081 21 24 10000.000000
29.955548 21 1 30000.000000
1.118716 22 3 20000.000000
2.787445 22 10 10000000.000000
3.456588 22 11 10000.000000
4.560558 22 1 10000.000000
4.775157 22 23 200000.000000
4.994882 22 25 200000.000000
5.244788 22 25 5000000.000000
6.007187 22 18 2000000.000000
6.024167 22 17 1000000.000000
6.046220 22 3 5000000.000000
6.319133 22 0 20000.000000
6.785239 22 7 10000.000000
9.432197 22 7 5000000.000000
9.632984 22 1 10000.000000
10.170081 22 18 2000000.000000
11.125260 22 0 30000.000000
11.730273 22 13 1000000.000000
11.941095 22 11 2000000.000000
12.113936 22 9 30000.000000
12.278265 22 19 2000000.000000
12.535828 22 7 20000.000000
12.823462 22 15 80000.000000
12.891936 22 12 80000.000000
12.950868 22 8 10000000.000000
13.646433 22 11 50000.000000
13.693408 22 19 10000000.000000
14.085540 22 17 200000.000000
14.219018 22 19 5000000.000000
14.528527 22 8 10000000.000000
16.461817 22 18 50000.000000
17.757577 22 1 10000000.000000
18.012976 22 10 10000.000000
18.523324 22 7 50000.000000
18.699845 22 16 80000.000000
19.309406 22 12 20000.000000
20.062750 22 22 10000000.000000
20.536427 22 3 10000.000000
22.059009 22 2 10000000.000000
22.072029 22 7 10000.000000
23.038518 22 24 30000.000000
24.572177 22 16 50000.000000
24.986663 22 8 30000000.000000
25.631004 22 20 30000.000000
26.094339 22 20 2000000.000000
26.733907 22 11 5000000.000000
27.786487 22 16 50000.000000
28.212320 22 7 30000.000000
28.309714 22 5 80000.000000
29.205078 22 26 20000.000000
29.751954 22 20 2000000.000000
0.142708 23 19 10000.000000
0.257383 23 9 50000.000000
0.504564 23 15 200000.000000
1.154674 23 16 10000000.000000
1.354947 23 0 2000000.000000
1.761264 23 3 1000000.000000
2.767892 23 23 10000.000000
3.836649 23 12 10000.000000
4.109954 23 1 80000.000000
5.683572 23 22 10000000.000000
6.566218 23 21 80000.000000
6.778809 23 3 1000000.000000
7.858639 23 16 1000000.000000
8.741755 23 21 5000000.000000
9.324888 23 18 80000.000000
9.685623 23 21 50000.000000
10.360973 23 19 30000.000000
10.465381 23 11 50000.000000
10.733692 23 19 80000.000000
14.030791 23 8 10000.000000
14.170679 23 19 80000.000000
15.777717 23 26 50000.000000
16.687250 23 0 30000.000000
16.703515 23 10 2000000.000000
16.915264 23 6 10000.000000
17.659462 23 19 200000.000000
18.984411 23 6 200000.000000
19.533689 23 18 2000000.000000
19.846641 23 8 50000.000000
20.857750 23 5 20000.000000
21.861279 23 16 30000.000000
22.492687 23 26 30000.000000
22.935693 23 18 1000000.000000
22.950449 23 5 5000000.000000
22.985601 23 16 50000.000000
23.465990 23 9 5000000.000000
24.035013 23 13 10000.000000
25.606845 23 1 50000.000000
25.625953 23 24 80000.000000
25.707909 23 4 200000.000000
25.771488 23 6 80000.000000
25.975334 23 20 2000000.000000
25.984004 23 13 80000.000000
26.533683 23 13 50000.000000
27.093726 23 2 30000.000000
27.480865 23 11 10000.000000
27.710166 23 18 10000.000000
27.841366 23 16 80000.000000
28.261887 23 26 200000.000000
28.426467 23 26 80000.000000
28.859890 23 12 5000000.000000
29.108728 23 1 50000.000000
29.343638 23 21 80000.000000
29.731397 23 17 2000000.000000
29.825524 23 14 10000000.000000
0.117657 24 0 1000000.000000
1.088747 24 23 10000.000000
2.172265 24 21 80000.000000
2.384645 24 25 10000.000000
2.942277 24 21 50000.000000
3.997833 24 16 80000.000000
4.100957 24 9 20000.000000
4.728699 24 20 80000.000000
5.375417 24 11 5000000.000000
5.791235 24 14 10000.000000
5.822986 24 12 80000.000000
5.909291 24 23 200000.000000
6.297053 24 3 50000.000000
6.712243 24 5 10000.000000
6.863866 24 14 10000.000000
7.371865 24 19 80000.000000
7.881561 24 17 5000000.000000
8.938863 24 23 1000000.000000
9.803675 24 4 200000.000000
9.965226 24 24 2000000.000000
10.467208 24 11 10000000.000000
10.613532 24 8 80000.000000
10.780810 24 26 50000.000000
13.267138 24 13 5000000.000000
13.672689 24 26 80000.000000
14.174278 24 10 10000.000000
14.615197 24 4 30000000.000000
16.711264 24 14 5000000.000000
16.987689 24 2 5000000.000000
17.492388 24 16 10000000.000000
17.539166 24 0 5000000.000000
19.048611 24 19 1000000.000000
19.273565 24 14 80000.000000
19.438316 24 17 30000.000000
19.596967 24 25 1000000.000000
19.794688 24 5 80000.000000
20.141863 24 6 50000.000000
21.035205 24 8 2000000.000000
21.679735 24 3 10000.000000
21.877022 24 5 10000.000000
22.475523 24 26 30000.000000
24.426566 24 3 200000.000000
24.656940 24 10 10000.000000
24.822718 24 0 1000000.000000
25.375417 24 9 5000000.000000
25.529174 24 17 30000.000000
25.568414 24 4 10000.000000
26.149788 24 15 10000.000000
26.214607 24 24 5000000.000000
26.274395 24 14 80000.000000
26.280725 24 14 10000000.000000
27.139404 24 11 10000.000000
28.371171 24 10 80000.000000
28.453950 24 15 10000.000000
29.345168 24 19 80000.000000
29.352165 24 5 1000000.000000
29.478511 24 8 50000.000000
29.744889 24 0 10000.000000
0.914765 25 25 2000000.000000
1.673052 25 9 5000000.000000
2.510209 25 23 30000.000000
3.686737 25 21 30000000.000000
5.264262 25 9 200000.000000
7.033507 25 23 20000.000000
7.417435 25 19 80000.000000
8.526045 25 8 80000.000000
9.208283 25 7 10000.000000
9.442007 25 17 20000.000000
10.084841 25 5 50000.000000
10.497253 25 19 30000.000000
11.146481 25 26 5000000.000000
11.826521 25 21 10000.000000
12.010875 25 21 2000000.000000
12.301229 25 4 30000.000000
12.947966 25 11 50000.000000
13.014900 25 4 2000000.000000
13.294680 25 14 10000.000000
13.454003 25 12 50000.000000
14.168986 25 23 50000.000000
15.118079 25 8 1000000.000000
15.258559 25 23 2000000.000000
16.700564 25 1 2000000.000000
16.876500 25 2 200000.000000
17.057911 25 25 200000.000000
17.689231 25 23 30000.000000
18.371837 25 21 50000.000000
18.602491 25 4 30000.000000
18.871566 25 8 5000000.000000
19.695757 25 15 20000.000000
20.836102 25 23 10000.000000
21.308341 25 15 1000000.000000
21.580456 25 12 1000000.000000
21.594314 25 15 10000.000000
21.868375 25 20 10000.000000
22.010095 25 11 20000.000000
22.650729 25 22 2000000.000000
23.020423 25 23 5000000.000000
23.782963 25 16 50000.000000
23.813857 25 14 10000000.000000
25.322689 25 22 5000000.000000
26.629940 25 21 30000.000000
27.156964 25 11 50000.000000
27.516689 25 26 30000.000000
27.705098 25 3 1000000.000000
28.373707 25 9 5000000.000000
1.303869 26 3 80000.000000
1.802199 26 5 10000.000000
2.331630 26 21 2000000.000000
2.494444 26 17 30000.000000
4.136697 26 0 10000.000000
5.301376 26 5 200000.000000
5.402958 26 14 5000000.000000
6.357328 26 18 5000000.000000
6.853130 26 4 50000.000000
7.336267 26 22 1000000.000000
7.862944 26 9 10000.000000
10.258295 26 22 80000.000000
10.296304 26 21 10000.000000
10.898263 26 17 200000.000000
11.676785 26 25 1000000.000000
12.332455 26 1 80000.000000
12.586667 26 3 50000.000000
12.723353 26 21 2000000.000000
13.025636 26 22 5000000.000000
13.655253 26 1 10000.000000
14.004054 26 2 80000.000000
14.249836 26 6 30000.000000
14.440552 26 23 80000.000000
15.504565 26 24 10000.000000
15.921000 26 7 80000.000000
16.945654 26 5 10000.000000
18.155407 26 25 2000000.000000
18.300309 26 26 5000000.000000
18.362293 26 11 10000000.000000
19.323279 26 21 10000.000000
19.511080 26 21 30000.000000
19.613084 26 15 30000.000000
19.713425 26 8 30000.000000
19.969123 26 0 5000000.000000
21.133230 26 9 10000.000000
21.624675 26 14 10000.000000
22.534411 26 23 80000.000000
23.985029 26 5 2000000.000000
24.205873 26 6 10000.000000
24.551404 26 24 50000.000000
25.891610 26 0 1000000.000000
26.782952 26 18 200000.000000
27.417980 26 19 1000000.000000
27.419476 26 23 5000000.000000
27.799646 26 12 2000000.000000
27.978225 26 17 2000000.000000
28.929891 26 2 10000.000000
29.090536 26 9 2000000.000000
29.502815 26 3 10000000.000000
29.801530 26 2 10000.000000
