0.983780 0 6 10000.000000
1.235108 0 19 30000.000000
1.350873 0 12 10000.000000
1.430334 0 2 10000.000000
1.669389 0 2 5000000.000000
3.185511 0 7 2000000.000000
4.782395 0 6 1000000.000000
5.358498 0 1 10000.000000
5.680835 0 16 5000000.000000
6.007463 0 9 80000.000000
6.577092 0 14 2000000.000000
7.035477 0 6 5000000.000000
7.077155 0 4 2000000.000000
7.356390 0 6 30000.000000
7.442379 0 26 2000000.000000
8.461569 0 19 80000.000000
9.499380 0 5 10000.000000
9.688370 0 1 2000000.000000
10.397053 0 13 10000000.000000
10.633327 0 18 200000.000000
11.487053 0 16 5000000.000000
11.903915 0 10 2000000.000000
12.432794 0 4 10000000.000000
13.098702 0 25 10000.000000
13.275263 0 1 30000.000000
13.659132 0 15 1000000.000000
13.732684 0 7 5000000.000000
13.804230 0 10 2000000.000000
13.819800 0 22 50000.000000
13.992687 0 26 80000.000000
14.056938 0 8 2000000.000000
14.575181 0 5 10000000.000000
15.077403 0 8 30000.000000
15.590571 0 25 50000.000000
15.864285 0 14 200000.000000
16.397979 0 15 30000000.000000
17.043650 0 15 1000000.000000
17.483550 0 15 80000.000000
17.753542 0 4 80000.000000
19.979395 0 2 80000.000000
20.115787 0 10 30000.000000
20.562090 0 22 2000000.000000
20.574426 0 0 2000000.000000
20.682580 0 18 50000.000000
20.816743 0 26 20000.000000
23.630394 0 6 30000.000000
23.984845 0 14 5000000.000000
24.334027 0 0 30000.000000
24.530520 0 6 5000000.000000
24.891356 0 10 80000.000000
25.277022 0 15 10000.000000
25.886000 0 24 80000.000000
26.180669 0 2 20000.000000
26.949469 0 0 50000.000000
27.874558 0 16 30000000.000000
28.804297 0 1 10000000.000000
28.896450 0 24 10000000.000000
29.046900 0 22 50000.000000
29.947188 0 6 5000000.000000
1.807428 1 9 50000.000000
2.510518 1 9 200000.000000
3.130059 1 3 200000.000000
3.145446 1 15 1000000.000000
3.978252 1 23 1000000.000000
4.977654 1 1 10000.000000
7.187591 1 15 200000.000000
7.374827 1 21 10000.000000
7.482581 1 24 30000.000000
8.652281 1 3 50000.000000
9.208023 1 8 80000.000000
9.246761 1 5 80000.000000
9.332943 1 13 1000000.000000
9.670539 1 22 20000.000000
10.546022 1 17 10000.000000
11.776440 1 11 30000.000000
12.101053 1 23 1000000.000000
12.405410 1 4 10000000.000000
12.908277 1 22 2000000.000000
13.006267 1 2 10000.000000
13.186497 1 3 2000000.000000
14.247061 1 15 1000000.000000
14.317072 1 25 1000000.000000
15.904486 1 8 5000000.000000
17.492851 1 11 80000.000000
17.517721 1 26 30000000.000000
17.606617 1 25 10000.000000
18.408026 1 17 30000.000000
18.623467 1 12 30000.000000
19.149775 1 9 30000.000000
20.128583 1 3 200000.000000
20.263309 1 7 2000000.000000
20.658551 1 19 5000000.000000
21.107989 1 26 10000000.000000
21.547439 1 8 5000000.000000
21.701107 1 23 20000.000000
21.946811 1 10 10000.000000
22.291326 1 18 80000.000000
22.931795 1 25 10000.000000
23.325342 1 10 10000.000000
25.582801 1 17 30000000.000000
25.703734 1 17 50000.000000
26.226830 1 7 80000.000000
26.548735 1 5 5000000.000000
26.772414 1 9 20000.000000
27.186524 1 11 10000.000000
0.045048 2 12 20000.000000
0.266149 2 1 10000.000000
1.878898 2 7 10000.000000
2.062601 2 25 10000.000000
2.770685 2 6 50000.000000
2.893076 2 16 10000.000000
3.785043 2 10 1000000.000000
4.129721 2 4 200000.000000
4.160459 2 13 50000.000000
4.415665 2 23 30000.000000
4.454772 2 1 20000.000000
4.489905 2 23 10000000.000000
5.492994 2 26 50000.000000
5.663316 2 17 5000000.000000
6.302267 2 4 10000.000000
7.014345 2 26 50000.000000
7.028459 2 25 50000.000000
7.149395 2 0 2000000.000000
8.103740 2 5 5000000.000000
8.518236 2 0 10000.000000
9.281932 2 24 20000.000000
9.339238 2 7 20000.000000
9.560194 2 13 30000.000000
9.727531 2 20 200000.000000
10.369697 2 3 10000000.000000
10.430169 2 18 10000000.000000
10.563026 2 8 10000000.000000
11.302494 2 1 30000.000000
13.321791 2 21 2000000.000000
13.794304 2 21 30000.000000
13.855915 2 26 200000.000000
13.865125 2 21 80000.000000
13.871047 2 26 200000.000000
14.728006 2 8 10000.000000
14.796887 2 13 10000.000000
14.858995 2 11 10000.000000
14.881049 2 25 30000.000000
15.126013 2 22 10000.000000
16.008969 2 7 10000.000000
16.138892 2 16 20000.000000
16.216357 2 10 10000000.000000
17.393997 2 3 200000.000000
17.862160 2 0 80000.000000
18.525646 2 3 1000000.000000
19.269158 2 1 80000.000000
21.626351 2 26 10000.000000
21.703688 2 24 1000000.000000
22.062394 2 14 80000.000000
22.193703 2 8 5000000.000000
22.241082 2 6 200000.000000
23.116846 2 4 20000.000000
23.651204 2 4 2000000.000000
23.744812 2 13 80000.000000
23.893905 2 7 200000.000000
24.267611 2 19 200000.000000
25.742739 2 19 10000.000000
25.798656 2 20 50000.000000
27.428152 2 25 80000.000000
28.008211 2 5 80000.000000
28.133105 2 4 20000.000000
28.145534 2 5 10000.000000
28.176263 2 23 80000.000000
28.390295 2 1 50000.000000
28.628944 2 3 10000000.000000
28.633821 2 21 10000.000000
29.158740 2 3 1000000.000000
0.012438 3 5 20000.000000
1.275689 3 5 2000000.000000
1.952044 3 22 50000.000000
2.004579 3 1 2000000.000000
2.469896 3 25 10000.000000
3.289582 3 22 200000.000000
3.322212 3 5 80000.000000
3.703814 3 1 10000000.000000
4.397158 3 12 30000.000000
5.165699 3 22 50000.000000
5.411108 3 25 5000000.000000
5.564231 3 13 10000.000000
5.749503 3 17 30000.000000
6.560488 3 9 5000000.000000
7.334963 3 4 10000.000000
7.348002 3 26 200000.000000
7.708153 3 25 200000.000000
8.524528 3 18 10000000.000000
8.652479 3 22 2000000.000000
9.700991 3 13 10000000.000000
11.416524 3 13 200000.000000
11.979652 3 12 10000000.000000
12.679661 3 3 1000000.000000
12.832631 3 23 80000.000000
12.923967 3 8 80000.000000
13.291539 3 10 30000.000000
13.349207 3 25 10000.000000
13.517596 3 21 30000000.000000
14.875336 3 1 10000.000000
15.467044 3 5 1000000.000000
15.648133 3 21 10000000.000000
16.381348 3 5 10000000.000000
16.594388 3 2 2000000.000000
16.798550 3 1 80000.000000
17.593559 3 4 1000000.000000
17.634511 3 19 10000000.000000
17.715917 3 13 80000.000000
19.893971 3 15 2000000.000000
21.100258 3 23 5000000.000000
21.491615 3 20 200000.000000
21.671629 3 19 80000.000000
22.784659 3 15 1000000.000000
22.798115 3 4 5000000.000000
23.415735 3 0 80000.000000
23.442611 3 7 10000.000000
24.350715 3 16 80000.000000
24.936535 3 14 80000.000000
25.306926 3 9 10000.000000
25.321532 3 6 5000000.000000
25.651827 3 3 5000000.000000
25.758721 3 3 80000.000000
26.023474 3 18 2000000.000000
26.312931 3 5 30000.000000
26.336461 3 21 20000.000000
26.737733 3 22 2000000.000000
28.813793 3 26 80000.000000
29.706632 3 22 20000.000000
0.466668 4 10 5000000.000000
1.481900 4 1 30000000.000000
1.747060 4 10 5000000.000000
1.778290 4 4 10000.000000
2.028623 4 25 1000000.000000
2.054716 4 10 50000.000000
2.454639 4 12 80000.000000
2.466616 4 23 80000.000000
2.664271 4 16 30000.000000
3.300551 4 0 10000.000000
3.630522 4 5 10000000.000000
4.031720 4 18 200000.000000
4.966026 4 11 10000.000000
5.166039 4 3 10000000.000000
5.780269 4 17 80000.000000
5.922425 4 13 5000000.000000
6.021013 4 3 20000.000000
6.120908 4 26 5000000.000000
6.519302 4 23 10000000.000000
6.920917 4 1 80000.000000
6.930244 4 26 1000000.000000
7.484044 4 7 10000.000000
8.240778 4 6 10000000.000000
9.333748 4 1 5000000.000000
9.687674 4 19 5000000.000000
10.111080 4 24 30000.000000
10.532014 4 23 5000000.000000
11.010930 4 23 200000.000000
11.407104 4 18 10000.000000
11.458782 4 7 80000.000000
11.883651 4 14 30000.000000
12.695617 4 25 10000.000000
13.128077 4 8 30000.000000
14.247348 4 19 10000000.000000
14.535303 4 6 50000.000000
15.399156 4 5 80000.000000
15.705027 4 26 20000.000000
16.311386 4 7 10000.000000
16.983649 4 5 5000000.000000
17.711051 4 21 80000.000000
17.767473 4 14 10000000.000000
18.555853 4 21 20000.000000
19.985015 4 7 10000.000000
20.392077 4 23 2000000.000000
21.755462 4 6 30000.000000
21.857541 4 23 10000000.000000
21.994130 4 12 1000000.000000
22.760840 4 26 10000000.000000
22.928182 4 25 80000.000000
23.159413 4 4 20000.000000
25.110317 4 5 5000000.000000
27.296548 4 26 30000.000000
27.532074 4 26 10000.000000
28.752376 4 14 30000.000000
28.826273 4 19 2000000.000000
29.315169 4 17 2000000.000000
29.848911 4 0 80000.000000
29.910043 4 6 10000.000000
0.305751 5 7 1000000.000000
1.205523 5 11 50000.000000
1.645258 5 21 200000.000000
2.185834 5 11 80000.000000
2.624338 5 7 5000000.000000
3.163968 5 6 2000000.000000
4.362909 5 6 50000.000000
4.445032 5 10 10000.000000
6.145950 5 24 10000.000000
7.539217 5 21 50000.000000
8.904323 5 5 30000.000000
9.391392 5 6 1000000.000000
10.018061 5 6 50000.000000
11.948401 5 20 30000.000000
12.356971 5 13 10000000.000000
12.484741 5 19 10000000.000000
13.687661 5 7 200000.000000
14.433383 5 22 200000.000000
14.733005 5 5 20000.000000
14.763672 5 25 30000000.000000
14.871039 5 21 10000.000000
15.041790 5 7 50000.000000
15.869724 5 19 2000000.000000
16.114711 5 16 30000.000000
17.188976 5 4 80000.000000
18.150615 5 17 200000.000000
19.373306 5 24 1000000.000000
20.655119 5 12 10000.000000
21.250878 5 9 2000000.000000
21.466536 5 15 50000.000000
22.011872 5 10 1000000.000000
22.072446 5 4 30000.000000
22.186884 5 16 10000.000000
22.628681 5 9 80000.000000
24.080416 5 10 80000.000000
24.107023 5 23 30000.000000
24.210309 5 16 30000.000000
25.033379 5 20 30000000.000000
25.702543 5 25 30000.000000
25.807620 5 13 2000000.000000
26.293882 5 9 30000.000000
27.002963 5 17 50000.000000
28.901329 5 5 1000000.000000
28.966219 5 25 10000000.000000
29.511295 5 23 5000000.000000
0.593406 6 14 10000.000000
1.110244 6 0 10000000.000000
1.249788 6 14 50000.000000
1.935132 6 22 10000.000000
2.179878 6 16 30000.000000
2.456190 6 8 50000.000000
3.264633 6 25 1000000.000000
3.736404 6 20 30000.000000
5.052140 6 21 10000.000000
6.627798 6 5 5000000.000000
6.704433 6 25 2000000.000000
7.385782 6 15 1000000.000000
7.436255 6 25 80000.000000
8.023810 6 22 10000.000000
8.202021 6 23 2000000.000000
8.272414 6 16 1000000.000000
8.431183 6 15 1000000.000000
8.601716 6 17 10000.000000
9.114625 6 21 30000.000000
9.963405 6 14 5000000.000000
11.474808 6 22 2000000.000000
12.223487 6 11 80000.000000
13.356082 6 8 2000000.000000
13.516322 6 16 10000.000000
13.593323 6 0 50000.000000
14.089227 6 25 200000.000000
14.463519 6 14 80000.000000
15.144288 6 19 1000000.000000
16.170683 6 12 10000.000000
16.757588 6 15 80000.000000
16.916071 6 23 5000000.000000
17.122098 6 8 10000.000000
17.171391 6 20 80000.000000
18.283114 6 2 10000000.000000
19.187441 6 16 50000.000000
19.732331 6 25 20000.000000
20.443496 6 16 80000.000000
20.452901 6 21 1000000.000000
20.850736 6 3 30000000.000000
21.058359 6 15 30000000.000000
21.137240 6 10 10000.000000
21.262684 6 7 5000000.000000
21.409810 6 4 80000.000000
21.506169 6 16 1000000.000000
22.199864 6 20 30000.000000
22.599370 6 14 30000000.000000
22.732924 6 8 10000.000000
23.421692 6 5 200000.000000
23.946348 6 25 5000000.000000
24.225323 6 4 20000.000000
25.254435 6 1 5000000.000000
28.671809 6 26 10000000.000000
28.748199 6 1 200000.000000
28.896217 6 14 10000.000000
29.110201 6 8 5000000.000000
29.233550 6 1 5000000.000000
29.245701 6 4 30000.000000
0.587110 7 6 10000.000000
1.339408 7 14 1000000.000000
1.430077 7 14 30000.000000
1.838767 7 26 10000.000000
2.142841 7 12 1000000.000000
2.181910 7 1 10000000.000000
2.386843 7 24 1000000.000000
2.557330 7 2 30000.000000
2.620960 7 3 10000.000000
3.467931 7 20 1000000.000000
3.640531 7 9 200000.000000
4.242841 7 11 1000000.000000
5.141025 7 19 5000000.000000
5.193845 7 14 80000.000000
5.982566 7 0 50000.000000
6.595356 7 7 50000.000000
7.179267 7 20 50000.000000
7.707609 7 6 30000.000000
8.231871 7 17 10000.000000
10.238548 7 13 30000000.000000
10.450121 7 17 10000.000000
10.906294 7 24 80000.000000
11.042440 7 19 1000000.000000
11.231550 7 5 80000.000000
11.825471 7 18 10000000.000000
12.551492 7 24 2000000.000000
12.645455 7 13 10000000.000000
12.659189 7 12 5000000.000000
12.843262 7 5 50000.000000
14.593058 7 3 30000000.000000
14.935569 7 11 80000.000000
15.333583 7 17 30000.000000
15.499995 7 5 10000.000000
15.602420 7 1 200000.000000
15.684880 7 18 80000.000000
15.705645 7 3 50000.000000
15.758000 7 7 80000.000000
16.644761 7 1 200000.000000
16.816966 7 16 10000.000000
16.925568 7 21 10000000.000000
17.531965 7 9 2000000.000000
19.252717 7 24 80000.000000
21.652466 7 20 200000.000000
22.508498 7 5 80000.000000
22.715625 7 14 10000.000000
22.770524 7 10 1000000.000000
23.040017 7 9 50000.000000
24.736340 7 4 10000000.000000
25.122852 7 13 10000.000000
26.223860 7 4 200000.000000
26.876146 7 25 200000.000000
27.363779 7 19 10000000.000000
27.378821 7 25 2000000.000000
27.771951 7 21 20000.000000
27.913149 7 16 1000000.000000
28.625873 7 11 50000.000000
29.035917 7 12 5000000.000000
29.498797 7 15 10000.000000
0.011893 8 8 30000.000000
0.018028 8 10 50000.000000
0.240802 8 7 10000.000000
0.756639 8 21 50000.000000
0.786886 8 9 200000.000000
1.056118 8 25 5000000.000000
1.231399 8 9 5000000.000000
1.251704 8 17 10000.000000
1.489986 8 26 50000.000000
1.501548 8 13 80000.000000
1.513702 8 18 200000.000000
1.619940 8 1 80000.000000
1.708698 8 2 2000000.000000
2.632867 8 11 10000.000000
2.761266 8 10 2000000.000000
6.454112 8 25 10000.000000
6.914420 8 8 2000000.000000
8.107357 8 14 5000000.000000
8.309853 8 17 10000.000000
8.798739 8 26 5000000.000000
8.936624 8 12 200000.000000
9.537851 8 12 10000.000000
9.697356 8 16 1000000.000000
11.216443 8 1 5000000.000000
12.249249 8 0 1000000.000000
12.479481 8 2 10000.000000
12.912673 8 1 5000000.000000
13.223327 8 15 5000000.000000
13.733451 8 4 10000.000000
13.876740 8 22 30000.000000
13.980230 8 3 1000000.000000
14.505907 8 22 2000000.000000
15.680606 8 7 2000000.000000
16.125844 8 5 5000000.000000
16.240161 8 23 30000.000000
16.299378 8 3 50000.000000
18.720253 8 18 50000.000000
19.148840 8 2 30000.000000
20.152243 8 6 20000.000000
20.157176 8 12 10000.000000
20.989413 8 12 50000.000000
21.441514 8 13 10000.000000
22.402883 8 17 50000.000000
22.789489 8 21 10000000.000000
22.805819 8 5 80000.000000
23.447873 8 14 200000.000000
23.791566 8 16 1000000.000000
23.839094 8 9 10000.000000
23.916168 8 8 50000.000000
24.269063 8 26 30000.000000
24.750720 8 24 1000000.000000
25.267610 8 1 80000.000000
25.708261 8 6 10000.000000
26.405650 8 12 80000.000000
27.049306 8 1 5000000.000000
27.247675 8 18 30000.000000
29.161685 8 11 2000000.000000
0.438347 9 5 10000.000000
1.104796 9 11 80000.000000
1.626357 9 1 5000000.000000
2.503789 9 21 5000000.000000
3.520710 9 14 200000.000000
3.553715 9 14 30000.000000
3.858377 9 1 80000.000000
5.618094 9 16 1000000.000000
6.131850 9 16 20000.000000
6.187852 9 8 5000000.000000
6.526049 9 18 30000.000000
6.613616 9 26 80000.000000
6.740083 9 0 5000000.000000
7.633334 9 6 5000000.000000
7.864871 9 3 10000.000000
7.919859 9 17 200000.000000
8.067454 9 24 1000000.000000
11.034048 9 23 50000.000000
12.239057 9 24 80000.000000
12.542442 9 3 80000.000000
12.808342 9 6 1000000.000000
14.376647 9 13 2000000.000000
14.746379 9 2 2000000.000000
14.946389 9 13 5000000.000000
16.715773 9 20 1000000.000000
17.534116 9 15 20000.000000
17.938988 9 24 30000.000000
18.167777 9 21 2000000.000000
18.762575 9 20 80000.000000
19.140262 9 21 50000.000000
19.645362 9 7 30000.000000
19.703737 9 20 50000.000000
19.836794 9 18 5000000.000000
19.860973 9 8 50000.000000
20.449461 9 12 5000000.000000
20.631700 9 16 5000000.000000
20.806788 9 7 10000.000000
20.950264 9 4 30000.000000
21.263431 9 9 10000.000000
22.056186 9 6 50000.000000
22.405367 9 0 5000000.000000
22.550046 9 19 2000000.000000
22.895146 9 14 1000000.000000
23.094677 9 11 30000.000000
23.863216 9 19 1000000.000000
25.586756 9 19 30000.000000
27.513207 9 22 80000.000000
27.807904 9 9 2000000.000000
29.080454 9 6 50000.000000
29.566548 9 18 30000.000000
29.842401 9 18 10000000.000000
0.212986 10 16 5000000.000000
0.395101 10 14 20000.000000
0.712594 10 24 50000.000000
1.438066 10 16 2000000.000000
1.669429 10 3 10000000.000000
2.018712 10 3 2000000.000000
2.281425 10 3 30000.000000
2.303389 10 3 30000.000000
2.791672 10 2 200000.000000
3.248331 10 25 1000000.000000
3.930647 10 11 50000.000000
4.838186 10 11 10000.000000
5.199680 10 12 10000.000000
5.442668 10 0 50000.000000
5.761588 10 14 30000.000000
6.826294 10 26 10000000.000000
9.100033 10 6 2000000.000000
9.699901 10 2 30000.000000
10.349704 10 14 5000000.000000
10.778637 10 23 50000.000000
10.862016 10 23 30000.000000
14.923132 10 18 10000.000000
14.984887 10 21 200000.000000
15.369753 10 20 200000.000000
16.324139 10 6 30000.000000
17.688385 10 22 200000.000000
18.091290 10 17 10000.000000
18.841351 10 5 5000000.000000
19.053753 10 1 200000.000000
19.637941 10 21 80000.000000
19.910599 10 13 10000000.000000
20.726088 10 8 80000.000000
20.945230 10 11 10000.000000
22.126559 10 12 80000.000000
22.174277 10 6 80000.000000
22.759274 10 20 50000.000000
23.945371 10 12 10000.000000
24.443650 10 8 2000000.000000
24.508937 10 12 2000000.000000
24.815576 10 7 30000.000000
25.222136 10 8 10000.000000
25.285425 10 3 30000.000000
25.416409 10 13 80000.000000
26.208530 10 16 30000.000000
26.490550 10 2 5000000.000000
27.225422 10 20 80000.000000
29.272585 10 19 50000.000000
29.752138 10 14 200000.000000
0.220487 11 17 30000.000000
0.243548 11 17 80000.000000
0.247349 11 13 5000000.000000
0.379834 11 4 10000000.000000
0.552978 11 12 5000000.000000
0.965934 11 10 80000.000000
1.950716 11 18 80000.000000
2.275574 11 20 20000.000000
2.765642 11 25 1000000.000000
3.225209 11 3 2000000.000000
3.405063 11 20 200000.000000
5.162070 11 15 30000.000000
6.179566 11 19 5000000.000000
6.422546 11 1 20000.000000
7.085229 11 15 30000.000000
8.427578 11 15 30000.000000
9.271509 11 19 5000000.000000
9.667657 11 6 30000.000000
10.452700 11 6 10000.000000
11.471582 11 20 10000.000000
12.360852 11 12 30000.000000
13.431215 11 20 10000.000000
13.669150 11 25 80000.000000
13.782957 11 20 50000.000000
13.932514 11 26 10000.000000
15.557487 11 24 30000.000000
15.688586 11 5 10000.000000
15.783967 11 4 10000.000000
15.816774 11 10 50000.000000
15.978291 11 26 50000.000000
16.268558 11 25 200000.000000
16.694535 11 19 10000.000000
16.725776 11 25 30000.000000
17.644724 11 23 2000000.000000
17.928129 11 25 10000000.000000
18.346696 11 0 80000.000000
18.462512 11 13 30000000.000000
19.705642 11 20 80000.000000
19.931125 11 23 1000000.000000
20.702138 11 24 200000.000000
20.746332 11 14 80000.000000
20.846389 11 3 10000.000000
21.352728 11 23 80000.000000
21.747738 11 23 2000000.000000
24.405675 11 18 50000.000000
25.272744 11 20 10000000.000000
26.358816 11 14 1000000.000000
26.510416 11 8 80000.000000
26.571147 11 15 5000000.000000
27.224676 11 22 10000000.000000
27.250947 11 15 200000.000000
28.057714 11 3 10000.000000
28.070168 11 21 50000.000000
28.292037 11 13 10000.000000
28.569635 11 14 80000.000000
29.102268 11 1 50000.000000
29.472297 11 10 10000.000000
1.586507 12 10 20000.000000
2.567349 12 18 30000000.000000
2.820340 12 17 80000.000000
3.049128 12 17 80000.000000
3.087838 12 26 50000.000000
4.002051 12 0 50000.000000
4.025965 12 23 20000.000000
4.227806 12 17 10000.000000
4.902434 12 8 10000.000000
5.547215 12 3 10000000.000000
8.217622 12 6 20000.000000
9.378847 12 12 20000.000000
9.787985 12 4 50000.000000
10.068786 12 9 5000000.000000
10.266163 12 16 1000000.000000
10.447414 12 16 200000.000000
11.695716 12 15 10000000.000000
13.021136 12 22 30000.000000
13.528522 12 16 80000.000000
13.583733 12 21 30000.000000
14.185889 12 12 80000.000000
14.836761 12 1 30000.000000
14.901017 12 15 5000000.000000
15.123955 12 15 30000.000000
15.244472 12 23 10000000.000000
15.487284 12 12 80000.000000
15.520072 12 22 10000.000000
15.987722 12 1 5000000.000000
16.774756 12 12 50000.000000
17.574609 12 10 10000.000000
18.624666 12 18 10000.000000
18.769323 12 18 10000000.000000
18.910941 12 22 50000.000000
19.575110 12 17 30000000.000000
19.654567 12 4 200000.000000
20.417841 12 6 2000000.000000
21.301941 12 10 50000.000000
22.590058 12 13 30000.000000
23.295808 12 15 2000000.000000
23.934186 12 16 1000000.000000
24.818651 12 10 2000000.000000
24.825745 12 3 5000000.000000
25.013687 12 4 50000.000000
25.801485 12 20 30000.000000
26.031745 12 3 10000.000000
26.548178 12 19 2000000.000000
27.214866 12 8 1000000.000000
28.638723 12 6 2000000.000000
29.102657 12 12 80000.000000
29.287498 12 10 50000.000000
0.307153 13 1 10000.000000
2.636689 13 11 10000.000000
2.825172 13 1 200000.000000
3.387927 13 5 1000000.000000
3.796400 13 16 5000000.000000
3.961495 13 17 1000000.000000
5.024797 13 12 80000.000000
5.515846 13 9 10000000.000000
6.785585 13 3 50000.000000
6.959614 13 23 10000.000000
7.461818 13 11 10000.000000
7.628243 13 6 10000.000000
7.705549 13 14 10000.000000
8.037632 13 2 5000000.000000
9.165012 13 14 1000000.000000
9.633537 13 21 10000.000000
10.009981 13 6 2000000.000000
11.356256 13 17 1000000.000000
11.876646 13 9 50000.000000
12.489178 13 24 20000.000000
14.087712 13 5 30000.000000
14.799741 13 18 50000.000000
15.803128 13 23 50000.000000
16.004103 13 13 10000.000000
16.015434 13 18 200000.000000
16.047182 13 11 200000.000000
16.619574 13 24 10000.000000
16.769649 13 1 200000.000000
17.835245 13 19 10000000.000000
18.287652 13 15 10000.000000
18.505815 13 20 10000.000000
19.314991 13 1 50000.000000
19.581747 13 10 30000.000000
20.172253 13 6 10000.000000
20.538627 13 18 10000000.000000
20.651446 13 22 50000.000000
21.599165 13 6 1000000.000000
21.672909 13 19 80000.000000
21.679870 13 2 200000.000000
21.876871 13 7 30000.000000
22.232823 13 14 2000000.000000
22.567104 13 1 50000.000000
22.804796 13 25 50000.000000
23.621599 13 16 10000.000000
23.800260 13 10 5000000.000000
23.930589 13 2 80000.000000
24.292368 13 20 50000.000000
24.395914 13 7 2000000.000000
24.576548 13 15 80000.000000
24.715778 13 11 2000000.000000
24.870631 13 22 10000.000000
25.368876 13 8 10000.000000
25.936907 13 8 80000.000000
26.001685 13 10 5000000.000000
26.210338 13 22 10000.000000
27.866245 13 19 20000.000000
28.325436 13 14 50000.000000
29.036348 13 15 5000000.000000
0.384303 14 1 1000000.000000
1.401969 14 18 10000.000000
2.109923 14 25 200000.000000
2.517254 14 20 80000.000000
3.511270 14 18 200000.000000
4.015018 14 21 200000.000000
4.121341 14 4 10000000.000000
4.451742 14 2 80000.000000
5.310681 14 0 80000.000000
7.467069 14 17 50000.000000
7.796501 14 0 10000000.000000
8.540430 14 23 10000.000000
8.763697 14 7 2000000.000000
10.043194 14 20 80000.000000
12.356015 14 15 5000000.000000
12.682148 14 22 5000000.000000
12.749025 14 2 20000.000000
13.877515 14 17 80000.000000
15.623592 14 12 2000000.000000
15.683200 14 8 10000.000000
16.376879 14 12 10000.000000
16.413361 14 0 5000000.000000
17.589841 14 13 200000.000000
17.644724 14 15 10000.000000
17.900638 14 2 30000.000000
19.332422 14 0 10000.000000
19.847513 14 22 30000.000000
19.949698 14 13 50000.000000
20.147581 14 17 5000000.000000
20.591645 14 1 10000.000000
21.016320 14 9 30000.000000
21.456241 14 11 1000000.000000
21.527477 14 26 10000.000000
21.769447 14 0 1000000.000000
22.488677 14 12 1000000.000000
22.886238 14 20 1000000.000000
23.033653 14 16 10000.000000
23.232616 14 2 20000.000000
23.606034 14 1 50000.000000
23.841824 14 4 20000.000000
24.968443 14 2 5000000.000000
25.225964 14 10 30000000.000000
25.340658 14 6 5000000.000000
26.477208 14 5 1000000.000000
26.718496 14 23 30000.000000
28.797432 14 18 80000.000000
0.161410 15 19 5000000.000000
0.902103 15 5 10000000.000000
1.131791 15 19 50000.000000
2.549699 15 23 2000000.000000
2.988452 15 3 80000.000000
3.111365 15 7 10000.000000
4.012189 15 15 30000000.000000
4.201974 15 10 80000.000000
4.467904 15 6 10000.000000
5.484333 15 8 10000.000000
5.831200 15 8 80000.000000
6.409896 15 5 10000.000000
6.529584 15 19 10000000.000000
6.943722 15 11 200000.000000
7.031622 15 6 80000.000000
8.042354 15 21 30000.000000
8.571185 15 9 1000000.000000
9.243263 15 21 50000.000000
9.705701 15 22 50000.000000
9.989942 15 22 10000000.000000
10.391386 15 23 200000.000000
11.088477 15 23 30000.000000
11.184772 15 2 50000.000000
11.852443 15 1 80000.000000
12.155882 15 10 30000000.000000
13.064579 15 5 80000.000000
14.951817 15 6 10000.000000
14.965532 15 22 50000.000000
16.012289 15 26 30000.000000
16.283958 15 4 50000.000000
16.552680 15 13 80000.000000
16.633780 15 8 1000000.000000
16.884383 15 3 50000.000000
18.281481 15 13 10000.000000
18.532006 15 8 10000.000000
18.616721 15 2 80000.000000
18.935758 15 0 1000000.000000
19.130739 15 6 50000.000000
19.874983 15 20 80000.000000
20.528656 15 4 10000.000000
20.902374 15 22 5000000.000000
21.075394 15 12 80000.000000
21.393561 15 25 20000.000000
22.143463 15 6 10000.000000
22.269943 15 19 5000000.000000
22.321333 15 18 2000000.000000
23.393703 15 13 20000.000000
23.462412 15 6 80000.000000
23.822358 15 17 50000.000000
25.894605 15 4 50000.000000
26.314305 15 16 1000000.000000
26.338586 15 3 2000000.000000
26.453559 15 20 10000.000000
26.753947 15 13 50000.000000
27.041773 15 6 5000000.000000
27.146457 15 23 1000000.000000
27.476320 15 16 10000.000000
28.371004 15 8 5000000.000000
28.957009 15 20 10000.000000
29.366309 15 0 20000.000000
29.735969 15 13 80000.000000
0.040850 16 23 30000.000000
0.071964 16 6 50000.000000
0.177310 16 6 30000.000000
1.306852 16 26 50000.000000
2.377467 16 22 2000000.000000
2.523243 16 6 10000000.000000
2.703347 16 10 50000.000000
3.190249 16 24 10000.000000
4.020456 16 2 20000.000000
4.206472 16 20 20000.000000
5.041524 16 25 5000000.000000
5.074574 16 22 80000.000000
5.590262 16 13 80000.000000
6.906645 16 10 2000000.000000
8.411487 16 6 10000.000000
9.066332 16 5 10000.000000
9.213083 16 2 80000.000000
9.674826 16 20 10000.000000
9.828545 16 8 1000000.000000
9.902417 16 18 5000000.000000
9.936551 16 24 10000000.000000
10.326960 16 6 200000.000000
10.991074 16 13 80000.000000
11.604362 16 9 10000.000000
12.876367 16 11 5000000.000000
13.611328 16 3 10000000.000000
13.847981 16 1 10000000.000000
14.706612 16 6 10000000.000000
15.042257 16 3 200000.000000
15.057274 16 0 30000000.000000
15.173512 16 18 80000.000000
16.027655 16 1 50000.000000
16.076167 16 22 80000.000000
16.989411 16 17 2000000.000000
17.042200 16 19 5000000.000000
18.343222 16 11 30000.000000
19.190779 16 11 80000.000000
20.411398 16 2 10000.000000
21.134928 16 10 10000.000000
22.095718 16 2 30000000.000000
22.480299 16 19 50000.000000
23.918796 16 9 20000.000000
24.317115 16 3 80000.000000
24.610046 16 12 1000000.000000
25.547431 16 10 5000000.000000
26.207514 16 6 1000000.000000
26.220136 16 23 20000.000000
26.585598 16 0 50000.000000
27.714142 16 7 80000.000000
27.862017 16 26 10000000.000000
28.329894 16 15 1000000.000000
28.435754 16 5 10000.000000
28.468789 16 0 10000.000000
29.285775 16 13 30000000.000000
29.621803 16 24 30000.000000
29.987903 16 10 1000000.000000
0.899521 17 9 10000000.000000
0.971568 17 25 80000.000000
1.188147 17 24 80000.000000
3.440939 17 25 50000.000000
4.325176 17 0 2000000.000000
4.990780 17 24 30000.000000
5.226122 17 0 200000.000000
5.471725 17 3 2000000.000000
6.075310 17 4 1000000.000000
6.596259 17 24 50000.000000
7.058754 17 1 50000.000000
7.583470 17 24 30000000.000000
9.441576 17 10 10000.000000
10.308185 17 1 2000000.000000
10.894365 17 4 30000000.000000
11.238239 17 12 80000.000000
12.622254 17 20 2000000.000000
13.612284 17 5 50000.000000
14.170106 17 25 10000.000000
16.326368 17 24 2000000.000000
16.479498 17 23 30000.000000
16.621086 17 11 50000.000000
17.119634 17 24 1000000.000000
17.542114 17 9 50000.000000
17.620645 17 6 2000000.000000
18.122648 17 25 20000.000000
18.534551 17 9 1000000.000000
19.403645 17 25 20000.000000
20.025843 17 1 2000000.000000
20.109956 17 4 1000000.000000
20.137098 17 16 2000000.000000
20.319053 17 24 1000000.000000
20.753352 17 20 1000000.000000
21.062418 17 26 10000000.000000
21.544396 17 21 30000.000000
21.900302 17 5 10000.000000
22.436713 17 12 2000000.000000
22.458031 17 8 50000.000000
23.114587 17 20 10000.000000
23.396804 17 26 30000.000000
24.726608 17 13 10000.000000
25.026533 17 11 1000000.000000
25.845551 17 14 20000.000000
26.778781 17 8 80000.000000
27.653167 17 15 1000000.000000
28.825110 17 10 10000.000000
29.415721 17 6 50000.000000
0.916667 18 3 200000.000000
1.649354 18 26 5000000.000000
1.835125 18 6 50000.000000
2.305797 18 4 20000.000000
2.383423 18 16 30000.000000
2.762322 18 17 10000.000000
2.807353 18 14 5000000.000000
2.979280 18 19 80000.000000
3.233072 18 14 1000000.000000
3.723644 18 4 200000.000000
3.775507 18 5 20000.000000
5.264585 18 24 10000.000000
5.558264 18 7 30000.000000
5.698202 18 3 30000.000000
7.391535 18 22 30000.000000
7.588591 18 14 30000.000000
8.113510 18 24 2000000.000000
8.603430 18 16 50000.000000
9.579879 18 22 2000000.000000
12.787578 18 4 10000.000000
13.483574 18 25 80000.000000
13.689837 18 13 1000000.000000
15.693894 18 4 10000000.000000
15.750909 18 19 5000000.000000
16.420568 18 16 200000.000000
16.539570 18 5 80000.000000
16.695083 18 5 50000.000000
18.426240 18 2 5000000.000000
18.714286 18 20 5000000.000000
19.008076 18 19 80000.000000
20.552993 18 4 5000000.000000
21.039418 18 13 10000.000000
21.721175 18 19 50000.000000
21.981160 18 21 30000.000000
22.488500 18 1 5000000.000000
22.643667 18 20 1000000.000000
23.070619 18 19 10000.000000
23.885206 18 6 10000.000000
24.358324 18 17 80000.000000
24.710729 18 3 2000000.000000
24.849389 18 12 80000.000000
25.233516 18 23 2000000.000000
26.299638 18 17 2000000.000000
26.981523 18 18 50000.000000
28.989944 18 4 5000000.000000
29.148301 18 26 5000000.000000
29.981948 18 5 10000.000000
1.233885 19 0 80000.000000
2.375051 19 9 30000.000000
2.664017 19 17 10000.000000
3.052937 19 9 1000000.000000
3.542094 19 16 80000.000000
4.110109 19 5 10000.000000
4.136197 19 14 80000.000000
4.565023 19 10 10000.000000
4.660234 19 8 80000.000000
5.287968 19 20 80000.000000
7.295040 19 1 5000000.000000
8.530543 19 18 10000000.000000
8.679973 19 21 50000.000000
8.735306 19 19 200000.000000
9.459651 19 10 1000000.000000
9.600666 19 26 1000000.000000
9.862328 19 0 10000.000000
9.933882 19 9 50000.000000
10.186763 19 9 10000.000000
10.327614 19 16 2000000.000000
10.610319 19 9 50000.000000
10.723099 19 20 10000.000000
12.132375 19 23 1000000.000000
12.475445 19 7 200000.000000
12.610095 19 15 1000000.000000
13.672831 19 13 80000.000000
13.877379 19 11 2000000.000000
14.181255 19 26 30000.000000
14.546329 19 5 30000.000000
14.966057 19 19 5000000.000000
15.313044 19 5 80000.000000
15.423755 19 3 30000000.000000
16.376370 19 17 10000.000000
16.983248 19 12 10000.000000
17.926082 19 9 50000.000000
18.032768 19 13 10000.000000
18.097319 19 2 10000.000000
18.827294 19 8 1000000.000000
19.010240 19 15 50000.000000
19.107310 19 7 200000.000000
20.027195 19 6 1000000.000000
20.349632 19 10 80000.000000
20.846886 19 2 10000000.000000
21.419441 19 17 10000.000000
21.716734 19 16 1000000.000000
21.814191 19 1 10000.000000
22.013538 19 17 10000.000000
22.350806 19 1 30000.000000
22.821358 19 12 10000000.000000
22.938040 19 11 10000.000000
23.149889 19 4 2000000.000000
24.124724 19 18 1000000.000000
25.012613 19 9 80000.000000
25.735668 19 9 2000000.000000
26.772771 19 4 80000.000000
27.691974 19 6 5000000.000000
27.767306 19 14 50000.000000
27.946971 19 6 10000.000000
28.166107 19 14 20000.000000
28.885160 19 3 10000.000000
28.903050 19 21 1000000.000000
29.395824 19 15 10000000.000000
0.093255 20 14 2000000.000000
1.135376 20 24 1000000.000000
1.401902 20 7 10000.000000
1.717447 20 10 1000000.000000
1.723797 20 22 10000.000000
2.724881 20 23 20000.000000
3.280664 20 0 1000000.000000
3.761964 20 7 10000000.000000
4.868943 20 11 30000.000000
5.113222 20 4 50000.000000
6.861338 20 19 30000.000000
7.071875 20 5 80000.000000
7.319720 20 22 2000000.000000
7.360685 20 15 50000.000000
8.092848 20 1 20000.000000
10.247349 20 18 80000.000000
10.695199 20 24 80000.000000
12.414367 20 4 30000.000000
12.918258 20 13 10000.000000
14.492186 20 22 50000.000000
15.134390 20 4 2000000.000000
15.284188 20 18 20000.000000
15.639101 20 24 10000.000000
15.886151 20 15 1000000.000000
16.126542 20 17 10000.000000
16.537939 20 24 50000.000000
17.513720 20 19 10000.000000
19.042961 20 20 5000000.000000
20.432702 20 26 5000000.000000
20.807453 20 4 10000.000000
21.465103 20 17 80000.000000
23.359050 20 5 200000.000000
23.947206 20 16 50000.000000
24.025987 20 25 200000.000000
24.931271 20 2 5000000.000000
26.130854 20 0 30000000.000000
26.523465 20 11 10000.000000
26.948764 20 6 200000.000000
29.007141 20 22 50000.000000
29.291719 20 23 2000000.000000
29.327625 20 13 30000.000000
0.094124 21 10 30000.000000
1.366032 21 11 80000.000000
1.871707 21 9 10000.000000
3.309976 21 7 2000000.000000
4.569695 21 26 5000000.000000
5.266533 21 14 10000000.000000
5.276731 21 17 50000.000000
5.923806 21 9 30000.000000
6.157806 21 5 1000000.000000
6.354163 21 8 50000.000000
6.436815 21 12 1000000.000000
6.658408 21 3 5000000.000000
7.393828 21 7 10000000.000000
7.499928 21 12 10000000.000000
7.992324 21 0 30000.000000
8.333715 21 12 50000.000000
8.713307 21 9 200000.000000
8.824152 21 8 1000000.000000
9.556457 21 22 10000.000000
10.301287 21 21 80000.000000
10.365676 21 13 2000000.000000
12.138780 21 4 50000.000000
14.124782 21 11 1000000.000000
14.744244 21 8 80000.000000
15.297179 21 3 1000000.000000
15.482995 21 0 200000.000000
15.591188 21 25 2000000.000000
16.006424 21 7 1000000.000000
16.282269 21 7 30000.000000
17.133703 21 24 5000000.000000
17.363937 21 23 5000000.000000
18.404094 21 11 80000.000000
19.132201 21 5 10000.000000
20.078642 21 13 10000.000000
20.808080 21 8 200000.000000
21.510313 21 0 2000000.000000
22.195342 21 15 80000.000000
22.970813 21 3 30000000.000000
23.624169 21 23 5000000.000000
24.890900 21 21 10000.000000
26.021462 21 16 5000000.000000
26.148497 21 3 80000.000000
27.014855 21 19 200000.000000
27.803939 21 25 30000.000000
28.239376 21 8 1000000.000000
29.019014 21 11 2000000.000000
29.381844 21 5 5000000.000000
29.494176 21 15 50000.000000
0.589929 22 15 80000.000000
0.815325 22 16 2000000.000000
1.579617 22 9 80000.000000
3.761145 22 23 5000000.000000
3.774213 22 26 30000.000000
3.981200 22 18 80000.000000
3.997812 22 15 50000.000000
4.893073 22 26 200000.000000
5.210437 22 1 1000000.000000
6.204611 22 9 2000000.000000
6.517076 22 7 200000.000000
6.672156 22 8 1000000.000000
6.748026 22 19 10000.000000
7.284648 22 24 30000.000000
8.199139 22 3 2000000.000000
8.204775 22 25 10000000.000000
8.638222 22 15 10000.000000
10.224572 22 21 1000000.000000
10.350975 22 9 2000000.000000
10.798981 22 16 80000.000000
11.750213 22 22 80000.000000
11.785378 22 8 80000.000000
13.216063 22 9 10000.000000
13.577492 22 4 200000.000000
13.593831 22 3 10000.000000
14.031350 22 19 10000.000000
16.682328 22 26 5000000.000000
17.324573 22 14 10000000.000000
17.347887 22 8 10000.000000
17.573473 22 5 80000.000000
17.908247 22 25 50000.000000
18.125515 22 9 80000.000000
18.326754 22 7 200000.000000
20.353713 22 4 10000.000000
20.593815 22 25 1000000.000000
20.774899 22 13 2000000.000000
22.167910 22 18 10000000.000000
24.280660 22 9 10000.000000
25.532700 22 22 10000000.000000
26.359620 22 0 2000000.000000
26.619491 22 5 10000.000000
27.092856 22 9 5000000.000000
27.533074 22 9 80000.000000
27.991132 22 0 10000.000000
28.058808 22 24 10000.000000
28.294822 22 23 5000000.000000
29.858311 22 9 50000.000000
0.202007 23 2 10000000.000000
0.388224 23 24 10000000.000000
0.907398 23 10 2000000.000000
2.139664 23 17 5000000.000000
2.883087 23 10 5000000.000000
3.361311 23 22 5000000.000000
3.716509 23 13 5000000.000000
4.583548 23 22 20000.000000
6.796011 23 5 50000.000000
7.575016 23 11 80000.000000
8.456661 23 9 5000000.000000
9.239632 23 15 80000.000000
9.516579 23 4 5000000.000000
11.880216 23 4 50000.000000
12.692810 23 13 80000.000000
13.171766 23 6 10000.000000
13.580252 23 8 10000.000000
13.865109 23 1 50000.000000
14.431495 23 21 10000.000000
14.659796 23 4 50000.000000
14.733494 23 4 20000.000000
15.793342 23 13 10000000.000000
15.908038 23 6 10000.000000
17.151258 23 9 2000000.000000
17.342086 23 13 10000000.000000
18.134234 23 14 10000.000000
18.155054 23 18 200000.000000
18.439367 23 9 1000000.000000
19.006025 23 21 30000.000000
19.078341 23 23 1000000.000000
19.188287 23 17 30000.000000
19.491368 23 1 30000.000000
19.975272 23 1 20000.000000
20.802750 23 6 50000.000000
21.684249 23 25 10000000.000000
22.777871 23 15 2000000.000000
23.195846 23 0 10000000.000000
23.708812 23 9 2000000.000000
23.768357 23 25 5000000.000000
25.052087 23 23 10000000.000000
25.810739 23 0 30000.000000
25.823237 23 11 10000.000000
26.595865 23 18 1000000.000000
27.246808 23 13 2000000.000000
27.364817 23 24 50000.000000
27.646532 23 9 1000000.000000
27.763276 23 18 1000000.000000
28.796956 23 17 200000.000000
29.214269 23 18 200000.000000
29.704512 23 3 1000000.000000
29.827824 23 24 1000000.000000
1.400197 24 24 30000.000000
1.727655 24 9 1000000.000000
2.540200 24 24 10000.000000
3.185679 24 2 1000000.000000
3.454180 24 8 5000000.000000
3.476585 24 20 200000.000000
3.789832 24 9 2000000.000000
3.887455 24 18 30000.000000
3.908722 24 13 2000000.000000
4.137380 24 26 80000.000000
6.122341 24 23 1000000.000000
6.440395 24 10 50000.000000
6.911409 24 25 10000.000000
8.633351 24 0 1000000.000000
8.858083 24 23 10000.000000
10.575957 24 25 10000.000000
10.925688 24 15 10000000.000000
10.949395 24 4 50000.000000
11.509048 24 3 2000000.000000
11.573724 24 22 10000.000000
11.903198 24 24 10000000.000000
12.216806 24 9 10000.000000
13.104043 24 15 200000.000000
13.263774 24 22 30000.000000
13.459092 24 10 5000000.000000
13.615216 24 12 2000000.000000
13.676085 24 1 10000.000000
14.681910 24 9 50000.000000
14.745962 24 2 200000.000000
15.373508 24 6 30000.000000
15.394905 24 0 30000.000000
15.697983 24 7 5000000.000000
15.721894 24 0 10000.000000
15.927086 24 17 30000.000000
15.934004 24 6 20000.000000
16.145635 24 20 10000.000000
16.919592 24 16 1000000.000000
18.190415 24 14 5000000.000000
19.139850 24 8 10000000.000000
19.330264 24 22 200000.000000
20.704228 24 10 10000.000000
21.300277 24 13 50000.000000
24.305678 24 19 80000.000000
24.318541 24 16 20000.000000
25.494138 24 10 1000000.000000
25.963043 24 9 1000000.000000
26.106524 24 5 5000000.000000
26.137454 24 4 2000000.000000
26.210651 24 17 1000000.000000
26.376205 24 15 10000000.000000
26.910675 24 22 30000000.000000
27.259696 24 16 200000.000000
28.231258 24 16 1000000.000000
28.917426 24 21 80000.000000
29.280073 24 19 200000.000000
29.418700 24 9 5000000.000000
29.686546 24 12 5000000.000000
29.742054 24 2 1000000.000000
0.531123 25 23 30000000.000000
0.789009 25 16 50000.000000
1.674786 25 20 50000.000000
1.775429 25 23 20000.000000
4.184134 25 4 10000000.000000
4.186505 25 9 50000.000000
4.196572 25 11 30000000.000000
4.457478 25 19 10000.000000
5.651490 25 11 50000.000000
6.805951 25 23 20000.000000
7.203484 25 17 10000.000000
7.266312 25 18 200000.000000
7.705525 25 11 1000000.000000
8.686423 25 0 50000.000000
8.958458 25 11 2000000.000000
9.447140 25 17 5000000.000000
9.580466 25 11 30000000.000000
9.641645 25 20 80000.000000
9.935242 25 5 1000000.000000
10.037841 25 18 1000000.000000
10.636129 25 5 200000.000000
11.050757 25 20 50000.000000
11.366377 25 14 5000000.000000
11.914155 25 1 10000.000000
13.425013 25 26 30000.000000
13.520112 25 19 1000000.000000
14.455311 25 19 80000.000000
14.903700 25 4 1000000.000000
15.207502 25 26 1000000.000000
16.330854 25 15 2000000.000000
17.629779 25 23 10000.000000
17.856664 25 24 20000.000000
17.875817 25 12 5000000.000000
18.230915 25 0 10000.000000
18.319384 25 6 50000.000000
18.332552 25 5 30000.000000
18.825389 25 9 30000.000000
18.983492 25 17 200000.000000
19.147718 25 5 20000.000000
19.472729 25 16 50000.000000
19.714129 25 20 10000000.000000
19.887337 25 25 50000.000000
19.987311 25 8 1000000.000000
20.328774 25 20 10000.000000
20.810259 25 23 10000.000000
21.243868 25 23 5000000.000000
22.645530 25 14 10000000.000000
24.249141 25 16 10000000.000000
24.287234 25 10 30000.000000
24.370960 25 11 2000000.000000
25.580056 25 24 2000000.000000
26.542955 25 6 80000.000000
27.666906 25 20 20000.000000
28.310193 25 8 10000.000000
28.882955 25 19 30000.000000
29.521759 25 7 30000.000000
29.849764 25 21 80000.000000
0.167378 26 18 1000000.000000
0.529455 26 24 2000000.000000
1.250583 26 15 10000.000000
2.413002 26 8 10000.000000
2.941163 26 17 1000000.000000
3.167102 26 21 10000.000000
3.600404 26 1 30000.000000
4.082061 26 12 80000.000000
4.790844 26 15 50000.000000
5.220431 26 7 1000000.000000
6.076483 26 21 30000.000000
7.164578 26 22 80000.000000
7.569532 26 3 20000.000000
7.632474 26 4 5000000.000000
7.698516 26 20 5000000.000000
8.037261 26 4 10000.000000
8.263067 26 17 10000.000000
8.482000 26 22 2000000.000000
8.591797 26 26 20000.000000
9.715962 26 21 80000.000000
9.874052 26 15 50000.000000
10.616308 26 23 5000000.000000
10.937250 26 14 50000.000000
11.662451 26 18 5000000.000000
11.793086 26 12 2000000.000000
12.269703 26 12 1000000.000000
13.051906 26 3 5000000.000000
15.054765 26 2 80000.000000
16.163815 26 26 5000000.000000
16.502013 26 5 10000.000000
16.623664 26 4 1000000.000000
16.694033 26 3 5000000.000000
16.818231 26 0 80000.000000
17.013432 26 4 2000000.000000
17.626956 26 17 10000.000000
18.175684 26 16 200000.000000
18.308858 26 19 50000.000000
19.040459 26 0 10000.000000
19.414139 26 15 50000.000000
20.336101 26 24 200000.000000
20.487584 26 21 80000.000000
20.869207 26 11 10000.000000
21.281281 26 21 80000.000000
21.466129 26 19 50000.000000
22.945656 26 19 10000000.000000
23.301241 26 1 1000000.000000
23.604363 26 7 10000.000000
26.311222 26 23 5000000.000000
27.487058 26 7 1000000.000000
27.829998 26 22 5000000.000000
28.007528 26 5 80000.000000
28.516381 26 9 200000.000000
28.584102 26 3 50000.000000
29.643471 26 25 1000000.000000
29.706794 26 6 30000.000000
29.793737 26 24 50000.000000
