0.120130 0 17 200000.000000
0.385820 0 4 10000.000000
0.460378 0 25 50000.000000
0.672254 0 23 200000.000000
0.742550 0 3 50000.000000
1.215464 0 24 80000.000000
1.649905 0 2 50000.000000
1.658745 0 5 80000.000000
2.074512 0 15 10000.000000
2.422966 0 0 10000.000000
4.133508 0 22 200000.000000
4.230227 0 17 10000000.000000
5.111127 0 4 2000000.000000
5.229553 0 7 2000000.000000
5.681984 0 21 10000.000000
6.273695 0 25 30000.000000
7.390904 0 23 5000000.000000
7.718912 0 19 200000.000000
7.930655 0 20 80000.000000
7.999127 0 17 1000000.000000
8.008236 0 4 10000.000000
8.702131 0 2 80000.000000
9.422384 0 3 10000.000000
9.610054 0 15 1000000.000000
10.750758 0 3 1000000.000000
10.980278 0 19 200000.000000
11.077599 0 5 200000.000000
12.044732 0 25 80000.000000
12.072170 0 7 2000000.000000
12.503717 0 0 20000.000000
12.728933 0 10 30000.000000
13.577132 0 18 1000000.000000
13.642780 0 6 50000.000000
13.921997 0 21 50000.000000
15.543221 0 15 50000.000000
16.536508 0 11 50000.000000
16.977311 0 16 2000000.000000
17.150946 0 3 5000000.000000
17.207760 0 26 30000.000000
17.352496 0 26 30000000.000000
17.443158 0 2 2000000.000000
17.588479 0 7 50000.000000
17.897872 0 16 10000.000000
18.510051 0 6 10000.000000
18.991426 0 16 20000.000000
19.151691 0 3 50000.000000
19.230202 0 20 50000.000000
20.218619 0 26 30000.000000
20.226538 0 22 20000.000000
21.208602 0 15 20000.000000
21.474321 0 21 20000.000000
21.637642 0 8 10000.000000
21.763029 0 3 5000000.000000
22.596492 0 2 2000000.000000
23.538925 0 8 10000000.000000
23.789350 0 10 1000000.000000
24.024908 0 8 50000.000000
24.362425 0 18 10000.000000
24.708931 0 1 10000000.000000
24.808553 0 26 5000000.000000
25.279192 0 8 10000.000000
25.433998 0 21 20000.000000
25.681889 0 13 2000000.000000
25.828379 0 6 20000.000000
26.031439 0 2 10000.000000
26.422297 0 24 80000.000000
26.596111 0 11 80000.000000
26.636280 0 7 1000000.000000
27.076263 0 21 5000000.000000
27.193801 0 21 80000.000000
27.324360 0 16 50000.000000
27.378843 0 2 200000.000000
27.527477 0 11 30000.000000
27.816415 0 0 1000000.000000
28.049058 0 22 80000.000000
28.461100 0 7 2000000.000000
28.821065 0 18 50000.000000
28.933919 0 21 80000.000000
29.945329 0 26 5000000.000000
0.107119 1 7 30000000.000000
0.589719 1 0 200000.000000
1.459540 1 15 10000.000000
2.644918 1 14 10000.000000
2.914448 1 3 5000000.000000
3.309306 1 26 50000.000000
3.415435 1 0 2000000.000000
3.471410 1 19 80000.000000
3.896021 1 3 80000.000000
3.989022 1 12 10000.000000
4.619236 1 21 50000.000000
5.143225 1 3 20000.000000
5.592177 1 0 80000.000000
5.640482 1 8 1000000.000000
6.008501 1 19 200000.000000
6.067646 1 0 1000000.000000
6.228888 1 14 30000000.000000
7.501549 1 19 10000.000000
7.668707 1 1 30000.000000
9.094234 1 3 80000.000000
9.436621 1 15 10000.000000
9.446262 1 7 80000.000000
10.189469 1 18 1000000.000000
11.662085 1 23 2000000.000000
13.120401 1 19 1000000.000000
14.111102 1 25 1000000.000000
14.410639 1 22 2000000.000000
15.271093 1 19 2000000.000000
15.982215 1 0 10000000.000000
16.531337 1 11 30000.000000
17.220678 1 13 80000.000000
17.278749 1 8 1000000.000000
17.367968 1 0 1000000.000000
18.256167 1 19 20000.000000
18.681954 1 7 10000000.000000
19.009368 1 11 200000.000000
19.645754 1 24 10000.000000
20.251315 1 15 80000.000000
20.589843 1 7 10000000.000000
21.280861 1 26 5000000.000000
21.670174 1 26 200000.000000
22.161019 1 17 1000000.000000
22.696191 1 3 10000000.000000
23.340305 1 5 20000.000000
23.429283 1 15 50000.000000
23.556399 1 1 10000000.000000
23.572130 1 16 10000000.000000
23.948430 1 6 10000000.000000
24.729281 1 25 50000.000000
25.202845 1 12 10000.000000
25.560828 1 20 50000.000000
25.733659 1 5 5000000.000000
25.993317 1 4 30000.000000
26.161946 1 12 5000000.000000
27.131886 1 11 10000.000000
27.833193 1 15 2000000.000000
27.889326 1 14 20000.000000
27.984548 1 20 200000.000000
27.999776 1 19 80000.000000
28.496492 1 26 80000.000000
29.070154 1 4 2000000.000000
29.077797 1 13 50000.000000
29.213216 1 14 10000.000000
0.130359 2 15 50000.000000
0.164443 2 18 10000000.000000
0.966512 2 7 20000.000000
1.238220 2 13 2000000.000000
1.293833 2 8 80000.000000
1.594513 2 0 50000.000000
1.661597 2 6 1000000.000000
1.742621 2 20 5000000.000000
2.239471 2 10 1000000.000000
2.510426 2 15 10000000.000000
2.989293 2 3 30000.000000
3.225843 2 18 10000000.000000
3.484685 2 4 2000000.000000
5.719666 2 7 20000.000000
6.465539 2 20 10000000.000000
7.036725 2 11 10000000.000000
7.099583 2 22 10000.000000
7.428279 2 15 50000.000000
8.955741 2 19 5000000.000000
9.779986 2 20 2000000.000000
9.880274 2 24 10000.000000
9.901529 2 25 80000.000000
9.963590 2 21 200000.000000
10.286340 2 14 2000000.000000
10.316653 2 4 80000.000000
10.557513 2 24 50000.000000
10.761875 2 26 20000.000000
10.804346 2 25 80000.000000
11.196977 2 4 10000.000000
11.599811 2 11 10000.000000
12.303086 2 26 5000000.000000
12.683129 2 0 10000000.000000
12.866058 2 2 10000.000000
13.177493 2 13 1000000.000000
13.184669 2 6 10000.000000
13.584927 2 16 1000000.000000
13.774218 2 16 200000.000000
14.825847 2 11 10000.000000
14.901971 2 23 200000.000000
15.171738 2 19 50000.000000
15.258739 2 17 10000.000000
16.278153 2 24 5000000.000000
16.474144 2 9 10000.000000
17.099462 2 9 30000.000000
17.203354 2 17 1000000.000000
18.342109 2 16 50000.000000
18.459175 2 20 10000.000000
18.502276 2 16 10000000.000000
19.656783 2 21 10000.000000
19.744639 2 12 30000000.000000
20.193963 2 14 10000.000000
20.371496 2 8 5000000.000000
20.420885 2 16 30000.000000
20.474445 2 18 5000000.000000
20.801734 2 7 2000000.000000
21.422115 2 2 80000.000000
21.568891 2 16 30000000.000000
21.939711 2 18 1000000.000000
22.022832 2 10 2000000.000000
22.569983 2 6 5000000.000000
23.303241 2 10 80000.000000
23.866508 2 22 80000.000000
23.983380 2 1 80000.000000
24.147027 2 5 1000000.000000
24.202416 2 19 200000.000000
24.633836 2 0 2000000.000000
24.734330 2 18 2000000.000000
25.375541 2 15 10000000.000000
25.565065 2 5 10000.000000
26.066441 2 9 5000000.000000
26.707866 2 7 10000.000000
26.760794 2 25 1000000.000000
27.228232 2 15 2000000.000000
27.674874 2 0 1000000.000000
27.844245 2 23 30000.000000
27.915842 2 4 80000.000000
28.082239 2 7 20000.000000
28.654451 2 15 1000000.000000
29.162083 2 16 5000000.000000
29.373969 2 8 30000.000000
29.633871 2 26 80000.000000
0.021702 3 4 20000.000000
0.221092 3 21 1000000.000000
0.942285 3 4 2000000.000000
1.356140 3 16 10000000.000000
1.504736 3 1 80000.000000
1.553904 3 3 10000.000000
1.914300 3 8 10000.000000
2.566129 3 22 5000000.000000
2.657909 3 6 5000000.000000
3.151504 3 21 2000000.000000
3.153111 3 13 50000.000000
3.389168 3 15 80000.000000
3.523420 3 15 10000.000000
5.214186 3 11 5000000.000000
5.257846 3 18 5000000.000000
5.795402 3 10 50000.000000
6.838369 3 18 10000.000000
6.844627 3 4 10000.000000
7.400171 3 20 1000000.000000
7.600212 3 24 10000000.000000
7.861965 3 16 1000000.000000
8.050587 3 0 2000000.000000
8.117916 3 8 50000.000000
9.481416 3 12 10000.000000
9.740128 3 2 30000.000000
10.570220 3 19 1000000.000000
11.133424 3 12 5000000.000000
11.253461 3 6 1000000.000000
11.433855 3 17 80000.000000
13.007577 3 13 5000000.000000
13.389316 3 18 80000.000000
13.566448 3 20 30000.000000
14.994619 3 5 20000.000000
15.004165 3 20 50000.000000
15.599652 3 7 80000.000000
16.042772 3 10 10000.000000
16.098396 3 23 50000.000000
16.251126 3 26 50000.000000
16.834926 3 21 50000.000000
17.216021 3 12 10000000.000000
17.341841 3 6 30000.000000
18.421990 3 11 30000.000000
18.926035 3 2 20000.000000
19.123359 3 8 10000.000000
19.366884 3 25 80000.000000
20.396957 3 17 5000000.000000
21.642279 3 22 1000000.000000
21.943113 3 14 80000.000000
22.439320 3 12 10000.000000
22.733653 3 16 2000000.000000
22.822140 3 18 30000.000000
23.710059 3 5 2000000.000000
24.083166 3 25 80000.000000
24.180246 3 23 10000000.000000
24.320349 3 5 1000000.000000
24.868353 3 4 30000000.000000
25.027867 3 3 30000000.000000
25.109648 3 19 10000000.000000
25.278264 3 11 10000.000000
25.493236 3 13 5000000.000000
25.653294 3 11 80000.000000
25.912271 3 14 10000.000000
26.161615 3 18 5000000.000000
26.337607 3 24 80000.000000
26.582783 3 13 200000.000000
26.876026 3 12 80000.000000
27.198993 3 17 30000000.000000
27.907676 3 24 200000.000000
28.508724 3 11 10000.000000
28.532251 3 23 50000.000000
29.376897 3 8 5000000.000000
0.219141 4 16 80000.000000
0.339705 4 9 1000000.000000
1.605920 4 5 10000.000000
1.685272 4 15 80000.000000
1.838448 4 19 80000.000000
2.392736 4 11 200000.000000
2.483847 4 11 200000.000000
3.572173 4 24 2000000.000000
3.573302 4 22 5000000.000000
3.880954 4 26 30000.000000
4.193362 4 21 2000000.000000
5.578438 4 3 1000000.000000
6.465105 4 4 30000.000000
6.589684 4 17 50000.000000
6.880823 4 8 5000000.000000
7.052730 4 21 80000.000000
7.368424 4 25 10000.000000
7.447873 4 12 80000.000000
7.486791 4 25 10000000.000000
7.670485 4 0 10000.000000
8.242734 4 4 80000.000000
8.285026 4 13 10000.000000
8.367801 4 18 200000.000000
9.161803 4 13 10000.000000
9.371260 4 0 30000.000000
9.470560 4 0 2000000.000000
9.550785 4 2 10000.000000
9.626887 4 1 10000000.000000
9.948883 4 23 30000.000000
10.314523 4 1 80000.000000
10.344166 4 6 10000.000000
10.561667 4 7 10000.000000
10.914193 4 16 1000000.000000
11.705895 4 13 2000000.000000
11.802354 4 24 10000.000000
12.218756 4 9 10000.000000
12.414342 4 13 5000000.000000
12.836063 4 7 30000.000000
13.143862 4 12 30000000.000000
13.167899 4 24 5000000.000000
13.948521 4 22 1000000.000000
14.133775 4 22 5000000.000000
14.980414 4 5 10000.000000
15.202821 4 26 200000.000000
15.206122 4 4 200000.000000
15.466098 4 22 10000.000000
15.531350 4 1 80000.000000
15.757525 4 21 30000.000000
16.013456 4 0 20000.000000
16.663194 4 25 30000.000000
16.746773 4 26 2000000.000000
17.794436 4 4 80000.000000
17.940189 4 25 80000.000000
18.343934 4 22 1000000.000000
19.043478 4 21 10000000.000000
19.754531 4 11 20000.000000
20.288139 4 5 1000000.000000
20.916028 4 8 50000.000000
21.184275 4 7 50000.000000
22.683262 4 1 2000000.000000
22.866310 4 13 10000000.000000
23.309659 4 1 10000.000000
23.950591 4 4 80000.000000
24.233331 4 26 10000.000000
24.328772 4 7 5000000.000000
24.449863 4 6 10000000.000000
24.478773 4 10 10000.000000
24.500925 4 24 5000000.000000
24.896002 4 11 10000000.000000
25.248298 4 7 10000.000000
25.420406 4 1 200000.000000
26.302577 4 0 200000.000000
26.327695 4 2 30000.000000
26.816813 4 6 80000.000000
27.551883 4 21 30000000.000000
27.712698 4 11 10000.000000
28.174583 4 20 80000.000000
28.475060 4 15 5000000.000000
28.491587 4 12 10000.000000
29.547993 4 6 10000.000000
29.617501 4 17 30000.000000
29.650536 4 4 20000.000000
0.120262 5 13 50000.000000
0.135629 5 25 80000.000000
0.319467 5 9 1000000.000000
0.350070 5 8 30000.000000
0.370941 5 2 30000.000000
0.438567 5 6 10000000.000000
0.483120 5 10 10000000.000000
0.962827 5 3 30000.000000
1.143515 5 9 30000.000000
2.843234 5 5 5000000.000000
3.051627 5 4 1000000.000000
3.114569 5 5 30000.000000
3.323997 5 13 2000000.000000
3.429802 5 14 50000.000000
3.576809 5 14 30000.000000
4.258047 5 20 10000000.000000
4.592169 5 8 10000.000000
4.972735 5 2 10000.000000
4.995116 5 17 80000.000000
5.032189 5 17 80000.000000
5.810208 5 23 30000.000000
6.010929 5 13 5000000.000000
6.158968 5 24 50000.000000
6.331431 5 0 1000000.000000
6.838761 5 25 10000.000000
7.616620 5 15 50000.000000
7.721770 5 16 50000.000000
8.216939 5 24 200000.000000
8.703515 5 21 80000.000000
8.711300 5 22 1000000.000000
8.813804 5 18 80000.000000
8.868733 5 13 5000000.000000
9.188365 5 0 1000000.000000
9.940289 5 5 50000.000000
10.040414 5 4 50000.000000
10.448524 5 26 50000.000000
10.597364 5 7 2000000.000000
10.841871 5 24 50000.000000
11.022467 5 6 5000000.000000
11.134534 5 17 2000000.000000
11.274787 5 8 1000000.000000
11.449846 5 12 1000000.000000
12.128821 5 14 50000.000000
12.470173 5 16 2000000.000000
12.798092 5 9 20000.000000
13.480659 5 22 30000000.000000
13.934032 5 15 1000000.000000
14.390756 5 4 2000000.000000
15.628077 5 3 5000000.000000
16.199226 5 21 5000000.000000
16.369449 5 21 30000000.000000
17.170644 5 13 2000000.000000
18.086102 5 5 30000000.000000
18.553754 5 22 10000000.000000
18.952479 5 13 30000.000000
19.042793 5 21 30000.000000
19.487593 5 6 30000000.000000
19.605544 5 8 80000.000000
20.576523 5 4 30000.000000
20.959837 5 8 10000.000000
21.103000 5 24 20000.000000
21.410988 5 18 200000.000000
21.535234 5 6 80000.000000
21.560784 5 16 10000.000000
22.674243 5 21 50000.000000
22.847423 5 22 200000.000000
22.883044 5 20 10000.000000
23.118021 5 16 30000.000000
23.126051 5 8 80000.000000
23.243266 5 15 80000.000000
23.346303 5 13 80000.000000
23.367109 5 4 1000000.000000
23.612604 5 5 5000000.000000
23.883030 5 19 5000000.000000
23.950658 5 25 80000.000000
24.188660 5 12 10000.000000
24.359194 5 8 80000.000000
24.379398 5 23 50000.000000
24.962031 5 15 80000.000000
25.044578 5 2 5000000.000000
25.201794 5 1 50000.000000
25.241595 5 13 30000.000000
25.690315 5 22 30000.000000
26.440902 5 8 1000000.000000
26.717728 5 4 1000000.000000
26.781944 5 2 200000.000000
27.343642 5 23 80000.000000
27.946636 5 26 1000000.000000
28.152712 5 24 10000000.000000
28.164115 5 0 50000.000000
28.620683 5 23 80000.000000
28.722717 5 7 80000.000000
29.173232 5 22 10000.000000
1.325673 6 25 80000.000000
1.504957 6 21 30000.000000
2.706892 6 9 80000.000000
3.152515 6 14 1000000.000000
3.822027 6 16 10000.000000
3.879577 6 14 30000.000000
4.429974 6 1 2000000.000000
4.560795 6 10 80000.000000
5.080563 6 25 10000.000000
5.169047 6 14 200000.000000
5.758254 6 24 10000.000000
6.012934 6 21 5000000.000000
6.150605 6 23 80000.000000
6.709163 6 15 200000.000000
6.852884 6 0 30000.000000
6.938324 6 11 2000000.000000
9.358566 6 10 30000.000000
9.788349 6 15 80000.000000
9.928134 6 0 1000000.000000
10.658232 6 19 80000.000000
11.169749 6 11 1000000.000000
11.181377 6 3 10000.000000
11.685261 6 3 1000000.000000
11.879904 6 20 30000.000000
12.247920 6 9 5000000.000000
13.336170 6 20 10000.000000
13.438992 6 24 50000.000000
14.299710 6 8 10000.000000
14.437820 6 9 2000000.000000
14.647657 6 1 1000000.000000
14.772317 6 23 5000000.000000
14.929304 6 24 10000.000000
15.157945 6 18 80000.000000
16.562312 6 3 50000.000000
16.733723 6 3 50000.000000
17.578307 6 13 10000000.000000
18.419383 6 8 80000.000000
18.648478 6 4 10000000.000000
18.888535 6 18 10000.000000
19.020273 6 18 5000000.000000
19.031434 6 10 80000.000000
19.093367 6 11 80000.000000
19.114452 6 14 10000000.000000
19.184949 6 16 1000000.000000
20.617628 6 22 5000000.000000
20.694933 6 22 20000.000000
20.868421 6 18 30000.000000
21.574353 6 3 50000.000000
22.211601 6 10 80000.000000
22.728039 6 6 5000000.000000
22.855951 6 7 10000.000000
24.308381 6 17 50000.000000
26.162603 6 24 50000.000000
26.410099 6 5 1000000.000000
27.538250 6 24 10000.000000
27.920731 6 5 2000000.000000
28.920342 6 23 200000.000000
29.053719 6 19 5000000.000000
29.329892 6 14 50000.000000
29.917875 6 11 2000000.000000
0.135394 7 3 80000.000000
0.257002 7 17 80000.000000
0.447301 7 5 2000000.000000
0.748752 7 9 5000000.000000
1.273556 7 4 80000.000000
1.549322 7 18 1000000.000000
1.707816 7 23 80000.000000
2.218845 7 5 200000.000000
2.508226 7 9 10000000.000000
2.524464 7 25 20000.000000
2.883026 7 11 2000000.000000
2.931765 7 19 30000000.000000
4.085272 7 8 30000.000000
4.141153 7 11 10000000.000000
4.206594 7 9 80000.000000
4.597868 7 21 5000000.000000
4.652733 7 8 20000.000000
4.901987 7 7 10000.000000
5.147765 7 9 10000.000000
5.877067 7 17 2000000.000000
5.994489 7 10 1000000.000000
6.368525 7 4 20000.000000
6.899838 7 7 80000.000000
7.157086 7 16 80000.000000
7.256381 7 25 30000000.000000
7.275676 7 0 10000000.000000
7.355050 7 6 2000000.000000
7.460586 7 11 30000.000000
7.522922 7 4 50000.000000
7.617481 7 0 10000.000000
7.819927 7 23 10000000.000000
8.483886 7 25 2000000.000000
9.860328 7 22 2000000.000000
10.362776 7 17 10000.000000
10.666825 7 1 2000000.000000
10.992375 7 7 10000000.000000
12.171939 7 22 50000.000000
12.272895 7 23 1000000.000000
13.198121 7 10 5000000.000000
13.421975 7 23 5000000.000000
13.493695 7 16 5000000.000000
13.586423 7 11 30000.000000
13.660719 7 5 30000.000000
14.309625 7 16 10000.000000
14.630870 7 23 1000000.000000
15.012943 7 0 10000000.000000
15.553974 7 26 20000.000000
16.153901 7 24 2000000.000000
16.242860 7 25 10000.000000
16.751987 7 15 2000000.000000
17.355104 7 0 5000000.000000
18.081563 7 16 30000.000000
18.447589 7 23 30000.000000
18.975019 7 2 20000.000000
19.216333 7 14 80000.000000
19.610582 7 19 10000.000000
19.656182 7 0 10000000.000000
20.021460 7 5 200000.000000
20.059388 7 4 2000000.000000
21.027635 7 19 5000000.000000
21.219016 7 10 5000000.000000
21.366485 7 19 80000.000000
21.496424 7 22 80000.000000
21.591387 7 20 200000.000000
22.633603 7 9 10000.000000
23.129129 7 9 30000.000000
23.181723 7 19 10000.000000
23.867754 7 10 1000000.000000
23.924768 7 0 5000000.000000
24.240586 7 26 200000.000000
24.251754 7 16 80000.000000
26.114358 7 18 50000.000000
26.178765 7 0 10000000.000000
26.405537 7 26 10000.000000
26.490688 7 6 10000.000000
26.620317 7 20 80000.000000
26.987357 7 15 30000.000000
27.469192 7 4 200000.000000
27.890130 7 7 20000.000000
27.981756 7 20 30000.000000
28.033903 7 21 10000.000000
28.304510 7 14 1000000.000000
28.666343 7 6 10000.000000
28.730146 7 7 80000.000000
29.005496 7 26 1000000.000000
29.124464 7 10 5000000.000000
29.445561 7 3 10000.000000
29.847153 7 9 10000.000000
29.966748 7 3 1000000.000000
0.455467 8 12 20000.000000
0.814972 8 4 200000.000000
0.901048 8 15 20000.000000
1.078310 8 22 20000.000000
1.173434 8 7 10000.000000
1.536979 8 5 80000.000000
1.923462 8 7 20000.000000
2.144773 8 25 50000.000000
2.231645 8 17 80000.000000
2.816775 8 8 30000.000000
2.933320 8 0 2000000.000000
3.157965 8 20 10000000.000000
3.227279 8 0 200000.000000
3.597958 8 0 50000.000000
3.675962 8 20 10000.000000
4.867896 8 6 2000000.000000
5.603042 8 2 10000.000000
5.834348 8 15 80000.000000
5.834390 8 7 1000000.000000
6.070148 8 25 200000.000000
6.274654 8 2 10000.000000
7.037973 8 21 200000.000000
7.465936 8 18 80000.000000
7.505145 8 20 1000000.000000
8.467531 8 12 30000.000000
8.582766 8 22 10000.000000
9.172212 8 25 50000.000000
9.717802 8 11 1000000.000000
9.723009 8 5 10000.000000
10.899458 8 24 1000000.000000
11.170889 8 20 10000000.000000
11.631215 8 19 200000.000000
11.712807 8 19 30000.000000
11.758167 8 12 5000000.000000
11.966367 8 22 5000000.000000
12.269060 8 20 30000.000000
12.516963 8 2 30000000.000000
12.905879 8 23 2000000.000000
13.182237 8 11 1000000.000000
13.465074 8 7 10000.000000
13.475019 8 7 5000000.000000
14.051798 8 14 10000000.000000
14.212957 8 11 1000000.000000
14.264190 8 21 20000.000000
14.457282 8 4 10000.000000
14.962534 8 3 10000.000000
15.332957 8 0 30000.000000
15.874980 8 20 200000.000000
16.506092 8 7 20000.000000
17.033796 8 9 80000.000000
17.041293 8 21 50000.000000
17.119272 8 16 80000.000000
17.335029 8 21 10000.000000
17.818982 8 11 50000.000000
17.880632 8 22 1000000.000000
17.950929 8 6 5000000.000000
17.980440 8 14 10000.000000
18.234116 8 14 2000000.000000
18.494403 8 13 50000.000000
18.898439 8 3 80000.000000
18.970721 8 15 50000.000000
19.342015 8 4 80000.000000
19.353482 8 6 1000000.000000
19.561879 8 25 10000.000000
19.998250 8 9 200000.000000
21.670059 8 5 5000000.000000
21.809831 8 14 80000.000000
21.843564 8 21 5000000.000000
22.113020 8 0 200000.000000
22.160187 8 18 80000.000000
23.279333 8 2 20000.000000
23.841631 8 14 2000000.000000
23.852545 8 12 10000.000000
24.838598 8 15 10000000.000000
25.476622 8 25 80000.000000
25.607800 8 4 80000.000000
25.838245 8 3 10000.000000
26.713024 8 8 50000.000000
27.038296 8 7 1000000.000000
27.040229 8 12 80000.000000
27.555215 8 18 1000000.000000
27.631904 8 24 20000.000000
27.836480 8 16 20000.000000
28.160395 8 18 30000.000000
28.950363 8 14 30000.000000
29.405338 8 1 10000000.000000
29.410341 8 11 10000.000000
29.667520 8 6 20000.000000
29.871997 8 6 1000000.000000
29.924291 8 10 1000000.000000
0.257259 9 19 1000000.000000
0.349355 9 12 5000000.000000
0.733692 9 24 2000000.000000
1.084084 9 21 2000000.000000
2.965196 9 4 1000000.000000
3.095631 9 25 1000000.000000
3.737063 9 13 20000.000000
4.109323 9 16 10000000.000000
4.191398 9 19 5000000.000000
4.911176 9 24 10000.000000
5.007593 9 5 80000.000000
5.663666 9 23 10000.000000
6.440230 9 19 30000.000000
6.733670 9 18 30000.000000
7.240471 9 2 80000.000000
8.243005 9 7 10000.000000
8.287479 9 17 10000.000000
8.908989 9 6 50000.000000
9.073364 9 18 20000.000000
9.345094 9 23 20000.000000
9.527946 9 23 10000000.000000
10.103917 9 7 20000.000000
10.182967 9 21 1000000.000000
10.360790 9 7 10000.000000
10.574806 9 20 50000.000000
10.703485 9 9 20000.000000
11.318602 9 19 2000000.000000
11.639570 9 5 80000.000000
12.023740 9 13 1000000.000000
12.265645 9 14 80000.000000
12.438795 9 14 80000.000000
12.546753 9 26 5000000.000000
12.675014 9 19 30000000.000000
13.299569 9 23 5000000.000000
14.364811 9 21 50000.000000
14.557746 9 23 10000.000000
14.623613 9 2 5000000.000000
14.715656 9 22 30000000.000000
14.981635 9 16 80000.000000
15.856465 9 0 80000.000000
16.147975 9 22 10000.000000
16.335019 9 25 20000.000000
16.471066 9 20 10000000.000000
16.692138 9 14 10000000.000000
16.757368 9 4 30000.000000
16.851949 9 21 2000000.000000
17.141720 9 12 5000000.000000
17.151928 9 1 5000000.000000
17.871905 9 3 50000.000000
18.050997 9 20 200000.000000
18.557377 9 17 30000.000000
18.725844 9 10 1000000.000000
19.017375 9 25 5000000.000000
19.042198 9 22 10000.000000
19.708900 9 7 10000.000000
19.713145 9 2 200000.000000
19.894941 9 9 30000.000000
20.519573 9 6 1000000.000000
20.769551 9 19 10000000.000000
20.943339 9 8 50000.000000
22.162775 9 0 80000.000000
22.241981 9 5 10000.000000
22.662276 9 17 30000.000000
23.730543 9 21 2000000.000000
24.316091 9 20 30000.000000
24.672941 9 8 30000000.000000
25.109785 9 25 50000.000000
25.282993 9 9 20000.000000
25.497818 9 12 2000000.000000
26.434587 9 16 10000.000000
26.466910 9 4 5000000.000000
27.062054 9 10 1000000.000000
27.207712 9 19 30000000.000000
27.484164 9 5 5000000.000000
28.428987 9 4 5000000.000000
28.771535 9 13 30000.000000
29.000048 9 21 5000000.000000
29.614112 9 21 20000.000000
0.008011 10 3 50000.000000
0.046266 10 22 5000000.000000
0.148014 10 8 30000.000000
0.670966 10 23 30000.000000
0.844630 10 10 80000.000000
1.006784 10 19 80000.000000
1.595020 10 25 1000000.000000
1.674365 10 3 20000.000000
2.247837 10 16 1000000.000000
2.318679 10 5 1000000.000000
2.417351 10 24 10000.000000
2.693683 10 24 1000000.000000
2.792644 10 12 30000.000000
2.807858 10 21 5000000.000000
3.182879 10 18 2000000.000000
3.506177 10 24 2000000.000000
4.409606 10 8 30000000.000000
6.057346 10 7 50000.000000
7.147691 10 11 200000.000000
7.444234 10 2 80000.000000
7.719862 10 9 80000.000000
7.754541 10 21 5000000.000000
7.863136 10 8 10000000.000000
8.155901 10 26 1000000.000000
8.326048 10 4 5000000.000000
8.380657 10 21 30000.000000
8.492190 10 14 10000000.000000
8.871996 10 18 200000.000000
9.324920 10 2 50000.000000
10.555331 10 11 5000000.000000
10.721412 10 5 80000.000000
11.413654 10 20 5000000.000000
12.109855 10 16 30000.000000
12.816785 10 9 30000.000000
13.208730 10 20 30000.000000
13.334330 10 26 10000000.000000
13.374821 10 10 200000.000000
14.207157 10 25 30000.000000
15.307171 10 22 10000000.000000
15.946740 10 4 1000000.000000
16.444582 10 17 50000.000000
16.450172 10 17 50000.000000
16.715973 10 22 80000.000000
17.342696 10 9 80000.000000
18.358180 10 26 5000000.000000
18.759069 10 23 200000.000000
19.088896 10 7 10000000.000000
19.391618 10 24 30000.000000
19.810234 10 6 1000000.000000
20.083922 10 2 10000.000000
20.491805 10 22 1000000.000000
20.778141 10 6 10000.000000
21.206753 10 0 50000.000000
21.256789 10 13 50000.000000
21.263224 10 7 5000000.000000
21.497541 10 11 1000000.000000
21.531535 10 10 10000.000000
22.448365 10 7 80000.000000
22.527228 10 16 80000.000000
22.962330 10 18 50000.000000
23.400914 10 4 2000000.000000
23.627774 10 25 1000000.000000
24.001592 10 10 10000000.000000
24.170685 10 12 50000.000000
26.140176 10 17 10000000.000000
27.133912 10 21 1000000.000000
27.157919 10 10 80000.000000
27.480384 10 7 80000.000000
27.535874 10 21 30000.000000
28.301885 10 10 1000000.000000
29.192708 10 4 50000.000000
0.438737 11 5 50000.000000
0.733281 11 2 50000.000000
1.487990 11 19 50000.000000
2.341955 11 7 30000.000000
2.342508 11 22 30000.000000
2.733943 11 4 2000000.000000
2.772009 11 11 200000.000000
3.313293 11 5 5000000.000000
3.970402 11 8 50000.000000
4.311133 11 16 5000000.000000
5.209461 11 24 80000.000000
5.245058 11 19 2000000.000000
5.620925 11 25 1000000.000000
5.649016 11 13 2000000.000000
6.257708 11 20 1000000.000000
6.496498 11 19 30000.000000
6.955685 11 21 50000.000000
7.035397 11 11 5000000.000000
7.643935 11 1 10000.000000
7.885392 11 3 30000000.000000
9.045065 11 18 10000.000000
10.374492 11 23 1000000.000000
11.770404 11 10 80000.000000
12.307405 11 14 1000000.000000
12.416398 11 13 30000.000000
12.870389 11 10 5000000.000000
13.015972 11 18 5000000.000000
13.953935 11 4 1000000.000000
16.149505 11 4 2000000.000000
16.385248 11 25 10000.000000
17.748277 11 14 80000.000000
18.149948 11 23 50000.000000
18.269405 11 1 50000.000000
18.904674 11 0 200000.000000
18.970113 11 3 2000000.000000
19.046740 11 4 1000000.000000
19.380935 11 26 2000000.000000
19.747197 11 23 30000000.000000
20.119596 11 2 50000.000000
20.509599 11 6 10000.000000
20.783978 11 3 10000.000000
21.247275 11 4 80000.000000
22.425737 11 18 2000000.000000
22.471916 11 11 1000000.000000
22.476739 11 5 10000.000000
22.816159 11 9 5000000.000000
23.097719 11 5 80000.000000
23.138305 11 16 5000000.000000
23.232700 11 18 80000.000000
23.485025 11 2 30000.000000
24.331036 11 9 200000.000000
25.476768 11 5 10000.000000
26.257575 11 23 2000000.000000
26.312509 11 7 1000000.000000
26.523286 11 18 20000.000000
26.650093 11 19 2000000.000000
26.667510 11 18 30000.000000
26.929764 11 5 50000.000000
27.233342 11 21 50000.000000
27.935125 11 10 80000.000000
28.160276 11 4 20000.000000
28.641602 11 7 50000.000000
28.950429 11 3 10000.000000
29.804669 11 9 10000000.000000
0.179989 12 3 2000000.000000
0.247403 12 22 50000.000000
0.290640 12 8 1000000.000000
0.300040 12 10 1000000.000000
0.348075 12 7 80000.000000
0.372503 12 19 200000.000000
0.892716 12 9 1000000.000000
1.051503 12 25 30000000.000000
2.425663 12 23 80000.000000
2.602170 12 26 10000000.000000
3.041973 12 25 5000000.000000
5.073928 12 6 20000.000000
5.120738 12 7 2000000.000000
6.589922 12 6 20000.000000
7.572705 12 16 2000000.000000
8.122876 12 10 80000.000000
8.303443 12 17 5000000.000000
8.331225 12 20 50000.000000
9.135845 12 0 2000000.000000
9.625520 12 7 10000.000000
9.636242 12 0 50000.000000
10.061204 12 11 50000.000000
10.386523 12 15 50000.000000
10.869767 12 10 80000.000000
10.958261 12 1 20000.000000
10.968147 12 8 2000000.000000
11.315334 12 24 30000.000000
11.704478 12 8 10000.000000
12.628780 12 6 80000.000000
12.910278 12 20 5000000.000000
13.210679 12 3 30000000.000000
13.636353 12 3 2000000.000000
13.754220 12 14 1000000.000000
14.050282 12 23 80000.000000
14.842501 12 6 10000.000000
14.955304 12 10 80000.000000
15.171839 12 8 200000.000000
15.317786 12 15 200000.000000
15.477721 12 8 1000000.000000
15.605413 12 25 80000.000000
15.876464 12 14 5000000.000000
16.006477 12 15 10000000.000000
18.633990 12 25 10000.000000
18.639392 12 5 10000.000000
19.034615 12 10 50000.000000
19.327365 12 16 30000.000000
19.493031 12 17 5000000.000000
19.502188 12 1 2000000.000000
19.597472 12 22 20000.000000
19.663588 12 23 5000000.000000
20.072684 12 7 5000000.000000
20.309379 12 23 5000000.000000
20.635824 12 6 20000.000000
21.336104 12 12 80000.000000
21.882876 12 15 10000000.000000
21.981900 12 3 30000.000000
22.148143 12 21 80000.000000
22.291657 12 19 30000000.000000
22.473992 12 3 30000.000000
23.767492 12 14 10000.000000
24.130434 12 11 1000000.000000
24.204738 12 5 200000.000000
24.284496 12 1 10000.000000
24.567350 12 11 10000.000000
24.789560 12 10 1000000.000000
24.818340 12 13 10000000.000000
25.573057 12 19 30000.000000
25.714894 12 5 10000000.000000
25.863011 12 26 2000000.000000
25.894077 12 3 5000000.000000
25.983014 12 6 2000000.000000
26.093293 12 22 80000.000000
26.107355 12 2 50000.000000
26.135895 12 10 5000000.000000
26.306468 12 0 20000.000000
26.381838 12 7 30000.000000
26.428500 12 5 10000000.000000
26.697339 12 17 80000.000000
26.869228 12 25 20000.000000
27.313406 12 19 20000.000000
27.776870 12 14 50000.000000
27.800108 12 25 50000.000000
29.391464 12 4 80000.000000
29.632672 12 21 10000.000000
29.843247 12 15 2000000.000000
29.962506 12 7 50000.000000
0.134927 13 8 10000.000000
0.312700 13 12 2000000.000000
0.360668 13 5 5000000.000000
0.574753 13 4 10000000.000000
0.584109 13 24 20000.000000
0.871839 13 16 5000000.000000
1.176318 13 3 10000000.000000
1.904968 13 25 10000.000000
1.991460 13 13 5000000.000000
2.009232 13 25 10000.000000
2.185753 13 24 10000000.000000
2.435259 13 6 5000000.000000
3.931367 13 20 2000000.000000
4.344363 13 10 200000.000000
4.615398 13 3 50000.000000
4.938996 13 20 200000.000000
5.299029 13 8 2000000.000000
6.056893 13 0 20000.000000
6.136629 13 16 10000000.000000
6.290776 13 7 10000.000000
6.448185 13 22 2000000.000000
6.919003 13 4 50000.000000
7.067040 13 7 2000000.000000
7.262811 13 4 80000.000000
7.532369 13 21 30000.000000
8.429049 13 20 50000.000000
9.261717 13 3 80000.000000
9.417938 13 13 1000000.000000
9.422298 13 6 20000.000000
9.909794 13 21 30000.000000
10.164465 13 2 1000000.000000
11.333537 13 26 80000.000000
11.866000 13 8 10000.000000
12.469946 13 1 10000000.000000
13.371775 13 21 2000000.000000
13.422452 13 15 30000.000000
13.428726 13 20 10000.000000
13.504369 13 19 50000.000000
14.242529 13 12 80000.000000
14.992744 13 21 80000.000000
15.729466 13 14 5000000.000000
15.760844 13 18 80000.000000
16.102154 13 9 10000.000000
17.143373 13 18 10000000.000000
17.479626 13 17 5000000.000000
17.656512 13 13 10000000.000000
17.694954 13 16 80000.000000
18.250673 13 8 30000.000000
18.499958 13 2 30000000.000000
18.769275 13 0 1000000.000000
18.848482 13 7 5000000.000000
19.432754 13 17 50000.000000
20.354509 13 25 80000.000000
20.811843 13 17 2000000.000000
20.972464 13 21 10000.000000
21.042684 13 21 50000.000000
21.322194 13 21 10000.000000
21.337991 13 3 10000.000000
21.569747 13 5 80000.000000
21.913740 13 18 1000000.000000
22.507539 13 23 2000000.000000
22.520286 13 4 20000.000000
22.670767 13 11 80000.000000
22.732829 13 16 5000000.000000
23.086540 13 26 2000000.000000
24.257295 13 14 20000.000000
24.269323 13 5 80000.000000
24.681725 13 12 10000.000000
24.940218 13 18 50000.000000
25.131934 13 2 10000.000000
25.248737 13 19 30000000.000000
25.729105 13 9 2000000.000000
26.699075 13 24 30000.000000
27.096689 13 5 80000.000000
27.599089 13 7 10000.000000
27.885372 13 14 50000.000000
27.938531 13 22 30000.000000
27.998632 13 21 10000.000000
28.517730 13 19 200000.000000
28.864683 13 9 10000.000000
28.917309 13 16 5000000.000000
29.141452 13 14 80000.000000
29.821684 13 22 50000.000000
0.009281 14 14 50000.000000
0.210085 14 7 2000000.000000
0.559484 14 26 1000000.000000
0.799114 14 18 30000.000000
1.018632 14 2 10000000.000000
1.027920 14 10 80000.000000
1.324324 14 7 1000000.000000
1.410924 14 9 200000.000000
1.982919 14 25 2000000.000000
3.358817 14 13 20000.000000
3.697951 14 10 10000.000000
3.951543 14 19 30000.000000
4.082428 14 14 20000.000000
4.281524 14 21 80000.000000
4.476143 14 19 10000000.000000
5.495558 14 6 2000000.000000
6.395958 14 18 1000000.000000
6.485989 14 0 10000.000000
6.611740 14 1 5000000.000000
6.619733 14 15 30000.000000
7.140244 14 7 10000000.000000
7.721424 14 16 30000.000000
7.791796 14 4 10000.000000
9.674083 14 25 2000000.000000
9.958459 14 18 2000000.000000
10.371643 14 11 30000.000000
10.426759 14 7 20000.000000
10.686580 14 26 80000.000000
12.169189 14 1 10000.000000
12.400841 14 16 10000.000000
12.676524 14 25 50000.000000
12.757560 14 4 5000000.000000
13.447839 14 24 80000.000000
13.541908 14 23 2000000.000000
13.844805 14 23 80000.000000
14.318010 14 7 1000000.000000
14.646608 14 14 1000000.000000
14.928107 14 23 10000.000000
15.084523 14 26 50000.000000
15.198232 14 9 1000000.000000
15.518866 14 11 30000.000000
16.011655 14 19 30000.000000
16.144311 14 3 5000000.000000
16.547256 14 17 2000000.000000
17.261199 14 0 1000000.000000
17.393839 14 3 80000.000000
18.563370 14 18 30000.000000
18.883771 14 19 10000000.000000
19.053376 14 12 5000000.000000
19.223231 14 4 80000.000000
19.253108 14 20 1000000.000000
19.282012 14 6 2000000.000000
19.927416 14 13 10000.000000
20.414672 14 14 10000.000000
20.632677 14 2 20000.000000
20.863694 14 3 5000000.000000
21.045161 14 23 10000.000000
21.508715 14 21 5000000.000000
21.559098 14 2 80000.000000
21.691340 14 19 10000000.000000
21.758763 14 23 80000.000000
22.049168 14 21 10000.000000
22.664271 14 3 5000000.000000
22.956439 14 20 10000000.000000
23.084363 14 7 5000000.000000
23.361192 14 18 10000.000000
23.367710 14 24 80000.000000
23.916322 14 13 2000000.000000
24.051088 14 5 5000000.000000
24.279451 14 23 80000.000000
25.671313 14 13 10000.000000
26.061242 14 10 80000.000000
26.235050 14 26 10000.000000
27.263920 14 24 200000.000000
27.587780 14 20 5000000.000000
28.892503 14 8 2000000.000000
29.193268 14 12 80000.000000
29.407926 14 21 1000000.000000
29.422310 14 20 80000.000000
29.723899 14 9 10000.000000
1.051514 15 0 80000.000000
1.843920 15 6 5000000.000000
2.053458 15 14 1000000.000000
3.665595 15 24 1000000.000000
4.058294 15 8 80000.000000
4.139442 15 16 10000.000000
4.236172 15 24 10000000.000000
4.387804 15 20 1000000.000000
4.416182 15 8 30000.000000
4.487825 15 13 10000.000000
4.619888 15 24 30000.000000
4.923757 15 24 10000.000000
4.947117 15 1 30000.000000
4.948359 15 3 20000.000000
6.250724 15 10 10000000.000000
6.621386 15 11 10000.000000
7.167529 15 1 10000.000000
7.238349 15 23 200000.000000
7.812252 15 25 200000.000000
8.565654 15 25 5000000.000000
9.126495 15 18 2000000.000000
9.579814 15 17 1000000.000000
10.015852 15 3 5000000.000000
10.486064 15 0 20000.000000
10.682102 15 7 10000.000000
11.081870 15 7 5000000.000000
11.417855 15 1 10000.000000
11.844156 15 18 2000000.000000
12.018678 15 0 30000.000000
13.044261 15 13 1000000.000000
15.095804 15 11 2000000.000000
15.269656 15 9 30000.000000
15.492765 15 19 2000000.000000
15.669012 15 7 20000.000000
16.289800 15 15 80000.000000
16.967850 15 12 80000.000000
17.013933 15 8 10000000.000000
18.490901 15 11 50000.000000
19.154707 15 19 10000000.000000
19.285621 15 17 200000.000000
19.302033 15 19 5000000.000000
20.156372 15 8 10000000.000000
20.560572 15 18 50000.000000
20.796260 15 1 10000000.000000
21.195342 15 10 10000.000000
21.356037 15 7 50000.000000
21.467478 15 16 80000.000000
21.564451 15 12 20000.000000
21.657036 15 22 10000000.000000
21.706274 15 3 10000.000000
21.828708 15 2 10000000.000000
22.119138 15 7 10000.000000
22.415426 15 24 30000.000000
23.335699 15 16 50000.000000
23.348341 15 8 30000000.000000
24.123668 15 20 30000.000000
24.510686 15 20 2000000.000000
25.336850 15 11 5000000.000000
25.807490 15 16 50000.000000
26.077450 15 7 30000.000000
26.300856 15 5 80000.000000
26.304728 15 26 20000.000000
26.418959 15 20 2000000.000000
27.989172 15 19 10000.000000
28.444543 15 9 50000.000000
28.962034 15 15 200000.000000
29.449316 15 16 10000000.000000
29.741852 15 0 2000000.000000
29.930644 15 3 1000000.000000
0.141574 16 23 10000.000000
0.192268 16 12 10000.000000
0.207382 16 1 80000.000000
0.473219 16 22 10000000.000000
0.562356 16 21 80000.000000
1.203763 16 3 1000000.000000
1.229460 16 16 1000000.000000
1.411974 16 21 5000000.000000
2.205409 16 18 80000.000000
2.613594 16 21 50000.000000
2.682718 16 19 30000.000000
3.537338 16 11 50000.000000
3.637952 16 19 80000.000000
3.647370 16 8 10000.000000
4.226397 16 19 80000.000000
4.460028 16 26 50000.000000
4.679174 16 0 30000.000000
4.780125 16 10 2000000.000000
4.963528 16 6 10000.000000
4.991100 16 19 200000.000000
5.212999 16 6 200000.000000
5.298298 16 18 2000000.000000
5.358528 16 8 50000.000000
6.688288 16 5 20000.000000
6.700435 16 16 30000.000000
7.579050 16 26 30000.000000
7.626471 16 18 1000000.000000
7.959634 16 5 5000000.000000
8.277921 16 16 50000.000000
8.858880 16 9 5000000.000000
9.592358 16 13 10000.000000
11.706692 16 1 50000.000000
11.862916 16 24 80000.000000
12.057601 16 4 200000.000000
12.229941 16 6 80000.000000
12.449460 16 20 2000000.000000
12.450677 16 13 80000.000000
12.845937 16 13 50000.000000
13.097646 16 2 30000.000000
15.094096 16 11 10000.000000
15.880953 16 18 10000.000000
16.089135 16 16 80000.000000
16.374761 16 26 200000.000000
16.562310 16 26 80000.000000
16.837261 16 12 5000000.000000
16.873778 16 1 50000.000000
17.202863 16 21 80000.000000
17.288969 16 17 2000000.000000
18.895246 16 14 10000000.000000
19.268121 16 0 1000000.000000
19.826738 16 23 10000.000000
20.312640 16 21 80000.000000
20.499265 16 25 10000.000000
20.638963 16 21 50000.000000
21.270439 16 16 80000.000000
21.555912 16 9 20000.000000
21.923230 16 20 80000.000000
22.670644 16 11 5000000.000000
23.140825 16 14 10000.000000
23.421656 16 12 80000.000000
23.762643 16 23 200000.000000
24.508879 16 3 50000.000000
24.541480 16 5 10000.000000
24.699451 16 14 10000.000000
25.130614 16 19 80000.000000
25.132771 16 17 5000000.000000
25.377654 16 23 1000000.000000
25.467477 16 4 200000.000000
25.650314 16 24 2000000.000000
25.800859 16 11 10000000.000000
25.846545 16 8 80000.000000
25.872304 16 26 50000.000000
25.941202 16 13 5000000.000000
26.309089 16 26 80000.000000
26.685365 16 10 10000.000000
27.419765 16 4 30000000.000000
27.885288 16 14 5000000.000000
27.929505 16 2 5000000.000000
28.265122 16 16 10000000.000000
28.499970 16 0 5000000.000000
28.515944 16 19 1000000.000000
28.643709 16 14 80000.000000
28.929654 16 17 30000.000000
29.096188 16 25 1000000.000000
29.242606 16 5 80000.000000
29.343939 16 6 50000.000000
29.586155 16 8 2000000.000000
0.092497 17 3 10000.000000
0.617595 17 5 10000.000000
0.704890 17 26 30000.000000
0.880900 17 3 200000.000000
1.304663 17 10 10000.000000
1.360913 17 0 1000000.000000
1.426251 17 9 5000000.000000
1.597078 17 17 30000.000000
1.843544 17 4 10000.000000
1.945128 17 15 10000.000000
2.679532 17 24 5000000.000000
2.940703 17 14 80000.000000
3.084818 17 14 10000000.000000
3.880564 17 11 10000.000000
4.359955 17 10 80000.000000
4.556822 17 15 10000.000000
5.479772 17 19 80000.000000
5.854181 17 5 1000000.000000
7.223941 17 8 50000.000000
7.498026 17 0 10000.000000
7.961199 17 25 2000000.000000
8.437082 17 9 5000000.000000
9.660702 17 23 30000.000000
9.692946 17 21 30000000.000000
9.852212 17 9 200000.000000
9.941388 17 23 20000.000000
10.207903 17 19 80000.000000
10.717169 17 8 80000.000000
10.893087 17 7 10000.000000
11.043347 17 17 20000.000000
11.492900 17 5 50000.000000
11.599867 17 19 30000.000000
12.022358 17 26 5000000.000000
12.038954 17 21 10000.000000
12.180431 17 21 2000000.000000
12.557722 17 4 30000.000000
12.667699 17 11 50000.000000
13.317706 17 4 2000000.000000
13.728001 17 14 10000.000000
14.310285 17 12 50000.000000
14.410134 17 23 50000.000000
14.654777 17 8 1000000.000000
14.699708 17 23 2000000.000000
16.011136 17 1 2000000.000000
16.073372 17 2 200000.000000
17.068113 17 25 200000.000000
17.252362 17 23 30000.000000
17.347261 17 21 50000.000000
18.303227 17 4 30000.000000
18.436456 17 8 5000000.000000
18.923535 17 15 20000.000000
19.234498 17 23 10000.000000
19.278685 17 15 1000000.000000
19.313215 17 12 1000000.000000
19.320906 17 15 10000.000000
19.345707 17 20 10000.000000
19.540642 17 11 20000.000000
19.613772 17 22 2000000.000000
20.169117 17 23 5000000.000000
20.171285 17 16 50000.000000
20.208695 17 14 10000000.000000
21.754241 17 22 5000000.000000
21.779235 17 21 30000.000000
22.001364 17 11 50000.000000
22.329011 17 26 30000.000000
22.989954 17 3 1000000.000000
23.565441 17 9 5000000.000000
23.916928 17 3 80000.000000
24.241094 17 5 10000.000000
24.685567 17 21 2000000.000000
25.205306 17 17 30000.000000
26.388240 17 0 10000.000000
27.267257 17 5 200000.000000
27.454056 17 14 5000000.000000
28.031818 17 18 5000000.000000
28.055372 17 4 50000.000000
28.130178 17 22 1000000.000000
28.242538 17 9 10000.000000
28.480491 17 22 80000.000000
28.732182 17 21 10000.000000
29.278075 17 17 200000.000000
29.444781 17 25 1000000.000000
29.518115 17 1 80000.000000
29.773264 17 3 50000.000000
29.887835 17 21 2000000.000000
0.284551 18 22 5000000.000000
0.473339 18 1 10000.000000
1.183958 18 2 80000.000000
1.245074 18 6 30000.000000
1.266449 18 23 80000.000000
1.419748 18 24 10000.000000
1.676728 18 7 80000.000000
2.133430 18 5 10000.000000
2.497595 18 25 2000000.000000
2.511938 18 26 5000000.000000
2.821154 18 11 10000000.000000
3.080120 18 21 10000.000000
4.253826 18 21 30000.000000
4.542902 18 15 30000.000000
4.586077 18 8 30000.000000
5.297600 18 0 5000000.000000
5.921354 18 9 10000.000000
6.274569 18 14 10000.000000
6.424936 18 23 80000.000000
6.586748 18 5 2000000.000000
7.110891 18 6 10000.000000
7.354424 18 24 50000.000000
7.390050 18 0 1000000.000000
7.394022 18 18 200000.000000
7.435854 18 19 1000000.000000
8.051324 18 23 5000000.000000
8.129707 18 12 2000000.000000
9.040272 18 17 2000000.000000
9.314473 18 2 10000.000000
9.333030 18 9 2000000.000000
9.573371 18 3 10000000.000000
9.573846 18 2 10000.000000
9.836126 18 26 10000.000000
9.966810 18 13 80000.000000
10.060330 18 14 20000.000000
10.521376 18 19 200000.000000
10.527128 18 26 10000.000000
10.948531 18 22 5000000.000000
11.575832 18 8 30000000.000000
11.578851 18 3 5000000.000000
12.067549 18 9 50000.000000
13.563958 18 9 5000000.000000
14.147021 18 16 10000.000000
14.447616 18 6 2000000.000000
14.907776 18 10 30000000.000000
16.625955 18 2 10000.000000
16.844967 18 2 20000.000000
16.878243 18 5 80000.000000
17.286314 18 26 50000.000000
17.710561 18 1 30000.000000
19.898975 18 15 1000000.000000
19.914670 18 23 30000.000000
20.307443 18 14 30000.000000
20.851211 18 19 1000000.000000
21.051330 18 11 80000.000000
21.517026 18 13 80000.000000
22.484365 18 21 1000000.000000
22.546404 18 20 10000000.000000
22.767436 18 0 5000000.000000
23.404030 18 3 80000.000000
23.774113 18 19 1000000.000000
24.140347 18 3 50000.000000
24.242754 18 15 10000.000000
24.538771 18 16 10000.000000
24.701124 18 15 10000.000000
24.721760 18 18 80000.000000
24.785827 18 15 30000.000000
24.885228 18 24 200000.000000
25.009611 18 22 5000000.000000
25.371756 18 25 5000000.000000
25.687741 18 1 10000.000000
25.760517 18 16 2000000.000000
25.928644 18 1 30000.000000
26.171309 18 6 1000000.000000
27.064055 18 13 10000000.000000
27.253068 18 17 80000.000000
27.378264 18 20 20000.000000
27.795213 18 20 10000000.000000
27.843338 18 6 1000000.000000
29.523603 18 1 5000000.000000
0.074401 19 15 80000.000000
0.366197 19 4 200000.000000
0.511789 19 23 80000.000000
0.670743 19 5 30000.000000
0.774209 19 22 5000000.000000
0.777434 19 14 2000000.000000
1.390773 19 9 10000.000000
1.443374 19 19 5000000.000000
1.991276 19 17 2000000.000000
2.160105 19 1 5000000.000000
2.316127 19 13 10000.000000
2.392035 19 13 2000000.000000
3.445029 19 17 2000000.000000
4.050467 19 8 10000.000000
4.706783 19 4 5000000.000000
5.069177 19 23 30000.000000
5.271542 19 18 2000000.000000
5.585450 19 22 10000000.000000
5.874740 19 17 80000.000000
6.577723 19 22 10000.000000
6.651203 19 9 80000.000000
6.721775 19 9 50000.000000
6.736265 19 17 5000000.000000
6.770903 19 18 30000.000000
7.197059 19 21 30000.000000
7.802610 19 26 50000.000000
7.898858 19 5 10000.000000
7.987997 19 18 10000.000000
8.156703 19 23 50000.000000
9.248372 19 7 30000.000000
9.401317 19 25 10000.000000
9.986213 19 8 80000.000000
10.081502 19 20 5000000.000000
10.459992 19 4 1000000.000000
12.034898 19 8 2000000.000000
12.066666 19 13 2000000.000000
12.554196 19 13 1000000.000000
12.698874 19 15 1000000.000000
13.023126 19 18 5000000.000000
13.113622 19 26 30000.000000
13.125638 19 4 10000.000000
13.805331 19 8 10000000.000000
14.061730 19 15 30000.000000
14.136298 19 20 10000000.000000
14.452321 19 3 2000000.000000
14.800211 19 0 5000000.000000
15.517187 19 9 2000000.000000
16.382409 19 8 5000000.000000
16.807818 19 16 10000000.000000
17.672197 19 3 10000.000000
17.861086 19 17 20000.000000
18.154887 19 5 50000.000000
18.736034 19 16 10000.000000
19.291425 19 23 50000.000000
19.726961 19 15 10000000.000000
20.449593 19 8 80000.000000
20.464612 19 10 2000000.000000
20.719413 19 6 1000000.000000
20.782113 19 4 80000.000000
21.636342 19 15 1000000.000000
21.661924 19 5 50000.000000
22.369841 19 26 30000.000000
22.636866 19 2 80000.000000
23.179945 19 17 30000.000000
24.527340 19 8 10000.000000
24.677788 19 5 80000.000000
25.133922 19 25 2000000.000000
25.204251 19 18 200000.000000
26.781327 19 19 80000.000000
27.535333 19 0 10000.000000
27.683133 19 25 1000000.000000
28.055402 19 5 30000000.000000
28.364206 19 25 20000.000000
28.825318 19 12 5000000.000000
29.342164 19 0 2000000.000000
29.434386 19 16 10000.000000
0.032857 20 20 80000.000000
0.105903 20 20 1000000.000000
0.779175 20 0 10000000.000000
0.869609 20 3 2000000.000000
1.023899 20 20 50000.000000
1.518822 20 12 20000.000000
1.748675 20 8 1000000.000000
2.272006 20 11 5000000.000000
2.914796 20 6 2000000.000000
3.498799 20 24 200000.000000
3.673111 20 10 1000000.000000
4.403833 20 2 30000.000000
5.256381 20 4 30000.000000
5.288287 20 16 200000.000000
5.535995 20 3 10000.000000
6.173529 20 26 10000.000000
6.449661 20 25 80000.000000
6.500020 20 8 10000000.000000
8.094973 20 18 50000.000000
8.300828 20 23 5000000.000000
8.891038 20 24 80000.000000
8.993509 20 24 2000000.000000
9.101376 20 0 2000000.000000
9.855035 20 22 30000.000000
10.401878 20 25 1000000.000000
11.312043 20 15 10000000.000000
11.432495 20 11 10000.000000
11.815498 20 6 30000.000000
13.288013 20 20 2000000.000000
13.410293 20 9 5000000.000000
13.508089 20 22 200000.000000
13.779946 20 9 50000.000000
13.783900 20 0 2000000.000000
14.329794 20 24 30000000.000000
14.633868 20 6 80000.000000
14.719417 20 24 2000000.000000
15.145761 20 6 10000000.000000
15.231862 20 9 200000.000000
15.338564 20 7 2000000.000000
15.370944 20 17 2000000.000000
15.469768 20 12 2000000.000000
16.874966 20 3 2000000.000000
17.395288 20 1 5000000.000000
17.722607 20 12 10000.000000
17.809942 20 10 50000.000000
17.892019 20 7 80000.000000
18.028475 20 2 80000.000000
18.340965 20 3 80000.000000
18.421787 20 22 1000000.000000
18.804631 20 15 50000.000000
18.984155 20 9 5000000.000000
19.084501 20 20 10000.000000
19.283988 20 22 20000.000000
19.360220 20 10 200000.000000
19.712593 20 11 10000000.000000
19.721574 20 24 30000.000000
20.655072 20 11 200000.000000
21.163791 20 10 200000.000000
21.385311 20 26 200000.000000
21.496423 20 22 1000000.000000
22.040039 20 6 2000000.000000
22.081051 20 19 5000000.000000
22.220739 20 23 10000.000000
22.534225 20 5 80000.000000
22.655706 20 23 50000.000000
22.725385 20 24 30000.000000
23.320472 20 10 5000000.000000
23.389846 20 10 200000.000000
23.580480 20 25 10000000.000000
24.462984 20 12 10000000.000000
24.587527 20 10 80000.000000
24.737230 20 23 20000.000000
25.003615 20 0 30000.000000
25.346575 20 22 1000000.000000
26.140391 20 17 30000000.000000
26.981023 20 3 5000000.000000
27.081385 20 9 10000000.000000
27.193133 20 10 5000000.000000
27.892640 20 7 1000000.000000
28.078599 20 13 1000000.000000
29.178104 20 13 200000.000000
29.314001 20 15 30000.000000
29.403736 20 7 50000.000000
0.001001 21 6 80000.000000
0.320382 21 8 80000.000000
0.325040 21 4 1000000.000000
1.284399 21 17 1000000.000000
1.476156 21 2 1000000.000000
1.563067 21 6 10000.000000
2.537667 21 22 5000000.000000
2.651460 21 21 10000.000000
2.966412 21 25 50000.000000
3.840503 21 9 50000.000000
4.598545 21 14 10000.000000
4.606593 21 12 10000.000000
5.350691 21 26 80000.000000
6.783331 21 17 30000.000000
7.183704 21 26 10000.000000
7.397966 21 1 1000000.000000
7.606426 21 2 10000000.000000
7.961790 21 13 80000.000000
9.560290 21 18 30000.000000
10.336714 21 23 80000.000000
10.526696 21 10 80000.000000
10.780009 21 23 5000000.000000
11.032243 21 5 1000000.000000
11.182918 21 8 10000.000000
11.310724 21 26 10000.000000
11.504885 21 12 2000000.000000
12.377071 21 23 5000000.000000
12.563092 21 3 10000000.000000
13.160523 21 1 80000.000000
13.236451 21 25 30000.000000
13.518730 21 17 10000000.000000
14.067762 21 22 1000000.000000
14.924861 21 10 1000000.000000
15.462624 21 16 80000.000000
15.918035 21 0 1000000.000000
16.354254 21 26 80000.000000
16.516793 21 4 10000.000000
16.608440 21 20 80000.000000
16.717167 21 18 30000.000000
16.747795 21 2 30000.000000
17.421647 21 8 10000.000000
17.584234 21 20 10000000.000000
17.876354 21 16 50000.000000
17.892454 21 16 5000000.000000
18.703941 21 6 30000.000000
18.984992 21 23 200000.000000
19.519878 21 3 80000.000000
20.901794 21 21 200000.000000
21.495715 21 15 5000000.000000
22.203712 21 19 200000.000000
22.508989 21 1 200000.000000
22.570538 21 15 20000.000000
24.028596 21 9 30000.000000
24.638193 21 4 50000.000000
24.775233 21 26 50000.000000
24.849419 21 23 50000.000000
25.002436 21 25 1000000.000000
25.430419 21 16 30000.000000
25.802098 21 1 2000000.000000
25.862650 21 10 200000.000000
26.041762 21 25 10000.000000
27.072285 21 9 2000000.000000
27.558432 21 2 50000.000000
28.958018 21 9 2000000.000000
28.960493 21 19 80000.000000
29.868260 21 21 1000000.000000
0.094594 22 25 50000.000000
0.303200 22 14 1000000.000000
1.133612 22 7 10000.000000
1.239528 22 13 1000000.000000
1.325311 22 2 1000000.000000
1.371264 22 18 1000000.000000
2.327434 22 14 5000000.000000
2.830192 22 4 50000.000000
4.312789 22 18 10000.000000
4.848235 22 12 30000.000000
4.913949 22 9 200000.000000
4.951469 22 11 30000.000000
5.218778 22 2 50000.000000
5.399712 22 17 20000.000000
6.158287 22 11 5000000.000000
6.684976 22 14 50000.000000
6.904119 22 10 1000000.000000
8.022712 22 22 5000000.000000
8.808079 22 9 200000.000000
8.821156 22 12 1000000.000000
8.868235 22 6 10000.000000
9.398693 22 1 10000.000000
9.630705 22 15 2000000.000000
10.178604 22 24 200000.000000
10.293836 22 8 80000.000000
11.453513 22 0 10000000.000000
11.825517 22 8 2000000.000000
12.264208 22 6 80000.000000
12.375595 22 21 5000000.000000
12.714141 22 5 10000.000000
13.305882 22 13 10000.000000
13.986180 22 9 10000000.000000
14.024423 22 11 200000.000000
14.627342 22 2 10000000.000000
14.824831 22 17 30000.000000
14.943154 22 26 50000.000000
14.989121 22 22 80000.000000
15.273684 22 5 30000.000000
15.311725 22 22 50000.000000
17.074232 22 6 1000000.000000
17.486910 22 17 10000.000000
17.518291 22 26 50000.000000
17.731999 22 7 50000.000000
18.179315 22 25 10000.000000
19.135799 22 23 10000.000000
19.151616 22 12 10000000.000000
20.359834 22 2 10000.000000
20.613971 22 21 30000.000000
21.052415 22 14 20000.000000
21.059554 22 0 50000.000000
21.158346 22 15 5000000.000000
21.376312 22 16 2000000.000000
21.402404 22 17 30000.000000
21.604770 22 10 20000.000000
21.673600 22 2 5000000.000000
21.955856 22 21 80000.000000
21.966245 22 11 10000000.000000
22.357116 22 6 50000.000000
22.825440 22 21 10000.000000
22.941984 22 26 10000.000000
23.568692 22 3 10000.000000
23.872231 22 5 20000.000000
24.417408 22 11 10000.000000
24.665700 22 12 80000.000000
24.669429 22 1 1000000.000000
24.738628 22 19 20000.000000
25.344327 22 1 30000.000000
25.641845 22 16 80000.000000
26.162132 22 8 10000.000000
26.887479 22 9 200000.000000
27.386303 22 4 10000.000000
27.585489 22 7 80000.000000
27.676026 22 18 5000000.000000
27.900601 22 12 5000000.000000
28.317320 22 23 50000.000000
28.381346 22 8 10000.000000
28.405024 22 1 1000000.000000
29.264790 22 9 50000.000000
29.516354 22 1 5000000.000000
29.551633 22 26 10000000.000000
0.388270 23 23 5000000.000000
0.852166 23 8 10000.000000
1.277035 23 5 20000.000000
1.774525 23 10 10000.000000
1.789382 23 23 20000.000000
3.030490 23 17 2000000.000000
3.159905 23 0 2000000.000000
3.210080 23 4 20000.000000
3.245667 23 26 20000.000000
3.386970 23 25 10000.000000
5.044367 23 17 1000000.000000
5.073422 23 0 200000.000000
5.166899 23 8 10000.000000
6.743459 23 8 10000.000000
7.412351 23 9 5000000.000000
8.040982 23 1 5000000.000000
8.107531 23 15 30000.000000
8.333844 23 24 50000.000000
10.021847 23 6 80000.000000
10.152452 23 0 30000.000000
10.490471 23 15 10000.000000
10.561275 23 18 50000.000000
10.943734 23 14 2000000.000000
12.019760 23 1 50000.000000
12.717296 23 2 1000000.000000
13.031043 23 26 200000.000000
13.354002 23 22 10000.000000
14.410285 23 16 1000000.000000
15.167838 23 3 1000000.000000
15.444570 23 3 80000.000000
15.647079 23 21 30000.000000
15.900979 23 23 50000.000000
16.037913 23 3 5000000.000000
16.304682 23 8 80000.000000
16.308173 23 16 1000000.000000
16.891926 23 17 50000.000000
17.175046 23 15 2000000.000000
17.430059 23 14 10000.000000
18.845487 23 20 30000.000000
19.459259 23 6 10000.000000
20.366182 23 4 80000.000000
20.461475 23 20 20000.000000
20.646906 23 9 30000.000000
20.913714 23 20 2000000.000000
22.258224 23 11 10000.000000
23.503262 23 15 80000.000000
24.821029 23 5 20000.000000
25.026338 23 21 2000000.000000
25.586621 23 10 10000.000000
26.243723 23 7 5000000.000000
26.822881 23 0 80000.000000
27.123024 23 25 200000.000000
27.130433 23 10 10000000.000000
27.193650 23 8 50000.000000
27.257143 23 0 30000.000000
27.269063 23 4 10000.000000
27.634236 23 8 80000.000000
28.571199 23 21 50000.000000
29.150886 23 11 10000.000000
29.571193 23 19 20000.000000
29.599841 23 15 50000.000000
0.382245 24 18 80000.000000
0.742072 24 24 200000.000000
1.253216 24 2 20000.000000
1.550653 24 3 10000.000000
1.886975 24 11 5000000.000000
2.155984 24 0 30000.000000
2.228334 24 9 5000000.000000
2.344299 24 21 20000.000000
2.580479 24 3 10000000.000000
2.587488 24 20 80000.000000
2.689490 24 5 2000000.000000
2.838877 24 21 10000000.000000
3.523032 24 7 50000.000000
4.050230 24 18 30000.000000
4.093320 24 7 30000.000000
4.855887 24 23 30000.000000
4.923714 24 26 30000.000000
5.080993 24 26 80000.000000
5.210497 24 16 80000.000000
5.408235 24 4 80000.000000
5.526631 24 22 10000.000000
6.729781 24 10 30000.000000
6.841886 24 15 80000.000000
6.885986 24 26 80000.000000
7.048201 24 21 80000.000000
7.262950 24 4 10000.000000
8.252392 24 25 1000000.000000
9.343348 24 14 30000.000000
9.689299 24 10 10000.000000
10.062562 24 6 80000.000000
10.503562 24 0 10000.000000
10.549659 24 15 80000.000000
10.707727 24 12 10000.000000
10.808353 24 6 50000.000000
10.948155 24 5 80000.000000
11.009478 24 2 5000000.000000
11.772845 24 4 10000.000000
12.398299 24 26 5000000.000000
12.582777 24 12 10000.000000
12.814667 24 15 10000.000000
13.160807 24 23 80000.000000
13.839621 24 5 2000000.000000
14.345719 24 19 1000000.000000
14.379518 24 1 1000000.000000
16.233473 24 2 10000.000000
16.786317 24 8 10000.000000
17.082364 24 14 80000.000000
17.395682 24 17 1000000.000000
17.618174 24 26 80000.000000
18.174092 24 17 200000.000000
18.449873 24 23 5000000.000000
18.485431 24 10 80000.000000
19.309516 24 26 10000.000000
19.451385 24 8 200000.000000
19.555656 24 25 2000000.000000
20.217071 24 17 30000.000000
20.414002 24 16 30000.000000
20.938717 24 5 30000000.000000
21.441170 24 8 200000.000000
22.007620 24 15 1000000.000000
22.318090 24 18 2000000.000000
23.027011 24 1 50000.000000
23.068402 24 8 5000000.000000
23.319530 24 10 2000000.000000
23.747114 24 20 10000.000000
24.183950 24 17 30000.000000
24.378513 24 25 30000.000000
24.665471 24 16 10000000.000000
24.917851 24 26 1000000.000000
25.153033 24 9 10000000.000000
25.277158 24 10 1000000.000000
26.005509 24 24 30000.000000
26.787294 24 16 2000000.000000
28.641807 24 13 5000000.000000
29.092523 24 14 10000000.000000
29.104737 24 24 50000.000000
29.410560 24 14 2000000.000000
29.639372 24 16 5000000.000000
29.691253 24 22 30000.000000
29.893440 24 19 80000.000000
29.946869 24 16 10000000.000000
0.022926 25 5 20000.000000
0.181169 25 9 10000.000000
2.388242 25 12 80000.000000
2.409145 25 24 20000.000000
2.842791 25 11 20000.000000
2.937162 25 25 20000.000000
3.359063 25 23 50000.000000
3.548612 25 16 50000.000000
4.824081 25 1 20000.000000
4.876986 25 26 2000000.000000
4.886078 25 13 80000.000000
4.887887 25 1 5000000.000000
5.345184 25 25 1000000.000000
5.376073 25 19 10000.000000
5.563027 25 2 50000.000000
6.039467 25 26 10000000.000000
6.534218 25 12 1000000.000000
6.582794 25 7 20000.000000
7.510278 25 22 2000000.000000
7.894482 25 23 20000.000000
8.103615 25 17 2000000.000000
8.403380 25 20 30000000.000000
8.491953 25 25 5000000.000000
8.649352 25 0 50000.000000
8.966529 25 17 200000.000000
9.063173 25 13 1000000.000000
9.651486 25 2 1000000.000000
9.658056 25 7 50000.000000
10.557131 25 0 80000.000000
10.886016 25 6 10000.000000
11.569777 25 23 10000000.000000
11.762494 25 15 50000.000000
12.370629 25 3 80000.000000
12.396727 25 21 2000000.000000
12.718895 25 5 80000.000000
13.195881 25 10 30000.000000
13.573902 25 1 5000000.000000
13.962659 25 14 10000000.000000
14.011865 25 2 200000.000000
14.388587 25 14 30000.000000
14.431378 25 4 50000.000000
14.522572 25 24 20000.000000
14.965452 25 19 2000000.000000
15.131661 25 23 30000000.000000
15.154263 25 8 10000.000000
15.553069 25 0 200000.000000
15.621107 25 24 10000.000000
15.965814 25 18 10000.000000
16.216656 25 0 10000.000000
17.215567 25 14 50000.000000
17.343131 25 8 10000000.000000
17.821708 25 6 2000000.000000
18.410993 25 18 5000000.000000
18.821719 25 24 10000.000000
18.896872 25 9 80000.000000
19.085629 25 2 10000.000000
19.274223 25 5 10000.000000
20.041567 25 8 80000.000000
21.130903 25 24 80000.000000
21.416149 25 22 2000000.000000
21.598176 25 12 10000.000000
22.266691 25 15 1000000.000000
22.981849 25 0 2000000.000000
23.490620 25 25 10000.000000
24.039418 25 23 30000.000000
24.967154 25 0 50000.000000
25.160576 25 26 1000000.000000
26.282614 25 2 80000.000000
27.140921 25 16 10000000.000000
27.217727 25 0 10000.000000
27.247772 25 4 50000.000000
27.263435 25 16 50000.000000
27.290192 25 7 80000.000000
27.321805 25 12 30000000.000000
28.924052 25 7 5000000.000000
29.104017 25 26 200000.000000
29.463347 25 8 10000.000000
0.113610 26 17 30000000.000000
0.212318 26 9 80000.000000
0.315292 26 14 30000.000000
0.427653 26 6 20000.000000
0.841985 26 26 80000.000000
1.632020 26 10 5000000.000000
2.234685 26 1 50000.000000
2.841185 26 6 10000.000000
2.972196 26 14 1000000.000000
2.973371 26 8 200000.000000
3.832823 26 9 80000.000000
3.948335 26 17 5000000.000000
4.044102 26 25 10000.000000
4.451358 26 17 2000000.000000
5.852175 26 22 1000000.000000
6.175464 26 0 5000000.000000
6.311568 26 24 2000000.000000
6.737946 26 6 30000.000000
6.990196 26 8 1000000.000000
7.887473 26 4 20000.000000
7.973618 26 23 5000000.000000
8.184016 26 14 10000.000000
8.833393 26 18 50000.000000
9.142413 26 14 1000000.000000
9.380625 26 19 30000000.000000
9.450003 26 14 10000.000000
10.342658 26 16 30000.000000
10.393144 26 11 30000000.000000
10.586158 26 7 30000.000000
10.901217 26 16 30000000.000000
11.355927 26 6 10000.000000
11.484896 26 16 10000.000000
11.545844 26 19 2000000.000000
11.709336 26 19 5000000.000000
11.740387 26 24 50000.000000
11.807349 26 24 200000.000000
11.837976 26 15 20000.000000
12.122778 26 6 30000000.000000
12.582179 26 20 1000000.000000
12.632165 26 1 200000.000000
12.846758 26 20 5000000.000000
12.941922 26 3 1000000.000000
13.147554 26 9 2000000.000000
13.536033 26 1 50000.000000
13.983718 26 5 10000000.000000
15.043879 26 19 10000000.000000
15.102004 26 11 2000000.000000
15.358425 26 3 50000.000000
15.685664 26 9 50000.000000
15.999807 26 4 10000.000000
17.340469 26 24 50000.000000
17.489401 26 15 10000.000000
17.511415 26 1 30000.000000
17.889332 26 9 200000.000000
17.946716 26 3 10000.000000
18.936555 26 22 20000.000000
19.082986 26 15 10000000.000000
19.945239 26 11 10000.000000
20.863463 26 2 10000.000000
21.082588 26 13 1000000.000000
21.157000 26 8 2000000.000000
21.405875 26 24 10000000.000000
21.446676 26 19 10000.000000
21.751021 26 12 10000.000000
22.741449 26 1 200000.000000
23.070027 26 7 2000000.000000
23.673667 26 22 2000000.000000
24.247164 26 17 10000.000000
24.278235 26 21 5000000.000000
24.427187 26 6 80000.000000
24.579652 26 9 50000.000000
26.050747 26 26 10000000.000000
26.232118 26 0 200000.000000
27.056934 26 10 50000.000000
27.173714 26 0 5000000.000000
27.344864 26 14 10000.000000
27.420001 26 8 10000.000000
27.462998 26 6 20000.000000
28.785131 26 1 80000.000000
28.844721 26 2 2000000.000000
29.451729 26 12 5000000.000000
29.514856 26 17 80000.000000
29.541186 26 10 5000000.000000
29.830135 26 19 30000.000000
