0.277711 0 17 200000.000000
0.319757 0 4 10000.000000
0.416226 0 25 50000.000000
0.848974 0 23 200000.000000
1.144595 0 3 50000.000000
1.461096 0 24 80000.000000
2.438122 0 2 50000.000000
3.235455 0 5 80000.000000
3.724236 0 15 10000.000000
5.219401 0 0 10000.000000
7.630353 0 22 200000.000000
8.327383 0 17 10000000.000000
10.038360 0 4 2000000.000000
11.205867 0 7 2000000.000000
11.420713 0 21 10000.000000
11.994536 0 25 30000.000000
12.324790 0 23 5000000.000000
13.177644 0 19 200000.000000
13.490220 0 20 80000.000000
14.106753 0 17 1000000.000000
14.692006 0 4 10000.000000
14.822729 0 2 80000.000000
15.055235 0 3 10000.000000
15.167493 0 15 1000000.000000
15.739028 0 3 1000000.000000
15.750744 0 19 200000.000000
16.058126 0 5 200000.000000
17.439098 0 25 80000.000000
18.945337 0 7 2000000.000000
19.137874 0 0 20000.000000
19.145137 0 10 30000.000000
19.388348 0 18 1000000.000000
19.524378 0 6 50000.000000
19.825821 0 21 50000.000000
20.524198 0 15 50000.000000
20.757094 0 11 50000.000000
20.785709 0 16 2000000.000000
21.560297 0 3 5000000.000000
21.629820 0 26 30000.000000
21.777564 0 26 30000000.000000
21.963184 0 2 2000000.000000
22.387233 0 7 50000.000000
22.821347 0 16 10000.000000
23.230130 0 6 10000.000000
23.740814 0 16 20000.000000
25.209103 0 3 50000.000000
26.403173 0 20 50000.000000
27.184831 0 26 30000.000000
27.422650 0 22 20000.000000
27.655019 0 15 20000.000000
28.087926 0 21 20000.000000
28.403777 0 8 10000.000000
28.686288 0 3 5000000.000000
29.775531 0 2 2000000.000000
2.300380 1 8 10000000.000000
2.324145 1 10 1000000.000000
2.548226 1 8 50000.000000
3.017697 1 18 10000.000000
3.629305 1 1 10000000.000000
3.962876 1 26 5000000.000000
4.309164 1 8 10000.000000
5.083699 1 21 20000.000000
5.203272 1 13 2000000.000000
5.682285 1 6 20000.000000
5.762445 1 2 10000.000000
6.082429 1 24 80000.000000
6.390795 1 11 80000.000000
6.587959 1 7 1000000.000000
7.085677 1 21 5000000.000000
7.264578 1 21 80000.000000
7.629921 1 16 50000.000000
8.570055 1 2 200000.000000
8.768381 1 11 30000.000000
9.138547 1 0 1000000.000000
9.433125 1 22 80000.000000
9.443457 1 7 2000000.000000
9.618156 1 18 50000.000000
9.687389 1 21 80000.000000
9.961988 1 26 5000000.000000
10.212649 1 7 30000000.000000
11.107285 1 0 200000.000000
11.447327 1 15 10000.000000
11.466344 1 14 10000.000000
11.618133 1 3 5000000.000000
11.819519 1 26 50000.000000
12.861339 1 0 2000000.000000
12.918038 1 19 80000.000000
13.091908 1 3 80000.000000
13.628151 1 12 10000.000000
13.764744 1 21 50000.000000
13.785494 1 3 20000.000000
13.825411 1 0 80000.000000
14.016917 1 8 1000000.000000
14.022903 1 19 200000.000000
14.104170 1 0 1000000.000000
14.138071 1 14 30000000.000000
14.291997 1 19 10000.000000
14.500939 1 1 30000.000000
14.705852 1 3 80000.000000
14.794512 1 15 10000.000000
14.905921 1 7 80000.000000
15.202831 1 18 1000000.000000
16.281026 1 23 2000000.000000
16.370811 1 19 1000000.000000
17.419036 1 25 1000000.000000
17.926482 1 22 2000000.000000
19.021358 1 19 2000000.000000
20.235467 1 0 10000000.000000
20.298831 1 11 30000.000000
20.605865 1 13 80000.000000
20.651119 1 8 1000000.000000
20.878907 1 0 1000000.000000
21.381278 1 19 20000.000000
21.576791 1 7 10000000.000000
21.752384 1 11 200000.000000
22.179192 1 24 10000.000000
22.825480 1 15 80000.000000
23.266708 1 7 10000000.000000
23.420253 1 26 5000000.000000
24.455481 1 26 200000.000000
24.935191 1 17 1000000.000000
24.975240 1 3 10000000.000000
25.736089 1 5 20000.000000
26.027289 1 15 50000.000000
26.104846 1 1 10000000.000000
26.382030 1 16 10000000.000000
27.053949 1 6 10000000.000000
27.127959 1 25 50000.000000
27.794805 1 12 10000.000000
28.612323 1 20 50000.000000
28.918793 1 5 5000000.000000
29.433719 1 4 30000.000000
29.651597 1 12 5000000.000000
0.351688 2 11 10000.000000
0.839044 2 15 2000000.000000
1.165358 2 14 20000.000000
1.319430 2 20 200000.000000
1.510507 2 19 80000.000000
2.216395 2 26 80000.000000
2.722011 2 4 2000000.000000
3.081011 2 13 50000.000000
3.202090 2 14 10000.000000
4.997373 2 15 50000.000000
5.178005 2 18 10000000.000000
5.412845 2 7 20000.000000
5.761698 2 13 2000000.000000
6.890570 2 8 80000.000000
6.959008 2 0 50000.000000
8.446644 2 6 1000000.000000
8.553078 2 20 5000000.000000
9.529581 2 10 1000000.000000
10.509354 2 15 10000000.000000
10.634766 2 3 30000.000000
11.280262 2 18 10000000.000000
11.724303 2 4 2000000.000000
11.997953 2 7 20000.000000
12.418464 2 20 10000000.000000
12.950158 2 11 10000000.000000
13.096394 2 22 10000.000000
13.183555 2 15 50000.000000
13.203884 2 19 5000000.000000
13.272220 2 20 2000000.000000
13.546684 2 24 10000.000000
14.031865 2 25 80000.000000
14.233567 2 21 200000.000000
15.926801 2 14 2000000.000000
16.076334 2 4 80000.000000
16.327037 2 24 50000.000000
16.415049 2 26 20000.000000
17.261271 2 25 80000.000000
18.956135 2 4 10000.000000
20.998709 2 11 10000.000000
21.906842 2 26 5000000.000000
22.430118 2 0 10000000.000000
22.434701 2 2 10000.000000
22.906992 2 13 1000000.000000
24.338547 2 6 10000.000000
24.656110 2 16 1000000.000000
24.962253 2 16 200000.000000
25.186585 2 11 10000.000000
25.613284 2 23 200000.000000
26.377455 2 19 50000.000000
26.877393 2 17 10000.000000
26.889452 2 24 5000000.000000
27.273144 2 9 10000.000000
28.257567 2 9 30000.000000
29.016661 2 17 1000000.000000
0.368145 3 16 50000.000000
0.630028 3 20 10000.000000
1.670359 3 16 10000000.000000
3.128552 3 21 10000.000000
3.578044 3 12 30000000.000000
4.247833 3 14 10000.000000
4.748052 3 8 5000000.000000
6.025963 3 16 30000.000000
6.113776 3 18 5000000.000000
6.459250 3 7 2000000.000000
7.760039 3 2 80000.000000
8.128059 3 16 30000000.000000
9.095796 3 18 1000000.000000
9.935418 3 10 2000000.000000
10.058849 3 6 5000000.000000
11.024731 3 10 80000.000000
11.042898 3 22 80000.000000
11.169014 3 1 80000.000000
11.543297 3 5 1000000.000000
12.886243 3 19 200000.000000
13.033087 3 0 2000000.000000
13.267519 3 18 2000000.000000
13.654463 3 15 10000000.000000
13.979674 3 5 10000.000000
14.826055 3 9 5000000.000000
15.022882 3 7 10000.000000
15.740790 3 25 1000000.000000
15.957548 3 15 2000000.000000
16.271942 3 0 1000000.000000
16.309168 3 23 30000.000000
17.255602 3 4 80000.000000
18.074676 3 7 20000.000000
19.797865 3 15 1000000.000000
21.152651 3 16 5000000.000000
21.676676 3 8 30000.000000
22.024544 3 26 80000.000000
22.750800 3 4 20000.000000
23.093137 3 21 1000000.000000
24.622452 3 4 2000000.000000
24.896579 3 16 10000000.000000
25.243105 3 1 80000.000000
25.488729 3 3 10000.000000
25.558059 3 8 10000.000000
26.009418 3 22 5000000.000000
26.782342 3 6 5000000.000000
27.439059 3 21 2000000.000000
27.489425 3 13 50000.000000
27.505913 3 15 80000.000000
27.535985 3 15 10000.000000
27.630824 3 11 5000000.000000
27.789846 3 18 5000000.000000
28.577450 3 10 50000.000000
28.738336 3 18 10000.000000
28.868679 3 4 10000.000000
28.960483 3 20 1000000.000000
29.480254 3 24 10000000.000000
29.939275 3 16 1000000.000000
0.054802 4 0 2000000.000000
2.260908 4 8 50000.000000
3.538873 4 12 10000.000000
3.797242 4 2 30000.000000
3.847457 4 19 1000000.000000
3.939167 4 12 5000000.000000
4.697746 4 6 1000000.000000
4.933616 4 17 80000.000000
5.310275 4 13 5000000.000000
5.844485 4 18 80000.000000
6.797643 4 20 30000.000000
6.940342 4 5 20000.000000
7.251242 4 20 50000.000000
7.411031 4 7 80000.000000
7.773108 4 10 10000.000000
7.968327 4 23 50000.000000
8.130196 4 26 50000.000000
8.561796 4 21 50000.000000
8.820638 4 12 10000000.000000
10.484260 4 6 30000.000000
10.503862 4 11 30000.000000
10.541034 4 2 20000.000000
11.161839 4 8 10000.000000
11.285117 4 25 80000.000000
11.310212 4 17 5000000.000000
11.767977 4 22 1000000.000000
11.857350 4 14 80000.000000
11.914100 4 12 10000.000000
11.941470 4 16 2000000.000000
12.206044 4 18 30000.000000
12.436824 4 5 2000000.000000
12.981616 4 25 80000.000000
13.344008 4 23 10000000.000000
13.351162 4 5 1000000.000000
13.809551 4 4 30000000.000000
13.936553 4 3 30000000.000000
14.467060 4 19 10000000.000000
14.675465 4 11 10000.000000
14.789828 4 13 5000000.000000
14.799381 4 11 80000.000000
14.847359 4 14 10000.000000
15.593908 4 18 5000000.000000
17.104655 4 24 80000.000000
17.689993 4 13 200000.000000
19.559076 4 12 80000.000000
20.055003 4 17 30000000.000000
20.056386 4 24 200000.000000
20.375954 4 11 10000.000000
20.751611 4 23 50000.000000
21.413108 4 8 5000000.000000
21.539708 4 16 80000.000000
22.916583 4 9 1000000.000000
23.044659 4 5 10000.000000
23.247554 4 15 80000.000000
23.526463 4 19 80000.000000
23.528691 4 11 200000.000000
25.303418 4 11 200000.000000
26.063878 4 24 2000000.000000
26.244707 4 22 5000000.000000
27.107316 4 26 30000.000000
27.201672 4 21 2000000.000000
27.565545 4 3 1000000.000000
28.403500 4 4 30000.000000
29.514217 4 17 50000.000000
29.641021 4 8 5000000.000000
29.719753 4 21 80000.000000
29.954934 4 25 10000.000000
0.256443 5 12 80000.000000
0.426963 5 25 10000000.000000
1.062378 5 0 10000.000000
1.102024 5 4 80000.000000
1.417563 5 13 10000.000000
1.627835 5 18 200000.000000
1.735084 5 13 10000.000000
1.757674 5 0 30000.000000
1.934852 5 0 2000000.000000
2.111020 5 2 10000.000000
2.618321 5 1 10000000.000000
3.566252 5 23 30000.000000
3.855693 5 1 80000.000000
4.065554 5 6 10000.000000
4.290938 5 7 10000.000000
4.783489 5 16 1000000.000000
5.343640 5 13 2000000.000000
5.423803 5 24 10000.000000
7.418940 5 9 10000.000000
7.459863 5 13 5000000.000000
8.192253 5 7 30000.000000
8.669873 5 12 30000000.000000
8.721825 5 24 5000000.000000
9.421232 5 22 1000000.000000
9.524823 5 22 5000000.000000
9.637834 5 5 10000.000000
10.120904 5 26 200000.000000
10.155278 5 4 200000.000000
11.391145 5 22 10000.000000
11.392315 5 1 80000.000000
12.264135 5 21 30000.000000
12.268640 5 0 20000.000000
16.333368 5 25 30000.000000
16.422441 5 26 2000000.000000
16.539372 5 4 80000.000000
17.755038 5 25 80000.000000
17.832844 5 22 1000000.000000
18.310173 5 21 10000000.000000
19.059265 5 11 20000.000000
19.267432 5 5 1000000.000000
20.124082 5 8 50000.000000
20.855221 5 7 50000.000000
20.864671 5 1 2000000.000000
22.274936 5 13 10000000.000000
22.360942 5 1 10000.000000
22.801870 5 4 80000.000000
24.725245 5 26 10000.000000
24.744734 5 7 5000000.000000
25.054830 5 6 10000000.000000
26.784782 5 10 10000.000000
27.709382 5 24 5000000.000000
27.805357 5 11 10000000.000000
29.462445 5 7 10000.000000
29.695236 5 1 200000.000000
29.865302 5 0 200000.000000
29.872499 5 2 30000.000000
1.800174 6 6 80000.000000
2.292426 6 21 30000000.000000
2.577940 6 11 10000.000000
4.467150 6 20 80000.000000
4.846304 6 15 5000000.000000
4.978040 6 12 10000.000000
5.428816 6 6 10000.000000
6.034537 6 17 30000.000000
6.257418 6 4 20000.000000
7.530027 6 13 50000.000000
7.868014 6 25 80000.000000
8.107428 6 9 1000000.000000
8.898917 6 8 30000.000000
10.797220 6 2 30000.000000
10.879738 6 6 10000000.000000
11.046790 6 10 10000000.000000
11.364380 6 3 30000.000000
11.778533 6 9 30000.000000
11.839039 6 5 5000000.000000
12.688103 6 4 1000000.000000
14.376407 6 5 30000.000000
14.429107 6 13 2000000.000000
14.570390 6 14 50000.000000
15.606642 6 14 30000.000000
15.613032 6 20 10000000.000000
15.967250 6 8 10000.000000
16.298855 6 2 10000.000000
16.432494 6 17 80000.000000
17.042474 6 17 80000.000000
17.057473 6 23 30000.000000
17.083327 6 13 5000000.000000
17.333093 6 24 50000.000000
19.256352 6 0 1000000.000000
19.282110 6 25 10000.000000
20.244348 6 15 50000.000000
20.554785 6 16 50000.000000
21.167870 6 24 200000.000000
23.461332 6 21 80000.000000
24.288300 6 22 1000000.000000
24.372461 6 18 80000.000000
24.375469 6 13 5000000.000000
24.698338 6 0 1000000.000000
25.165989 6 5 50000.000000
25.697948 6 4 50000.000000
25.781945 6 26 50000.000000
25.961094 6 7 2000000.000000
26.073315 6 24 50000.000000
26.241173 6 6 5000000.000000
26.419056 6 17 2000000.000000
27.059077 6 8 1000000.000000
27.370922 6 12 1000000.000000
27.708640 6 14 50000.000000
28.755894 6 16 2000000.000000
28.933289 6 9 20000.000000
29.428541 6 22 30000000.000000
29.592245 6 15 1000000.000000
29.791017 6 4 2000000.000000
0.049312 7 3 5000000.000000
0.111864 7 21 5000000.000000
0.129874 7 21 30000000.000000
0.540797 7 13 2000000.000000
0.629109 7 5 30000000.000000
0.641255 7 22 10000000.000000
0.699892 7 13 30000.000000
0.842362 7 21 30000.000000
1.041139 7 6 30000000.000000
1.582743 7 8 80000.000000
1.858236 7 4 30000.000000
2.772555 7 8 10000.000000
2.780811 7 24 20000.000000
2.876274 7 18 200000.000000
4.979142 7 6 80000.000000
6.084982 7 16 10000.000000
6.991380 7 21 50000.000000
7.278347 7 22 200000.000000
9.876906 7 20 10000.000000
9.890201 7 16 30000.000000
10.343397 7 8 80000.000000
10.485967 7 15 80000.000000
12.272431 7 13 80000.000000
12.441084 7 4 1000000.000000
12.722241 7 5 5000000.000000
12.851919 7 19 5000000.000000
13.101640 7 25 80000.000000
13.455978 7 12 10000.000000
13.811553 7 8 80000.000000
14.163143 7 23 50000.000000
14.189017 7 15 80000.000000
14.395207 7 2 5000000.000000
14.513398 7 1 50000.000000
15.105020 7 13 30000.000000
15.690351 7 22 30000.000000
16.491496 7 8 1000000.000000
16.731144 7 4 1000000.000000
17.610024 7 2 200000.000000
17.714822 7 23 80000.000000
17.944558 7 26 1000000.000000
18.120790 7 24 10000000.000000
18.177856 7 0 50000.000000
19.111266 7 23 80000.000000
19.195717 7 7 80000.000000
19.838423 7 22 10000.000000
21.039053 7 25 80000.000000
21.414936 7 21 30000.000000
21.623706 7 9 80000.000000
22.266477 7 14 1000000.000000
22.811930 7 16 10000.000000
23.177037 7 14 30000.000000
23.632365 7 1 2000000.000000
24.830004 7 10 80000.000000
27.037836 7 25 10000.000000
27.113876 7 14 200000.000000
27.417642 7 24 10000.000000
27.948182 7 21 5000000.000000
28.625502 7 23 80000.000000
28.925404 7 15 200000.000000
0.171622 8 0 30000.000000
0.710400 8 11 2000000.000000
1.265352 8 10 30000.000000
1.328974 8 15 80000.000000
1.344006 8 0 1000000.000000
1.932856 8 19 80000.000000
1.953438 8 11 1000000.000000
2.436224 8 3 10000.000000
3.250222 8 3 1000000.000000
3.524925 8 20 30000.000000
3.800015 8 9 5000000.000000
3.904362 8 20 10000.000000
4.079307 8 24 50000.000000
4.469956 8 8 10000.000000
4.937594 8 9 2000000.000000
5.035457 8 1 1000000.000000
5.189688 8 23 5000000.000000
5.430148 8 24 10000.000000
7.424583 8 18 80000.000000
7.709092 8 3 50000.000000
8.041028 8 3 50000.000000
8.172121 8 13 10000000.000000
9.605491 8 8 80000.000000
9.764653 8 4 10000000.000000
9.864101 8 18 10000.000000
10.012746 8 18 5000000.000000
10.830773 8 10 80000.000000
11.011395 8 11 80000.000000
11.150053 8 14 10000000.000000
11.337630 8 16 1000000.000000
11.474230 8 22 5000000.000000
11.484179 8 22 20000.000000
11.762698 8 18 30000.000000
12.895346 8 3 50000.000000
12.974353 8 10 80000.000000
13.049042 8 6 5000000.000000
13.475555 8 7 10000.000000
13.767345 8 17 50000.000000
14.062758 8 24 50000.000000
14.578582 8 5 1000000.000000
14.768102 8 24 10000.000000
15.784026 8 5 2000000.000000
16.312707 8 23 200000.000000
16.381436 8 19 5000000.000000
16.594208 8 14 50000.000000
17.593642 8 11 2000000.000000
18.368081 8 3 80000.000000
18.681941 8 17 80000.000000
18.787825 8 5 2000000.000000
19.054900 8 9 5000000.000000
20.047386 8 4 80000.000000
20.307213 8 18 1000000.000000
21.024144 8 23 80000.000000
21.050919 8 5 200000.000000
21.093975 8 9 10000000.000000
21.101178 8 25 20000.000000
21.201500 8 11 2000000.000000
21.820050 8 19 30000000.000000
22.307917 8 8 30000.000000
23.143472 8 11 10000000.000000
23.162675 8 9 80000.000000
23.187753 8 21 5000000.000000
23.723200 8 8 20000.000000
23.781441 8 7 10000.000000
23.989125 8 9 10000.000000
25.564364 8 17 2000000.000000
25.641708 8 10 1000000.000000
27.130413 8 4 20000.000000
27.502322 8 7 80000.000000
27.779497 8 16 80000.000000
29.212039 8 25 30000000.000000
29.244872 8 0 10000000.000000
29.328579 8 6 2000000.000000
0.120876 9 11 30000.000000
0.198176 9 4 50000.000000
0.912387 9 0 10000.000000
0.968058 9 23 10000000.000000
1.160531 9 25 2000000.000000
1.290946 9 22 2000000.000000
2.108293 9 17 10000.000000
2.312434 9 1 2000000.000000
2.487895 9 7 10000000.000000
2.980986 9 22 50000.000000
5.277373 9 23 1000000.000000
5.797138 9 10 5000000.000000
5.802445 9 23 5000000.000000
6.356808 9 16 5000000.000000
6.452825 9 11 30000.000000
7.284491 9 5 30000.000000
7.326945 9 16 10000.000000
9.102734 9 23 1000000.000000
9.471824 9 0 10000000.000000
9.479669 9 26 20000.000000
9.764614 9 24 2000000.000000
10.335063 9 25 10000.000000
10.526835 9 15 2000000.000000
11.904673 9 0 5000000.000000
13.495733 9 16 30000.000000
14.047519 9 23 30000.000000
14.296424 9 2 20000.000000
14.530666 9 14 80000.000000
14.772274 9 19 10000.000000
15.632428 9 0 10000000.000000
16.053776 9 5 200000.000000
17.189557 9 4 2000000.000000
17.469233 9 19 5000000.000000
17.556787 9 10 5000000.000000
19.465459 9 19 80000.000000
19.766403 9 22 80000.000000
19.997768 9 20 200000.000000
20.505519 9 9 10000.000000
20.694055 9 9 30000.000000
20.827948 9 19 10000.000000
22.079169 9 10 1000000.000000
22.267413 9 0 5000000.000000
22.414209 9 26 200000.000000
22.421866 9 16 80000.000000
23.602672 9 18 50000.000000
23.937904 9 0 10000000.000000
23.955586 9 26 10000.000000
24.220671 9 6 10000.000000
24.584836 9 20 80000.000000
25.347667 9 15 30000.000000
26.011159 9 4 200000.000000
26.058843 9 7 20000.000000
26.117542 9 20 30000.000000
27.313952 9 21 10000.000000
27.475830 9 14 1000000.000000
28.765444 9 6 10000.000000
29.733908 9 7 80000.000000
0.092635 10 26 1000000.000000
1.066095 10 10 5000000.000000
2.164948 10 3 10000.000000
2.468235 10 9 10000.000000
2.662902 10 3 1000000.000000
2.771936 10 12 20000.000000
3.471011 10 4 200000.000000
4.259088 10 15 20000.000000
4.821048 10 22 20000.000000
5.446151 10 7 10000.000000
5.701522 10 5 80000.000000
6.092268 10 7 20000.000000
6.256791 10 25 50000.000000
6.364261 10 17 80000.000000
6.460866 10 8 30000.000000
6.903708 10 0 2000000.000000
7.597943 10 20 10000000.000000
7.763525 10 0 200000.000000
8.812428 10 0 50000.000000
9.700940 10 20 10000.000000
10.248840 10 6 2000000.000000
10.938656 10 2 10000.000000
11.408085 10 15 80000.000000
11.816124 10 7 1000000.000000
12.191409 10 25 200000.000000
12.206567 10 2 10000.000000
12.400046 10 21 200000.000000
13.126590 10 18 80000.000000
14.031603 10 20 1000000.000000
15.077689 10 12 30000.000000
16.254954 10 22 10000.000000
17.377403 10 25 50000.000000
17.596774 10 11 1000000.000000
17.631747 10 5 10000.000000
18.730577 10 24 1000000.000000
18.760520 10 20 10000000.000000
19.026299 10 19 200000.000000
19.282811 10 19 30000.000000
19.323417 10 12 5000000.000000
19.759281 10 22 5000000.000000
20.033510 10 20 30000.000000
22.405385 10 2 30000000.000000
23.110705 10 23 2000000.000000
24.303258 10 11 1000000.000000
25.093470 10 7 10000.000000
25.975577 10 7 5000000.000000
26.532423 10 14 10000000.000000
26.842805 10 11 1000000.000000
27.455536 10 21 20000.000000
27.461920 10 4 10000.000000
28.837723 10 3 10000.000000
29.497225 10 0 30000.000000
29.797535 10 20 200000.000000
29.899554 10 7 20000.000000
1.174037 11 9 80000.000000
2.172727 11 21 50000.000000
3.634249 11 16 80000.000000
4.450628 11 21 10000.000000
5.322844 11 11 50000.000000
5.350504 11 22 1000000.000000
5.453463 11 6 5000000.000000
5.665634 11 14 10000.000000
6.184986 11 14 2000000.000000
6.735253 11 13 50000.000000
7.690795 11 3 80000.000000
8.136910 11 15 50000.000000
8.308302 11 4 80000.000000
8.548937 11 6 1000000.000000
8.676563 11 25 10000.000000
8.740414 11 9 200000.000000
9.049880 11 5 5000000.000000
9.372345 11 14 80000.000000
9.476076 11 21 5000000.000000
9.647261 11 0 200000.000000
10.175650 11 18 80000.000000
11.114941 11 2 20000.000000
12.160035 11 14 2000000.000000
12.329318 11 12 10000.000000
12.491714 11 15 10000000.000000
12.534159 11 25 80000.000000
12.681671 11 4 80000.000000
13.131268 11 3 10000.000000
13.265379 11 8 50000.000000
13.266143 11 7 1000000.000000
14.164298 11 12 80000.000000
14.434909 11 18 1000000.000000
15.476824 11 24 20000.000000
16.685746 11 16 20000.000000
17.693964 11 18 30000.000000
17.731604 11 14 30000.000000
17.901295 11 1 10000000.000000
17.969373 11 11 10000.000000
17.998918 11 6 20000.000000
18.357288 11 6 1000000.000000
18.848277 11 10 1000000.000000
18.977035 11 19 1000000.000000
19.687460 11 12 5000000.000000
21.181898 11 24 2000000.000000
22.220958 11 21 2000000.000000
23.901592 11 4 1000000.000000
24.625451 11 25 1000000.000000
25.000191 11 13 20000.000000
25.099937 11 16 10000000.000000
25.334616 11 19 5000000.000000
26.784228 11 24 10000.000000
27.034939 11 5 80000.000000
27.798810 11 23 10000.000000
28.006788 11 19 30000.000000
28.361187 11 18 30000.000000
28.771244 11 2 80000.000000
29.028652 11 7 10000.000000
29.217916 11 17 10000.000000
29.803253 11 6 50000.000000
29.986613 11 18 20000.000000
1.481573 12 23 20000.000000
1.499728 12 23 10000000.000000
1.598214 12 7 20000.000000
2.382653 12 21 1000000.000000
2.509820 12 7 10000.000000
2.996307 12 20 50000.000000
4.369436 12 9 20000.000000
4.384238 12 19 2000000.000000
4.837209 12 5 80000.000000
5.069229 12 13 1000000.000000
5.594379 12 14 80000.000000
5.952897 12 14 80000.000000
6.054273 12 26 5000000.000000
6.066484 12 19 30000000.000000
6.398567 12 23 5000000.000000
6.604762 12 21 50000.000000
6.664013 12 23 10000.000000
7.959132 12 2 5000000.000000
8.562544 12 22 30000000.000000
9.188845 12 16 80000.000000
10.792276 12 0 80000.000000
11.116511 12 22 10000.000000
11.401529 12 25 20000.000000
13.506535 12 20 10000000.000000
14.285511 12 14 10000000.000000
14.382824 12 4 30000.000000
14.511244 12 21 2000000.000000
15.127550 12 12 5000000.000000
15.283622 12 1 5000000.000000
15.422169 12 3 50000.000000
15.491756 12 20 200000.000000
16.195971 12 17 30000.000000
16.777455 12 10 1000000.000000
17.587587 12 25 5000000.000000
17.820769 12 22 10000.000000
18.392844 12 7 10000.000000
20.555617 12 2 200000.000000
21.266095 12 9 30000.000000
21.671098 12 6 1000000.000000
22.033804 12 19 10000000.000000
22.323248 12 8 50000.000000
23.504222 12 0 80000.000000
23.512839 12 5 10000.000000
24.095136 12 17 30000.000000
24.422708 12 21 2000000.000000
24.422907 12 20 30000.000000
24.441237 12 8 30000000.000000
24.460101 12 25 50000.000000
24.528818 12 9 20000.000000
24.680126 12 12 2000000.000000
26.271350 12 16 10000.000000
26.513501 12 4 5000000.000000
27.650036 12 10 1000000.000000
28.520886 12 19 30000000.000000
28.551914 12 5 5000000.000000
28.801160 12 4 5000000.000000
28.835178 12 13 30000.000000
28.849748 12 21 5000000.000000
29.001934 12 21 20000.000000
29.194640 12 3 50000.000000
29.808391 12 22 5000000.000000
29.953473 12 8 30000.000000
0.085599 13 23 30000.000000
0.351949 13 10 80000.000000
0.758297 13 19 80000.000000
4.039018 13 25 1000000.000000
4.058240 13 3 20000.000000
4.455705 13 16 1000000.000000
4.655220 13 5 1000000.000000
5.012906 13 24 10000.000000
5.082653 13 24 1000000.000000
6.820593 13 12 30000.000000
7.036027 13 21 5000000.000000
8.048275 13 18 2000000.000000
9.709753 13 24 2000000.000000
9.784704 13 8 30000000.000000
10.117769 13 7 50000.000000
10.672916 13 11 200000.000000
10.678421 13 2 80000.000000
11.006571 13 9 80000.000000
11.066903 13 21 5000000.000000
11.537855 13 8 10000000.000000
11.558183 13 26 1000000.000000
11.886551 13 4 5000000.000000
12.168887 13 21 30000.000000
12.273007 13 14 10000000.000000
12.610741 13 18 200000.000000
12.994888 13 2 50000.000000
13.256549 13 11 5000000.000000
14.058587 13 5 80000.000000
14.731181 13 20 5000000.000000
15.055621 13 16 30000.000000
15.246402 13 9 30000.000000
15.646768 13 20 30000.000000
15.984369 13 26 10000000.000000
16.401072 13 10 200000.000000
16.439729 13 25 30000.000000
16.624770 13 22 10000000.000000
16.837307 13 4 1000000.000000
18.692737 13 17 50000.000000
19.025189 13 17 50000.000000
20.020158 13 22 80000.000000
20.082663 13 9 80000.000000
20.472038 13 26 5000000.000000
20.547886 13 23 200000.000000
22.308995 13 7 10000000.000000
22.651947 13 24 30000.000000
23.541359 13 6 1000000.000000
23.812643 13 2 10000.000000
25.502224 13 22 1000000.000000
25.734715 13 6 10000.000000
26.694270 13 0 50000.000000
26.835645 13 13 50000.000000
26.932999 13 7 5000000.000000
27.155661 13 11 1000000.000000
27.877812 13 10 10000.000000
28.867111 13 7 80000.000000
29.017566 13 16 80000.000000
29.761732 13 18 50000.000000
0.911530 14 4 2000000.000000
1.082474 14 25 1000000.000000
1.707753 14 10 10000000.000000
1.818415 14 12 50000.000000
2.022118 14 17 10000000.000000
2.039704 14 21 1000000.000000
3.034516 14 10 80000.000000
3.320696 14 7 80000.000000
3.807448 14 21 30000.000000
3.998003 14 10 1000000.000000
4.117208 14 4 50000.000000
4.712750 14 5 50000.000000
5.131340 14 2 50000.000000
5.329905 14 19 50000.000000
5.590735 14 7 30000.000000
5.835490 14 22 30000.000000
5.971258 14 4 2000000.000000
7.802788 14 11 200000.000000
8.081940 14 5 5000000.000000
8.610755 14 8 50000.000000
9.500421 14 16 5000000.000000
9.805547 14 24 80000.000000
10.013538 14 19 2000000.000000
10.119830 14 25 1000000.000000
10.830423 14 13 2000000.000000
11.423035 14 20 1000000.000000
11.733582 14 19 30000.000000
11.889065 14 21 50000.000000
13.240923 14 11 5000000.000000
13.570256 14 1 10000.000000
13.785164 14 3 30000000.000000
13.903241 14 18 10000.000000
14.120909 14 23 1000000.000000
14.594339 14 10 80000.000000
15.951025 14 14 1000000.000000
16.914578 14 13 30000.000000
17.420847 14 10 5000000.000000
18.396714 14 18 5000000.000000
19.419372 14 4 1000000.000000
19.675515 14 4 2000000.000000
20.389030 14 25 10000.000000
20.526723 14 14 80000.000000
20.597680 14 23 50000.000000
22.035549 14 1 50000.000000
22.319631 14 0 200000.000000
22.377719 14 3 2000000.000000
22.489239 14 4 1000000.000000
22.561765 14 26 2000000.000000
23.437319 14 23 30000000.000000
24.014889 14 2 50000.000000
24.378022 14 6 10000.000000
24.691317 14 3 10000.000000
25.301520 14 4 80000.000000
25.387378 14 18 2000000.000000
25.408729 14 11 1000000.000000
26.245451 14 5 10000.000000
26.297954 14 9 5000000.000000
26.782204 14 5 80000.000000
27.512032 14 16 5000000.000000
27.526153 14 18 80000.000000
27.989474 14 2 30000.000000
29.239259 14 9 200000.000000
0.171054 15 5 10000.000000
1.680715 15 23 2000000.000000
1.723727 15 7 1000000.000000
2.139396 15 18 20000.000000
2.393688 15 19 2000000.000000
2.413167 15 18 30000.000000
2.471215 15 5 50000.000000
2.564270 15 21 50000.000000
2.745492 15 10 80000.000000
2.862385 15 4 20000.000000
4.347966 15 7 50000.000000
4.381873 15 3 10000.000000
4.509400 15 9 10000000.000000
4.925908 15 3 2000000.000000
5.100340 15 22 50000.000000
5.457203 15 8 1000000.000000
5.666297 15 10 1000000.000000
6.589990 15 7 80000.000000
7.420755 15 19 200000.000000
7.428458 15 9 1000000.000000
7.684750 15 25 30000000.000000
8.031511 15 23 80000.000000
8.122399 15 26 10000000.000000
8.299947 15 25 5000000.000000
8.387977 15 6 20000.000000
8.882775 15 7 2000000.000000
8.892869 15 6 20000.000000
9.217174 15 16 2000000.000000
9.485797 15 10 80000.000000
9.493527 15 17 5000000.000000
10.121184 15 20 50000.000000
10.128003 15 0 2000000.000000
11.089879 15 7 10000.000000
11.285734 15 0 50000.000000
11.287762 15 11 50000.000000
11.828575 15 15 50000.000000
11.896094 15 10 80000.000000
12.012126 15 1 20000.000000
12.279648 15 8 2000000.000000
12.754010 15 24 30000.000000
14.609149 15 8 10000.000000
14.844670 15 6 80000.000000
15.247720 15 20 5000000.000000
16.560116 15 3 30000000.000000
17.057651 15 3 2000000.000000
18.049990 15 14 1000000.000000
18.267084 15 23 80000.000000
18.364745 15 6 10000.000000
18.475069 15 10 80000.000000
18.479825 15 8 200000.000000
18.617312 15 15 200000.000000
18.682746 15 8 1000000.000000
18.898599 15 25 80000.000000
19.297514 15 14 5000000.000000
21.231369 15 15 10000000.000000
21.321798 15 25 10000.000000
21.781328 15 5 10000.000000
21.988454 15 10 50000.000000
22.720249 15 16 30000.000000
22.882254 15 17 5000000.000000
23.466619 15 1 2000000.000000
23.777238 15 22 20000.000000
24.227746 15 23 5000000.000000
25.144857 15 7 5000000.000000
25.486438 15 23 5000000.000000
26.713088 15 6 20000.000000
26.766718 15 12 80000.000000
26.895742 15 15 10000000.000000
27.608248 15 3 30000.000000
27.959407 15 21 80000.000000
28.173828 15 19 30000000.000000
29.251892 15 3 30000.000000
29.418189 15 14 10000.000000
0.043829 16 11 1000000.000000
0.695934 16 5 200000.000000
1.150068 16 1 10000.000000
1.333695 16 11 10000.000000
1.560590 16 10 1000000.000000
1.890933 16 13 10000000.000000
1.963869 16 19 30000.000000
2.364908 16 5 10000000.000000
2.667732 16 26 2000000.000000
3.467871 16 3 5000000.000000
4.071551 16 6 2000000.000000
4.332222 16 22 80000.000000
4.406295 16 2 50000.000000
4.528071 16 10 5000000.000000
4.981834 16 0 20000.000000
5.404031 16 7 30000.000000
5.892308 16 5 10000000.000000
5.980028 16 17 80000.000000
7.091512 16 25 20000.000000
8.350012 16 19 20000.000000
9.093765 16 14 50000.000000
9.105992 16 25 50000.000000
9.405427 16 4 80000.000000
9.703820 16 21 10000.000000
9.758760 16 15 2000000.000000
10.231678 16 7 50000.000000
10.994593 16 8 10000.000000
11.889485 16 12 2000000.000000
13.172902 16 5 5000000.000000
13.239331 16 4 10000000.000000
13.381281 16 24 20000.000000
13.450017 16 16 5000000.000000
14.185176 16 3 10000000.000000
14.365905 16 25 10000.000000
14.645458 16 13 5000000.000000
14.957881 16 25 10000.000000
15.515777 16 24 10000000.000000
15.801090 16 6 5000000.000000
15.814537 16 20 2000000.000000
16.343653 16 10 200000.000000
16.364656 16 3 50000.000000
16.663279 16 20 200000.000000
16.855743 16 8 2000000.000000
17.460409 16 0 20000.000000
17.538134 16 16 10000000.000000
17.546240 16 7 10000.000000
17.795433 16 22 2000000.000000
17.837400 16 4 50000.000000
17.860044 16 7 2000000.000000
17.941194 16 4 80000.000000
18.138540 16 21 30000.000000
18.932689 16 20 50000.000000
18.986823 16 3 80000.000000
19.107345 16 13 1000000.000000
19.781399 16 6 20000.000000
19.955619 16 21 30000.000000
20.543222 16 2 1000000.000000
21.375968 16 26 80000.000000
21.549478 16 8 10000.000000
21.552652 16 1 10000000.000000
21.557980 16 21 2000000.000000
21.974562 16 15 30000.000000
22.635618 16 20 10000.000000
22.958315 16 19 50000.000000
24.207421 16 12 80000.000000
25.801626 16 21 80000.000000
26.211754 16 14 5000000.000000
26.225690 16 18 80000.000000
26.919091 16 9 10000.000000
27.009794 16 18 10000000.000000
27.234358 16 17 5000000.000000
27.641191 16 13 10000000.000000
27.821246 16 16 80000.000000
27.999454 16 8 30000.000000
28.557312 16 2 30000000.000000
28.889482 16 0 1000000.000000
29.211687 16 7 5000000.000000
29.363962 16 17 50000.000000
29.536113 16 25 80000.000000
0.067915 17 17 2000000.000000
0.390218 17 21 10000.000000
0.516702 17 21 50000.000000
1.008081 17 21 10000.000000
1.334499 17 3 10000.000000
1.886166 17 5 80000.000000
2.341543 17 18 1000000.000000
2.589615 17 23 2000000.000000
2.982693 17 4 20000.000000
4.139719 17 11 80000.000000
4.979846 17 16 5000000.000000
5.143669 17 26 2000000.000000
5.706023 17 14 20000.000000
5.808403 17 5 80000.000000
6.068658 17 12 10000.000000
6.112545 17 18 50000.000000
6.576327 17 2 10000.000000
7.094949 17 19 30000000.000000
7.339153 17 9 2000000.000000
7.488950 17 24 30000.000000
7.932439 17 5 80000.000000
8.738546 17 7 10000.000000
9.054902 17 14 50000.000000
9.136902 17 22 30000.000000
9.640408 17 21 10000.000000
9.675209 17 19 200000.000000
9.935120 17 9 10000.000000
10.843300 17 16 5000000.000000
11.136168 17 14 80000.000000
11.887342 17 22 50000.000000
12.217688 17 14 50000.000000
12.375536 17 7 2000000.000000
13.864441 17 26 1000000.000000
14.257045 17 18 30000.000000
14.845379 17 2 10000000.000000
14.983858 17 10 80000.000000
15.710812 17 7 1000000.000000
15.852542 17 9 200000.000000
16.320427 17 25 2000000.000000
16.493517 17 13 20000.000000
16.713378 17 10 10000.000000
17.191122 17 19 30000.000000
17.252321 17 14 20000.000000
17.820798 17 21 80000.000000
18.016317 17 19 10000000.000000
18.431824 17 6 2000000.000000
18.683620 17 18 1000000.000000
18.762051 17 0 10000.000000
18.890042 17 1 5000000.000000
19.373609 17 15 30000.000000
19.717263 17 7 10000000.000000
20.202528 17 16 30000.000000
21.211300 17 4 10000.000000
22.606207 17 25 2000000.000000
22.634023 17 18 2000000.000000
22.819172 17 11 30000.000000
23.273996 17 7 20000.000000
23.613556 17 26 80000.000000
23.748725 17 1 10000.000000
23.926311 17 16 10000.000000
23.987048 17 25 50000.000000
24.021265 17 4 5000000.000000
24.295765 17 24 80000.000000
24.700964 17 23 2000000.000000
25.621613 17 23 80000.000000
25.721320 17 7 1000000.000000
26.151740 17 14 1000000.000000
26.723625 17 23 10000.000000
26.734468 17 26 50000.000000
26.983421 17 9 1000000.000000
27.068963 17 11 30000.000000
27.129331 17 19 30000.000000
27.345093 17 3 5000000.000000
28.086241 17 17 2000000.000000
28.481104 17 0 1000000.000000
28.597381 17 3 80000.000000
28.886497 17 18 30000.000000
29.006656 17 19 10000000.000000
29.082058 17 12 5000000.000000
29.593734 17 4 80000.000000
29.741621 17 20 1000000.000000
29.918483 17 6 2000000.000000
29.982539 17 13 10000.000000
0.101693 18 14 10000.000000
0.290023 18 2 20000.000000
2.163919 18 3 5000000.000000
2.471327 18 23 10000.000000
3.229416 18 21 5000000.000000
3.505104 18 2 80000.000000
3.564767 18 19 10000000.000000
3.580525 18 23 80000.000000
4.439562 18 21 10000.000000
4.617061 18 3 5000000.000000
4.961625 18 20 10000000.000000
5.167796 18 7 5000000.000000
6.221200 18 18 10000.000000
6.355257 18 24 80000.000000
8.824712 18 13 2000000.000000
9.455448 18 5 5000000.000000
9.911742 18 23 80000.000000
9.986155 18 13 10000.000000
10.608710 18 10 80000.000000
11.581159 18 26 10000.000000
11.948608 18 24 200000.000000
14.885908 18 20 5000000.000000
14.891537 18 8 2000000.000000
14.938101 18 12 80000.000000
16.098614 18 21 1000000.000000
16.169509 18 20 80000.000000
16.267091 18 9 10000.000000
17.694273 18 0 80000.000000
17.756412 18 6 5000000.000000
17.931420 18 14 1000000.000000
18.258744 18 24 1000000.000000
18.994047 18 8 80000.000000
19.007164 18 16 10000.000000
19.874074 18 24 10000000.000000
20.147364 18 20 1000000.000000
20.688810 18 8 30000.000000
21.019854 18 13 10000.000000
21.677594 18 24 30000.000000
21.922762 18 24 10000.000000
22.180967 18 1 30000.000000
22.788968 18 3 20000.000000
23.396139 18 10 10000000.000000
23.579457 18 11 10000.000000
23.598154 18 1 10000.000000
24.664316 18 23 200000.000000
24.971726 18 25 200000.000000
26.618116 18 25 5000000.000000
27.547432 18 18 2000000.000000
27.567323 18 17 1000000.000000
28.036164 18 3 5000000.000000
28.425021 18 0 20000.000000
28.605352 18 7 10000.000000
28.738025 18 7 5000000.000000
29.362827 18 1 10000.000000
29.566996 18 18 2000000.000000
29.667894 18 0 30000.000000
29.722102 18 13 1000000.000000
29.829496 18 11 2000000.000000
29.913569 18 9 30000.000000
29.976910 18 19 2000000.000000
0.902211 19 7 20000.000000
1.986954 19 15 80000.000000
2.606255 19 12 80000.000000
3.057173 19 8 10000000.000000
3.367993 19 11 50000.000000
4.389676 19 19 10000000.000000
4.645304 19 17 200000.000000
4.934798 19 19 5000000.000000
5.290539 19 8 10000000.000000
5.333502 19 18 50000.000000
5.747633 19 1 10000000.000000
6.008373 19 10 10000.000000
7.254563 19 7 50000.000000
7.474146 19 16 80000.000000
9.102025 19 12 20000.000000
9.321400 19 22 10000000.000000
10.256329 19 3 10000.000000
12.341170 19 2 10000000.000000
12.419919 19 7 10000.000000
12.869792 19 24 30000.000000
13.237185 19 16 50000.000000
13.863810 19 8 30000000.000000
16.196054 19 20 30000.000000
16.232577 19 20 2000000.000000
16.252006 19 11 5000000.000000
16.260972 19 16 50000.000000
16.764178 19 7 30000.000000
16.788632 19 5 80000.000000
16.980105 19 26 20000.000000
17.414354 19 20 2000000.000000
17.867331 19 19 10000.000000
18.057517 19 9 50000.000000
18.418955 19 15 200000.000000
18.894894 19 16 10000000.000000
18.976901 19 0 2000000.000000
19.803708 19 3 1000000.000000
20.172278 19 23 10000.000000
20.350411 19 12 10000.000000
20.813550 19 1 80000.000000
21.290645 19 22 10000000.000000
22.068140 19 21 80000.000000
22.476324 19 3 1000000.000000
23.040705 19 16 1000000.000000
23.222895 19 21 5000000.000000
23.292491 19 18 80000.000000
23.349526 19 21 50000.000000
23.787598 19 19 30000.000000
24.253330 19 11 50000.000000
24.949417 19 19 80000.000000
25.385084 19 8 10000.000000
25.387948 19 19 80000.000000
25.792056 19 26 50000.000000
26.015940 19 0 30000.000000
26.231102 19 10 2000000.000000
27.972157 19 6 10000.000000
28.232096 19 19 200000.000000
29.053754 19 6 200000.000000
29.101812 19 18 2000000.000000
29.104931 19 8 50000.000000
29.164516 19 5 20000.000000
29.672335 19 16 30000.000000
29.889297 19 26 30000.000000
0.162344 20 18 1000000.000000
0.424660 20 5 5000000.000000
0.877967 20 16 50000.000000
1.259837 20 9 5000000.000000
1.536859 20 13 10000.000000
1.706431 20 1 50000.000000
1.735305 20 24 80000.000000
2.230464 20 4 200000.000000
2.778181 20 6 80000.000000
2.981283 20 20 2000000.000000
3.099614 20 13 80000.000000
3.239048 20 13 50000.000000
3.814994 20 2 30000.000000
3.892530 20 11 10000.000000
4.479344 20 18 10000.000000
5.525778 20 16 80000.000000
5.579577 20 26 200000.000000
5.778676 20 26 80000.000000
5.914762 20 12 5000000.000000
6.012405 20 1 50000.000000
6.655505 20 21 80000.000000
6.663211 20 17 2000000.000000
6.708141 20 14 10000000.000000
7.178943 20 0 1000000.000000
7.375878 20 23 10000.000000
8.332659 20 21 80000.000000
8.712763 20 25 10000.000000
8.866853 20 21 50000.000000
9.000277 20 16 80000.000000
9.794875 20 9 20000.000000
10.110932 20 20 80000.000000
11.749212 20 11 5000000.000000
11.990664 20 14 10000.000000
12.262192 20 12 80000.000000
13.139576 20 23 200000.000000
13.859159 20 3 50000.000000
14.208313 20 5 10000.000000
14.338959 20 14 10000.000000
14.353327 20 19 80000.000000
14.354201 20 17 5000000.000000
14.995325 20 23 1000000.000000
15.326531 20 4 200000.000000
17.237210 20 24 2000000.000000
17.368915 20 11 10000000.000000
17.789645 20 8 80000.000000
18.405416 20 26 50000.000000
18.437700 20 13 5000000.000000
19.070161 20 26 80000.000000
20.237452 20 10 10000.000000
21.173666 20 4 30000000.000000
21.489666 20 14 5000000.000000
21.890692 20 2 5000000.000000
21.936440 20 16 10000000.000000
23.659387 20 0 5000000.000000
24.211098 20 19 1000000.000000
24.367909 20 14 80000.000000
24.663779 20 17 30000.000000
25.301664 20 25 1000000.000000
25.381974 20 5 80000.000000
26.213355 20 6 50000.000000
26.999193 20 8 2000000.000000
27.229433 20 3 10000.000000
27.584313 20 5 10000.000000
28.062202 20 26 30000.000000
28.200461 20 3 200000.000000
29.705235 20 10 10000.000000
0.387689 21 0 1000000.000000
0.470612 21 9 5000000.000000
0.510753 21 17 30000.000000
1.727768 21 4 10000.000000
2.736680 21 15 10000.000000
2.995499 21 24 5000000.000000
3.197514 21 14 80000.000000
3.656144 21 14 10000000.000000
4.271551 21 11 10000.000000
4.308887 21 10 80000.000000
4.748682 21 15 10000.000000
5.672130 21 19 80000.000000
6.821638 21 5 1000000.000000
6.863860 21 8 50000.000000
7.256295 21 0 10000.000000
8.094686 21 25 2000000.000000
8.456011 21 9 5000000.000000
8.546766 21 23 30000.000000
8.652059 21 21 30000000.000000
8.927120 21 9 200000.000000
9.037903 21 23 20000.000000
9.327209 21 19 80000.000000
10.272254 21 8 80000.000000
10.296007 21 7 10000.000000
10.397207 21 17 20000.000000
10.996229 21 5 50000.000000
11.142795 21 19 30000.000000
11.633799 21 26 5000000.000000
11.735143 21 21 10000.000000
11.828277 21 21 2000000.000000
11.918485 21 4 30000.000000
12.375415 21 11 50000.000000
13.711027 21 4 2000000.000000
14.185669 21 14 10000.000000
14.648457 21 12 50000.000000
16.970664 21 23 50000.000000
17.100605 21 8 1000000.000000
17.121227 21 23 2000000.000000
17.225926 21 1 2000000.000000
17.365576 21 2 200000.000000
17.644535 21 25 200000.000000
18.495404 21 23 30000.000000
19.250578 21 21 50000.000000
19.289978 21 4 30000.000000
19.304939 21 8 5000000.000000
21.034582 21 15 20000.000000
21.353865 21 23 10000.000000
21.709124 21 15 1000000.000000
22.064314 21 12 1000000.000000
22.211313 21 15 10000.000000
22.441589 21 20 10000.000000
23.049675 21 11 20000.000000
23.318030 21 22 2000000.000000
23.647159 21 23 5000000.000000
24.165574 21 16 50000.000000
24.274503 21 14 10000000.000000
24.485517 21 22 5000000.000000
24.513898 21 21 30000.000000
24.749006 21 11 50000.000000
24.999836 21 26 30000.000000
25.029263 21 3 1000000.000000
25.582020 21 9 5000000.000000
25.682631 21 3 80000.000000
26.946555 21 5 10000.000000
27.422115 21 21 2000000.000000
27.442881 21 17 30000.000000
27.917490 21 0 10000.000000
29.069644 21 5 200000.000000
29.252182 21 14 5000000.000000
29.270375 21 18 5000000.000000
29.346596 21 4 50000.000000
29.704852 21 22 1000000.000000
29.857680 21 9 10000.000000
0.783026 22 22 80000.000000
0.848625 22 21 10000.000000
0.970349 22 17 200000.000000
2.138813 22 25 1000000.000000
2.208944 22 1 80000.000000
4.465664 22 3 50000.000000
4.856260 22 21 2000000.000000
5.187604 22 22 5000000.000000
7.034037 22 1 10000.000000
7.536157 22 2 80000.000000
7.720428 22 6 30000.000000
8.223365 22 23 80000.000000
8.300087 22 24 10000.000000
8.629000 22 7 80000.000000
8.748163 22 5 10000.000000
9.369102 22 25 2000000.000000
9.644364 22 26 5000000.000000
9.933260 22 11 10000000.000000
9.992117 22 21 10000.000000
10.081407 22 21 30000.000000
10.943232 22 15 30000.000000
11.566133 22 8 30000.000000
12.763477 22 0 5000000.000000
13.174207 22 9 10000.000000
14.722097 22 14 10000.000000
16.046567 22 23 80000.000000
16.074966 22 5 2000000.000000
16.155382 22 6 10000.000000
16.312579 22 24 50000.000000
17.242543 22 0 1000000.000000
17.499779 22 18 200000.000000
17.722733 22 19 1000000.000000
19.118623 22 23 5000000.000000
20.178548 22 12 2000000.000000
20.327244 22 17 2000000.000000
21.443628 22 2 10000.000000
21.900914 22 9 2000000.000000
22.469568 22 3 10000000.000000
23.163643 22 2 10000.000000
24.351785 22 26 10000.000000
25.336637 22 13 80000.000000
26.019307 22 14 20000.000000
26.797537 22 19 200000.000000
27.868847 22 26 10000.000000
28.146151 22 22 5000000.000000
28.151335 22 8 30000000.000000
28.435552 22 3 5000000.000000
28.443949 22 9 50000.000000
28.647299 22 9 5000000.000000
28.838589 22 16 10000.000000
28.878981 22 6 2000000.000000
29.040731 22 10 30000000.000000
29.044589 22 2 10000.000000
29.467986 22 2 20000.000000
29.552662 22 5 80000.000000
0.222241 23 26 50000.000000
1.827228 23 1 30000.000000
1.960621 23 15 1000000.000000
2.619728 23 23 30000.000000
3.099678 23 14 30000.000000
3.225518 23 19 1000000.000000
3.466972 23 11 80000.000000
3.565502 23 13 80000.000000
3.929047 23 21 1000000.000000
4.127791 23 20 10000000.000000
4.201983 23 0 5000000.000000
4.377431 23 3 80000.000000
5.110652 23 19 1000000.000000
5.784440 23 3 50000.000000
5.885847 23 15 10000.000000
7.004032 23 16 10000.000000
7.208067 23 15 10000.000000
8.011447 23 18 80000.000000
9.271397 23 15 30000.000000
9.607824 23 24 200000.000000
10.139463 23 22 5000000.000000
10.940054 23 25 5000000.000000
11.875034 23 1 10000.000000
12.539557 23 16 2000000.000000
13.307248 23 1 30000.000000
13.526351 23 6 1000000.000000
13.554839 23 13 10000000.000000
14.492975 23 17 80000.000000
15.078149 23 20 20000.000000
15.201439 23 20 10000000.000000
16.077778 23 6 1000000.000000
16.539340 23 1 5000000.000000
16.602583 23 15 80000.000000
16.960603 23 4 200000.000000
17.122708 23 23 80000.000000
17.299701 23 5 30000.000000
17.351933 23 22 5000000.000000
17.564079 23 14 2000000.000000
19.179617 23 9 10000.000000
19.204558 23 19 5000000.000000
19.246867 23 17 2000000.000000
19.695262 23 1 5000000.000000
19.999631 23 13 10000.000000
20.683825 23 13 2000000.000000
21.276427 23 17 2000000.000000
21.546735 23 8 10000.000000
21.558400 23 4 5000000.000000
21.767875 23 23 30000.000000
22.028856 23 18 2000000.000000
23.223579 23 22 10000000.000000
23.290003 23 17 80000.000000
23.448108 23 22 10000.000000
23.825608 23 9 80000.000000
24.055612 23 9 50000.000000
24.349767 23 17 5000000.000000
24.529488 23 18 30000.000000
24.825636 23 21 30000.000000
25.305618 23 26 50000.000000
26.668273 23 5 10000.000000
28.991469 23 18 10000.000000
29.322069 23 23 50000.000000
29.506811 23 7 30000.000000
29.627372 23 25 10000.000000
0.002598 24 8 80000.000000
0.342681 24 20 5000000.000000
0.519681 24 4 1000000.000000
1.140553 24 8 2000000.000000
1.362185 24 13 2000000.000000
2.168913 24 13 1000000.000000
2.727060 24 15 1000000.000000
3.617401 24 18 5000000.000000
4.279048 24 26 30000.000000
4.320560 24 4 10000.000000
4.845328 24 8 10000000.000000
4.956205 24 15 30000.000000
5.894695 24 20 10000000.000000
7.605152 24 3 2000000.000000
7.974829 24 0 5000000.000000
8.720140 24 9 2000000.000000
9.230490 24 8 5000000.000000
9.685472 24 16 10000000.000000
9.954219 24 3 10000.000000
10.558847 24 17 20000.000000
10.869507 24 5 50000.000000
12.168285 24 16 10000.000000
12.206285 24 23 50000.000000
12.459036 24 15 10000000.000000
12.500357 24 8 80000.000000
12.694186 24 10 2000000.000000
13.405229 24 6 1000000.000000
13.929928 24 4 80000.000000
14.691056 24 15 1000000.000000
15.317136 24 5 50000.000000
16.401434 24 26 30000.000000
16.519438 24 2 80000.000000
16.733394 24 17 30000.000000
16.998941 24 8 10000.000000
17.012167 24 5 80000.000000
17.424458 24 25 2000000.000000
17.433125 24 18 200000.000000
17.558842 24 19 80000.000000
17.861698 24 0 10000.000000
17.899285 24 25 1000000.000000
18.163546 24 5 30000000.000000
19.022278 24 25 20000.000000
19.203701 24 12 5000000.000000
19.225457 24 0 2000000.000000
19.337502 24 16 10000.000000
19.738915 24 20 80000.000000
20.304030 24 20 1000000.000000
20.740390 24 0 10000000.000000
20.861380 24 3 2000000.000000
20.915064 24 20 50000.000000
21.559753 24 12 20000.000000
21.789443 24 8 1000000.000000
21.929772 24 11 5000000.000000
22.109955 24 6 2000000.000000
23.055771 24 24 200000.000000
24.254105 24 10 1000000.000000
24.966672 24 2 30000.000000
26.262113 24 4 30000.000000
26.840464 24 16 200000.000000
26.960271 24 3 10000.000000
27.133721 24 26 10000.000000
27.513365 24 25 80000.000000
27.735731 24 8 10000000.000000
27.862053 24 18 50000.000000
28.693908 24 23 5000000.000000
29.078800 24 24 80000.000000
29.234569 24 24 2000000.000000
0.739257 25 0 2000000.000000
1.039431 25 22 30000.000000
1.110003 25 25 1000000.000000
1.702767 25 15 10000000.000000
2.180817 25 11 10000.000000
3.643209 25 6 30000.000000
4.342677 25 20 2000000.000000
5.404221 25 9 5000000.000000
5.619393 25 22 200000.000000
5.690223 25 9 50000.000000
5.748013 25 0 2000000.000000
6.116945 25 24 30000000.000000
6.512975 25 6 80000.000000
6.693228 25 24 2000000.000000
7.129805 25 6 10000000.000000
7.566733 25 9 200000.000000
7.669585 25 7 2000000.000000
8.462565 25 17 2000000.000000
8.526923 25 12 2000000.000000
9.562780 25 3 2000000.000000
10.134712 25 1 5000000.000000
10.304067 25 12 10000.000000
10.384738 25 10 50000.000000
10.473439 25 7 80000.000000
10.724614 25 2 80000.000000
13.265881 25 3 80000.000000
13.356209 25 22 1000000.000000
13.548996 25 15 50000.000000
13.690602 25 9 5000000.000000
13.845587 25 20 10000.000000
14.854531 25 22 20000.000000
15.234957 25 10 200000.000000
15.624283 25 11 10000000.000000
16.173062 25 24 30000.000000
17.064113 25 11 200000.000000
17.152759 25 10 200000.000000
17.365104 25 26 200000.000000
17.858937 25 22 1000000.000000
18.058031 25 6 2000000.000000
18.939752 25 19 5000000.000000
20.380360 25 23 10000.000000
20.486457 25 5 80000.000000
20.487130 25 23 50000.000000
20.925408 25 24 30000.000000
21.087564 25 10 5000000.000000
21.142282 25 10 200000.000000
21.388045 25 25 10000000.000000
21.512114 25 12 10000000.000000
21.905152 25 10 80000.000000
22.004451 25 23 20000.000000
22.593266 25 0 30000.000000
22.650567 25 22 1000000.000000
23.233916 25 17 30000000.000000
23.246235 25 3 5000000.000000
23.771021 25 9 10000000.000000
23.936866 25 10 5000000.000000
23.981647 25 7 1000000.000000
24.119934 25 13 1000000.000000
24.406594 25 13 200000.000000
24.429030 25 15 30000.000000
25.220335 25 7 50000.000000
25.595307 25 6 80000.000000
25.719056 25 8 80000.000000
26.109767 25 4 1000000.000000
26.157276 25 17 1000000.000000
26.305307 25 2 1000000.000000
26.335777 25 6 10000.000000
26.628189 25 22 5000000.000000
26.739376 25 21 10000.000000
26.919815 25 25 50000.000000
26.976656 25 9 50000.000000
27.477830 25 14 10000.000000
28.202975 25 12 10000.000000
28.237574 25 26 80000.000000
28.341562 25 17 30000.000000
29.432478 25 26 10000.000000
29.680817 25 1 1000000.000000
0.000047 26 2 10000000.000000
0.085661 26 13 80000.000000
0.104850 26 18 30000.000000
0.196445 26 23 80000.000000
0.832543 26 10 80000.000000
1.256580 26 23 5000000.000000
1.877781 26 5 1000000.000000
2.122187 26 8 10000.000000
2.747201 26 26 10000.000000
2.861340 26 12 2000000.000000
3.120029 26 23 5000000.000000
4.006787 26 3 10000000.000000
4.303653 26 1 80000.000000
4.577115 26 25 30000.000000
4.828436 26 17 10000000.000000
5.304715 26 22 1000000.000000
5.435721 26 10 1000000.000000
5.615285 26 16 80000.000000
5.993782 26 0 1000000.000000
7.665779 26 26 80000.000000
8.527509 26 4 10000.000000
9.111442 26 20 80000.000000
9.335642 26 18 30000.000000
9.462098 26 2 30000.000000
10.451203 26 8 10000.000000
10.892605 26 20 10000000.000000
12.801360 26 16 50000.000000
12.866339 26 16 5000000.000000
13.074287 26 6 30000.000000
13.371364 26 23 200000.000000
13.771057 26 3 80000.000000
14.286780 26 21 200000.000000
14.570480 26 15 5000000.000000
14.590095 26 19 200000.000000
16.751175 26 1 200000.000000
17.535851 26 15 20000.000000
17.997164 26 9 30000.000000
18.774517 26 4 50000.000000
18.840777 26 26 50000.000000
19.342338 26 23 50000.000000
19.551451 26 25 1000000.000000
20.584742 26 16 30000.000000
21.434597 26 1 2000000.000000
21.762995 26 10 200000.000000
21.818409 26 25 10000.000000
22.203242 26 9 2000000.000000
22.233294 26 2 50000.000000
22.289020 26 9 2000000.000000
22.483820 26 19 80000.000000
22.636570 26 21 1000000.000000
22.767853 26 25 50000.000000
23.732860 26 14 1000000.000000
24.369258 26 7 10000.000000
25.207583 26 13 1000000.000000
25.268960 26 2 1000000.000000
25.480121 26 18 1000000.000000
27.247127 26 14 5000000.000000
27.492655 26 4 50000.000000
27.797900 26 18 10000.000000
27.810862 26 12 30000.000000
27.817798 26 9 200000.000000
28.960915 26 11 30000.000000
29.031884 26 2 50000.000000
29.951064 26 17 20000.000000
