1.094016 0 17 200000.000000
1.343053 0 4 10000.000000
1.745319 0 25 50000.000000
1.753077 0 23 200000.000000
2.752826 0 3 50000.000000
3.257656 0 24 80000.000000
3.791428 0 2 50000.000000
3.834767 0 5 80000.000000
4.140508 0 15 10000.000000
4.163059 0 0 10000.000000
4.524525 0 22 200000.000000
4.721346 0 17 10000000.000000
4.985999 0 4 2000000.000000
5.479422 0 7 2000000.000000
5.533766 0 21 10000.000000
6.098277 0 25 30000.000000
6.361473 0 23 5000000.000000
6.366050 0 19 200000.000000
6.557309 0 20 80000.000000
6.632041 0 17 1000000.000000
6.718849 0 4 10000.000000
7.075087 0 2 80000.000000
7.434085 0 3 10000.000000
8.289915 0 15 1000000.000000
8.810741 0 3 1000000.000000
9.041239 0 19 200000.000000
9.656867 0 5 200000.000000
9.661895 0 25 80000.000000
10.199413 0 7 2000000.000000
10.349382 0 0 20000.000000
10.359496 0 10 30000.000000
10.622176 0 18 1000000.000000
10.630506 0 6 50000.000000
11.272579 0 21 50000.000000
11.849430 0 15 50000.000000
12.078552 0 11 50000.000000
12.297379 0 16 2000000.000000
12.380359 0 3 5000000.000000
12.408526 0 26 30000.000000
12.821225 0 26 30000000.000000
13.382334 0 2 2000000.000000
13.395384 0 7 50000.000000
13.589812 0 16 10000.000000
13.706936 0 6 10000.000000
13.830571 0 16 20000.000000
13.860736 0 3 50000.000000
14.039586 0 20 50000.000000
14.475864 0 26 30000.000000
15.382898 0 22 20000.000000
15.385755 0 15 20000.000000
16.031279 0 21 20000.000000
16.939388 0 8 10000.000000
18.154881 0 3 5000000.000000
19.042521 0 2 2000000.000000
20.427508 0 8 10000000.000000
20.982060 0 10 1000000.000000
21.924089 0 8 50000.000000
22.384461 0 18 10000.000000
22.462063 0 1 10000000.000000
22.847490 0 26 5000000.000000
23.320565 0 8 10000.000000
23.977011 0 21 20000.000000
24.070978 0 13 2000000.000000
24.438616 0 6 20000.000000
24.568863 0 2 10000.000000
24.626189 0 24 80000.000000
24.684839 0 11 80000.000000
24.737402 0 7 1000000.000000
24.922247 0 21 5000000.000000
25.167119 0 21 80000.000000
25.202276 0 16 50000.000000
25.771037 0 2 200000.000000
26.024011 0 11 30000.000000
26.080778 0 0 1000000.000000
27.727372 0 22 80000.000000
28.509828 0 7 2000000.000000
29.952609 0 18 50000.000000
0.275264 1 21 80000.000000
0.415814 1 26 5000000.000000
0.728663 1 7 30000000.000000
2.289519 1 0 200000.000000
2.766898 1 15 10000.000000
3.220008 1 14 10000.000000
4.041670 1 3 5000000.000000
4.364045 1 26 50000.000000
5.640729 1 0 2000000.000000
5.843421 1 19 80000.000000
5.929230 1 3 80000.000000
7.062268 1 12 10000.000000
7.065696 1 21 50000.000000
7.547127 1 3 20000.000000
7.791447 1 0 80000.000000
7.898545 1 8 1000000.000000
7.906444 1 19 200000.000000
8.448356 1 0 1000000.000000
8.992212 1 14 30000000.000000
9.184351 1 19 10000.000000
10.779628 1 1 30000.000000
11.849863 1 3 80000.000000
12.165382 1 15 10000.000000
12.415301 1 7 80000.000000
12.499603 1 18 1000000.000000
12.733880 1 23 2000000.000000
12.764465 1 19 1000000.000000
13.397911 1 25 1000000.000000
13.739185 1 22 2000000.000000
15.456241 1 19 2000000.000000
15.606863 1 0 10000000.000000
16.283645 1 11 30000.000000
16.371021 1 13 80000.000000
16.614279 1 8 1000000.000000
16.734020 1 0 1000000.000000
17.521884 1 19 20000.000000
17.769680 1 7 10000000.000000
19.227509 1 11 200000.000000
20.021301 1 24 10000.000000
20.299899 1 15 80000.000000
20.628534 1 7 10000000.000000
21.178572 1 26 5000000.000000
21.665294 1 26 200000.000000
21.800445 1 17 1000000.000000
22.150400 1 3 10000000.000000
22.245078 1 5 20000.000000
22.386427 1 15 50000.000000
22.538800 1 1 10000000.000000
22.641917 1 16 10000000.000000
22.779190 1 6 10000000.000000
23.006107 1 25 50000.000000
23.180868 1 12 10000.000000
23.466227 1 20 50000.000000
24.160855 1 5 5000000.000000
24.936437 1 4 30000.000000
25.074689 1 12 5000000.000000
25.337074 1 11 10000.000000
25.838287 1 15 2000000.000000
25.953319 1 14 20000.000000
26.184841 1 20 200000.000000
26.735348 1 19 80000.000000
27.440925 1 26 80000.000000
27.685478 1 4 2000000.000000
28.212299 1 13 50000.000000
28.363697 1 14 10000.000000
29.175965 1 15 50000.000000
29.218438 1 18 10000000.000000
29.236613 1 7 20000.000000
29.304174 1 13 2000000.000000
0.068169 2 8 80000.000000
0.286530 2 0 50000.000000
0.423252 2 6 1000000.000000
0.427634 2 20 5000000.000000
0.531567 2 10 1000000.000000
1.077357 2 15 10000000.000000
1.104197 2 3 30000.000000
1.147061 2 18 10000000.000000
1.476216 2 4 2000000.000000
1.667992 2 7 20000.000000
1.837963 2 20 10000000.000000
2.393596 2 11 10000000.000000
2.473992 2 22 10000.000000
2.634552 2 15 50000.000000
2.956766 2 19 5000000.000000
3.484734 2 20 2000000.000000
4.134217 2 24 10000.000000
4.223098 2 25 80000.000000
4.347465 2 21 200000.000000
6.343313 2 14 2000000.000000
7.041271 2 4 80000.000000
7.948101 2 24 50000.000000
8.900057 2 26 20000.000000
8.988482 2 25 80000.000000
9.177681 2 4 10000.000000
9.494046 2 11 10000.000000
10.440356 2 26 5000000.000000
10.731798 2 0 10000000.000000
11.150228 2 2 10000.000000
11.549892 2 13 1000000.000000
11.624919 2 6 10000.000000
11.856997 2 16 1000000.000000
12.238648 2 16 200000.000000
12.273770 2 11 10000.000000
12.837530 2 23 200000.000000
13.944374 2 19 50000.000000
14.269405 2 17 10000.000000
14.529791 2 24 5000000.000000
15.148562 2 9 10000.000000
15.395987 2 9 30000.000000
15.407025 2 17 1000000.000000
15.497781 2 16 50000.000000
15.703915 2 20 10000.000000
16.834905 2 16 10000000.000000
16.967994 2 21 10000.000000
17.084764 2 12 30000000.000000
17.196489 2 14 10000.000000
18.076292 2 8 5000000.000000
18.112723 2 16 30000.000000
18.485478 2 18 5000000.000000
18.522256 2 7 2000000.000000
19.325821 2 2 80000.000000
19.362530 2 16 30000000.000000
19.692959 2 18 1000000.000000
20.058067 2 10 2000000.000000
20.123301 2 6 5000000.000000
20.441619 2 10 80000.000000
20.957924 2 22 80000.000000
21.402849 2 1 80000.000000
21.542988 2 5 1000000.000000
21.637759 2 19 200000.000000
21.804283 2 0 2000000.000000
22.376528 2 18 2000000.000000
22.424877 2 15 10000000.000000
22.450214 2 5 10000.000000
22.499987 2 9 5000000.000000
22.817798 2 7 10000.000000
23.116210 2 25 1000000.000000
23.136878 2 15 2000000.000000
23.858797 2 0 1000000.000000
23.888077 2 23 30000.000000
23.986642 2 4 80000.000000
24.780065 2 7 20000.000000
24.828250 2 15 1000000.000000
25.379324 2 16 5000000.000000
25.919855 2 8 30000.000000
26.175144 2 26 80000.000000
26.570383 2 4 20000.000000
26.763331 2 21 1000000.000000
27.428154 2 4 2000000.000000
28.434336 2 16 10000000.000000
28.459915 2 1 80000.000000
28.840960 2 3 10000.000000
29.824389 2 8 10000.000000
0.107463 3 22 5000000.000000
0.526107 3 6 5000000.000000
0.769676 3 21 2000000.000000
1.049450 3 13 50000.000000
1.463112 3 15 80000.000000
1.732326 3 15 10000.000000
1.736829 3 11 5000000.000000
1.873468 3 18 5000000.000000
2.058706 3 10 50000.000000
2.179296 3 18 10000.000000
2.514300 3 4 10000.000000
2.669970 3 20 1000000.000000
2.701952 3 24 10000000.000000
2.711533 3 16 1000000.000000
3.119898 3 0 2000000.000000
3.178992 3 8 50000.000000
3.383062 3 12 10000.000000
4.348920 3 2 30000.000000
4.353802 3 19 1000000.000000
4.627810 3 12 5000000.000000
5.095040 3 6 1000000.000000
5.936815 3 17 80000.000000
7.804610 3 13 5000000.000000
7.873245 3 18 80000.000000
8.003565 3 20 30000.000000
8.293385 3 5 20000.000000
8.686003 3 20 50000.000000
8.779377 3 7 80000.000000
8.886032 3 10 10000.000000
9.016556 3 23 50000.000000
9.696112 3 26 50000.000000
9.863249 3 21 50000.000000
10.258712 3 12 10000000.000000
10.564831 3 6 30000.000000
10.667506 3 11 30000.000000
10.693410 3 2 20000.000000
10.755686 3 8 10000.000000
11.056572 3 25 80000.000000
11.314087 3 17 5000000.000000
12.496997 3 22 1000000.000000
12.908691 3 14 80000.000000
12.971246 3 12 10000.000000
13.127770 3 16 2000000.000000
13.187745 3 18 30000.000000
13.312337 3 5 2000000.000000
13.458320 3 25 80000.000000
13.658787 3 23 10000000.000000
13.763807 3 5 1000000.000000
14.169856 3 4 30000000.000000
14.225945 3 3 30000000.000000
15.115101 3 19 10000000.000000
15.248238 3 11 10000.000000
15.287831 3 13 5000000.000000
16.001175 3 11 80000.000000
16.004230 3 14 10000.000000
16.121374 3 18 5000000.000000
16.122761 3 24 80000.000000
16.302272 3 13 200000.000000
16.359680 3 12 80000.000000
16.377541 3 17 30000000.000000
16.427980 3 24 200000.000000
16.554697 3 11 10000.000000
16.652092 3 23 50000.000000
16.849415 3 8 5000000.000000
16.880798 3 16 80000.000000
17.150518 3 9 1000000.000000
17.814495 3 5 10000.000000
17.881841 3 15 80000.000000
17.894711 3 19 80000.000000
17.943996 3 11 200000.000000
18.102347 3 11 200000.000000
18.104115 3 24 2000000.000000
18.316463 3 22 5000000.000000
18.319459 3 26 30000.000000
18.422628 3 21 2000000.000000
18.756674 3 3 1000000.000000
19.221760 3 4 30000.000000
19.978749 3 17 50000.000000
19.983302 3 8 5000000.000000
20.059697 3 21 80000.000000
20.339310 3 25 10000.000000
20.795766 3 12 80000.000000
21.122977 3 25 10000000.000000
21.681782 3 0 10000.000000
22.404081 3 4 80000.000000
22.576977 3 13 10000.000000
22.665834 3 18 200000.000000
23.545601 3 13 10000.000000
24.740342 3 0 30000.000000
25.062883 3 0 2000000.000000
25.338139 3 2 10000.000000
25.674950 3 1 10000000.000000
26.080417 3 23 30000.000000
26.241885 3 1 80000.000000
26.694891 3 6 10000.000000
26.853023 3 7 10000.000000
27.252310 3 16 1000000.000000
27.643030 3 13 2000000.000000
28.466452 3 24 10000.000000
28.652576 3 9 10000.000000
28.769600 3 13 5000000.000000
29.357361 3 7 30000.000000
29.376841 3 12 30000000.000000
29.383891 3 24 5000000.000000
29.656468 3 22 1000000.000000
0.682302 4 22 5000000.000000
0.746452 4 5 10000.000000
0.885639 4 26 200000.000000
0.941601 4 4 200000.000000
1.265700 4 22 10000.000000
1.468066 4 1 80000.000000
1.564823 4 21 30000.000000
1.917575 4 0 20000.000000
2.215769 4 25 30000.000000
2.373573 4 26 2000000.000000
2.546996 4 4 80000.000000
2.596815 4 25 80000.000000
2.917941 4 22 1000000.000000
2.927433 4 21 10000000.000000
3.668934 4 11 20000.000000
3.763967 4 5 1000000.000000
4.716182 4 8 50000.000000
5.579710 4 7 50000.000000
5.656154 4 1 2000000.000000
6.243152 4 13 10000000.000000
6.486385 4 1 10000.000000
7.018174 4 4 80000.000000
7.204310 4 26 10000.000000
7.459596 4 7 5000000.000000
8.024300 4 6 10000000.000000
8.419810 4 10 10000.000000
8.514299 4 24 5000000.000000
8.520018 4 11 10000000.000000
9.188803 4 7 10000.000000
9.238591 4 1 200000.000000
10.294421 4 0 200000.000000
10.361494 4 2 30000.000000
10.822471 4 6 80000.000000
10.928620 4 21 30000000.000000
11.019091 4 11 10000.000000
11.323745 4 20 80000.000000
11.910514 4 15 5000000.000000
12.178928 4 12 10000.000000
12.573534 4 6 10000.000000
12.595176 4 17 30000.000000
12.852763 4 4 20000.000000
13.034929 4 13 50000.000000
13.660799 4 25 80000.000000
14.865342 4 9 1000000.000000
15.266061 4 8 30000.000000
15.804275 4 2 30000.000000
16.196096 4 6 10000000.000000
16.558959 4 10 10000000.000000
16.598566 4 3 30000.000000
17.258828 4 9 30000.000000
17.266371 4 5 5000000.000000
17.741553 4 4 1000000.000000
17.745675 4 5 30000.000000
18.182613 4 13 2000000.000000
18.349277 4 14 50000.000000
18.449186 4 14 30000.000000
20.353854 4 20 10000000.000000
20.572327 4 8 10000.000000
20.924339 4 2 10000.000000
21.384179 4 17 80000.000000
21.586229 4 17 80000.000000
21.852745 4 23 30000.000000
22.567699 4 13 5000000.000000
22.661413 4 24 50000.000000
23.085947 4 0 1000000.000000
23.116344 4 25 10000.000000
23.243268 4 15 50000.000000
23.367182 4 16 50000.000000
23.454806 4 24 200000.000000
23.772847 4 21 80000.000000
23.880391 4 22 1000000.000000
24.077815 4 18 80000.000000
24.191361 4 13 5000000.000000
24.241165 4 0 1000000.000000
24.283821 4 5 50000.000000
24.448397 4 4 50000.000000
24.618414 4 26 50000.000000
24.661101 4 7 2000000.000000
24.770051 4 24 50000.000000
26.071437 4 6 5000000.000000
26.173752 4 17 2000000.000000
26.180391 4 8 1000000.000000
26.433099 4 12 1000000.000000
26.614735 4 14 50000.000000
27.109893 4 16 2000000.000000
27.326508 4 9 20000.000000
27.583237 4 22 30000000.000000
27.808889 4 15 1000000.000000
28.304903 4 4 2000000.000000
28.392378 4 3 5000000.000000
28.553965 4 21 5000000.000000
28.807402 4 21 30000000.000000
29.044818 4 13 2000000.000000
1.476215 5 5 30000000.000000
1.698454 5 22 10000000.000000
1.786127 5 13 30000.000000
1.796125 5 21 30000.000000
1.859971 5 6 30000000.000000
2.449560 5 8 80000.000000
2.841201 5 4 30000.000000
3.426441 5 8 10000.000000
3.968965 5 24 20000.000000
4.041293 5 18 200000.000000
4.292296 5 6 80000.000000
4.494212 5 16 10000.000000
4.789440 5 21 50000.000000
5.468014 5 22 200000.000000
5.646762 5 20 10000.000000
5.971479 5 16 30000.000000
6.140223 5 8 80000.000000
6.152530 5 15 80000.000000
6.755057 5 13 80000.000000
6.894996 5 4 1000000.000000
6.972133 5 5 5000000.000000
8.215597 5 19 5000000.000000
8.553927 5 25 80000.000000
8.962538 5 12 10000.000000
9.295716 5 8 80000.000000
9.864649 5 23 50000.000000
10.166831 5 15 80000.000000
10.380964 5 2 5000000.000000
10.445037 5 1 50000.000000
11.216494 5 13 30000.000000
11.342065 5 22 30000.000000
12.180138 5 8 1000000.000000
12.240449 5 4 1000000.000000
12.547737 5 2 200000.000000
13.185085 5 23 80000.000000
13.342052 5 26 1000000.000000
13.792513 5 24 10000000.000000
14.023331 5 0 50000.000000
14.117292 5 23 80000.000000
14.138004 5 7 80000.000000
14.150250 5 22 10000.000000
14.642034 5 25 80000.000000
15.216947 5 21 30000.000000
15.586398 5 9 80000.000000
15.864218 5 14 1000000.000000
16.589332 5 16 10000.000000
18.250532 5 14 30000.000000
18.706111 5 1 2000000.000000
18.943187 5 10 80000.000000
19.264317 5 25 10000.000000
19.500083 5 14 200000.000000
19.738262 5 24 10000.000000
19.770942 5 21 5000000.000000
20.702297 5 23 80000.000000
20.722925 5 15 200000.000000
21.023199 5 0 30000.000000
21.662354 5 11 2000000.000000
21.723503 5 10 30000.000000
21.880898 5 15 80000.000000
21.940174 5 0 1000000.000000
22.617950 5 19 80000.000000
22.711741 5 11 1000000.000000
22.744264 5 3 10000.000000
23.916195 5 3 1000000.000000
24.040459 5 20 30000.000000
24.990256 5 9 5000000.000000
25.119838 5 20 10000.000000
25.364815 5 24 50000.000000
25.783248 5 8 10000.000000
26.068979 5 9 2000000.000000
26.797544 5 1 1000000.000000
26.846937 5 23 5000000.000000
26.995046 5 24 10000.000000
27.333519 5 18 80000.000000
27.646116 5 3 50000.000000
27.807567 5 3 50000.000000
27.908206 5 13 10000000.000000
28.059762 5 8 80000.000000
28.712055 5 4 10000000.000000
29.549831 5 18 10000.000000
29.732128 5 18 5000000.000000
29.752300 5 10 80000.000000
0.036407 6 11 80000.000000
0.111755 6 14 10000000.000000
0.197519 6 16 1000000.000000
0.405575 6 22 5000000.000000
0.943623 6 22 20000.000000
0.955152 6 18 30000.000000
1.185181 6 3 50000.000000
1.340317 6 10 80000.000000
1.402534 6 6 5000000.000000
1.497221 6 7 10000.000000
2.038606 6 17 50000.000000
2.068748 6 24 50000.000000
2.406206 6 5 1000000.000000
3.420265 6 24 10000.000000
4.273233 6 5 2000000.000000
4.601069 6 23 200000.000000
5.094401 6 19 5000000.000000
5.226681 6 14 50000.000000
5.586251 6 11 2000000.000000
5.682061 6 3 80000.000000
5.934284 6 17 80000.000000
5.994077 6 5 2000000.000000
6.458856 6 9 5000000.000000
6.465841 6 4 80000.000000
6.674469 6 18 1000000.000000
6.700605 6 23 80000.000000
6.922441 6 5 200000.000000
7.134861 6 9 10000000.000000
7.285035 6 25 20000.000000
7.873330 6 11 2000000.000000
8.123444 6 19 30000000.000000
8.150550 6 8 30000.000000
8.834267 6 11 10000000.000000
9.455994 6 9 80000.000000
9.507938 6 21 5000000.000000
10.133625 6 8 20000.000000
10.238586 6 7 10000.000000
10.445382 6 9 10000.000000
10.774850 6 17 2000000.000000
10.839807 6 10 1000000.000000
11.181036 6 4 20000.000000
11.361857 6 7 80000.000000
11.422729 6 16 80000.000000
11.440305 6 25 30000000.000000
11.684351 6 0 10000000.000000
11.768991 6 6 2000000.000000
11.837735 6 11 30000.000000
11.953206 6 4 50000.000000
12.323204 6 0 10000.000000
12.533095 6 23 10000000.000000
12.683031 6 25 2000000.000000
12.899601 6 22 2000000.000000
13.136691 6 17 10000.000000
13.375391 6 1 2000000.000000
13.533720 6 7 10000000.000000
13.555897 6 22 50000.000000
13.699466 6 23 1000000.000000
13.813787 6 10 5000000.000000
14.673742 6 23 5000000.000000
15.038885 6 16 5000000.000000
15.322270 6 11 30000.000000
15.389007 6 5 30000.000000
15.992496 6 16 10000.000000
16.178005 6 23 1000000.000000
16.644444 6 0 10000000.000000
16.699851 6 26 20000.000000
17.678179 6 24 2000000.000000
17.803700 6 25 10000.000000
19.030280 6 15 2000000.000000
19.435448 6 0 5000000.000000
19.603632 6 16 30000.000000
19.629321 6 23 30000.000000
19.809330 6 2 20000.000000
20.056479 6 14 80000.000000
20.288481 6 19 10000.000000
20.326640 6 0 10000000.000000
21.002422 6 5 200000.000000
21.057476 6 4 2000000.000000
21.282508 6 19 5000000.000000
21.433871 6 10 5000000.000000
21.533216 6 19 80000.000000
22.973448 6 22 80000.000000
23.042818 6 20 200000.000000
23.167588 6 9 10000.000000
23.180173 6 9 30000.000000
23.324330 6 19 10000.000000
23.494273 6 10 1000000.000000
23.662933 6 0 5000000.000000
23.708384 6 26 200000.000000
23.751233 6 16 80000.000000
23.826461 6 18 50000.000000
23.952528 6 0 10000000.000000
24.509892 6 26 10000.000000
24.780301 6 6 10000.000000
25.333667 6 20 80000.000000
25.786658 6 15 30000.000000
25.854521 6 4 200000.000000
26.244122 6 7 20000.000000
26.427448 6 20 30000.000000
27.239051 6 21 10000.000000
28.510985 6 14 1000000.000000
28.548867 6 6 10000.000000
28.804038 6 7 80000.000000
29.308955 6 26 1000000.000000
29.445342 6 10 5000000.000000
0.030600 7 3 10000.000000
0.107655 7 9 10000.000000
0.540866 7 3 1000000.000000
1.767915 7 12 20000.000000
2.175151 7 4 200000.000000
2.258928 7 15 20000.000000
2.590083 7 22 20000.000000
2.807152 7 7 10000.000000
3.333253 7 5 80000.000000
3.678231 7 7 20000.000000
4.455220 7 25 50000.000000
4.514398 7 17 80000.000000
5.090121 7 8 30000.000000
5.601912 7 0 2000000.000000
5.697940 7 20 10000000.000000
5.858572 7 0 200000.000000
6.170091 7 0 50000.000000
6.778706 7 20 10000.000000
7.008472 7 6 2000000.000000
7.112712 7 2 10000.000000
7.478110 7 15 80000.000000
8.846706 7 7 1000000.000000
8.935436 7 25 200000.000000
9.280931 7 2 10000.000000
9.899244 7 21 200000.000000
9.969043 7 18 80000.000000
10.263698 7 20 1000000.000000
10.528467 7 12 30000.000000
10.692468 7 22 10000.000000
10.863589 7 25 50000.000000
11.076967 7 11 1000000.000000
11.294135 7 5 10000.000000
11.589375 7 24 1000000.000000
11.671492 7 20 10000000.000000
12.326070 7 19 200000.000000
13.395638 7 19 30000.000000
13.590284 7 12 5000000.000000
14.510033 7 22 5000000.000000
14.511111 7 20 30000.000000
15.163910 7 2 30000000.000000
15.646375 7 23 2000000.000000
15.927665 7 11 1000000.000000
16.172779 7 7 10000.000000
16.610689 7 7 5000000.000000
17.185518 7 14 10000000.000000
18.013242 7 11 1000000.000000
18.223478 7 21 20000.000000
18.863934 7 4 10000.000000
19.205694 7 3 10000.000000
19.318675 7 0 30000.000000
19.622735 7 20 200000.000000
19.626290 7 7 20000.000000
19.672728 7 9 80000.000000
20.316193 7 21 50000.000000
20.981919 7 16 80000.000000
21.116318 7 21 10000.000000
21.298161 7 11 50000.000000
21.399052 7 22 1000000.000000
21.458786 7 6 5000000.000000
21.578357 7 14 10000.000000
21.581474 7 14 2000000.000000
21.596288 7 13 50000.000000
21.765653 7 3 80000.000000
23.236501 7 15 50000.000000
23.439084 7 4 80000.000000
24.048224 7 6 1000000.000000
24.821897 7 25 10000.000000
24.854698 7 9 200000.000000
25.067783 7 5 5000000.000000
25.224620 7 14 80000.000000
25.502104 7 21 5000000.000000
25.926499 7 0 200000.000000
26.187993 7 18 80000.000000
26.261510 7 2 20000.000000
26.412590 7 14 2000000.000000
26.782508 7 12 10000.000000
26.917190 7 15 10000000.000000
27.252589 7 25 80000.000000
28.091476 7 4 80000.000000
28.146517 7 3 10000.000000
28.356180 7 8 50000.000000
28.664192 7 7 1000000.000000
28.845223 7 12 80000.000000
29.419778 7 18 1000000.000000
29.646620 7 24 20000.000000
0.124854 8 16 20000.000000
0.398500 8 18 30000.000000
0.585270 8 14 30000.000000
0.601961 8 1 10000000.000000
0.689633 8 11 10000.000000
1.732663 8 6 20000.000000
1.751465 8 6 1000000.000000
2.045565 8 10 1000000.000000
2.132736 8 19 1000000.000000
2.784094 8 12 5000000.000000
2.994275 8 24 2000000.000000
3.178514 8 21 2000000.000000
3.525987 8 4 1000000.000000
3.665187 8 25 1000000.000000
3.929886 8 13 20000.000000
4.251900 8 16 10000000.000000
4.385398 8 19 5000000.000000
4.890051 8 24 10000.000000
5.014862 8 5 80000.000000
5.491522 8 23 10000.000000
5.755829 8 19 30000.000000
5.997442 8 18 30000.000000
6.235867 8 2 80000.000000
6.518847 8 7 10000.000000
7.284195 8 17 10000.000000
7.613489 8 6 50000.000000
7.679539 8 18 20000.000000
8.101968 8 23 20000.000000
8.483255 8 23 10000000.000000
9.242099 8 7 20000.000000
9.809966 8 21 1000000.000000
9.865152 8 7 10000.000000
9.925083 8 20 50000.000000
10.411790 8 9 20000.000000
10.726017 8 19 2000000.000000
11.350812 8 5 80000.000000
11.410167 8 13 1000000.000000
11.415654 8 14 80000.000000
11.905712 8 14 80000.000000
12.774713 8 26 5000000.000000
12.837821 8 19 30000000.000000
12.908349 8 23 5000000.000000
12.912781 8 21 50000.000000
13.081050 8 23 10000.000000
13.259526 8 2 5000000.000000
13.693214 8 22 30000000.000000
14.270218 8 16 80000.000000
14.396807 8 0 80000.000000
14.806890 8 22 10000.000000
14.888981 8 25 20000.000000
15.000445 8 20 10000000.000000
15.127385 8 14 10000000.000000
15.936655 8 4 30000.000000
16.169584 8 21 2000000.000000
16.195835 8 12 5000000.000000
16.499114 8 1 5000000.000000
16.648409 8 3 50000.000000
17.288967 8 20 200000.000000
17.297332 8 17 30000.000000
17.341654 8 10 1000000.000000
17.538886 8 25 5000000.000000
17.830421 8 22 10000.000000
17.877597 8 7 10000.000000
17.973446 8 2 200000.000000
18.320194 8 9 30000.000000
18.423658 8 6 1000000.000000
19.148873 8 19 10000000.000000
19.390337 8 8 50000.000000
19.833608 8 0 80000.000000
20.242515 8 5 10000.000000
20.643464 8 17 30000.000000
20.648537 8 21 2000000.000000
20.692664 8 20 30000.000000
21.423296 8 8 30000000.000000
21.453130 8 25 50000.000000
21.483325 8 9 20000.000000
21.619587 8 12 2000000.000000
22.943838 8 16 10000.000000
23.221156 8 4 5000000.000000
23.814413 8 10 1000000.000000
24.301365 8 19 30000000.000000
24.426155 8 5 5000000.000000
24.883214 8 4 5000000.000000
25.260103 8 13 30000.000000
25.311240 8 21 5000000.000000
25.746226 8 21 20000.000000
25.884325 8 3 50000.000000
26.070054 8 22 5000000.000000
26.380797 8 8 30000.000000
26.961476 8 23 30000.000000
27.826250 8 10 80000.000000
27.888473 8 19 80000.000000
28.273409 8 25 1000000.000000
28.313398 8 3 20000.000000
28.426087 8 16 1000000.000000
28.452500 8 5 1000000.000000
28.751233 8 24 10000.000000
28.843397 8 24 1000000.000000
29.243119 8 12 30000.000000
29.346354 8 21 5000000.000000
29.616386 8 18 2000000.000000
0.077010 9 24 2000000.000000
0.537985 9 8 30000000.000000
0.810022 9 7 50000.000000
1.072278 9 11 200000.000000
1.088127 9 2 80000.000000
1.088235 9 9 80000.000000
1.522142 9 21 5000000.000000
1.681795 9 8 10000000.000000
2.969768 9 26 1000000.000000
3.396117 9 4 5000000.000000
3.537001 9 21 30000.000000
3.560273 9 14 10000000.000000
3.687420 9 18 200000.000000
3.855471 9 2 50000.000000
3.885215 9 11 5000000.000000
4.510856 9 5 80000.000000
4.692324 9 20 5000000.000000
4.852106 9 16 30000.000000
5.328833 9 9 30000.000000
6.365095 9 20 30000.000000
6.409424 9 26 10000000.000000
6.742238 9 10 200000.000000
6.895055 9 25 30000.000000
7.672275 9 22 10000000.000000
7.735122 9 4 1000000.000000
7.951940 9 17 50000.000000
8.675999 9 17 50000.000000
8.825928 9 22 80000.000000
8.883101 9 9 80000.000000
8.956961 9 26 5000000.000000
9.488705 9 23 200000.000000
11.630346 9 7 10000000.000000
11.726319 9 24 30000.000000
11.801665 9 6 1000000.000000
12.076492 9 2 10000.000000
12.255330 9 22 1000000.000000
12.397997 9 6 10000.000000
12.500801 9 0 50000.000000
13.336312 9 13 50000.000000
13.532150 9 7 5000000.000000
14.053551 9 11 1000000.000000
14.199076 9 10 10000.000000
15.099100 9 7 80000.000000
15.231444 9 16 80000.000000
15.428001 9 18 50000.000000
16.003568 9 4 2000000.000000
16.236983 9 25 1000000.000000
16.279539 9 10 10000000.000000
16.303822 9 12 50000.000000
17.438239 9 17 10000000.000000
17.448632 9 21 1000000.000000
17.743864 9 10 80000.000000
18.596400 9 7 80000.000000
18.773253 9 21 30000.000000
19.126606 9 10 1000000.000000
20.476769 9 4 50000.000000
20.732133 9 5 50000.000000
21.195760 9 2 50000.000000
21.614669 9 19 50000.000000
21.824206 9 7 30000.000000
22.153880 9 22 30000.000000
22.764481 9 4 2000000.000000
23.023969 9 11 200000.000000
23.422010 9 5 5000000.000000
24.473843 9 8 50000.000000
24.525894 9 16 5000000.000000
24.575546 9 24 80000.000000
24.885230 9 19 2000000.000000
25.108835 9 25 1000000.000000
25.651975 9 13 2000000.000000
25.749831 9 20 1000000.000000
25.877603 9 19 30000.000000
26.247465 9 21 50000.000000
27.069404 9 11 5000000.000000
27.101271 9 1 10000.000000
27.294105 9 3 30000000.000000
27.319913 9 18 10000.000000
27.634082 9 23 1000000.000000
27.755680 9 10 80000.000000
27.984125 9 14 1000000.000000
28.023215 9 13 30000.000000
28.096450 9 10 5000000.000000
28.138509 9 18 5000000.000000
29.156102 9 4 1000000.000000
0.048783 10 4 2000000.000000
0.131344 10 25 10000.000000
0.456885 10 14 80000.000000
0.567104 10 23 50000.000000
0.751745 10 1 50000.000000
2.995016 10 0 200000.000000
3.214051 10 3 2000000.000000
5.135518 10 4 1000000.000000
5.291817 10 26 2000000.000000
5.320214 10 23 30000000.000000
5.482009 10 2 50000.000000
6.557958 10 6 10000.000000
6.774398 10 3 10000.000000
8.043731 10 4 80000.000000
8.216354 10 18 2000000.000000
8.242105 10 11 1000000.000000
8.242184 10 5 10000.000000
9.870571 10 9 5000000.000000
10.024907 10 5 80000.000000
10.540715 10 16 5000000.000000
10.745544 10 18 80000.000000
11.738891 10 2 30000.000000
12.775106 10 9 200000.000000
12.983392 10 5 10000.000000
13.941869 10 23 2000000.000000
14.186484 10 7 1000000.000000
14.237635 10 18 20000.000000
14.357898 10 19 2000000.000000
14.656748 10 18 30000.000000
15.771816 10 5 50000.000000
15.834481 10 21 50000.000000
16.004539 10 10 80000.000000
16.520433 10 4 20000.000000
16.606475 10 7 50000.000000
17.475443 10 3 10000.000000
17.593888 10 9 10000000.000000
17.909295 10 3 2000000.000000
18.285602 10 22 50000.000000
18.864684 10 8 1000000.000000
18.963632 10 10 1000000.000000
20.024722 10 7 80000.000000
20.169802 10 19 200000.000000
20.373728 10 9 1000000.000000
20.416309 10 25 30000000.000000
20.462538 10 23 80000.000000
20.846417 10 26 10000000.000000
20.899074 10 25 5000000.000000
21.226753 10 6 20000.000000
21.264406 10 7 2000000.000000
21.437465 10 6 20000.000000
21.933665 10 16 2000000.000000
22.703477 10 10 80000.000000
23.105136 10 17 5000000.000000
23.261385 10 20 50000.000000
23.928722 10 0 2000000.000000
24.083426 10 7 10000.000000
24.136388 10 0 50000.000000
25.196145 10 11 50000.000000
25.197841 10 15 50000.000000
25.638662 10 10 80000.000000
26.492455 10 1 20000.000000
26.794835 10 8 2000000.000000
27.133505 10 24 30000.000000
27.417476 10 8 10000.000000
28.040395 10 6 80000.000000
28.627557 10 20 5000000.000000
28.685629 10 3 30000000.000000
29.057208 10 3 2000000.000000
0.039490 11 14 1000000.000000
0.214328 11 23 80000.000000
0.417182 11 6 10000.000000
0.418960 11 10 80000.000000
0.731775 11 8 200000.000000
1.254182 11 15 200000.000000
1.283543 11 8 1000000.000000
2.140575 11 25 80000.000000
2.623032 11 14 5000000.000000
2.944068 11 15 10000000.000000
3.418910 11 25 10000.000000
3.596272 11 5 10000.000000
3.601229 11 10 50000.000000
4.057380 11 16 30000.000000
4.206032 11 17 5000000.000000
4.369716 11 1 2000000.000000
4.646613 11 22 20000.000000
5.119724 11 23 5000000.000000
5.250177 11 7 5000000.000000
5.989149 11 23 5000000.000000
6.341872 11 6 20000.000000
6.735107 11 12 80000.000000
6.862289 11 15 10000000.000000
6.924923 11 3 30000.000000
7.332990 11 21 80000.000000
7.359839 11 19 30000000.000000
7.539550 11 3 30000.000000
7.912418 11 14 10000.000000
7.934803 11 11 1000000.000000
8.142600 11 5 200000.000000
8.343482 11 1 10000.000000
9.078169 11 11 10000.000000
9.089473 11 10 1000000.000000
9.196161 11 13 10000000.000000
10.665252 11 19 30000.000000
10.985055 11 5 10000000.000000
11.465104 11 26 2000000.000000
11.691243 11 3 5000000.000000
12.476587 11 6 2000000.000000
13.678821 11 22 80000.000000
13.818180 11 2 50000.000000
14.673460 11 10 5000000.000000
15.415055 11 0 20000.000000
15.588041 11 7 30000.000000
16.529117 11 5 10000000.000000
16.759686 11 17 80000.000000
17.860135 11 25 20000.000000
17.888663 11 19 20000.000000
17.926134 11 14 50000.000000
18.579966 11 25 50000.000000
19.290604 11 4 80000.000000
20.175357 11 21 10000.000000
20.613708 11 15 2000000.000000
20.642766 11 7 50000.000000
21.013787 11 8 10000.000000
21.190573 11 12 2000000.000000
21.739844 11 5 5000000.000000
22.645733 11 4 10000000.000000
23.073243 11 24 20000.000000
23.116942 11 16 5000000.000000
23.546006 11 3 10000000.000000
23.659503 11 25 10000.000000
23.701115 11 13 5000000.000000
23.906864 11 25 10000.000000
24.177803 11 24 10000000.000000
24.180400 11 6 5000000.000000
25.004706 11 20 2000000.000000
25.963437 11 10 200000.000000
26.141964 11 3 50000.000000
26.447870 11 20 200000.000000
26.454086 11 8 2000000.000000
27.345156 11 0 20000.000000
27.646289 11 16 10000000.000000
28.077260 11 7 10000.000000
28.178980 11 22 2000000.000000
29.008722 11 4 50000.000000
29.104240 11 7 2000000.000000
29.319580 11 4 80000.000000
0.697797 12 21 30000.000000
0.844397 12 20 50000.000000
0.868113 12 3 80000.000000
1.289864 12 13 1000000.000000
2.274925 12 6 20000.000000
2.823014 12 21 30000.000000
3.164762 12 2 1000000.000000
3.522553 12 26 80000.000000
4.150298 12 8 10000.000000
4.231495 12 1 10000000.000000
5.026420 12 21 2000000.000000
5.538156 12 15 30000.000000
7.258374 12 20 10000.000000
8.024324 12 19 50000.000000
8.408761 12 12 80000.000000
8.874791 12 21 80000.000000
8.892450 12 14 5000000.000000
9.802990 12 18 80000.000000
9.846609 12 9 10000.000000
10.206863 12 18 10000000.000000
10.359744 12 17 5000000.000000
11.003403 12 13 10000000.000000
11.441678 12 16 80000.000000
11.713665 12 8 30000.000000
12.108328 12 2 30000000.000000
12.442827 12 0 1000000.000000
13.192930 12 7 5000000.000000
13.412573 12 17 50000.000000
13.423652 12 25 80000.000000
14.048984 12 17 2000000.000000
14.213028 12 21 10000.000000
14.220268 12 21 50000.000000
14.661557 12 21 10000.000000
14.664925 12 3 10000.000000
14.981243 12 5 80000.000000
15.016216 12 18 1000000.000000
15.099131 12 23 2000000.000000
15.681075 12 4 20000.000000
15.709754 12 11 80000.000000
15.775537 12 16 5000000.000000
15.956197 12 26 2000000.000000
16.143045 12 14 20000.000000
16.371709 12 5 80000.000000
17.188352 12 12 10000.000000
17.329811 12 18 50000.000000
17.382591 12 2 10000.000000
18.248371 12 19 30000000.000000
19.331446 12 9 2000000.000000
19.985831 12 24 30000.000000
20.053572 12 5 80000.000000
21.146437 12 7 10000.000000
21.275654 12 14 50000.000000
22.453653 12 22 30000.000000
22.792273 12 21 10000.000000
23.274184 12 19 200000.000000
23.435405 12 9 10000.000000
23.804316 12 16 5000000.000000
23.891715 12 14 80000.000000
24.363667 12 22 50000.000000
24.693465 12 14 50000.000000
24.810661 12 7 2000000.000000
25.337496 12 26 1000000.000000
25.439864 12 18 30000.000000
25.476509 12 2 10000000.000000
25.695158 12 10 80000.000000
25.925309 12 7 1000000.000000
26.173361 12 9 200000.000000
26.324713 12 25 2000000.000000
26.446342 12 13 20000.000000
27.149651 12 10 10000.000000
27.549449 12 19 30000.000000
27.765546 12 14 20000.000000
27.852903 12 21 80000.000000
27.965006 12 19 10000000.000000
28.077055 12 6 2000000.000000
28.126280 12 18 1000000.000000
29.007967 12 0 10000.000000
29.245822 12 1 5000000.000000
29.349224 12 15 30000.000000
29.478362 12 7 10000000.000000
29.602422 12 16 30000.000000
29.961291 12 4 10000.000000
0.140989 13 25 2000000.000000
0.654531 13 18 2000000.000000
0.738812 13 11 30000.000000
0.784799 13 7 20000.000000
1.041942 13 26 80000.000000
1.482118 13 1 10000.000000
1.989367 13 16 10000.000000
2.048913 13 25 50000.000000
2.810386 13 4 5000000.000000
2.961438 13 24 80000.000000
3.231489 13 23 2000000.000000
3.382987 13 23 80000.000000
3.443529 13 7 1000000.000000
3.566124 13 14 1000000.000000
3.945000 13 23 10000.000000
4.173931 13 26 50000.000000
5.647887 13 9 1000000.000000
5.791952 13 11 30000.000000
6.178421 13 19 30000.000000
6.541273 13 3 5000000.000000
6.588423 13 17 2000000.000000
7.502641 13 0 1000000.000000
8.392615 13 3 80000.000000
9.008593 13 18 30000.000000
9.116097 13 19 10000000.000000
9.937446 13 12 5000000.000000
9.941543 13 4 80000.000000
10.001362 13 20 1000000.000000
10.180990 13 6 2000000.000000
10.262146 13 13 10000.000000
10.827236 13 14 10000.000000
10.878485 13 2 20000.000000
11.376192 13 3 5000000.000000
11.563767 13 23 10000.000000
12.007795 13 21 5000000.000000
12.034085 13 2 80000.000000
12.552041 13 19 10000000.000000
12.899808 13 23 80000.000000
12.971353 13 21 10000.000000
13.024627 13 3 5000000.000000
13.314076 13 20 10000000.000000
13.347657 13 7 5000000.000000
13.612990 13 18 10000.000000
14.007607 13 24 80000.000000
14.169981 13 13 2000000.000000
14.347372 13 5 5000000.000000
14.627644 13 23 80000.000000
15.554358 13 13 10000.000000
15.902341 13 10 80000.000000
16.054756 13 26 10000.000000
16.726324 13 24 200000.000000
16.852205 13 20 5000000.000000
17.390873 13 8 2000000.000000
17.891723 13 12 80000.000000
18.408930 13 21 1000000.000000
18.654655 13 20 80000.000000
18.832305 13 9 10000.000000
18.951400 13 0 80000.000000
18.966770 13 6 5000000.000000
19.741005 13 14 1000000.000000
20.060788 13 24 1000000.000000
20.412070 13 8 80000.000000
20.698310 13 16 10000.000000
22.045537 13 24 10000000.000000
22.315828 13 20 1000000.000000
22.407821 13 8 30000.000000
23.106179 13 13 10000.000000
23.678712 13 24 30000.000000
24.295325 13 24 10000.000000
24.403379 13 1 30000.000000
24.514312 13 3 20000.000000
24.809071 13 10 10000000.000000
25.353092 13 11 10000.000000
25.593625 13 1 10000.000000
25.688275 13 23 200000.000000
25.750090 13 25 200000.000000
25.848998 13 25 5000000.000000
25.908918 13 18 2000000.000000
26.002168 13 17 1000000.000000
26.865538 13 3 5000000.000000
26.965631 13 0 20000.000000
27.649956 13 7 10000.000000
27.665793 13 7 5000000.000000
28.246110 13 1 10000.000000
28.355158 13 18 2000000.000000
28.918875 13 0 30000.000000
29.012612 13 13 1000000.000000
29.223378 13 11 2000000.000000
29.734024 13 9 30000.000000
29.924694 13 19 2000000.000000
0.054333 14 7 20000.000000
0.235449 14 15 80000.000000
0.252821 14 12 80000.000000
0.283577 14 8 10000000.000000
0.477781 14 11 50000.000000
1.584598 14 19 10000000.000000
2.040662 14 17 200000.000000
2.569797 14 19 5000000.000000
2.655098 14 8 10000000.000000
2.955372 14 18 50000.000000
3.538532 14 1 10000000.000000
3.946930 14 10 10000.000000
4.159866 14 7 50000.000000
4.249213 14 16 80000.000000
4.758753 14 12 20000.000000
4.767053 14 22 10000000.000000
4.924088 14 3 10000.000000
5.418272 14 2 10000000.000000
5.533154 14 7 10000.000000
5.537513 14 24 30000.000000
6.047867 14 16 50000.000000
6.099729 14 8 30000000.000000
6.139204 14 20 30000.000000
6.172372 14 20 2000000.000000
6.346012 14 11 5000000.000000
6.505109 14 16 50000.000000
6.937402 14 7 30000.000000
7.096536 14 5 80000.000000
7.388287 14 26 20000.000000
7.522874 14 20 2000000.000000
7.643784 14 19 10000.000000
7.811966 14 9 50000.000000
7.933081 14 15 200000.000000
8.209113 14 16 10000000.000000
8.588081 14 0 2000000.000000
9.027751 14 3 1000000.000000
9.477918 14 23 10000.000000
10.158214 14 12 10000.000000
10.223534 14 1 80000.000000
10.486294 14 22 10000000.000000
10.866572 14 21 80000.000000
10.901087 14 3 1000000.000000
10.970553 14 16 1000000.000000
11.565377 14 21 5000000.000000
12.460537 14 18 80000.000000
12.622852 14 21 50000.000000
13.143631 14 19 30000.000000
13.260368 14 11 50000.000000
13.323137 14 19 80000.000000
13.397101 14 8 10000.000000
13.672832 14 19 80000.000000
13.716269 14 26 50000.000000
13.739364 14 0 30000.000000
13.848655 14 10 2000000.000000
14.336891 14 6 10000.000000
14.894859 14 19 200000.000000
15.151681 14 6 200000.000000
15.871448 14 18 2000000.000000
16.214685 14 8 50000.000000
16.218417 14 5 20000.000000
16.506540 14 16 30000.000000
16.568529 14 26 30000.000000
16.928859 14 18 1000000.000000
17.416220 14 5 5000000.000000
17.825677 14 16 50000.000000
18.377990 14 9 5000000.000000
18.572456 14 13 10000.000000
18.896773 14 1 50000.000000
20.107063 14 24 80000.000000
20.185325 14 4 200000.000000
20.236788 14 6 80000.000000
20.273207 14 20 2000000.000000
21.657905 14 13 80000.000000
22.534268 14 13 50000.000000
22.641227 14 2 30000.000000
22.888409 14 11 10000.000000
23.134292 14 18 10000.000000
24.414058 14 16 80000.000000
24.862908 14 26 200000.000000
25.596147 14 26 80000.000000
25.678674 14 12 5000000.000000
26.008232 14 1 50000.000000
26.156062 14 21 80000.000000
26.662750 14 17 2000000.000000
26.832017 14 14 10000000.000000
28.070607 14 0 1000000.000000
28.330678 14 23 10000.000000
28.354782 14 21 80000.000000
28.721566 14 25 10000.000000
28.772255 14 21 50000.000000
28.835728 14 16 80000.000000
28.905332 14 9 20000.000000
29.074875 14 20 80000.000000
29.100348 14 11 5000000.000000
29.754027 14 14 10000.000000
29.995698 14 12 80000.000000
0.720629 15 23 200000.000000
0.726547 15 3 50000.000000
0.726710 15 5 10000.000000
1.118303 15 14 10000.000000
2.081364 15 19 80000.000000
2.194105 15 17 5000000.000000
2.674138 15 23 1000000.000000
2.795444 15 4 200000.000000
2.799708 15 24 2000000.000000
3.609296 15 11 10000000.000000
3.733511 15 8 80000.000000
4.157483 15 26 50000.000000
4.250915 15 13 5000000.000000
5.521990 15 26 80000.000000
5.764053 15 10 10000.000000
6.279815 15 4 30000000.000000
7.243635 15 14 5000000.000000
8.532566 15 2 5000000.000000
8.901741 15 16 10000000.000000
8.996084 15 0 5000000.000000
9.110121 15 19 1000000.000000
9.285723 15 14 80000.000000
9.396104 15 17 30000.000000
9.481438 15 25 1000000.000000
9.599911 15 5 80000.000000
10.240797 15 6 50000.000000
10.362886 15 8 2000000.000000
10.952953 15 3 10000.000000
11.034318 15 5 10000.000000
11.548663 15 26 30000.000000
12.088189 15 3 200000.000000
12.459018 15 10 10000.000000
12.803669 15 0 1000000.000000
13.288324 15 9 5000000.000000
13.819869 15 17 30000.000000
13.894733 15 4 10000.000000
14.021624 15 15 10000.000000
14.708846 15 24 5000000.000000
14.767583 15 14 80000.000000
14.769187 15 14 10000000.000000
15.020626 15 11 10000.000000
15.204632 15 10 80000.000000
15.518962 15 15 10000.000000
16.476374 15 19 80000.000000
16.585469 15 5 1000000.000000
16.627447 15 8 50000.000000
16.706715 15 0 10000.000000
16.708614 15 25 2000000.000000
17.276376 15 9 5000000.000000
17.665475 15 23 30000.000000
18.321338 15 21 30000000.000000
18.775072 15 9 200000.000000
18.783493 15 23 20000.000000
19.467943 15 19 80000.000000
19.546935 15 8 80000.000000
19.609391 15 7 10000.000000
19.862069 15 17 20000.000000
20.140717 15 5 50000.000000
20.488018 15 19 30000.000000
21.037242 15 26 5000000.000000
21.319993 15 21 10000.000000
21.549803 15 21 2000000.000000
21.656222 15 4 30000.000000
22.635178 15 11 50000.000000
24.198674 15 4 2000000.000000
24.351289 15 14 10000.000000
24.553310 15 12 50000.000000
25.397376 15 23 50000.000000
26.635831 15 8 1000000.000000
27.318049 15 23 2000000.000000
27.677012 15 1 2000000.000000
27.832679 15 2 200000.000000
28.494914 15 25 200000.000000
28.727831 15 23 30000.000000
29.256806 15 21 50000.000000
29.540910 15 4 30000.000000
29.876622 15 8 5000000.000000
0.573586 16 15 20000.000000
0.704396 16 23 10000.000000
0.731808 16 15 1000000.000000
1.123847 16 12 1000000.000000
1.147538 16 15 10000.000000
1.510142 16 20 10000.000000
2.313958 16 11 20000.000000
2.684512 16 22 2000000.000000
3.483562 16 23 5000000.000000
3.614716 16 16 50000.000000
3.665177 16 14 10000000.000000
4.103555 16 22 5000000.000000
4.454023 16 21 30000.000000
4.736654 16 11 50000.000000
5.221195 16 26 30000.000000
5.419234 16 3 1000000.000000
5.756140 16 9 5000000.000000
6.204100 16 3 80000.000000
8.869149 16 5 10000.000000
8.872981 16 21 2000000.000000
8.999722 16 17 30000.000000
9.574041 16 0 10000.000000
10.291626 16 5 200000.000000
10.407590 16 14 5000000.000000
10.588839 16 18 5000000.000000
10.748685 16 4 50000.000000
11.578297 16 22 1000000.000000
12.005371 16 9 10000.000000
12.030395 16 22 80000.000000
12.292746 16 21 10000.000000
12.315701 16 17 200000.000000
12.798556 16 25 1000000.000000
12.860206 16 1 80000.000000
12.997415 16 3 50000.000000
13.164636 16 21 2000000.000000
13.242147 16 22 5000000.000000
13.273911 16 1 10000.000000
13.375529 16 2 80000.000000
13.877737 16 6 30000.000000
13.963884 16 23 80000.000000
14.293909 16 24 10000.000000
14.366790 16 7 80000.000000
15.149239 16 5 10000.000000
15.207666 16 25 2000000.000000
15.265647 16 26 5000000.000000
16.075448 16 11 10000000.000000
16.139837 16 21 10000.000000
16.186851 16 21 30000.000000
16.229062 16 15 30000.000000
16.570533 16 8 30000.000000
16.779803 16 0 5000000.000000
16.801859 16 9 10000.000000
17.006781 16 14 10000.000000
17.132288 16 23 80000.000000
17.449760 16 5 2000000.000000
17.879220 16 6 10000.000000
17.948205 16 24 50000.000000
18.544065 16 0 1000000.000000
18.627857 16 18 200000.000000
18.628147 16 19 1000000.000000
18.820558 16 23 5000000.000000
18.850569 16 12 2000000.000000
19.466065 16 17 2000000.000000
21.478575 16 2 10000.000000
23.441764 16 9 2000000.000000
24.178617 16 3 10000000.000000
24.432689 16 2 10000.000000
24.710140 16 26 10000.000000
25.017015 16 13 80000.000000
25.069345 16 14 20000.000000
25.427544 16 19 200000.000000
25.625998 16 26 10000.000000
25.646265 16 22 5000000.000000
25.661590 16 8 30000000.000000
26.051830 16 3 5000000.000000
26.333932 16 9 50000.000000
27.370506 16 9 5000000.000000
27.463509 16 16 10000.000000
27.498196 16 6 2000000.000000
27.510463 16 10 30000000.000000
27.746515 16 2 10000.000000
27.814961 16 2 20000.000000
28.039850 16 5 80000.000000
28.815654 16 26 50000.000000
29.212933 16 1 30000.000000
29.456035 16 15 1000000.000000
29.465258 16 23 30000.000000
29.731793 16 14 30000.000000
29.908400 16 19 1000000.000000
29.937837 16 11 80000.000000
29.961708 16 13 80000.000000
0.185904 17 21 1000000.000000
0.243898 17 20 10000000.000000
0.318922 17 0 5000000.000000
0.890669 17 3 80000.000000
0.924087 17 19 1000000.000000
1.440818 17 3 50000.000000
1.908930 17 15 10000.000000
2.569523 17 16 10000.000000
2.889977 17 15 10000.000000
3.054811 17 18 80000.000000
3.239079 17 15 30000.000000
3.409844 17 24 200000.000000
3.568565 17 22 5000000.000000
3.714679 17 25 5000000.000000
3.771163 17 1 10000.000000
3.859880 17 16 2000000.000000
4.071795 17 1 30000.000000
4.558773 17 6 1000000.000000
4.642300 17 13 10000000.000000
5.145945 17 17 80000.000000
5.630236 17 20 20000.000000
5.674794 17 20 10000000.000000
5.675193 17 6 1000000.000000
5.977801 17 1 5000000.000000
6.739443 17 15 80000.000000
7.169976 17 4 200000.000000
7.232471 17 23 80000.000000
8.196962 17 5 30000.000000
8.334675 17 22 5000000.000000
8.362579 17 14 2000000.000000
8.881967 17 9 10000.000000
8.923256 17 19 5000000.000000
9.107098 17 17 2000000.000000
9.162104 17 1 5000000.000000
10.148486 17 13 10000.000000
10.547065 17 13 2000000.000000
11.088780 17 17 2000000.000000
11.356232 17 8 10000.000000
11.525737 17 4 5000000.000000
11.632728 17 23 30000.000000
12.291640 17 18 2000000.000000
14.316764 17 22 10000000.000000
15.218445 17 17 80000.000000
15.234438 17 22 10000.000000
15.382452 17 9 80000.000000
15.430223 17 9 50000.000000
15.602355 17 17 5000000.000000
15.866687 17 18 30000.000000
16.001613 17 21 30000.000000
16.508646 17 26 50000.000000
16.799386 17 5 10000.000000
17.084799 17 18 10000.000000
17.219856 17 23 50000.000000
17.282793 17 7 30000.000000
17.536878 17 25 10000.000000
17.666939 17 8 80000.000000
17.794604 17 20 5000000.000000
18.462078 17 4 1000000.000000
18.710158 17 8 2000000.000000
18.712566 17 13 2000000.000000
19.068819 17 13 1000000.000000
19.166034 17 15 1000000.000000
19.739786 17 18 5000000.000000
19.922878 17 26 30000.000000
20.089279 17 4 10000.000000
20.828216 17 8 10000000.000000
21.473036 17 15 30000.000000
21.682838 17 20 10000000.000000
22.366950 17 3 2000000.000000
22.651290 17 0 5000000.000000
23.295998 17 9 2000000.000000
23.372630 17 8 5000000.000000
23.383864 17 16 10000000.000000
23.464317 17 3 10000.000000
23.563803 17 17 20000.000000
23.664986 17 5 50000.000000
24.069447 17 16 10000.000000
24.191736 17 23 50000.000000
24.217348 17 15 10000000.000000
24.287400 17 8 80000.000000
24.526254 17 10 2000000.000000
24.667350 17 6 1000000.000000
24.869899 17 4 80000.000000
25.119504 17 15 1000000.000000
25.751189 17 5 50000.000000
25.834368 17 26 30000.000000
25.904548 17 2 80000.000000
26.184608 17 17 30000.000000
26.201206 17 8 10000.000000
27.667963 17 5 80000.000000
27.829116 17 25 2000000.000000
28.634725 17 18 200000.000000
28.826791 17 19 80000.000000
29.382491 17 0 10000.000000
29.513679 17 25 1000000.000000
29.654720 17 5 30000000.000000
0.140948 18 25 20000.000000
1.335587 18 12 5000000.000000
1.437406 18 0 2000000.000000
1.509778 18 16 10000.000000
1.879384 18 20 80000.000000
2.458309 18 20 1000000.000000
2.710824 18 0 10000000.000000
2.720282 18 3 2000000.000000
2.831672 18 20 50000.000000
3.534206 18 12 20000.000000
3.583829 18 8 1000000.000000
4.048863 18 11 5000000.000000
4.811575 18 6 2000000.000000
5.194674 18 24 200000.000000
5.271594 18 10 1000000.000000
5.277149 18 2 30000.000000
5.540784 18 4 30000.000000
5.542224 18 16 200000.000000
5.879901 18 3 10000.000000
6.099075 18 26 10000.000000
6.211932 18 25 80000.000000
6.733761 18 8 10000000.000000
7.127429 18 18 50000.000000
7.338845 18 23 5000000.000000
7.544591 18 24 80000.000000
7.774787 18 24 2000000.000000
7.831709 18 0 2000000.000000
8.287833 18 22 30000.000000
8.842793 18 25 1000000.000000
9.004993 18 15 10000000.000000
9.188411 18 11 10000.000000
10.166741 18 6 30000.000000
11.585528 18 20 2000000.000000
12.534386 18 9 5000000.000000
12.642001 18 22 200000.000000
13.650713 18 9 50000.000000
13.689926 18 0 2000000.000000
14.054835 18 24 30000000.000000
14.329852 18 6 80000.000000
14.358077 18 24 2000000.000000
14.504846 18 6 10000000.000000
14.529767 18 9 200000.000000
14.574007 18 7 2000000.000000
14.597323 18 17 2000000.000000
15.005589 18 12 2000000.000000
15.302667 18 3 2000000.000000
15.662651 18 1 5000000.000000
15.797717 18 12 10000.000000
16.347209 18 10 50000.000000
16.438471 18 7 80000.000000
16.976947 18 2 80000.000000
17.368024 18 3 80000.000000
17.460767 18 22 1000000.000000
17.495286 18 15 50000.000000
17.518629 18 9 5000000.000000
17.924813 18 20 10000.000000
18.017737 18 22 20000.000000
18.113580 18 10 200000.000000
18.347842 18 11 10000000.000000
18.972519 18 24 30000.000000
19.424544 18 11 200000.000000
19.545413 18 10 200000.000000
20.189541 18 26 200000.000000
20.245335 18 22 1000000.000000
20.497778 18 6 2000000.000000
20.778802 18 19 5000000.000000
21.623615 18 23 10000.000000
21.646551 18 5 80000.000000
22.364407 18 23 50000.000000
24.129277 18 24 30000.000000
24.434461 18 10 5000000.000000
24.563686 18 10 200000.000000
24.888898 18 25 10000000.000000
25.903254 18 12 10000000.000000
25.996156 18 10 80000.000000
26.416493 18 23 20000.000000
26.500088 18 0 30000.000000
27.382445 18 22 1000000.000000
27.389682 18 17 30000000.000000
27.419841 18 3 5000000.000000
27.564455 18 9 10000000.000000
27.954041 18 10 5000000.000000
27.985052 18 7 1000000.000000
28.379336 18 13 1000000.000000
28.725069 18 13 200000.000000
0.494637 19 15 30000.000000
0.570665 19 7 50000.000000
1.116944 19 6 80000.000000
1.523962 19 8 80000.000000
1.620362 19 4 1000000.000000
1.984705 19 17 1000000.000000
2.896473 19 2 1000000.000000
3.127388 19 6 10000.000000
3.521503 19 22 5000000.000000
3.612772 19 21 10000.000000
4.037005 19 25 50000.000000
4.614097 19 9 50000.000000
4.659725 19 14 10000.000000
4.710382 19 12 10000.000000
4.797503 19 26 80000.000000
5.291977 19 17 30000.000000
5.746159 19 26 10000.000000
6.037600 19 1 1000000.000000
6.279974 19 2 10000000.000000
7.302251 19 13 80000.000000
8.545848 19 18 30000.000000
9.504919 19 23 80000.000000
9.709805 19 10 80000.000000
9.996042 19 23 5000000.000000
10.911986 19 5 1000000.000000
10.918220 19 8 10000.000000
11.228690 19 26 10000.000000
11.383531 19 12 2000000.000000
11.758901 19 23 5000000.000000
11.973807 19 3 10000000.000000
11.979130 19 1 80000.000000
11.987688 19 25 30000.000000
12.004288 19 17 10000000.000000
12.031671 19 22 1000000.000000
12.323449 19 10 1000000.000000
12.588611 19 16 80000.000000
13.578328 19 0 1000000.000000
13.597659 19 26 80000.000000
13.600117 19 4 10000.000000
13.623413 19 20 80000.000000
13.708565 19 18 30000.000000
14.060171 19 2 30000.000000
15.208379 19 8 10000.000000
15.333567 19 20 10000000.000000
15.521375 19 16 50000.000000
16.649219 19 16 5000000.000000
16.775470 19 6 30000.000000
17.060201 19 23 200000.000000
17.597590 19 3 80000.000000
18.391803 19 21 200000.000000
18.608158 19 15 5000000.000000
19.361059 19 19 200000.000000
20.115802 19 1 200000.000000
20.343048 19 15 20000.000000
20.618988 19 9 30000.000000
21.206432 19 4 50000.000000
21.361695 19 26 50000.000000
21.907168 19 23 50000.000000
22.153854 19 25 1000000.000000
22.930206 19 16 30000.000000
23.233539 19 1 2000000.000000
23.523916 19 10 200000.000000
23.824937 19 25 10000.000000
23.842813 19 9 2000000.000000
24.464401 19 2 50000.000000
24.579997 19 9 2000000.000000
25.139966 19 19 80000.000000
25.505471 19 21 1000000.000000
25.576436 19 25 50000.000000
26.202403 19 14 1000000.000000
26.207357 19 7 10000.000000
26.471844 19 13 1000000.000000
26.478201 19 2 1000000.000000
27.077705 19 18 1000000.000000
27.253844 19 14 5000000.000000
27.273018 19 4 50000.000000
27.295086 19 18 10000.000000
27.339169 19 12 30000.000000
27.529648 19 9 200000.000000
28.013882 19 11 30000.000000
28.053899 19 2 50000.000000
28.742815 19 17 20000.000000
29.114081 19 11 5000000.000000
29.457899 19 14 50000.000000
29.574817 19 10 1000000.000000
29.652426 19 22 5000000.000000
0.118625 20 9 200000.000000
0.356825 20 12 1000000.000000
0.618665 20 6 10000.000000
0.675595 20 1 10000.000000
0.883905 20 15 2000000.000000
1.420145 20 24 200000.000000
1.579348 20 8 80000.000000
1.818465 20 0 10000000.000000
1.967284 20 8 2000000.000000
2.064104 20 6 80000.000000
2.266053 20 21 5000000.000000
3.176600 20 5 10000.000000
3.829800 20 13 10000.000000
3.858868 20 9 10000000.000000
4.524811 20 11 200000.000000
4.573169 20 2 10000000.000000
4.605794 20 17 30000.000000
4.821576 20 26 50000.000000
4.869310 20 22 80000.000000
4.883999 20 5 30000.000000
5.103372 20 22 50000.000000
5.183952 20 6 1000000.000000
5.396166 20 17 10000.000000
5.995270 20 26 50000.000000
6.163514 20 7 50000.000000
6.477317 20 25 10000.000000
6.898871 20 23 10000.000000
6.945492 20 12 10000000.000000
7.199035 20 2 10000.000000
7.742183 20 21 30000.000000
8.407325 20 14 20000.000000
8.859250 20 0 50000.000000
9.045593 20 15 5000000.000000
9.403301 20 16 2000000.000000
9.909565 20 17 30000.000000
9.956271 20 10 20000.000000
10.161769 20 2 5000000.000000
10.315986 20 21 80000.000000
10.514087 20 11 10000000.000000
10.679447 20 6 50000.000000
10.779381 20 21 10000.000000
11.591468 20 26 10000.000000
12.593200 20 3 10000.000000
12.702628 20 5 20000.000000
13.357935 20 11 10000.000000
14.289362 20 12 80000.000000
14.354383 20 1 1000000.000000
14.949551 20 19 20000.000000
15.073203 20 1 30000.000000
15.197136 20 16 80000.000000
15.497530 20 8 10000.000000
15.975185 20 9 200000.000000
17.240123 20 4 10000.000000
17.511869 20 7 80000.000000
17.911665 20 18 5000000.000000
18.175324 20 12 5000000.000000
18.297697 20 23 50000.000000
18.376694 20 8 10000.000000
19.533823 20 1 1000000.000000
19.887540 20 9 50000.000000
20.317172 20 1 5000000.000000
20.361935 20 26 10000000.000000
20.606174 20 23 5000000.000000
21.042069 20 8 10000.000000
21.161230 20 5 20000.000000
21.819518 20 10 10000.000000
21.879644 20 23 20000.000000
21.961996 20 17 2000000.000000
22.002350 20 0 2000000.000000
22.473929 20 4 20000.000000
23.063652 20 26 20000.000000
23.168287 20 25 10000.000000
23.412055 20 17 1000000.000000
23.461488 20 0 200000.000000
23.615111 20 8 10000.000000
23.679315 20 8 10000.000000
24.127373 20 9 5000000.000000
24.744519 20 1 5000000.000000
25.184971 20 15 30000.000000
25.341161 20 24 50000.000000
25.559246 20 6 80000.000000
25.680087 20 0 30000.000000
25.685738 20 15 10000.000000
26.614782 20 18 50000.000000
26.712201 20 14 2000000.000000
27.314716 20 1 50000.000000
27.758379 20 2 1000000.000000
28.036003 20 26 200000.000000
28.477366 20 22 10000.000000
29.024844 20 16 1000000.000000
29.374535 20 3 1000000.000000
29.754213 20 3 80000.000000
0.064912 21 21 30000.000000
0.588411 21 23 50000.000000
0.673035 21 3 5000000.000000
0.900064 21 8 80000.000000
2.329639 21 16 1000000.000000
2.914978 21 17 50000.000000
4.696541 21 15 2000000.000000
4.699316 21 14 10000.000000
5.087178 21 20 30000.000000
5.096894 21 6 10000.000000
5.120709 21 4 80000.000000
6.705047 21 20 20000.000000
6.730531 21 9 30000.000000
7.185294 21 20 2000000.000000
7.632455 21 11 10000.000000
8.051463 21 15 80000.000000
8.235806 21 5 20000.000000
8.661052 21 21 2000000.000000
9.089519 21 10 10000.000000
9.530958 21 7 5000000.000000
9.785423 21 0 80000.000000
9.825861 21 25 200000.000000
10.080255 21 10 10000000.000000
11.336568 21 8 50000.000000
11.402999 21 0 30000.000000
12.346346 21 4 10000.000000
13.066109 21 8 80000.000000
13.959560 21 21 50000.000000
14.006965 21 11 10000.000000
14.046190 21 19 20000.000000
14.280219 21 15 50000.000000
14.798713 21 18 80000.000000
15.327102 21 24 200000.000000
15.343594 21 2 20000.000000
15.629000 21 3 10000.000000
15.637862 21 11 5000000.000000
15.820516 21 0 30000.000000
15.960873 21 9 5000000.000000
16.289571 21 21 20000.000000
16.388677 21 3 10000000.000000
16.671041 21 20 80000.000000
16.717228 21 5 2000000.000000
16.857235 21 21 10000000.000000
17.055660 21 7 50000.000000
17.211300 21 18 30000.000000
17.318207 21 7 30000.000000
17.531266 21 23 30000.000000
19.099506 21 26 30000.000000
19.555718 21 26 80000.000000
19.809773 21 16 80000.000000
19.912652 21 4 80000.000000
20.101520 21 22 10000.000000
20.226321 21 10 30000.000000
20.550464 21 15 80000.000000
20.833474 21 26 80000.000000
21.472567 21 21 80000.000000
21.718092 21 4 10000.000000
21.780782 21 25 1000000.000000
21.945126 21 14 30000.000000
22.292027 21 10 10000.000000
22.652425 21 6 80000.000000
23.383438 21 0 10000.000000
23.808154 21 15 80000.000000
23.941091 21 12 10000.000000
24.044405 21 6 50000.000000
24.246212 21 5 80000.000000
24.657619 21 2 5000000.000000
24.663688 21 4 10000.000000
24.704130 21 26 5000000.000000
25.012083 21 12 10000.000000
25.078305 21 15 10000.000000
25.346834 21 23 80000.000000
25.378753 21 5 2000000.000000
25.385199 21 19 1000000.000000
25.777822 21 1 1000000.000000
26.092291 21 2 10000.000000
26.112057 21 8 10000.000000
26.153261 21 14 80000.000000
26.376054 21 17 1000000.000000
26.612340 21 26 80000.000000
26.700477 21 17 200000.000000
26.904880 21 23 5000000.000000
27.176038 21 10 80000.000000
28.516071 21 26 10000.000000
0.367188 22 8 200000.000000
0.562314 22 25 2000000.000000
1.265930 22 17 30000.000000
2.007267 22 16 30000.000000
2.076995 22 5 30000000.000000
2.813264 22 8 200000.000000
2.853488 22 15 1000000.000000
2.857875 22 18 2000000.000000
3.390535 22 1 50000.000000
4.800503 22 8 5000000.000000
4.847486 22 10 2000000.000000
5.549333 22 20 10000.000000
7.232833 22 17 30000.000000
7.446539 22 25 30000.000000
7.512770 22 16 10000000.000000
7.548766 22 26 1000000.000000
8.366963 22 9 10000000.000000
9.848808 22 10 1000000.000000
9.911692 22 24 30000.000000
9.917935 22 16 2000000.000000
10.036669 22 13 5000000.000000
10.110640 22 14 10000000.000000
10.156012 22 24 50000.000000
10.769956 22 14 2000000.000000
10.870998 22 16 5000000.000000
11.169034 22 22 30000.000000
11.685939 22 19 80000.000000
11.873417 22 16 10000000.000000
12.103945 22 5 20000.000000
14.345650 22 9 10000.000000
14.546822 22 12 80000.000000
14.614807 22 24 20000.000000
15.129589 22 11 20000.000000
15.156329 22 25 20000.000000
16.008155 22 23 50000.000000
16.110635 22 16 50000.000000
16.665370 22 1 20000.000000
16.704671 22 26 2000000.000000
16.925362 22 13 80000.000000
16.929201 22 1 5000000.000000
16.978273 22 25 1000000.000000
17.055585 22 19 10000.000000
17.202201 22 2 50000.000000
17.431660 22 26 10000000.000000
17.642175 22 12 1000000.000000
18.043886 22 7 20000.000000
18.314564 22 22 2000000.000000
19.278945 22 23 20000.000000
19.867013 22 17 2000000.000000
20.469160 22 20 30000000.000000
20.966783 22 25 5000000.000000
20.967071 22 0 50000.000000
21.279808 22 17 200000.000000
21.379319 22 13 1000000.000000
21.421447 22 2 1000000.000000
21.446270 22 7 50000.000000
22.117981 22 0 80000.000000
23.201711 22 6 10000.000000
23.589096 22 23 10000000.000000
23.683578 22 15 50000.000000
24.090704 22 3 80000.000000
24.143985 22 21 2000000.000000
24.627741 22 5 80000.000000
24.733868 22 10 30000.000000
24.757486 22 1 5000000.000000
24.777477 22 14 10000000.000000
25.129217 22 2 200000.000000
25.147120 22 14 30000.000000
27.504845 22 4 50000.000000
27.571396 22 24 20000.000000
27.926231 22 19 2000000.000000
27.986414 22 23 30000000.000000
28.248485 22 8 10000.000000
28.888949 22 0 200000.000000
29.591248 22 24 10000.000000
29.879122 22 18 10000.000000
29.917744 22 0 10000.000000
0.334370 23 14 50000.000000
0.812567 23 8 10000000.000000
0.974129 23 6 2000000.000000
1.275101 23 18 5000000.000000
1.332076 23 24 10000.000000
1.804076 23 9 80000.000000
1.868483 23 2 10000.000000
2.151537 23 5 10000.000000
3.371565 23 8 80000.000000
3.557074 23 24 80000.000000
3.926442 23 22 2000000.000000
4.281982 23 12 10000.000000
4.478419 23 15 1000000.000000
4.682810 23 0 2000000.000000
4.707674 23 25 10000.000000
4.975890 23 23 30000.000000
5.265901 23 0 50000.000000
5.328043 23 26 1000000.000000
5.470507 23 2 80000.000000
5.785991 23 16 10000000.000000
6.092648 23 0 10000.000000
6.491635 23 4 50000.000000
6.822390 23 16 50000.000000
6.931407 23 7 80000.000000
7.066393 23 12 30000000.000000
7.366061 23 7 5000000.000000
9.189339 23 26 200000.000000
9.603077 23 8 10000.000000
10.025722 23 17 30000000.000000
10.270898 23 9 80000.000000
11.155998 23 14 30000.000000
11.393092 23 6 20000.000000
11.463677 23 26 80000.000000
11.661295 23 10 5000000.000000
12.572107 23 1 50000.000000
13.450613 23 6 10000.000000
13.662169 23 14 1000000.000000
13.870215 23 8 200000.000000
14.056762 23 9 80000.000000
14.767035 23 17 5000000.000000
15.413476 23 25 10000.000000
15.554032 23 17 2000000.000000
16.586537 23 22 1000000.000000
16.954086 23 0 5000000.000000
17.095441 23 24 2000000.000000
17.263409 23 6 30000.000000
17.534869 23 8 1000000.000000
17.658276 23 4 20000.000000
17.959853 23 23 5000000.000000
19.117508 23 14 10000.000000
19.353294 23 18 50000.000000
19.463366 23 14 1000000.000000
20.120373 23 19 30000000.000000
20.552246 23 14 10000.000000
20.599267 23 16 30000.000000
21.064212 23 11 30000000.000000
21.304298 23 7 30000.000000
22.318895 23 16 30000000.000000
22.450820 23 6 10000.000000
22.457280 23 16 10000.000000
22.780692 23 19 2000000.000000
22.989777 23 19 5000000.000000
24.135561 23 24 50000.000000
24.453589 23 24 200000.000000
24.615179 23 15 20000.000000
24.901811 23 6 30000000.000000
26.077534 23 20 1000000.000000
26.233157 23 1 200000.000000
26.407678 23 20 5000000.000000
26.510266 23 3 1000000.000000
26.890685 23 9 2000000.000000
26.949137 23 1 50000.000000
27.001739 23 5 10000000.000000
27.334832 23 19 10000000.000000
27.429310 23 11 2000000.000000
27.822371 23 3 50000.000000
28.112051 23 9 50000.000000
28.711911 23 4 10000.000000
29.100300 23 24 50000.000000
0.304975 24 15 10000.000000
0.490737 24 1 30000.000000
0.621303 24 9 200000.000000
1.342081 24 3 10000.000000
2.020987 24 22 20000.000000
2.172349 24 15 10000000.000000
2.768283 24 11 10000.000000
2.774790 24 2 10000.000000
2.839581 24 13 1000000.000000
3.580090 24 8 2000000.000000
3.690691 24 24 10000000.000000
3.809742 24 19 10000.000000
3.951929 24 12 10000.000000
5.372162 24 1 200000.000000
5.456585 24 7 2000000.000000
5.593837 24 22 2000000.000000
5.712494 24 17 10000.000000
5.997237 24 21 5000000.000000
6.093657 24 6 80000.000000
6.593342 24 9 50000.000000
6.795363 24 26 10000000.000000
7.019275 24 0 200000.000000
7.075620 24 10 50000.000000
7.489744 24 0 5000000.000000
7.896187 24 14 10000.000000
8.500965 24 8 10000.000000
8.591497 24 6 20000.000000
8.745412 24 1 80000.000000
9.267257 24 2 2000000.000000
9.268720 24 12 5000000.000000
9.620366 24 17 80000.000000
9.839982 24 10 5000000.000000
10.445104 24 19 30000.000000
10.665545 24 22 1000000.000000
10.864318 24 18 1000000.000000
10.905412 24 4 80000.000000
11.067270 24 7 20000.000000
11.652001 24 5 1000000.000000
12.210538 24 22 30000.000000
12.315034 24 4 10000.000000
12.414755 24 3 1000000.000000
12.568704 24 10 30000000.000000
12.589811 24 12 10000.000000
12.605262 24 16 1000000.000000
12.741567 24 14 80000.000000
13.011221 24 2 5000000.000000
13.083421 24 24 1000000.000000
13.938555 24 17 80000.000000
14.028423 24 5 80000.000000
14.930074 24 19 2000000.000000
15.248487 24 22 80000.000000
15.959361 24 18 30000.000000
16.139657 24 17 50000.000000
16.183269 24 10 5000000.000000
17.458490 24 18 10000000.000000
17.528703 24 0 10000.000000
17.735627 24 15 30000.000000
17.994717 24 8 200000.000000
18.620929 24 22 80000.000000
18.622390 24 20 1000000.000000
18.750379 24 14 20000.000000
19.438154 24 8 10000000.000000
20.730109 24 12 30000.000000
20.903677 24 16 50000.000000
21.578823 24 26 10000000.000000
21.870446 24 19 50000.000000
21.992404 24 20 50000.000000
22.139028 24 14 2000000.000000
22.152649 24 12 10000.000000
22.621244 24 1 50000.000000
23.172446 24 0 10000.000000
23.623443 24 13 50000.000000
23.646743 24 1 30000000.000000
23.765047 24 20 2000000.000000
24.014484 24 7 200000.000000
24.568028 24 11 30000000.000000
25.018236 24 13 80000.000000
25.412538 24 21 10000.000000
25.639312 24 6 2000000.000000
25.681193 24 21 10000.000000
26.071192 24 23 10000.000000
26.118113 24 6 2000000.000000
26.193255 24 1 1000000.000000
26.347585 24 5 200000.000000
26.353811 24 22 80000.000000
26.431175 24 5 10000000.000000
26.755741 24 12 5000000.000000
26.824231 24 26 30000000.000000
28.661107 24 1 1000000.000000
28.961305 24 0 5000000.000000
28.977848 24 11 1000000.000000
29.012453 24 7 10000000.000000
29.825715 24 9 2000000.000000
0.780564 25 12 80000.000000
1.537345 25 16 10000.000000
1.638309 25 26 30000.000000
1.732113 25 24 80000.000000
2.496243 25 23 10000.000000
3.540916 25 19 10000.000000
3.848088 25 17 5000000.000000
4.616685 25 23 200000.000000
4.650064 25 9 1000000.000000
5.381499 25 3 200000.000000
5.713111 25 11 2000000.000000
6.405606 25 6 5000000.000000
6.751244 25 18 50000.000000
6.757513 25 1 80000.000000
7.028323 25 3 2000000.000000
7.680173 25 16 80000.000000
8.205349 25 14 50000.000000
8.239084 25 26 30000.000000
8.265056 25 23 30000.000000
8.287542 25 24 30000.000000
8.434001 25 0 2000000.000000
8.509944 25 9 5000000.000000
8.568994 25 20 2000000.000000
8.571835 25 1 10000.000000
8.687726 25 18 5000000.000000
8.793630 25 16 10000.000000
9.317530 25 3 2000000.000000
10.182842 25 3 5000000.000000
10.491248 25 1 10000.000000
10.805389 25 8 80000.000000
11.569610 25 3 1000000.000000
11.813178 25 9 10000000.000000
12.547650 25 19 30000000.000000
12.644198 25 21 20000.000000
13.028679 25 10 50000.000000
13.206674 25 12 30000000.000000
13.239592 25 13 20000.000000
13.639027 25 5 50000.000000
13.797971 25 4 5000000.000000
14.378996 25 15 50000.000000
14.417705 25 5 5000000.000000
14.450111 25 3 80000.000000
14.652169 25 16 10000000.000000
15.956275 25 2 2000000.000000
16.514927 25 16 30000.000000
17.432732 25 22 2000000.000000
17.500401 25 24 1000000.000000
17.558712 25 0 10000000.000000
17.917513 25 8 80000.000000
17.968225 25 9 50000.000000
18.516256 25 17 200000.000000
19.113825 25 7 10000000.000000
19.528962 25 20 2000000.000000
19.860040 25 16 20000.000000
20.209389 25 24 200000.000000
21.211196 25 25 80000.000000
21.560351 25 24 10000.000000
22.001813 25 11 10000.000000
22.323940 25 13 2000000.000000
23.135497 25 4 10000.000000
23.359809 25 3 200000.000000
23.395934 25 23 10000000.000000
23.768766 25 9 1000000.000000
23.781961 25 6 50000.000000
23.825098 25 22 80000.000000
24.211306 25 25 5000000.000000
24.220591 25 15 20000.000000
24.305586 25 21 30000.000000
25.252639 25 6 200000.000000
25.473150 25 11 1000000.000000
25.610508 25 3 80000.000000
25.686591 25 23 200000.000000
25.951945 25 15 200000.000000
27.369431 25 3 2000000.000000
28.627009 25 26 10000.000000
28.649271 25 5 80000.000000
28.793781 25 23 20000.000000
29.402088 25 19 50000.000000
29.562706 25 2 1000000.000000
29.676314 25 1 50000.000000
0.011621 26 18 10000.000000
0.086948 26 25 1000000.000000
0.126067 26 9 10000.000000
0.195581 26 4 50000.000000
0.273264 26 19 5000000.000000
0.593629 26 8 30000.000000
0.824331 26 2 10000.000000
1.560109 26 2 10000.000000
2.026889 26 1 200000.000000
3.513157 26 19 10000.000000
3.918509 26 2 10000.000000
4.049139 26 19 50000.000000
5.068750 26 3 10000000.000000
5.090904 26 24 80000.000000
5.114138 26 25 200000.000000
5.158743 26 7 5000000.000000
5.418934 26 2 10000.000000
5.702257 26 12 10000.000000
5.918164 26 15 80000.000000
7.301421 26 0 20000.000000
7.396194 26 9 50000.000000
7.462809 26 8 2000000.000000
8.510541 26 2 30000.000000
8.920714 26 17 30000.000000
9.198940 26 5 30000000.000000
9.397167 26 8 80000.000000
9.484282 26 23 10000.000000
9.693143 26 10 2000000.000000
9.839091 26 0 10000.000000
9.928908 26 26 1000000.000000
10.105045 26 22 10000.000000
10.191355 26 4 30000.000000
10.929203 26 2 10000.000000
11.010931 26 9 2000000.000000
11.178615 26 21 20000.000000
11.423991 26 2 80000.000000
11.490806 26 22 5000000.000000
12.007011 26 3 10000.000000
12.082908 26 26 80000.000000
12.398724 26 5 80000.000000
12.553676 26 19 2000000.000000
12.770206 26 16 80000.000000
12.905859 26 3 20000.000000
13.367437 26 10 5000000.000000
13.578734 26 12 10000.000000
13.608412 26 18 2000000.000000
14.350670 26 21 10000.000000
14.404142 26 20 50000.000000
14.614528 26 0 5000000.000000
15.979307 26 18 10000000.000000
16.308761 26 16 10000.000000
16.324636 26 2 20000.000000
17.301336 26 10 20000.000000
17.384772 26 25 200000.000000
17.570588 26 4 200000.000000
18.000733 26 19 1000000.000000
18.290327 26 7 50000.000000
18.472112 26 17 10000.000000
18.608678 26 2 80000.000000
18.914118 26 14 2000000.000000
19.476009 26 15 200000.000000
19.483737 26 21 10000.000000
20.507770 26 6 10000.000000
20.517772 26 22 80000.000000
20.808214 26 6 10000.000000
20.931153 26 6 10000.000000
21.647613 26 12 80000.000000
21.799571 26 23 20000.000000
21.958980 26 8 80000.000000
22.471498 26 10 10000000.000000
22.884668 26 15 2000000.000000
23.133474 26 14 80000.000000
23.968265 26 4 50000.000000
24.183231 26 5 1000000.000000
24.290622 26 10 10000.000000
24.403105 26 20 5000000.000000
24.918786 26 4 80000.000000
25.082878 26 23 50000.000000
25.571378 26 7 80000.000000
26.657504 26 22 10000.000000
26.865070 26 10 5000000.000000
27.027560 26 24 5000000.000000
27.119157 26 16 80000.000000
27.305444 26 7 10000.000000
28.172583 26 5 50000.000000
28.320741 26 15 10000.000000
28.429567 26 24 200000.000000
29.109636 26 4 2000000.000000
29.953881 26 22 20000.000000
29.989238 26 8 30000.000000
29.993110 26 7 50000.000000
