0.375784 0 6 10000.000000
0.905117 0 19 30000.000000
1.147367 0 12 10000.000000
1.281876 0 2 10000.000000
2.027877 0 2 5000000.000000
3.400405 0 7 2000000.000000
3.960315 0 6 1000000.000000
4.419244 0 1 10000.000000
7.628074 0 16 5000000.000000
8.341388 0 9 80000.000000
8.415974 0 14 2000000.000000
8.639652 0 6 5000000.000000
8.648040 0 4 2000000.000000
8.685328 0 6 30000.000000
8.784659 0 26 2000000.000000
9.889461 0 19 80000.000000
10.253987 0 5 10000.000000
10.460288 0 1 2000000.000000
11.071603 0 13 10000000.000000
11.281634 0 18 200000.000000
11.666195 0 16 5000000.000000
13.747914 0 10 2000000.000000
14.279990 0 4 10000000.000000
14.452607 0 25 10000.000000
15.160806 0 1 30000.000000
15.751276 0 15 1000000.000000
15.811504 0 7 5000000.000000
16.913939 0 10 2000000.000000
16.982151 0 22 50000.000000
17.306184 0 26 80000.000000
17.790302 0 8 2000000.000000
17.896873 0 5 10000000.000000
18.015449 0 8 30000.000000
18.356140 0 25 50000.000000
19.234054 0 14 200000.000000
19.467989 0 15 30000000.000000
19.473104 0 15 1000000.000000
19.690008 0 15 80000.000000
19.726900 0 4 80000.000000
20.012027 0 2 80000.000000
20.098630 0 10 30000.000000
21.019664 0 22 2000000.000000
21.451176 0 0 2000000.000000
21.619245 0 18 50000.000000
21.944709 0 26 20000.000000
22.104067 0 6 30000.000000
22.508506 0 14 5000000.000000
22.853986 0 0 30000.000000
22.991454 0 6 5000000.000000
26.183759 0 10 80000.000000
26.464242 0 15 10000.000000
26.952210 0 24 80000.000000
27.593060 0 2 20000.000000
27.627916 0 0 50000.000000
27.893327 0 16 30000000.000000
29.715366 0 1 10000000.000000
0.800173 1 24 10000000.000000
0.824042 1 22 50000.000000
1.238888 1 6 5000000.000000
1.888939 1 9 50000.000000
2.395502 1 9 200000.000000
2.595422 1 3 200000.000000
2.740901 1 15 1000000.000000
3.360393 1 23 1000000.000000
3.796284 1 1 10000.000000
3.990780 1 15 200000.000000
4.207464 1 21 10000.000000
4.370941 1 24 30000.000000
4.802364 1 3 50000.000000
5.224242 1 8 80000.000000
6.837914 1 5 80000.000000
6.963395 1 13 1000000.000000
7.592158 1 22 20000.000000
8.034297 1 17 10000.000000
8.742788 1 11 30000.000000
9.589248 1 23 1000000.000000
9.616159 1 4 10000000.000000
9.802884 1 22 2000000.000000
9.866382 1 2 10000.000000
11.189545 1 3 2000000.000000
11.647448 1 15 1000000.000000
11.788765 1 25 1000000.000000
11.985863 1 8 5000000.000000
12.412466 1 11 80000.000000
12.749257 1 26 30000000.000000
13.145144 1 25 10000.000000
13.834771 1 17 30000.000000
14.018155 1 12 30000.000000
14.520760 1 9 30000.000000
15.310678 1 3 200000.000000
16.112673 1 7 2000000.000000
16.874893 1 19 5000000.000000
16.961820 1 26 10000000.000000
17.157914 1 8 5000000.000000
17.659848 1 23 20000.000000
17.708190 1 10 10000.000000
19.279485 1 18 80000.000000
19.353112 1 25 10000.000000
19.619242 1 10 10000.000000
20.969778 1 17 30000000.000000
21.938319 1 17 50000.000000
22.526087 1 7 80000.000000
22.996860 1 5 5000000.000000
23.505114 1 9 20000.000000
24.025470 1 11 10000.000000
24.166341 1 12 20000.000000
24.284984 1 1 10000.000000
24.810343 1 7 10000.000000
25.269445 1 25 10000.000000
25.407167 1 6 50000.000000
26.361342 1 16 10000.000000
26.450860 1 10 1000000.000000
26.544397 1 4 200000.000000
26.973173 1 13 50000.000000
27.055092 1 23 30000.000000
28.242025 1 1 20000.000000
28.819207 1 23 10000000.000000
29.441768 1 26 50000.000000
29.590485 1 17 5000000.000000
0.008339 2 4 10000.000000
0.499417 2 26 50000.000000
0.598544 2 25 50000.000000
1.202583 2 0 2000000.000000
3.727589 2 5 5000000.000000
4.477428 2 0 10000.000000
5.256452 2 24 20000.000000
5.792972 2 7 20000.000000
5.835226 2 13 30000.000000
6.657999 2 20 200000.000000
7.095767 2 3 10000000.000000
8.223618 2 18 10000000.000000
8.496950 2 8 10000000.000000
10.978166 2 1 30000.000000
13.765263 2 21 2000000.000000
15.188800 2 21 30000.000000
15.592442 2 26 200000.000000
16.235233 2 21 80000.000000
16.475366 2 26 200000.000000
16.915382 2 8 10000.000000
17.568614 2 13 10000.000000
18.270739 2 11 10000.000000
18.292438 2 25 30000.000000
19.278201 2 22 10000.000000
19.432408 2 7 10000.000000
19.653580 2 16 20000.000000
20.133534 2 10 10000000.000000
20.677508 2 3 200000.000000
21.170446 2 0 80000.000000
21.432691 2 3 1000000.000000
21.881620 2 1 80000.000000
22.579037 2 26 10000.000000
23.727111 2 24 1000000.000000
24.313390 2 14 80000.000000
25.318107 2 8 5000000.000000
25.560253 2 6 200000.000000
25.701672 2 4 20000.000000
25.732607 2 4 2000000.000000
26.260165 2 13 80000.000000
27.817169 2 7 200000.000000
28.077410 2 19 200000.000000
28.216577 2 19 10000.000000
28.632752 2 20 50000.000000
28.857818 2 25 80000.000000
29.045198 2 5 80000.000000
29.094185 2 4 20000.000000
0.097685 3 5 10000.000000
0.415862 3 23 80000.000000
0.497768 3 1 50000.000000
0.582520 3 3 10000000.000000
0.708392 3 21 10000.000000
1.233554 3 3 1000000.000000
2.411226 3 5 20000.000000
2.852524 3 5 2000000.000000
3.457562 3 22 50000.000000
4.938214 3 1 2000000.000000
5.267698 3 25 10000.000000
5.425498 3 22 200000.000000
6.719564 3 5 80000.000000
7.047950 3 1 10000000.000000
7.324112 3 12 30000.000000
8.309358 3 22 50000.000000
8.424202 3 25 5000000.000000
8.617815 3 13 10000.000000
9.188703 3 17 30000.000000
9.751479 3 9 5000000.000000
10.311897 3 4 10000.000000
10.736700 3 26 200000.000000
11.204035 3 25 200000.000000
11.421139 3 18 10000000.000000
11.621591 3 22 2000000.000000
11.738924 3 13 10000000.000000
12.062232 3 13 200000.000000
13.420983 3 12 10000000.000000
14.940171 3 3 1000000.000000
15.783439 3 23 80000.000000
16.141571 3 8 80000.000000
16.373838 3 10 30000.000000
16.632324 3 25 10000.000000
17.203672 3 21 30000000.000000
18.083069 3 1 10000.000000
18.798300 3 5 1000000.000000
18.911129 3 21 10000000.000000
19.874944 3 5 10000000.000000
21.251141 3 2 2000000.000000
21.282306 3 1 80000.000000
21.376209 3 4 1000000.000000
21.600953 3 19 10000000.000000
22.227839 3 13 80000.000000
23.763652 3 15 2000000.000000
24.253494 3 23 5000000.000000
24.398614 3 20 200000.000000
26.522896 3 19 80000.000000
26.624551 3 15 1000000.000000
27.553364 3 4 5000000.000000
28.378517 3 0 80000.000000
28.684415 3 7 10000.000000
28.737699 3 16 80000.000000
29.814816 3 14 80000.000000
29.919215 3 9 10000.000000
0.321527 4 6 5000000.000000
0.475361 4 3 5000000.000000
0.584094 4 3 80000.000000
0.676980 4 18 2000000.000000
0.717687 4 5 30000.000000
0.718716 4 21 20000.000000
1.256126 4 22 2000000.000000
1.741918 4 26 80000.000000
1.929176 4 22 20000.000000
2.452244 4 10 5000000.000000
2.704041 4 1 30000000.000000
2.952561 4 10 5000000.000000
3.241147 4 4 10000.000000
3.808759 4 25 1000000.000000
4.304222 4 10 50000.000000
4.472276 4 12 80000.000000
5.598407 4 23 80000.000000
5.952362 4 16 30000.000000
6.736611 4 0 10000.000000
6.774315 4 5 10000000.000000
7.869643 4 18 200000.000000
7.979877 4 11 10000.000000
8.263591 4 3 10000000.000000
8.478192 4 17 80000.000000
9.400494 4 13 5000000.000000
9.692538 4 3 20000.000000
10.094153 4 26 5000000.000000
12.263433 4 23 10000000.000000
12.345208 4 1 80000.000000
13.893535 4 26 1000000.000000
14.042967 4 7 10000.000000
14.198436 4 6 10000000.000000
16.319798 4 1 5000000.000000
16.468901 4 19 5000000.000000
16.987835 4 24 30000.000000
17.234516 4 23 5000000.000000
17.418833 4 23 200000.000000
17.438866 4 18 10000.000000
18.942033 4 7 80000.000000
19.610367 4 14 30000.000000
19.917516 4 25 10000.000000
20.479208 4 8 30000.000000
21.510262 4 19 10000000.000000
21.743405 4 6 50000.000000
22.669923 4 5 80000.000000
22.824752 4 26 20000.000000
23.102759 4 7 10000.000000
23.333808 4 5 5000000.000000
23.696681 4 21 80000.000000
23.880551 4 14 10000000.000000
24.438972 4 21 20000.000000
24.844025 4 7 10000.000000
24.919369 4 23 2000000.000000
25.992037 4 6 30000.000000
26.471372 4 23 10000000.000000
26.913848 4 12 1000000.000000
27.028754 4 26 10000000.000000
27.762082 4 25 80000.000000
28.530003 4 4 20000.000000
29.863804 4 5 5000000.000000
0.236011 5 26 30000.000000
0.516626 5 26 10000.000000
1.686580 5 14 30000.000000
2.210931 5 19 2000000.000000
2.245815 5 17 2000000.000000
2.393852 5 0 80000.000000
3.503453 5 6 10000.000000
4.327258 5 7 1000000.000000
4.492413 5 11 50000.000000
4.803282 5 21 200000.000000
4.956716 5 11 80000.000000
5.234115 5 7 5000000.000000
5.537969 5 6 2000000.000000
5.727668 5 6 50000.000000
6.405059 5 10 10000.000000
7.938026 5 24 10000.000000
8.092795 5 21 50000.000000
9.162059 5 5 30000.000000
10.218569 5 6 1000000.000000
10.254830 5 6 50000.000000
10.843887 5 20 30000.000000
10.920267 5 13 10000000.000000
11.342929 5 19 10000000.000000
11.590621 5 7 200000.000000
13.081053 5 22 200000.000000
13.948234 5 5 20000.000000
15.037840 5 25 30000000.000000
15.083493 5 21 10000.000000
15.551819 5 7 50000.000000
17.197832 5 19 2000000.000000
18.071931 5 16 30000.000000
18.340365 5 4 80000.000000
18.511438 5 17 200000.000000
18.588822 5 24 1000000.000000
18.628830 5 12 10000.000000
19.168931 5 9 2000000.000000
20.339605 5 15 50000.000000
20.493716 5 10 1000000.000000
20.636683 5 4 30000.000000
20.858992 5 16 10000.000000
21.497714 5 9 80000.000000
21.505167 5 10 80000.000000
21.915813 5 23 30000.000000
22.198149 5 16 30000.000000
22.683898 5 20 30000000.000000
23.933878 5 25 30000.000000
24.733086 5 13 2000000.000000
24.967027 5 9 30000.000000
25.236657 5 17 50000.000000
25.376596 5 5 1000000.000000
25.936241 5 25 10000000.000000
26.394462 5 23 5000000.000000
26.881956 5 14 10000.000000
27.447479 5 0 10000000.000000
27.456355 5 14 50000.000000
28.604028 5 22 10000.000000
28.977797 5 16 30000.000000
29.585887 5 8 50000.000000
0.578978 6 25 1000000.000000
0.583887 6 20 30000.000000
0.943183 6 21 10000.000000
1.265907 6 5 5000000.000000
1.587175 6 25 2000000.000000
3.896826 6 15 1000000.000000
4.935346 6 25 80000.000000
4.971717 6 22 10000.000000
5.832913 6 23 2000000.000000
5.969900 6 16 1000000.000000
6.356026 6 15 1000000.000000
7.553088 6 17 10000.000000
8.012299 6 21 30000.000000
8.866038 6 14 5000000.000000
9.438657 6 22 2000000.000000
10.348505 6 11 80000.000000
10.881063 6 8 2000000.000000
11.517375 6 16 10000.000000
12.691961 6 0 50000.000000
14.167625 6 25 200000.000000
14.365189 6 14 80000.000000
14.847445 6 19 1000000.000000
15.140555 6 12 10000.000000
15.485745 6 15 80000.000000
15.600496 6 23 5000000.000000
16.214611 6 8 10000.000000
16.451210 6 20 80000.000000
17.276223 6 2 10000000.000000
18.595198 6 16 50000.000000
19.192055 6 25 20000.000000
20.525552 6 16 80000.000000
21.916176 6 21 1000000.000000
22.371499 6 3 30000000.000000
22.876528 6 15 30000000.000000
22.975805 6 10 10000.000000
23.482654 6 7 5000000.000000
23.924090 6 4 80000.000000
24.174354 6 16 1000000.000000
24.523841 6 20 30000.000000
25.771808 6 14 30000000.000000
25.774850 6 8 10000.000000
25.786725 6 5 200000.000000
26.377865 6 25 5000000.000000
26.991546 6 4 20000.000000
27.104496 6 1 5000000.000000
27.370732 6 26 10000000.000000
29.719009 6 1 200000.000000
29.959521 6 14 10000.000000
0.222584 7 8 5000000.000000
0.460357 7 1 5000000.000000
1.524506 7 4 30000.000000
1.870321 7 6 10000.000000
3.231070 7 14 1000000.000000
3.321820 7 14 30000.000000
3.351161 7 26 10000.000000
4.016945 7 12 1000000.000000
4.152130 7 1 10000000.000000
4.324638 7 24 1000000.000000
5.537068 7 2 30000.000000
7.073062 7 3 10000.000000
7.182373 7 20 1000000.000000
8.093909 7 9 200000.000000
9.783150 7 11 1000000.000000
10.238330 7 19 5000000.000000
10.715728 7 14 80000.000000
10.907066 7 0 50000.000000
11.157151 7 7 50000.000000
11.490929 7 20 50000.000000
12.547497 7 6 30000.000000
12.856615 7 17 10000.000000
14.141399 7 13 30000000.000000
14.504573 7 17 10000.000000
14.547344 7 24 80000.000000
14.633462 7 19 1000000.000000
15.654311 7 5 80000.000000
16.276654 7 18 10000000.000000
16.465011 7 24 2000000.000000
17.255354 7 13 10000000.000000
17.426406 7 12 5000000.000000
18.285296 7 5 50000.000000
18.919926 7 3 30000000.000000
18.963380 7 11 80000.000000
19.458250 7 17 30000.000000
19.497779 7 5 10000.000000
19.620525 7 1 200000.000000
19.915657 7 18 80000.000000
22.378386 7 3 50000.000000
22.520225 7 7 80000.000000
22.902875 7 1 200000.000000
23.240247 7 16 10000.000000
23.407712 7 21 10000000.000000
23.620053 7 9 2000000.000000
23.965118 7 24 80000.000000
24.368359 7 20 200000.000000
25.037106 7 5 80000.000000
25.047050 7 14 10000.000000
25.933811 7 10 1000000.000000
26.581892 7 9 50000.000000
27.153057 7 4 10000000.000000
27.322314 7 13 10000.000000
27.630960 7 4 200000.000000
27.679296 7 25 200000.000000
29.933146 7 19 10000000.000000
0.467721 8 25 2000000.000000
0.524354 8 21 20000.000000
0.670636 8 16 1000000.000000
0.798370 8 11 50000.000000
1.945622 8 12 5000000.000000
1.954157 8 15 10000.000000
2.526373 8 8 30000.000000
2.610235 8 10 50000.000000
2.696195 8 7 10000.000000
2.989910 8 21 50000.000000
3.253088 8 9 200000.000000
3.330793 8 25 5000000.000000
3.657404 8 9 5000000.000000
3.852014 8 17 10000.000000
3.858821 8 26 50000.000000
4.496268 8 13 80000.000000
4.547183 8 18 200000.000000
4.570324 8 1 80000.000000
5.101353 8 2 2000000.000000
5.585830 8 11 10000.000000
5.984845 8 10 2000000.000000
6.277010 8 25 10000.000000
7.824993 8 8 2000000.000000
8.520203 8 14 5000000.000000
8.683254 8 17 10000.000000
9.042860 8 26 5000000.000000
9.391327 8 12 200000.000000
9.554115 8 12 10000.000000
10.583097 8 16 1000000.000000
10.644279 8 1 5000000.000000
11.903190 8 0 1000000.000000
11.938170 8 2 10000.000000
12.374115 8 1 5000000.000000
12.638294 8 15 5000000.000000
13.896569 8 4 10000.000000
14.306883 8 22 30000.000000
14.332038 8 3 1000000.000000
14.484300 8 22 2000000.000000
14.504639 8 7 2000000.000000
15.089096 8 5 5000000.000000
15.986649 8 23 30000.000000
16.104926 8 3 50000.000000
16.824136 8 18 50000.000000
16.934363 8 2 30000.000000
17.236263 8 6 20000.000000
17.246676 8 12 10000.000000
17.520316 8 12 50000.000000
18.171514 8 13 10000.000000
18.350546 8 17 50000.000000
18.616600 8 21 10000000.000000
18.912129 8 5 80000.000000
19.535655 8 14 200000.000000
19.767927 8 16 1000000.000000
20.073400 8 9 10000.000000
20.101034 8 8 50000.000000
20.278450 8 26 30000.000000
21.990676 8 24 1000000.000000
22.263148 8 1 80000.000000
22.615149 8 6 10000.000000
23.733817 8 12 80000.000000
23.852106 8 1 5000000.000000
24.714612 8 18 30000.000000
25.162257 8 11 2000000.000000
25.661980 8 5 10000.000000
26.729256 8 11 80000.000000
26.867170 8 1 5000000.000000
27.082686 8 21 5000000.000000
28.206720 8 14 200000.000000
29.777539 8 14 30000.000000
0.268770 9 1 80000.000000
0.357454 9 16 1000000.000000
0.365854 9 16 20000.000000
0.935372 9 8 5000000.000000
1.332464 9 18 30000.000000
1.382417 9 26 80000.000000
1.893956 9 0 5000000.000000
2.206892 9 6 5000000.000000
2.993659 9 3 10000.000000
3.048924 9 17 200000.000000
3.405394 9 24 1000000.000000
3.802823 9 23 50000.000000
4.588084 9 24 80000.000000
5.372517 9 3 80000.000000
5.981210 9 6 1000000.000000
7.468012 9 13 2000000.000000
7.737363 9 2 2000000.000000
8.172907 9 13 5000000.000000
8.218703 9 20 1000000.000000
8.814978 9 15 20000.000000
9.086097 9 24 30000.000000
10.363295 9 21 2000000.000000
10.396457 9 20 80000.000000
11.830228 9 21 50000.000000
13.055268 9 7 30000.000000
14.162246 9 20 50000.000000
14.289605 9 18 5000000.000000
14.328073 9 8 50000.000000
14.936626 9 12 5000000.000000
15.332091 9 16 5000000.000000
16.293886 9 7 10000.000000
16.953746 9 4 30000.000000
18.462889 9 9 10000.000000
18.750578 9 6 50000.000000
18.880053 9 0 5000000.000000
19.664083 9 19 2000000.000000
19.784604 9 14 1000000.000000
20.489231 9 11 30000.000000
21.110965 9 19 1000000.000000
21.137465 9 19 30000.000000
21.479929 9 22 80000.000000
21.516068 9 9 2000000.000000
21.968267 9 6 50000.000000
22.850889 9 18 30000.000000
23.165557 9 18 10000000.000000
23.524276 9 16 5000000.000000
23.703456 9 14 20000.000000
23.928413 9 24 50000.000000
24.097183 9 16 2000000.000000
25.113997 9 3 10000000.000000
25.298039 9 3 2000000.000000
25.637422 9 3 30000.000000
27.030146 9 3 30000.000000
28.070683 9 2 200000.000000
28.463831 9 25 1000000.000000
28.502540 9 11 50000.000000
29.605561 9 11 10000.000000
29.641072 9 12 10000.000000
29.660471 9 0 50000.000000
29.693675 9 14 30000.000000
0.559652 10 26 10000000.000000
1.375607 10 6 2000000.000000
1.450839 10 2 30000.000000
1.798827 10 14 5000000.000000
2.143085 10 23 50000.000000
2.651900 10 23 30000.000000
3.054772 10 18 10000.000000
3.063961 10 21 200000.000000
3.926320 10 20 200000.000000
4.487973 10 6 30000.000000
4.502042 10 22 200000.000000
5.130716 10 17 10000.000000
5.306059 10 5 5000000.000000
6.772874 10 1 200000.000000
7.055156 10 21 80000.000000
7.733003 10 13 10000000.000000
8.804208 10 8 80000.000000
9.076934 10 11 10000.000000
9.861070 10 12 80000.000000
9.886519 10 6 80000.000000
10.109350 10 20 50000.000000
10.259246 10 12 10000.000000
10.470758 10 8 2000000.000000
11.441958 10 12 2000000.000000
11.821709 10 7 30000.000000
12.824229 10 8 10000.000000
12.971375 10 3 30000.000000
13.193234 10 13 80000.000000
13.401328 10 16 30000.000000
13.547445 10 2 5000000.000000
13.782875 10 20 80000.000000
13.822880 10 19 50000.000000
13.885903 10 14 200000.000000
14.327253 10 17 30000.000000
14.461516 10 17 80000.000000
14.586323 10 13 5000000.000000
15.759204 10 4 10000000.000000
15.832981 10 12 5000000.000000
16.310656 10 10 80000.000000
16.798610 10 18 80000.000000
17.336331 10 20 20000.000000
17.352146 10 25 1000000.000000
18.203094 10 3 2000000.000000
18.271249 10 20 200000.000000
19.573993 10 15 30000.000000
20.235754 10 19 5000000.000000
22.185461 10 1 20000.000000
22.377713 10 15 30000.000000
22.382460 10 15 30000.000000
22.557019 10 19 5000000.000000
22.627281 10 6 30000.000000
23.029932 10 6 10000.000000
23.536192 10 20 10000.000000
24.649539 10 12 30000.000000
24.914184 10 20 10000.000000
25.207207 10 25 80000.000000
25.435221 10 20 50000.000000
27.978293 10 26 10000.000000
28.212665 10 24 30000.000000
28.274847 10 5 10000.000000
28.649903 10 4 10000.000000
29.996162 10 10 50000.000000
0.062115 11 26 50000.000000
0.129685 11 25 200000.000000
0.641930 11 19 10000.000000
2.760134 11 25 30000.000000
3.684142 11 23 2000000.000000
3.752748 11 25 10000000.000000
4.296058 11 0 80000.000000
4.954291 11 13 30000000.000000
5.669334 11 20 80000.000000
5.795704 11 23 1000000.000000
6.722703 11 24 200000.000000
8.013845 11 14 80000.000000
8.106483 11 3 10000.000000
9.096029 11 23 80000.000000
9.285859 11 23 2000000.000000
9.654939 11 18 50000.000000
10.047938 11 20 10000000.000000
10.960921 11 14 1000000.000000
10.982350 11 8 80000.000000
11.361887 11 15 5000000.000000
11.372324 11 22 10000000.000000
11.561647 11 15 200000.000000
11.683932 11 3 10000.000000
11.783027 11 21 50000.000000
11.902214 11 13 10000.000000
12.308690 11 14 80000.000000
13.890986 11 1 50000.000000
14.115156 11 10 10000.000000
14.527457 11 10 20000.000000
15.437501 11 18 30000000.000000
15.585591 11 17 80000.000000
15.939803 11 17 80000.000000
16.322256 11 26 50000.000000
16.439821 11 0 50000.000000
16.876276 11 23 20000.000000
17.023538 11 17 10000.000000
17.048158 11 8 10000.000000
17.089931 11 3 10000000.000000
17.126396 11 6 20000.000000
17.424778 11 12 20000.000000
18.493373 11 4 50000.000000
20.014207 11 9 5000000.000000
20.044880 11 16 1000000.000000
20.581039 11 16 200000.000000
20.646519 11 15 10000000.000000
20.809971 11 22 30000.000000
20.861762 11 16 80000.000000
21.999938 11 21 30000.000000
23.068659 11 12 80000.000000
24.017753 11 1 30000.000000
24.658926 11 15 5000000.000000
24.699211 11 15 30000.000000
26.265650 11 23 10000000.000000
26.878317 11 12 80000.000000
27.688588 11 22 10000.000000
28.559941 11 1 5000000.000000
28.784543 11 12 50000.000000
29.672654 11 10 10000.000000
29.698899 11 18 10000.000000
0.264799 12 18 10000000.000000
0.287808 12 22 50000.000000
0.528216 12 17 30000000.000000
1.916762 12 4 200000.000000
3.595843 12 6 2000000.000000
3.675839 12 10 50000.000000
4.174778 12 13 30000.000000
4.308957 12 15 2000000.000000
4.615412 12 16 1000000.000000
5.297506 12 10 2000000.000000
5.640850 12 3 5000000.000000
5.779734 12 4 50000.000000
6.165127 12 20 30000.000000
6.545719 12 3 10000.000000
6.653036 12 19 2000000.000000
7.835324 12 8 1000000.000000
8.271677 12 6 2000000.000000
8.295245 12 12 80000.000000
8.334874 12 10 50000.000000
8.373901 12 1 10000.000000
8.601205 12 11 10000.000000
8.719120 12 1 200000.000000
9.238334 12 5 1000000.000000
9.563175 12 16 5000000.000000
10.859962 12 17 1000000.000000
12.385703 12 12 80000.000000
12.528263 12 9 10000000.000000
12.712799 12 3 50000.000000
12.746362 12 23 10000.000000
12.798651 12 11 10000.000000
13.217338 12 6 10000.000000
13.363927 12 14 10000.000000
13.751294 12 2 5000000.000000
13.941566 12 14 1000000.000000
13.965467 12 21 10000.000000
14.044045 12 6 2000000.000000
14.082962 12 17 1000000.000000
14.569314 12 9 50000.000000
14.656268 12 24 20000.000000
14.695176 12 5 30000.000000
15.694382 12 18 50000.000000
16.483116 12 23 50000.000000
16.762394 12 13 10000.000000
16.808710 12 18 200000.000000
16.922525 12 11 200000.000000
17.686832 12 24 10000.000000
18.769429 12 1 200000.000000
19.045189 12 19 10000000.000000
21.474157 12 15 10000.000000
22.032331 12 20 10000.000000
22.232068 12 1 50000.000000
22.423550 12 10 30000.000000
23.373468 12 6 10000.000000
23.422281 12 18 10000000.000000
23.776305 12 22 50000.000000
23.859936 12 6 1000000.000000
24.360046 12 19 80000.000000
25.439154 12 2 200000.000000
25.472033 12 7 30000.000000
25.737085 12 14 2000000.000000
26.583033 12 1 50000.000000
26.592049 12 25 50000.000000
27.042356 12 16 10000.000000
27.567446 12 10 5000000.000000
27.951299 12 2 80000.000000
27.989821 12 20 50000.000000
28.689740 12 7 2000000.000000
28.944851 12 15 80000.000000
29.422849 12 11 2000000.000000
29.969765 12 22 10000.000000
1.161594 13 8 10000.000000
2.525754 13 8 80000.000000
2.875899 13 10 5000000.000000
5.403491 13 22 10000.000000
5.915443 13 19 20000.000000
6.056217 13 14 50000.000000
6.137724 13 15 5000000.000000
6.256346 13 1 1000000.000000
6.281396 13 18 10000.000000
6.290715 13 25 200000.000000
6.480113 13 20 80000.000000
6.564537 13 18 200000.000000
6.712951 13 21 200000.000000
6.961456 13 4 10000000.000000
7.228361 13 2 80000.000000
7.676853 13 0 80000.000000
8.020402 13 17 50000.000000
9.079389 13 0 10000000.000000
9.679497 13 23 10000.000000
9.913372 13 7 2000000.000000
10.403054 13 20 80000.000000
10.669494 13 15 5000000.000000
11.701058 13 22 5000000.000000
12.099966 13 2 20000.000000
12.276850 13 17 80000.000000
12.340444 13 12 2000000.000000
12.603576 13 8 10000.000000
12.632509 13 12 10000.000000
12.676673 13 0 5000000.000000
12.924362 13 13 200000.000000
12.954654 13 15 10000.000000
13.098024 13 2 30000.000000
13.257765 13 0 10000.000000
13.337425 13 22 30000.000000
13.551924 13 13 50000.000000
13.699726 13 17 5000000.000000
13.761769 13 1 10000.000000
13.831790 13 9 30000.000000
14.396929 13 11 1000000.000000
15.000338 13 26 10000.000000
15.041146 13 0 1000000.000000
15.071573 13 12 1000000.000000
16.213061 13 20 1000000.000000
16.235925 13 16 10000.000000
17.199140 13 2 20000.000000
17.301358 13 1 50000.000000
17.437479 13 4 20000.000000
17.773635 13 2 5000000.000000
18.334084 13 10 30000000.000000
18.761664 13 6 5000000.000000
18.839840 13 5 1000000.000000
19.014958 13 23 30000.000000
19.587235 13 18 80000.000000
19.680787 13 19 5000000.000000
20.251264 13 5 10000000.000000
21.028289 13 19 50000.000000
21.373144 13 23 2000000.000000
21.500789 13 3 80000.000000
21.647966 13 7 10000.000000
21.648420 13 15 30000000.000000
21.660604 13 10 80000.000000
21.970356 13 6 10000.000000
25.439388 13 8 10000.000000
26.944474 13 8 80000.000000
27.072388 13 5 10000.000000
27.087995 13 19 10000000.000000
27.704964 13 11 200000.000000
27.809018 13 6 80000.000000
28.181144 13 21 30000.000000
28.208393 13 9 1000000.000000
28.288897 13 21 50000.000000
29.643032 13 22 50000.000000
29.754408 13 22 10000000.000000
0.061504 14 23 200000.000000
0.337903 14 23 30000.000000
0.811599 14 2 50000.000000
0.865812 14 1 80000.000000
1.169250 14 10 30000000.000000
1.232042 14 5 80000.000000
1.690971 14 6 10000.000000
1.966704 14 22 50000.000000
2.119101 14 26 30000.000000
2.839714 14 4 50000.000000
3.162503 14 13 80000.000000
4.298095 14 8 1000000.000000
4.495520 14 3 50000.000000
4.592921 14 13 10000.000000
5.471018 14 8 10000.000000
5.643405 14 2 80000.000000
5.757657 14 0 1000000.000000
6.032264 14 6 50000.000000
6.605595 14 20 80000.000000
7.251453 14 4 10000.000000
7.424232 14 22 5000000.000000
8.011697 14 12 80000.000000
9.255825 14 25 20000.000000
9.446758 14 6 10000.000000
10.331390 14 19 5000000.000000
10.588826 14 18 2000000.000000
12.549523 14 13 20000.000000
12.695085 14 6 80000.000000
12.851484 14 17 50000.000000
13.538889 14 4 50000.000000
13.951915 14 16 1000000.000000
14.558954 14 3 2000000.000000
14.937018 14 20 10000.000000
15.027252 14 13 50000.000000
15.372041 14 6 5000000.000000
16.468612 14 23 1000000.000000
16.645414 14 16 10000.000000
16.889387 14 8 5000000.000000
16.911816 14 20 10000.000000
16.936061 14 0 20000.000000
17.149430 14 13 80000.000000
18.097637 14 23 30000.000000
18.173388 14 6 50000.000000
18.347908 14 6 30000.000000
18.392774 14 26 50000.000000
18.401894 14 22 2000000.000000
18.901336 14 6 10000000.000000
19.472794 14 10 50000.000000
19.669579 14 24 10000.000000
20.013149 14 2 20000.000000
20.047760 14 20 20000.000000
20.052798 14 25 5000000.000000
21.446678 14 22 80000.000000
21.980111 14 13 80000.000000
22.588703 14 10 2000000.000000
23.636163 14 6 10000.000000
23.945743 14 5 10000.000000
24.802750 14 2 80000.000000
25.161509 14 20 10000.000000
25.265457 14 8 1000000.000000
26.326549 14 18 5000000.000000
26.641771 14 24 10000000.000000
27.098061 14 6 200000.000000
27.163257 14 13 80000.000000
27.443433 14 9 10000.000000
27.522683 14 11 5000000.000000
28.350406 14 3 10000000.000000
28.382540 14 1 10000000.000000
28.608557 14 6 10000000.000000
28.708623 14 3 200000.000000
29.103115 14 0 30000000.000000
29.400088 14 18 80000.000000
29.413158 14 1 50000.000000
0.092157 15 22 80000.000000
0.942399 15 17 2000000.000000
2.617496 15 19 5000000.000000
2.796608 15 11 30000.000000
2.981252 15 11 80000.000000
3.200961 15 2 10000.000000
3.794558 15 10 10000.000000
3.928515 15 2 30000000.000000
4.249106 15 19 50000.000000
5.078235 15 9 20000.000000
5.704099 15 3 80000.000000
5.969914 15 12 1000000.000000
6.098882 15 10 5000000.000000
6.288177 15 6 1000000.000000
6.847455 15 23 20000.000000
6.940095 15 0 50000.000000
7.150739 15 7 80000.000000
7.264016 15 26 10000000.000000
7.376958 15 15 1000000.000000
7.627940 15 5 10000.000000
7.662461 15 0 10000.000000
8.018023 15 13 30000000.000000
8.395492 15 24 30000.000000
9.731918 15 10 1000000.000000
10.594666 15 9 10000000.000000
10.920042 15 25 80000.000000
11.181675 15 24 80000.000000
11.465555 15 25 50000.000000
12.223107 15 0 2000000.000000
12.511602 15 24 30000.000000
12.842763 15 0 200000.000000
13.044410 15 3 2000000.000000
13.211447 15 4 1000000.000000
13.452428 15 24 50000.000000
14.354008 15 1 50000.000000
14.581577 15 24 30000000.000000
14.932944 15 10 10000.000000
14.950354 15 1 2000000.000000
15.068616 15 4 30000000.000000
15.154044 15 12 80000.000000
15.178817 15 20 2000000.000000
15.531236 15 5 50000.000000
15.773218 15 25 10000.000000
15.803274 15 24 2000000.000000
16.467636 15 23 30000.000000
17.271332 15 11 50000.000000
17.428486 15 24 1000000.000000
17.669093 15 9 50000.000000
17.876039 15 6 2000000.000000
18.021096 15 25 20000.000000
18.224595 15 9 1000000.000000
18.291384 15 25 20000.000000
19.480185 15 1 2000000.000000
19.533038 15 4 1000000.000000
19.938967 15 16 2000000.000000
20.294814 15 24 1000000.000000
20.372649 15 20 1000000.000000
20.461740 15 26 10000000.000000
20.705383 15 21 30000.000000
21.448069 15 5 10000.000000
21.609297 15 12 2000000.000000
22.092271 15 8 50000.000000
22.362553 15 20 10000.000000
22.935769 15 26 30000.000000
23.276074 15 13 10000.000000
23.337767 15 11 1000000.000000
23.909184 15 14 20000.000000
23.974503 15 8 80000.000000
24.593211 15 15 1000000.000000
24.948416 15 10 10000.000000
25.840927 15 6 50000.000000
26.458053 15 3 200000.000000
26.500904 15 26 5000000.000000
26.573816 15 6 50000.000000
26.836517 15 4 20000.000000
27.070405 15 16 30000.000000
28.066292 15 17 10000.000000
28.793035 15 14 5000000.000000
29.004386 15 19 80000.000000
29.235494 15 14 1000000.000000
29.294923 15 4 200000.000000
29.492764 15 5 20000.000000
0.467067 16 24 10000.000000
0.617042 16 7 30000.000000
2.595935 16 3 30000.000000
3.160354 16 22 30000.000000
3.343195 16 14 30000.000000
3.385278 16 24 2000000.000000
3.832683 16 16 50000.000000
3.966778 16 22 2000000.000000
4.596875 16 4 10000.000000
4.881371 16 25 80000.000000
4.954890 16 13 1000000.000000
5.234677 16 4 10000000.000000
5.316955 16 19 5000000.000000
5.975837 16 16 200000.000000
6.150239 16 5 80000.000000
6.443584 16 5 50000.000000
6.542538 16 2 5000000.000000
6.588423 16 20 5000000.000000
6.673611 16 19 80000.000000
6.744450 16 4 5000000.000000
7.463491 16 13 10000.000000
9.136314 16 19 50000.000000
9.578933 16 21 30000.000000
9.598340 16 1 5000000.000000
9.851151 16 20 1000000.000000
10.203052 16 19 10000.000000
10.481907 16 6 10000.000000
10.760270 16 17 80000.000000
11.221136 16 3 2000000.000000
11.474189 16 12 80000.000000
11.787929 16 23 2000000.000000
12.314789 16 17 2000000.000000
13.324588 16 18 50000.000000
13.800286 16 4 5000000.000000
15.098356 16 26 5000000.000000
15.665004 16 5 10000.000000
15.755772 16 0 80000.000000
16.102218 16 9 30000.000000
16.300191 16 17 10000.000000
16.307723 16 9 1000000.000000
17.215225 16 16 80000.000000
17.566301 16 5 10000.000000
18.207468 16 14 80000.000000
18.651603 16 10 10000.000000
19.088901 16 8 80000.000000
19.362726 16 20 80000.000000
19.472524 16 1 5000000.000000
20.585268 16 18 10000000.000000
20.617105 16 21 50000.000000
20.654187 16 19 200000.000000
23.705752 16 10 1000000.000000
24.265803 16 26 1000000.000000
25.207532 16 0 10000.000000
25.408818 16 9 50000.000000
26.156526 16 9 10000.000000
26.661274 16 16 2000000.000000
27.222334 16 9 50000.000000
27.619459 16 20 10000.000000
27.621669 16 23 1000000.000000
27.965295 16 7 200000.000000
28.997601 16 15 1000000.000000
29.366779 16 13 80000.000000
29.685491 16 11 2000000.000000
0.359531 17 26 30000.000000
1.280965 17 5 30000.000000
1.477661 17 19 5000000.000000
1.750406 17 5 80000.000000
1.819018 17 3 30000000.000000
2.690478 17 17 10000.000000
2.760611 17 12 10000.000000
2.826131 17 9 50000.000000
3.165418 17 13 10000.000000
3.180593 17 2 10000.000000
3.613937 17 8 1000000.000000
4.365073 17 15 50000.000000
5.449693 17 7 200000.000000
6.073195 17 6 1000000.000000
6.728323 17 10 80000.000000
6.940804 17 2 10000000.000000
7.182189 17 17 10000.000000
7.600364 17 16 1000000.000000
7.983287 17 1 10000.000000
8.732672 17 17 10000.000000
8.888100 17 1 30000.000000
9.454863 17 12 10000000.000000
10.050999 17 11 10000.000000
10.205193 17 4 2000000.000000
10.433947 17 18 1000000.000000
10.520611 17 9 80000.000000
10.559943 17 9 2000000.000000
10.588173 17 4 80000.000000
10.675529 17 6 5000000.000000
10.823152 17 14 50000.000000
11.089327 17 6 10000.000000
12.138200 17 14 20000.000000
12.655894 17 3 10000.000000
12.735664 17 21 1000000.000000
13.219720 17 15 10000000.000000
13.298129 17 14 2000000.000000
13.746194 17 24 1000000.000000
14.015057 17 7 10000.000000
14.165956 17 10 1000000.000000
14.298041 17 22 10000.000000
14.633695 17 23 20000.000000
14.650811 17 0 1000000.000000
14.730549 17 7 10000000.000000
14.947348 17 11 30000.000000
15.027207 17 4 50000.000000
15.028118 17 19 30000.000000
15.538607 17 5 80000.000000
15.863042 17 22 2000000.000000
16.028903 17 15 50000.000000
16.106632 17 1 20000.000000
16.198948 17 18 80000.000000
16.248402 17 24 80000.000000
16.420338 17 4 30000.000000
16.800852 17 13 10000.000000
16.913276 17 22 50000.000000
17.123490 17 4 2000000.000000
17.155042 17 18 20000.000000
17.404095 17 24 10000.000000
17.771220 17 15 1000000.000000
17.837472 17 17 10000.000000
17.976408 17 24 50000.000000
17.989479 17 19 10000.000000
18.159737 17 20 5000000.000000
18.308599 17 26 5000000.000000
18.969957 17 4 10000.000000
19.313257 17 17 80000.000000
19.497518 17 5 200000.000000
19.861573 17 16 50000.000000
20.885193 17 25 200000.000000
21.115919 17 2 5000000.000000
21.672508 17 0 30000000.000000
21.834571 17 11 10000.000000
21.876149 17 6 200000.000000
22.566225 17 22 50000.000000
22.879271 17 23 2000000.000000
23.470901 17 13 30000.000000
24.111383 17 10 30000.000000
24.699426 17 11 80000.000000
24.919811 17 9 10000.000000
24.926063 17 7 2000000.000000
26.249937 17 26 5000000.000000
27.192628 17 14 10000000.000000
27.895235 17 17 50000.000000
28.355717 17 9 30000.000000
28.657416 17 5 1000000.000000
29.710238 17 8 50000.000000
0.322246 18 12 1000000.000000
0.876858 18 3 5000000.000000
0.986264 18 7 10000000.000000
1.175547 18 12 10000000.000000
1.733206 18 0 30000.000000
2.546156 18 12 50000.000000
2.643849 18 9 200000.000000
2.735324 18 8 1000000.000000
3.134574 18 22 10000.000000
3.420239 18 21 80000.000000
3.674057 18 13 2000000.000000
3.879833 18 4 50000.000000
4.905868 18 11 1000000.000000
5.325744 18 8 80000.000000
5.343521 18 3 1000000.000000
9.032134 18 0 200000.000000
9.080732 18 25 2000000.000000
9.135552 18 7 1000000.000000
9.859077 18 7 30000.000000
10.380121 18 24 5000000.000000
10.556190 18 23 5000000.000000
10.564500 18 11 80000.000000
10.872720 18 5 10000.000000
11.389179 18 13 10000.000000
11.980119 18 8 200000.000000
11.985049 18 0 2000000.000000
12.161238 18 15 80000.000000
13.751638 18 3 30000000.000000
14.810169 18 23 5000000.000000
15.352685 18 21 10000.000000
15.611061 18 16 5000000.000000
15.873805 18 3 80000.000000
16.812035 18 19 200000.000000
16.971581 18 25 30000.000000
17.028395 18 8 1000000.000000
17.053603 18 11 2000000.000000
17.680435 18 5 5000000.000000
17.730154 18 15 50000.000000
17.802796 18 15 80000.000000
18.625110 18 16 2000000.000000
19.029066 18 9 80000.000000
19.379544 18 23 5000000.000000
19.394543 18 26 30000.000000
19.503967 18 18 80000.000000
19.913260 18 15 50000.000000
20.557981 18 26 200000.000000
20.652531 18 1 1000000.000000
20.653297 18 9 2000000.000000
20.942986 18 7 200000.000000
21.207624 18 8 1000000.000000
21.395037 18 19 10000.000000
22.330912 18 24 30000.000000
22.356814 18 3 2000000.000000
22.374573 18 25 10000000.000000
22.589490 18 15 10000.000000
23.264278 18 21 1000000.000000
24.366018 18 9 2000000.000000
25.417629 18 16 80000.000000
25.977744 18 22 80000.000000
26.399776 18 8 80000.000000
26.814158 18 9 10000.000000
27.077163 18 4 200000.000000
27.130640 18 3 10000.000000
27.763533 18 19 10000.000000
28.191357 18 26 5000000.000000
28.199106 18 14 10000000.000000
28.727694 18 8 10000.000000
28.816497 18 5 80000.000000
28.898487 18 25 50000.000000
28.916261 18 9 80000.000000
28.943509 18 7 200000.000000
29.343911 18 4 10000.000000
29.445506 18 25 1000000.000000
0.585132 19 13 2000000.000000
0.839765 19 18 10000000.000000
1.647011 19 9 10000.000000
1.985672 19 22 10000000.000000
2.193612 19 0 2000000.000000
2.580943 19 5 10000.000000
3.473100 19 9 5000000.000000
4.903391 19 9 80000.000000
5.435549 19 0 10000.000000
5.952957 19 24 10000.000000
6.082112 19 23 5000000.000000
6.240946 19 9 50000.000000
6.477880 19 2 10000000.000000
6.793590 19 24 10000000.000000
7.134426 19 10 2000000.000000
7.324446 19 17 5000000.000000
8.295394 19 10 5000000.000000
8.692443 19 22 5000000.000000
8.907440 19 13 5000000.000000
9.064786 19 22 20000.000000
9.067854 19 5 50000.000000
10.254097 19 11 80000.000000
10.683769 19 9 5000000.000000
11.368517 19 15 80000.000000
11.514913 19 4 5000000.000000
11.711421 19 4 50000.000000
12.068444 19 13 80000.000000
12.278530 19 6 10000.000000
13.334043 19 8 10000.000000
14.078167 19 1 50000.000000
14.318754 19 21 10000.000000
15.184568 19 4 50000.000000
15.529024 19 4 20000.000000
15.693664 19 13 10000000.000000
16.049869 19 6 10000.000000
16.728698 19 9 2000000.000000
16.834227 19 13 10000000.000000
17.102687 19 14 10000.000000
17.434914 19 18 200000.000000
18.510227 19 9 1000000.000000
18.861258 19 21 30000.000000
19.245380 19 23 1000000.000000
19.278930 19 17 30000.000000
19.945208 19 1 30000.000000
20.467239 19 1 20000.000000
20.494522 19 6 50000.000000
20.706492 19 25 10000000.000000
20.743324 19 15 2000000.000000
21.356803 19 0 10000000.000000
21.556795 19 9 2000000.000000
22.248004 19 25 5000000.000000
22.759414 19 23 10000000.000000
23.704725 19 0 30000.000000
23.716557 19 11 10000.000000
23.833105 19 18 1000000.000000
23.911447 19 13 2000000.000000
23.983338 19 24 50000.000000
24.696355 19 9 1000000.000000
24.705920 19 18 1000000.000000
25.493164 19 17 200000.000000
25.585547 19 18 200000.000000
25.693620 19 3 1000000.000000
25.808463 19 24 1000000.000000
25.851235 19 24 30000.000000
26.106363 19 9 1000000.000000
26.196230 19 24 10000.000000
26.342484 19 2 1000000.000000
27.015363 19 8 5000000.000000
27.504647 19 20 200000.000000
27.664639 19 9 2000000.000000
28.882002 19 18 30000.000000
28.970345 19 13 2000000.000000
29.039993 19 26 80000.000000
29.052941 19 23 1000000.000000
29.054809 19 10 50000.000000
29.154323 19 25 10000.000000
29.214089 19 0 1000000.000000
29.459924 19 23 10000.000000
29.590927 19 25 10000.000000
0.266757 20 15 10000000.000000
1.763642 20 4 50000.000000
2.323042 20 3 2000000.000000
2.350281 20 22 10000.000000
2.358689 20 24 10000000.000000
2.394618 20 9 10000.000000
3.240996 20 15 200000.000000
3.926010 20 22 30000.000000
4.122100 20 10 5000000.000000
5.886522 20 12 2000000.000000
5.921200 20 1 10000.000000
6.165899 20 9 50000.000000
6.426304 20 2 200000.000000
7.005615 20 6 30000.000000
7.226558 20 0 30000.000000
7.281518 20 7 5000000.000000
7.376751 20 0 10000.000000
8.218598 20 17 30000.000000
9.219714 20 6 20000.000000
9.679919 20 20 10000.000000
10.556899 20 16 1000000.000000
10.606263 20 14 5000000.000000
11.141703 20 8 10000000.000000
11.836251 20 22 200000.000000
13.342512 20 10 10000.000000
13.879499 20 13 50000.000000
14.051833 20 19 80000.000000
14.540021 20 16 20000.000000
14.814117 20 10 1000000.000000
15.149647 20 9 1000000.000000
15.263737 20 5 5000000.000000
15.570463 20 4 2000000.000000
15.988594 20 17 1000000.000000
16.177257 20 15 10000000.000000
16.893371 20 22 30000000.000000
17.562998 20 16 200000.000000
17.982746 20 16 1000000.000000
18.936330 20 21 80000.000000
19.157073 20 19 200000.000000
19.476006 20 9 5000000.000000
19.914155 20 12 5000000.000000
20.686574 20 2 1000000.000000
20.702719 20 23 30000000.000000
20.879052 20 16 50000.000000
22.825011 20 20 50000.000000
23.453697 20 23 20000.000000
24.179347 20 4 10000000.000000
24.915382 20 9 50000.000000
25.079109 20 11 30000000.000000
25.842630 20 19 10000.000000
26.987295 20 11 50000.000000
27.938058 20 23 20000.000000
28.147894 20 17 10000.000000
29.045654 20 18 200000.000000
0.381694 21 11 1000000.000000
0.591897 21 0 50000.000000
1.617805 21 11 2000000.000000
1.637626 21 17 5000000.000000
3.019302 21 11 30000000.000000
3.316613 21 20 80000.000000
3.432970 21 5 1000000.000000
4.037891 21 18 1000000.000000
4.787629 21 5 200000.000000
5.382686 21 20 50000.000000
7.507982 21 14 5000000.000000
8.785575 21 1 10000.000000
10.058159 21 26 30000.000000
10.352141 21 19 1000000.000000
10.402734 21 19 80000.000000
10.914040 21 4 1000000.000000
11.298299 21 26 1000000.000000
11.525991 21 15 2000000.000000
11.623882 21 23 10000.000000
12.159965 21 24 20000.000000
12.191521 21 12 5000000.000000
12.274808 21 0 10000.000000
12.764015 21 6 50000.000000
12.814574 21 5 30000.000000
13.400273 21 9 30000.000000
13.736845 21 17 200000.000000
14.121236 21 5 20000.000000
14.231267 21 16 50000.000000
14.337713 21 20 10000000.000000
14.839944 21 25 50000.000000
16.929214 21 8 1000000.000000
17.514746 21 20 10000.000000
18.480633 21 23 10000.000000
18.932605 21 23 5000000.000000
19.042608 21 14 10000000.000000
19.081007 21 16 10000000.000000
19.144919 21 10 30000.000000
19.332856 21 11 2000000.000000
20.882081 21 24 2000000.000000
20.972160 21 6 80000.000000
21.133966 21 20 20000.000000
21.422372 21 8 10000.000000
22.156099 21 19 30000.000000
22.268092 21 7 30000.000000
23.487990 21 21 80000.000000
23.557653 21 18 1000000.000000
24.891000 21 24 2000000.000000
25.401750 21 15 10000.000000
26.641386 21 8 10000.000000
26.935684 21 17 1000000.000000
27.388198 21 21 10000.000000
28.065364 21 1 30000.000000
28.205097 21 12 80000.000000
28.532181 21 15 50000.000000
28.999059 21 7 1000000.000000
29.404560 21 21 30000.000000
29.829397 21 22 80000.000000
29.900969 21 3 20000.000000
0.986096 22 4 5000000.000000
1.221319 22 20 5000000.000000
2.033387 22 4 10000.000000
3.764929 22 17 10000.000000
3.924173 22 22 2000000.000000
3.941958 22 26 20000.000000
3.973998 22 21 80000.000000
4.012276 22 15 50000.000000
4.314499 22 23 5000000.000000
5.096496 22 14 50000.000000
5.664403 22 18 5000000.000000
5.824750 22 12 2000000.000000
6.452276 22 12 1000000.000000
6.572191 22 3 5000000.000000
6.879223 22 2 80000.000000
6.927655 22 26 5000000.000000
7.000016 22 5 10000.000000
7.147086 22 4 1000000.000000
7.306339 22 3 5000000.000000
7.348610 22 0 80000.000000
7.593287 22 4 2000000.000000
7.947568 22 17 10000.000000
8.468525 22 16 200000.000000
9.232490 22 19 50000.000000
9.260456 22 0 10000.000000
10.243786 22 15 50000.000000
12.724961 22 24 200000.000000
12.851974 22 21 80000.000000
13.527443 22 11 10000.000000
13.642852 22 21 80000.000000
13.717779 22 19 50000.000000
13.949178 22 19 10000000.000000
14.092880 22 1 1000000.000000
14.573684 22 7 10000.000000
15.260009 22 23 5000000.000000
15.639409 22 7 1000000.000000
16.061590 22 22 5000000.000000
16.072736 22 5 80000.000000
17.504091 22 9 200000.000000
19.218565 22 3 50000.000000
19.264942 22 25 1000000.000000
19.401113 22 6 30000.000000
19.902033 22 24 50000.000000
20.395651 22 10 200000.000000
20.636333 22 14 200000.000000
20.646288 22 11 200000.000000
20.698504 22 14 50000.000000
21.096602 22 20 5000000.000000
21.137715 22 5 1000000.000000
21.168369 22 25 10000000.000000
21.238333 22 12 200000.000000
21.355756 22 24 1000000.000000
21.931594 22 3 30000.000000
23.437014 22 24 2000000.000000
23.467093 22 4 200000.000000
24.141113 22 0 10000.000000
24.369808 22 13 10000000.000000
24.712880 22 14 200000.000000
25.007836 22 22 200000.000000
25.041697 22 7 30000.000000
25.538123 22 6 10000.000000
25.779671 22 21 1000000.000000
26.052808 22 11 5000000.000000
27.181334 22 14 10000000.000000
27.381129 22 19 30000000.000000
27.623878 22 23 200000.000000
28.885885 22 17 10000000.000000
28.958978 22 16 80000.000000
28.976658 22 11 10000000.000000
29.181959 22 11 80000.000000
29.456555 22 19 5000000.000000
29.752863 22 23 30000.000000
29.891124 22 6 50000.000000
0.165236 23 4 10000.000000
0.441588 23 12 10000000.000000
0.584614 23 0 10000.000000
1.477330 23 3 5000000.000000
3.648636 23 17 10000.000000
3.712790 23 13 30000.000000
4.491671 23 9 30000.000000
5.062206 23 5 50000.000000
5.393957 23 25 50000.000000
6.336353 23 15 1000000.000000
7.395493 23 22 30000000.000000
7.767827 23 7 80000.000000
7.933033 23 20 200000.000000
8.324433 23 7 10000.000000
8.342863 23 21 30000.000000
8.807225 23 5 1000000.000000
9.262115 23 4 30000000.000000
9.321851 23 26 2000000.000000
9.561819 23 15 20000.000000
10.352380 23 4 50000.000000
11.309043 23 11 50000.000000
12.414871 23 26 1000000.000000
12.497723 23 12 5000000.000000
12.701138 23 15 80000.000000
13.442357 23 16 2000000.000000
13.975962 23 4 10000000.000000
14.621072 23 7 1000000.000000
15.572111 23 7 5000000.000000
16.103925 23 26 10000000.000000
16.377609 23 23 80000.000000
16.635476 23 5 10000000.000000
17.243574 23 13 200000.000000
17.264444 23 24 30000.000000
17.333504 23 4 10000.000000
17.339849 23 20 80000.000000
17.434318 23 7 2000000.000000
17.615955 23 4 80000.000000
17.712664 23 14 10000000.000000
18.887851 23 4 80000.000000
20.039720 23 6 200000.000000
20.263991 23 10 10000.000000
20.626548 23 10 80000.000000
20.817312 23 26 80000.000000
20.926442 23 24 80000.000000
21.328979 23 9 2000000.000000
22.736701 23 24 10000.000000
22.828096 23 26 20000.000000
22.946040 23 14 2000000.000000
23.329876 23 11 10000.000000
23.473061 23 25 200000.000000
23.486363 23 20 20000.000000
23.920260 23 15 50000.000000
24.668770 23 5 1000000.000000
25.447971 23 4 10000.000000
26.041507 23 10 30000.000000
26.186473 23 20 50000.000000
26.963096 23 25 10000.000000
28.049799 23 16 200000.000000
28.335765 23 10 1000000.000000
28.339274 23 11 1000000.000000
28.470266 23 0 80000.000000
29.209753 23 12 2000000.000000
29.729538 23 7 10000000.000000
29.894478 23 13 30000.000000
0.230526 24 22 30000.000000
0.296807 24 2 30000000.000000
0.634154 24 22 200000.000000
0.765189 24 3 30000.000000
1.912424 24 8 1000000.000000
2.066139 24 26 50000.000000
2.303882 24 22 80000.000000
2.515510 24 17 5000000.000000
3.608102 24 12 10000.000000
4.444902 24 6 50000.000000
4.588938 24 25 5000000.000000
4.911677 24 19 30000.000000
5.245954 24 15 1000000.000000
5.424889 24 14 1000000.000000
5.936299 24 9 200000.000000
5.986182 24 8 200000.000000
6.049330 24 1 30000.000000
6.080610 24 10 80000.000000
6.417689 24 16 80000.000000
6.592099 24 12 1000000.000000
7.374676 24 25 10000.000000
7.397328 24 5 1000000.000000
7.445592 24 20 2000000.000000
7.895261 24 18 1000000.000000
8.077849 24 7 5000000.000000
9.314774 24 5 1000000.000000
9.432748 24 3 50000.000000
11.420559 24 19 20000.000000
11.452789 24 8 10000.000000
11.631580 24 8 2000000.000000
12.092275 24 7 2000000.000000
12.688321 24 11 10000.000000
13.169380 24 0 80000.000000
13.458188 24 20 10000000.000000
13.683408 24 12 10000.000000
13.787131 24 19 1000000.000000
15.520217 24 7 10000.000000
15.771323 24 8 20000.000000
16.053560 24 25 2000000.000000
16.370491 24 11 20000.000000
16.926693 24 12 50000.000000
17.053483 24 26 5000000.000000
17.846884 24 19 2000000.000000
18.515297 24 12 50000.000000
19.056896 24 26 50000.000000
19.288750 24 23 30000000.000000
20.214358 24 10 5000000.000000
22.190809 24 20 1000000.000000
22.605931 24 7 80000.000000
22.921826 24 4 2000000.000000
25.646956 24 8 1000000.000000
25.956427 24 8 5000000.000000
26.064414 24 0 20000.000000
26.262297 24 21 200000.000000
27.056495 24 21 80000.000000
27.779802 24 20 80000.000000
27.883409 24 26 200000.000000
28.710160 24 11 80000.000000
29.350734 24 0 5000000.000000
0.232485 25 24 2000000.000000
0.565474 25 6 5000000.000000
1.306313 25 11 5000000.000000
1.397750 25 6 2000000.000000
2.966599 25 4 1000000.000000
3.224037 25 6 1000000.000000
3.673868 25 10 10000.000000
4.440511 25 11 50000.000000
4.449740 25 19 10000.000000
5.194581 25 13 10000.000000
5.257192 25 25 10000.000000
5.791549 25 7 50000.000000
5.865597 25 2 2000000.000000
6.367674 25 0 80000.000000
6.410535 25 4 50000.000000
7.310673 25 16 200000.000000
7.414230 25 16 30000000.000000
7.894320 25 0 10000000.000000
8.138161 25 1 5000000.000000
9.643754 25 20 5000000.000000
9.825806 25 24 200000.000000
10.430614 25 19 30000000.000000
10.655221 25 3 2000000.000000
10.728769 25 4 200000.000000
10.829243 25 3 80000.000000
10.868333 25 14 80000.000000
11.768644 25 13 1000000.000000
13.104794 25 9 10000.000000
13.340704 25 7 10000000.000000
13.471763 25 18 1000000.000000
13.586730 25 10 5000000.000000
13.849550 25 17 10000.000000
14.030476 25 19 30000.000000
14.241892 25 26 2000000.000000
14.520572 25 1 1000000.000000
14.551580 25 3 20000.000000
14.812130 25 23 1000000.000000
15.627819 25 22 80000.000000
15.812192 25 15 200000.000000
16.447610 25 17 2000000.000000
16.786391 25 5 1000000.000000
17.382199 25 10 2000000.000000
17.481888 25 15 30000.000000
17.779804 25 22 20000.000000
18.738519 25 2 80000.000000
19.039667 25 11 200000.000000
19.232240 25 10 10000.000000
19.425217 25 0 50000.000000
19.989852 25 8 80000.000000
20.706900 25 11 200000.000000
20.796274 25 23 30000.000000
22.041045 25 24 30000000.000000
22.056437 25 16 10000000.000000
22.193234 25 24 5000000.000000
22.394569 25 7 10000000.000000
23.570530 25 12 30000.000000
23.786237 25 8 10000000.000000
23.985043 25 8 10000000.000000
24.065955 25 4 5000000.000000
24.158849 25 24 80000.000000
24.273872 25 7 80000.000000
24.559532 25 7 2000000.000000
24.635410 25 10 1000000.000000
25.233205 25 9 10000.000000
25.738071 25 22 30000.000000
25.840555 25 18 5000000.000000
26.247329 25 13 10000.000000
26.726602 25 15 5000000.000000
27.085265 25 24 30000.000000
27.218830 25 12 10000.000000
27.419755 25 16 2000000.000000
28.473223 25 22 5000000.000000
29.047783 25 25 5000000.000000
29.535213 25 10 80000.000000
29.609676 25 23 5000000.000000
0.121282 26 13 10000.000000
0.335737 26 4 10000000.000000
0.452169 26 10 10000.000000
1.006294 26 16 10000.000000
3.385606 26 12 2000000.000000
4.929150 26 17 10000.000000
4.979864 26 7 2000000.000000
5.942118 26 7 80000.000000
5.960397 26 11 10000.000000
6.089889 26 24 2000000.000000
6.504811 26 14 10000000.000000
6.605848 26 26 200000.000000
7.664421 26 0 5000000.000000
7.955454 26 1 10000.000000
8.858544 26 20 20000.000000
9.136043 26 6 30000.000000
9.887225 26 17 10000000.000000
10.131633 26 26 2000000.000000
11.006003 26 4 5000000.000000
11.252484 26 8 30000.000000
11.289931 26 4 20000.000000
11.429839 26 8 2000000.000000
13.058989 26 19 50000.000000
13.069868 26 11 10000.000000
13.592180 26 9 30000000.000000
14.347179 26 5 10000.000000
14.562104 26 12 10000000.000000
15.024458 26 10 2000000.000000
15.037013 26 22 1000000.000000
15.454407 26 12 10000.000000
16.041794 26 14 30000.000000
16.400753 26 21 10000.000000
17.063701 26 7 10000.000000
17.094830 26 21 30000.000000
17.254816 26 2 50000.000000
17.777938 26 16 10000.000000
17.853406 26 7 50000.000000
18.372012 26 6 80000.000000
18.377249 26 18 1000000.000000
18.427818 26 7 2000000.000000
19.162313 26 15 10000.000000
19.562237 26 1 10000.000000
19.597679 26 10 10000.000000
20.398265 26 2 50000.000000
20.881588 26 0 1000000.000000
22.224366 26 25 1000000.000000
23.559954 26 10 5000000.000000
23.722466 26 9 1000000.000000
24.249823 26 17 30000.000000
25.532618 26 7 10000.000000
25.615591 26 11 80000.000000
25.671352 26 14 200000.000000
26.350716 26 26 1000000.000000
26.595546 26 22 1000000.000000
26.627226 26 16 5000000.000000
26.906777 26 22 80000.000000
26.947829 26 20 2000000.000000
27.205715 26 10 10000000.000000
27.249841 26 23 5000000.000000
27.355576 26 3 1000000.000000
27.362926 26 4 2000000.000000
27.817525 26 1 10000000.000000
28.535580 26 10 10000.000000
29.197200 26 10 20000.000000
29.485341 26 18 80000.000000
29.911180 26 25 80000.000000
