0.105795 0 17 1500.000000
0.133458 0 9 1500.000000
0.319560 0 10 1500.000000
0.542511 0 6 1500.000000
0.820504 0 4 1500.000000
0.864465 0 23 3000000.000000
1.262509 0 9 3000000.000000
1.438680 0 21 3000000.000000
1.555803 0 24 1500.000000
1.736125 0 1 1500.000000
1.852177 0 11 200000.000000
1.899901 0 12 1500.000000
2.222400 0 12 1500.000000
2.336226 0 23 100000.000000
2.606033 0 7 200000.000000
2.759978 0 10 20000.000000
2.947665 0 1 1500.000000
3.618140 0 1 1500.000000
3.627706 0 11 1000000.000000
3.750399 0 21 100000.000000
3.775630 0 2 1000000.000000
3.955580 0 14 10000.000000
4.591927 0 12 200000.000000
5.413965 0 23 1500.000000
5.847268 0 11 1500.000000
6.652429 0 11 4000000.000000
6.917429 0 22 1500.000000
7.631083 0 10 100000.000000
8.034609 0 8 1500.000000
8.297632 0 20 1500.000000
8.335630 0 26 1500.000000
8.460430 0 18 100000.000000
8.538495 0 12 200000.000000
8.760796 0 1 1500.000000
9.519023 0 21 4000000.000000
9.548232 0 0 20000.000000
9.992119 0 19 100000.000000
10.070335 0 8 3000000.000000
10.357500 0 0 200000.000000
11.205752 0 19 100000.000000
11.313497 0 8 1500.000000
11.921433 0 13 1500.000000
11.954780 0 5 100000.000000
11.983051 0 15 1500.000000
11.987184 0 7 1500.000000
12.103544 0 6 1000000.000000
13.257428 0 12 1500.000000
13.452248 0 12 1500.000000
13.480386 0 22 1500.000000
13.727069 0 25 3000000.000000
13.811060 0 26 1500.000000
14.147954 0 2 100000.000000
14.708948 0 2 1500.000000
14.711958 0 0 1500.000000
15.266781 0 20 1500.000000
15.322064 0 20 1500.000000
15.453319 0 1 1500.000000
15.742892 0 9 1500.000000
15.871186 0 18 1500.000000
15.906121 0 24 4000000.000000
16.359574 0 7 1500.000000
16.541618 0 9 20000.000000
16.689582 0 17 100000.000000
16.829530 0 11 1500.000000
16.984497 0 14 1500.000000
17.522387 0 7 1500.000000
17.637422 0 24 10000.000000
17.965142 0 9 1500.000000
19.323611 0 9 100000.000000
19.821764 0 8 1500.000000
19.838727 0 23 1500.000000
19.854899 0 9 1000000.000000
19.885768 0 23 2000000.000000
20.253747 0 8 4000000.000000
20.600534 0 5 100000.000000
20.644377 0 17 1500.000000
20.682770 0 8 1500.000000
20.868576 0 26 4000000.000000
20.898841 0 26 10000.000000
21.096361 0 17 200000.000000
21.162401 0 19 1500.000000
22.245319 0 15 200000.000000
22.250549 0 23 4000000.000000
22.315141 0 6 1000000.000000
22.372010 0 1 3000.000000
22.421246 0 12 1500.000000
23.007041 0 4 3000000.000000
23.143219 0 10 1000000.000000
24.562573 0 18 10000.000000
24.677864 0 3 100000.000000
25.255215 0 12 1000000.000000
25.658589 0 14 3000000.000000
26.338296 0 8 3000.000000
27.222648 0 24 1500.000000
27.252885 0 23 3000.000000
28.167751 0 10 3000000.000000
28.531029 0 17 1500.000000
28.743586 0 10 10000.000000
28.817049 0 1 4000000.000000
29.131156 0 23 1500.000000
29.253060 0 8 200000.000000
29.643353 0 15 10000.000000
29.941007 0 8 1500.000000
1.115094 1 17 1000000.000000
1.200122 1 5 100000.000000
1.561907 1 22 200000.000000
1.880557 1 18 1500.000000
3.493458 1 16 1000000.000000
3.633689 1 11 3000.000000
4.359889 1 13 1000000.000000
5.411177 1 6 10000.000000
5.500366 1 17 1000000.000000
5.777535 1 0 200000.000000
5.984522 1 25 3000000.000000
6.557469 1 22 3000000.000000
6.635695 1 20 4000000.000000
6.734239 1 7 1500.000000
6.842394 1 10 4000000.000000
6.876039 1 23 1500.000000
7.495357 1 3 200000.000000
7.535025 1 26 1500.000000
8.245791 1 24 1500.000000
8.515726 1 13 10000.000000
8.613088 1 22 3000.000000
8.869082 1 16 1500.000000
9.279626 1 21 1500.000000
9.503616 1 10 1500.000000
9.913183 1 7 20000.000000
9.932385 1 1 1500.000000
10.031566 1 1 1500.000000
10.865395 1 4 1500.000000
10.869725 1 4 1500.000000
10.972459 1 20 1500.000000
11.469544 1 16 1500.000000
11.645130 1 20 4000000.000000
11.944034 1 23 1500.000000
11.977481 1 7 1000000.000000
12.146989 1 25 4000000.000000
12.736871 1 12 100000.000000
13.233077 1 19 100000.000000
13.287505 1 7 1500.000000
13.379110 1 1 200000.000000
13.850003 1 3 100000.000000
14.122861 1 17 200000.000000
14.313455 1 18 20000.000000
14.665765 1 5 4000000.000000
14.931083 1 13 1500.000000
15.006987 1 23 20000.000000
15.993336 1 2 20000.000000
16.069703 1 1 3000000.000000
16.098006 1 4 1500.000000
16.735547 1 3 10000.000000
16.961102 1 23 1500.000000
17.499093 1 22 10000.000000
18.083376 1 16 3000000.000000
19.379153 1 15 1500.000000
20.401057 1 5 200000.000000
20.918486 1 3 1500.000000
21.499518 1 3 1500.000000
21.515517 1 17 3000000.000000
23.102299 1 12 10000.000000
23.135173 1 17 4000000.000000
23.530723 1 21 10000.000000
23.687307 1 10 20000.000000
23.754177 1 14 200000.000000
24.083000 1 23 3000000.000000
25.395348 1 13 100000.000000
25.661456 1 20 3000.000000
26.004747 1 5 1000000.000000
26.695217 1 24 1000000.000000
26.847112 1 18 1500.000000
27.282856 1 19 4000000.000000
27.989180 1 7 3000.000000
28.274819 1 10 1500.000000
28.944065 1 5 3000000.000000
29.450162 1 6 200000.000000
29.497498 1 12 1500.000000
29.518653 1 4 4000000.000000
29.549133 1 15 100000.000000
29.856423 1 7 200000.000000
0.049486 2 3 1500.000000
0.324739 2 21 3000000.000000
0.617029 2 18 3000000.000000
0.839225 2 16 200000.000000
1.172015 2 7 1500.000000
1.383218 2 7 200000.000000
1.579575 2 14 3000000.000000
1.750705 2 0 4000000.000000
2.192942 2 11 1500.000000
2.206449 2 22 1500.000000
2.215463 2 26 1500.000000
2.521452 2 22 10000.000000
2.848449 2 2 4000000.000000
3.472097 2 22 1500.000000
4.218469 2 8 2000000.000000
4.407531 2 20 1000000.000000
4.910746 2 10 4000000.000000
5.037520 2 6 4000000.000000
5.743146 2 23 3000000.000000
6.319005 2 14 20000.000000
6.499597 2 24 1500.000000
6.858123 2 18 4000000.000000
7.273939 2 10 3000000.000000
7.319616 2 12 3000000.000000
7.369585 2 17 10000.000000
7.606002 2 15 1000000.000000
7.691156 2 13 100000.000000
7.750083 2 6 1500.000000
8.056101 2 14 100000.000000
8.107636 2 6 1500.000000
8.280665 2 20 20000.000000
8.379275 2 12 1500.000000
9.096110 2 7 4000000.000000
9.117488 2 21 1500.000000
9.360897 2 3 1000000.000000
9.806917 2 7 3000.000000
10.143469 2 18 10000.000000
10.242567 2 6 3000000.000000
10.428401 2 5 1500.000000
10.477054 2 0 4000000.000000
10.532398 2 3 3000.000000
11.257381 2 16 1000000.000000
11.317489 2 14 10000.000000
11.342211 2 5 1500.000000
11.409676 2 24 3000.000000
11.736672 2 2 4000000.000000
11.930850 2 4 1500.000000
12.151028 2 25 1500.000000
12.200491 2 22 1500.000000
12.349571 2 4 3000000.000000
12.461602 2 0 3000000.000000
12.717412 2 3 200000.000000
12.774609 2 25 100000.000000
13.012027 2 9 1500.000000
13.529036 2 17 3000000.000000
13.536739 2 3 3000000.000000
13.554325 2 14 3000000.000000
13.581388 2 26 200000.000000
13.592410 2 4 2000000.000000
13.744115 2 9 1500.000000
13.747953 2 9 3000.000000
14.049966 2 23 1500.000000
14.087810 2 15 1000000.000000
14.166979 2 14 10000.000000
15.422022 2 14 1500.000000
15.643903 2 24 1500.000000
15.865398 2 18 1500.000000
16.245173 2 11 3000000.000000
16.286804 2 26 3000000.000000
16.331478 2 24 3000000.000000
16.439383 2 9 200000.000000
16.641319 2 16 1500.000000
17.739002 2 24 3000000.000000
18.013535 2 14 1000000.000000
18.499132 2 25 10000.000000
18.500663 2 18 1500.000000
18.785572 2 24 2000000.000000
18.998654 2 21 1500.000000
19.423408 2 14 4000000.000000
19.467907 2 11 3000000.000000
20.123113 2 15 100000.000000
20.203349 2 20 100000.000000
20.528987 2 13 3000000.000000
20.586895 2 11 1000000.000000
20.956940 2 20 1500.000000
21.000931 2 8 100000.000000
21.108568 2 13 3000000.000000
21.274937 2 14 200000.000000
21.555354 2 17 1500.000000
21.566530 2 1 1500.000000
21.582534 2 14 100000.000000
21.589487 2 12 100000.000000
21.623659 2 12 1500.000000
22.022296 2 12 10000.000000
22.063615 2 19 100000.000000
23.151013 2 16 1000000.000000
23.174129 2 9 3000000.000000
23.198334 2 2 1500.000000
23.282956 2 19 1500.000000
23.514251 2 14 20000.000000
24.269732 2 26 200000.000000
24.369788 2 19 100000.000000
25.577928 2 24 100000.000000
26.078349 2 0 1000000.000000
26.262637 2 25 200000.000000
26.667996 2 8 100000.000000
26.957785 2 10 3000000.000000
27.422836 2 13 1500.000000
27.613941 2 15 4000000.000000
27.982963 2 10 200000.000000
28.145223 2 11 1500.000000
28.794958 2 19 100000.000000
28.952152 2 13 1000000.000000
29.178310 2 5 3000.000000
29.724728 2 12 1500.000000
0.562649 3 23 10000.000000
0.900080 3 19 4000000.000000
1.361542 3 17 4000000.000000
1.720792 3 23 1500.000000
1.767428 3 9 3000.000000
1.830369 3 19 1500.000000
2.323212 3 22 1000000.000000
2.798587 3 26 1500.000000
2.968111 3 2 1500.000000
3.661305 3 12 2000000.000000
4.409595 3 26 200000.000000
4.479823 3 16 1500.000000
4.653305 3 5 1500.000000
5.203759 3 1 200000.000000
5.716850 3 24 100000.000000
6.093853 3 8 200000.000000
6.183794 3 2 1500.000000
6.240735 3 10 100000.000000
6.736546 3 22 100000.000000
7.539687 3 9 100000.000000
7.664822 3 5 1500.000000
7.732717 3 26 10000.000000
8.175260 3 24 1500.000000
8.198523 3 14 1500.000000
8.536310 3 1 1500.000000
8.854198 3 16 100000.000000
9.190585 3 11 1500.000000
9.394740 3 7 1000000.000000
9.447313 3 8 1000000.000000
9.616563 3 5 2000000.000000
9.721276 3 26 1000000.000000
9.887465 3 26 1500.000000
10.200344 3 20 100000.000000
11.151842 3 9 3000000.000000
11.480526 3 20 200000.000000
11.491487 3 25 1500.000000
12.469042 3 14 1000000.000000
12.788051 3 4 4000000.000000
14.239019 3 12 200000.000000
14.386747 3 0 1500.000000
14.532753 3 6 3000.000000
14.615813 3 19 1500.000000
14.690570 3 11 3000000.000000
14.781647 3 11 200000.000000
15.052080 3 13 1500.000000
15.670802 3 14 10000.000000
16.087466 3 9 10000.000000
16.623044 3 3 1000000.000000
17.324744 3 1 200000.000000
17.596442 3 6 200000.000000
17.819951 3 9 20000.000000
17.978443 3 9 1500.000000
19.929148 3 7 10000.000000
20.772573 3 25 1500.000000
21.457257 3 20 20000.000000
21.500201 3 10 10000.000000
21.797050 3 20 1500.000000
22.308608 3 21 20000.000000
22.399324 3 7 1000000.000000
22.806041 3 24 3000000.000000
23.883180 3 11 1500.000000
24.065481 3 10 1500.000000
24.214267 3 14 20000.000000
24.220094 3 11 1500.000000
24.481677 3 4 100000.000000
24.628153 3 14 3000000.000000
25.453693 3 0 1000000.000000
26.270862 3 15 3000000.000000
26.430060 3 25 3000000.000000
26.847883 3 15 1000000.000000
26.864994 3 17 1500.000000
26.975510 3 22 1000000.000000
27.194229 3 17 4000000.000000
27.380364 3 4 200000.000000
27.461922 3 22 3000000.000000
27.513385 3 6 1500.000000
27.550901 3 2 1500.000000
27.761183 3 0 1500.000000
28.540447 3 8 4000000.000000
28.868864 3 9 3000000.000000
29.079743 3 18 2000000.000000
29.422240 3 4 1500.000000
29.538623 3 9 10000.000000
29.717157 3 15 200000.000000
29.948458 3 22 4000000.000000
1.083898 4 15 1500.000000
1.543018 4 19 1500.000000
2.081076 4 0 1500.000000
2.558072 4 16 1500.000000
2.584928 4 23 200000.000000
2.594908 4 23 3000.000000
3.046532 4 7 1000000.000000
3.316921 4 24 10000.000000
3.501101 4 20 4000000.000000
3.543510 4 23 4000000.000000
4.617838 4 7 4000000.000000
4.942592 4 15 1500.000000
5.299802 4 12 1000000.000000
5.730933 4 20 100000.000000
5.750582 4 22 3000000.000000
5.993705 4 9 3000000.000000
6.273455 4 5 1500.000000
6.390085 4 26 1500.000000
6.396908 4 16 4000000.000000
6.526851 4 26 1500.000000
6.560173 4 16 100000.000000
7.664932 4 19 1500.000000
7.810847 4 26 1500.000000
8.316524 4 8 1500.000000
8.338533 4 1 100000.000000
9.218428 4 10 3000000.000000
9.390888 4 9 20000.000000
9.564181 4 9 1500.000000
9.796471 4 2 4000000.000000
9.885285 4 15 1500.000000
10.049101 4 22 1000000.000000
10.523182 4 12 10000.000000
11.020701 4 4 20000.000000
11.054086 4 10 1500.000000
11.424933 4 6 20000.000000
11.709813 4 21 1500.000000
11.842939 4 10 3000000.000000
12.113125 4 24 3000.000000
12.131540 4 20 10000.000000
12.228846 4 17 1500.000000
12.450166 4 26 1500.000000
13.057819 4 18 100000.000000
13.344553 4 5 1500.000000
13.575508 4 7 1000000.000000
13.807287 4 7 3000000.000000
13.825389 4 9 1500.000000
13.922450 4 10 3000000.000000
14.184209 4 18 100000.000000
14.494757 4 11 100000.000000
14.866951 4 24 3000000.000000
15.214928 4 17 1500.000000
15.542313 4 2 1500.000000
15.596762 4 5 1500.000000
15.821599 4 26 10000.000000
16.394500 4 4 1000000.000000
16.567029 4 24 1000000.000000
16.589483 4 22 4000000.000000
17.037361 4 17 1000000.000000
17.213025 4 21 20000.000000
17.345710 4 12 1500.000000
17.840925 4 26 1500.000000
17.857299 4 9 4000000.000000
17.918286 4 5 1000000.000000
18.249529 4 12 100000.000000
18.514476 4 8 1500.000000
18.618255 4 7 3000.000000
18.879978 4 17 4000000.000000
19.424823 4 14 1000000.000000
19.445599 4 24 100000.000000
19.477164 4 26 1500.000000
20.334902 4 8 1000000.000000
20.523059 4 10 1500.000000
20.689782 4 1 1500.000000
21.046491 4 9 100000.000000
21.572366 4 15 2000000.000000
21.780506 4 3 1500.000000
21.862796 4 5 3000.000000
22.413400 4 12 4000000.000000
22.501217 4 2 200000.000000
23.164848 4 15 4000000.000000
23.820855 4 12 20000.000000
24.019425 4 24 1500.000000
24.619153 4 9 3000000.000000
24.853683 4 13 3000000.000000
24.906941 4 3 3000.000000
24.968771 4 24 200000.000000
25.067568 4 25 4000000.000000
25.304956 4 4 3000.000000
25.521022 4 24 200000.000000
25.531694 4 0 4000000.000000
26.231681 4 23 1500.000000
26.435045 4 4 1500.000000
26.448654 4 5 200000.000000
26.500246 4 16 200000.000000
26.603159 4 8 1500.000000
27.023528 4 23 1500.000000
27.600412 4 5 20000.000000
28.115896 4 11 1500.000000
28.168554 4 10 1000000.000000
28.768894 4 26 1500.000000
29.031418 4 10 20000.000000
29.735127 4 14 1500.000000
29.978283 4 20 1000000.000000
0.443536 5 23 1500.000000
1.073799 5 9 200000.000000
1.395578 5 8 3000000.000000
1.781569 5 5 1000000.000000
1.794389 5 12 10000.000000
1.948150 5 7 100000.000000
3.110710 5 23 1500.000000
3.838470 5 23 3000000.000000
4.085994 5 24 200000.000000
5.189347 5 6 1500.000000
5.319537 5 21 1500.000000
5.909037 5 5 1000000.000000
6.005563 5 9 200000.000000
6.136560 5 6 20000.000000
6.844540 5 1 1000000.000000
6.862360 5 20 1500.000000
6.891303 5 22 200000.000000
7.045792 5 0 200000.000000
7.267027 5 24 1500.000000
7.910587 5 20 100000.000000
8.047002 5 5 3000000.000000
8.562468 5 1 3000000.000000
8.676888 5 4 1500.000000
9.475038 5 25 1000000.000000
9.497397 5 19 1500.000000
9.498707 5 9 1000000.000000
9.946407 5 10 100000.000000
10.017190 5 13 1000000.000000
10.305645 5 8 1500.000000
10.385275 5 5 3000000.000000
10.695166 5 24 1500.000000
10.953882 5 13 200000.000000
11.414122 5 5 20000.000000
11.457450 5 0 3000000.000000
11.463707 5 23 1500.000000
11.854678 5 18 100000.000000
12.098840 5 26 1500.000000
13.049755 5 18 1500.000000
13.326341 5 10 1500.000000
13.392292 5 5 1500.000000
13.715302 5 10 10000.000000
14.094576 5 21 10000.000000
14.107040 5 7 1500.000000
14.818341 5 13 1500.000000
16.089108 5 16 4000000.000000
16.264890 5 4 1500.000000
16.499063 5 21 1500.000000
16.824640 5 10 1500.000000
16.983924 5 8 100000.000000
17.397658 5 7 1500.000000
18.440969 5 24 1500.000000
18.691228 5 22 1000000.000000
19.384461 5 11 1500.000000
20.109118 5 0 20000.000000
20.166068 5 19 3000.000000
20.200595 5 13 3000.000000
21.937416 5 24 4000000.000000
22.598249 5 22 3000000.000000
22.637129 5 15 100000.000000
22.851883 5 10 1500.000000
23.104472 5 20 10000.000000
23.407852 5 22 100000.000000
23.514453 5 20 200000.000000
23.605526 5 19 4000000.000000
24.143089 5 9 3000.000000
24.556498 5 10 1500.000000
24.692801 5 3 200000.000000
24.942334 5 3 1500.000000
25.439369 5 8 1500.000000
25.832219 5 25 4000000.000000
25.902793 5 13 3000.000000
26.143303 5 2 20000.000000
26.160187 5 18 200000.000000
26.391402 5 4 4000000.000000
26.535820 5 11 100000.000000
26.673233 5 4 1500.000000
26.971919 5 17 100000.000000
27.107195 5 8 1000000.000000
27.920852 5 25 1500.000000
28.308200 5 5 100000.000000
28.354467 5 4 3000000.000000
28.377623 5 3 10000.000000
28.415106 5 10 10000.000000
28.551436 5 0 1500.000000
28.824555 5 14 1500.000000
29.285097 5 18 3000000.000000
29.591211 5 25 1500.000000
29.743445 5 15 3000000.000000
29.988973 5 23 1000000.000000
0.264207 6 17 200000.000000
0.497406 6 23 4000000.000000
0.794806 6 16 4000000.000000
1.748276 6 10 200000.000000
2.777377 6 2 3000000.000000
3.321084 6 2 10000.000000
3.615951 6 21 200000.000000
3.768669 6 13 1500.000000
3.782212 6 19 3000000.000000
3.912550 6 8 1500.000000
3.944908 6 4 1000000.000000
4.359976 6 6 10000.000000
4.449296 6 0 200000.000000
4.892705 6 5 1500.000000
5.162512 6 10 1500.000000
5.229553 6 8 2000000.000000
5.539971 6 13 1500.000000
5.640218 6 10 100000.000000
5.757220 6 24 3000.000000
6.295581 6 5 1500.000000
6.736104 6 7 3000.000000
7.185041 6 12 1500.000000
7.286393 6 19 10000.000000
7.363402 6 25 1500.000000
8.142154 6 0 1000000.000000
8.331405 6 20 3000.000000
8.340656 6 17 1500.000000
9.135110 6 15 100000.000000
9.387917 6 20 100000.000000
10.145173 6 21 1000000.000000
10.870222 6 15 3000000.000000
11.357752 6 8 1500.000000
11.492082 6 24 3000000.000000
11.767127 6 9 1500.000000
12.272908 6 17 4000000.000000
13.292293 6 25 100000.000000
13.517047 6 10 20000.000000
13.546484 6 14 3000.000000
13.617739 6 14 1500.000000
13.635578 6 4 1000000.000000
13.720031 6 23 3000.000000
14.267611 6 7 1000000.000000
14.313047 6 2 100000.000000
14.810915 6 8 200000.000000
15.062509 6 21 4000000.000000
15.177072 6 20 1500.000000
15.226962 6 6 10000.000000
15.732973 6 0 1500.000000
16.612440 6 26 200000.000000
16.675160 6 2 1500.000000
17.679376 6 12 200000.000000
18.173387 6 19 10000.000000
18.576099 6 0 10000.000000
19.240682 6 4 1500.000000
19.824758 6 8 4000000.000000
19.948026 6 18 1500.000000
20.166440 6 10 100000.000000
20.757684 6 7 1000000.000000
20.867504 6 0 1500.000000
21.429773 6 14 1500.000000
21.878571 6 7 3000000.000000
22.091425 6 20 10000.000000
22.352610 6 25 100000.000000
22.597071 6 21 1500.000000
22.658849 6 8 1500.000000
23.597296 6 19 1500.000000
23.989606 6 13 10000.000000
24.414344 6 22 4000000.000000
24.729831 6 17 20000.000000
24.777786 6 6 3000000.000000
25.592113 6 12 4000000.000000
25.702715 6 19 1000000.000000
25.756766 6 13 100000.000000
25.950597 6 24 20000.000000
26.343857 6 19 4000000.000000
26.402416 6 23 20000.000000
26.450106 6 19 1500.000000
27.091025 6 18 100000.000000
27.632209 6 5 200000.000000
28.988669 6 20 20000.000000
29.162756 6 14 4000000.000000
29.537825 6 23 100000.000000
0.160088 7 12 4000000.000000
0.169382 7 19 1000000.000000
0.455537 7 22 1500.000000
0.587526 7 17 3000000.000000
0.904115 7 12 1500.000000
0.978656 7 3 20000.000000
1.500468 7 2 100000.000000
1.698267 7 0 100000.000000
2.292398 7 1 100000.000000
2.324000 7 26 3000000.000000
2.393211 7 8 1500.000000
2.890546 7 15 200000.000000
2.988695 7 20 1000000.000000
3.204873 7 15 100000.000000
4.139313 7 9 3000.000000
4.196743 7 24 200000.000000
4.341344 7 8 1500.000000
4.350514 7 13 1500.000000
4.353138 7 19 100000.000000
4.626729 7 0 1500.000000
4.766802 7 17 1500.000000
4.949225 7 19 100000.000000
5.067165 7 20 1500.000000
5.085068 7 18 3000.000000
5.100599 7 11 200000.000000
5.127308 7 3 1000000.000000
5.269577 7 25 1500.000000
5.341595 7 21 10000.000000
5.496632 7 5 100000.000000
5.658166 7 3 1500.000000
5.781776 7 10 1500.000000
6.037182 7 14 1500.000000
6.342875 7 21 10000.000000
6.475749 7 23 1500.000000
6.516951 7 8 1500.000000
6.694466 7 19 3000000.000000
7.146406 7 16 3000000.000000
7.373311 7 22 200000.000000
7.506278 7 9 1500.000000
7.587014 7 8 200000.000000
7.646147 7 9 3000.000000
8.354920 7 1 3000000.000000
8.728948 7 7 1000000.000000
8.781988 7 3 3000000.000000
9.572285 7 5 3000.000000
9.852953 7 16 1500.000000
9.969851 7 12 1500.000000
10.124591 7 23 10000.000000
10.536647 7 19 200000.000000
10.814009 7 10 1000000.000000
10.915913 7 21 200000.000000
11.023542 7 14 1500.000000
11.146757 7 18 4000000.000000
11.263840 7 24 1500.000000
11.490799 7 0 4000000.000000
11.647712 7 26 1500.000000
11.834680 7 5 1500.000000
12.027699 7 6 1500.000000
12.666590 7 23 4000000.000000
12.866573 7 25 3000000.000000
13.090326 7 22 100000.000000
13.126920 7 22 4000000.000000
14.467582 7 6 3000.000000
15.297532 7 3 3000000.000000
15.530078 7 16 100000.000000
15.590549 7 14 20000.000000
15.864746 7 9 1000000.000000
16.286150 7 9 1000000.000000
16.501087 7 26 100000.000000
16.708122 7 7 1000000.000000
16.749974 7 0 1500.000000
16.846392 7 9 1000000.000000
17.768836 7 7 100000.000000
17.875939 7 6 1500.000000
19.479235 7 4 200000.000000
19.572376 7 26 10000.000000
19.687607 7 23 1500.000000
20.104241 7 11 10000.000000
20.236142 7 18 3000000.000000
20.652178 7 5 1500.000000
20.700379 7 6 4000000.000000
21.161639 7 22 100000.000000
21.188140 7 20 1500.000000
21.490791 7 22 10000.000000
21.680746 7 15 1500.000000
21.814843 7 8 1500.000000
21.921276 7 24 200000.000000
22.221267 7 9 1500.000000
22.802265 7 11 1500.000000
23.764284 7 14 1500.000000
24.061702 7 25 1500.000000
24.133453 7 8 100000.000000
24.947933 7 2 1500.000000
25.199654 7 18 1500.000000
25.663885 7 24 1500.000000
25.667954 7 5 3000000.000000
26.023432 7 5 3000000.000000
26.202156 7 24 4000000.000000
26.218414 7 20 200000.000000
26.436766 7 23 4000000.000000
26.696945 7 10 1500.000000
27.189064 7 12 100000.000000
27.258428 7 26 3000000.000000
27.591575 7 2 20000.000000
27.717980 7 25 10000.000000
28.106838 7 20 3000.000000
28.127813 7 23 100000.000000
28.733554 7 12 1500.000000
28.950460 7 22 4000000.000000
29.397040 7 7 1500.000000
29.426453 7 26 1500.000000
29.902727 7 0 20000.000000
0.492243 8 1 1500.000000
0.576531 8 8 4000000.000000
0.686423 8 22 2000000.000000
1.168187 8 7 1000000.000000
1.221338 8 24 3000.000000
1.518300 8 3 1500.000000
1.676568 8 18 10000.000000
1.811029 8 12 1500.000000
2.042872 8 26 3000.000000
2.434553 8 18 100000.000000
2.895970 8 24 1500.000000
2.905453 8 21 1500.000000
3.008113 8 6 3000.000000
3.133895 8 5 1000000.000000
3.249723 8 3 1000000.000000
3.424125 8 4 1500.000000
3.705129 8 8 1500.000000
3.706519 8 20 200000.000000
3.949544 8 5 10000.000000
4.054917 8 26 3000.000000
4.091693 8 25 1500.000000
4.186851 8 4 100000.000000
4.984159 8 23 1500.000000
5.208477 8 22 10000.000000
5.437427 8 0 1500.000000
6.034793 8 6 4000000.000000
6.116997 8 22 1500.000000
6.232793 8 10 1500.000000
6.379158 8 18 3000000.000000
6.591458 8 13 2000000.000000
7.263759 8 10 3000000.000000
7.520704 8 19 4000000.000000
7.620460 8 19 3000.000000
7.950290 8 0 1500.000000
8.020687 8 18 20000.000000
8.278449 8 16 1500.000000
8.546001 8 6 1500.000000
8.560896 8 10 1500.000000
9.245355 8 25 1500.000000
9.405029 8 13 100000.000000
9.518446 8 25 1500.000000
11.142298 8 1 10000.000000
11.186985 8 9 200000.000000
11.308040 8 11 10000.000000
11.351213 8 16 1500.000000
11.948875 8 15 200000.000000
12.009715 8 20 200000.000000
12.701763 8 23 1500.000000
12.736068 8 25 1500.000000
13.117471 8 9 3000000.000000
13.860794 8 17 1500.000000
14.045786 8 10 3000.000000
14.193324 8 7 2000000.000000
14.346047 8 15 4000000.000000
14.621284 8 16 10000.000000
14.741747 8 21 1500.000000
15.302878 8 10 4000000.000000
15.600905 8 7 3000000.000000
15.790628 8 23 4000000.000000
15.900410 8 14 1500.000000
16.103403 8 21 1500.000000
16.172053 8 1 3000000.000000
16.231569 8 16 4000000.000000
16.331032 8 15 200000.000000
16.428374 8 26 10000.000000
17.450449 8 20 3000.000000
17.964911 8 1 1500.000000
17.966610 8 1 1500.000000
18.012918 8 13 10000.000000
18.595197 8 4 1500.000000
18.982403 8 7 200000.000000
19.034441 8 5 1500.000000
19.218079 8 9 1500.000000
19.325320 8 15 3000000.000000
19.350453 8 10 1000000.000000
19.443473 8 8 4000000.000000
19.561121 8 11 20000.000000
19.895844 8 24 1500.000000
19.981759 8 23 4000000.000000
20.121148 8 19 1500.000000
20.743806 8 26 3000000.000000
20.748955 8 16 1500.000000
20.972726 8 21 1500.000000
21.071804 8 26 3000000.000000
21.314609 8 23 1500.000000
21.672553 8 26 100000.000000
21.847979 8 17 1000000.000000
22.174633 8 20 1500.000000
22.416746 8 6 200000.000000
23.362306 8 10 1000000.000000
23.422143 8 17 100000.000000
23.758164 8 26 1000000.000000
24.048105 8 6 1500.000000
24.362812 8 6 100000.000000
25.481593 8 24 1500.000000
25.715737 8 2 4000000.000000
26.345150 8 16 1500.000000
26.655822 8 3 1500.000000
26.731047 8 13 1500.000000
26.971142 8 6 1500.000000
27.183404 8 21 1500.000000
27.365999 8 12 100000.000000
28.113043 8 26 1500.000000
28.142243 8 4 200000.000000
28.573902 8 20 100000.000000
28.856066 8 0 200000.000000
29.001696 8 11 200000.000000
29.247963 8 16 1000000.000000
29.315691 8 11 200000.000000
29.455426 8 8 3000000.000000
29.669233 8 25 100000.000000
0.189353 9 21 100000.000000
0.230964 9 22 3000000.000000
0.710093 9 24 10000.000000
0.730444 9 26 10000.000000
1.070744 9 18 1500.000000
1.118155 9 25 1500.000000
1.323669 9 25 3000000.000000
1.600364 9 15 3000.000000
2.221288 9 19 4000000.000000
2.461341 9 7 4000000.000000
2.853620 9 23 200000.000000
3.048847 9 7 1500.000000
3.575727 9 14 20000.000000
3.791434 9 12 1500.000000
4.486407 9 15 100000.000000
4.941072 9 11 1500.000000
5.497602 9 3 1500.000000
5.874629 9 7 20000.000000
5.919134 9 4 10000.000000
6.208109 9 20 4000000.000000
6.219747 9 21 1500.000000
6.423740 9 5 3000.000000
7.226468 9 21 10000.000000
7.400873 9 23 200000.000000
10.128740 9 17 1500.000000
10.797256 9 21 200000.000000
11.520412 9 15 3000000.000000
11.625601 9 3 1500.000000
11.821583 9 24 4000000.000000
11.832833 9 14 1000000.000000
12.274748 9 19 3000.000000
13.477284 9 23 200000.000000
14.141564 9 20 1500.000000
14.257583 9 12 2000000.000000
14.933734 9 15 200000.000000
14.947161 9 26 3000000.000000
15.138500 9 2 10000.000000
15.187827 9 3 100000.000000
15.420749 9 2 100000.000000
15.826600 9 26 3000000.000000
15.979293 9 23 10000.000000
16.162851 9 10 1000000.000000
17.095567 9 0 1000000.000000
18.047438 9 14 1000000.000000
18.189053 9 22 1500.000000
18.305302 9 0 1500.000000
18.453413 9 15 1000000.000000
18.463788 9 26 1500.000000
18.678289 9 4 1500.000000
19.853621 9 11 1000000.000000
20.104783 9 5 1500.000000
20.855332 9 19 1500.000000
21.171254 9 8 10000.000000
21.396069 9 10 200000.000000
21.806105 9 26 1500.000000
22.403112 9 7 10000.000000
22.436249 9 8 100000.000000
23.499583 9 22 3000000.000000
23.517742 9 8 3000000.000000
24.180157 9 12 1500.000000
24.180337 9 15 1500.000000
24.657616 9 7 100000.000000
24.821479 9 24 3000.000000
24.900774 9 17 3000000.000000
25.175341 9 6 200000.000000
25.560363 9 10 3000000.000000
25.562205 9 17 3000.000000
25.701321 9 24 200000.000000
25.889537 9 13 4000000.000000
26.523166 9 25 10000.000000
26.823694 9 6 1500.000000
27.061836 9 12 100000.000000
27.301675 9 12 200000.000000
27.893080 9 12 2000000.000000
27.982889 9 11 1500.000000
28.021380 9 2 10000.000000
28.144300 9 25 1500.000000
28.162834 9 19 1500.000000
28.184811 9 4 1500.000000
29.084189 9 2 1500.000000
29.136315 9 16 1000000.000000
29.275187 9 10 10000.000000
29.433982 9 4 3000.000000
29.634992 9 9 4000000.000000
29.725895 9 15 3000.000000
29.932610 9 8 3000000.000000
0.382808 10 2 2000000.000000
0.529920 10 25 1500.000000
0.886864 10 6 20000.000000
1.187607 10 12 3000000.000000
1.491401 10 24 3000.000000
3.520739 10 7 3000000.000000
3.764148 10 12 3000000.000000
3.777587 10 23 100000.000000
4.406295 10 14 1500.000000
4.578778 10 26 1500.000000
4.878664 10 26 1500.000000
5.752834 10 14 3000000.000000
5.841497 10 7 1500.000000
6.228444 10 10 1000000.000000
6.617001 10 20 1500.000000
7.390645 10 6 1500.000000
7.448392 10 0 1500.000000
7.761519 10 25 1500.000000
8.488253 10 3 1500.000000
8.684828 10 3 1500.000000
8.704770 10 14 3000.000000
8.776721 10 12 200000.000000
9.986988 10 14 1500.000000
10.168599 10 5 4000000.000000
11.004840 10 22 1500.000000
11.031741 10 20 1500.000000
11.038202 10 19 200000.000000
11.346470 10 25 200000.000000
11.362987 10 4 1500.000000
11.423699 10 11 10000.000000
11.543636 10 15 1500.000000
12.365744 10 8 3000000.000000
12.496093 10 10 3000000.000000
12.648681 10 11 4000000.000000
12.694764 10 21 10000.000000
12.957294 10 14 1000000.000000
13.647387 10 13 3000.000000
14.205509 10 13 1500.000000
14.535496 10 23 200000.000000
14.826954 10 18 1500.000000
15.046630 10 11 1000000.000000
15.070377 10 12 100000.000000
15.412727 10 8 1000000.000000
15.574766 10 19 3000000.000000
15.684803 10 23 200000.000000
15.712272 10 14 1000000.000000
15.807233 10 25 100000.000000
15.874152 10 16 1500.000000
16.001101 10 6 100000.000000
16.025310 10 22 1000000.000000
16.900119 10 4 1000000.000000
17.472700 10 14 3000000.000000
18.313188 10 13 10000.000000
18.396946 10 23 100000.000000
18.831489 10 7 1500.000000
19.724036 10 16 1500.000000
19.877102 10 5 1500.000000
20.768329 10 1 3000000.000000
21.009289 10 6 1500.000000
21.348657 10 4 4000000.000000
21.662954 10 2 4000000.000000
21.754982 10 3 1500.000000
22.249308 10 19 1500.000000
22.408468 10 9 10000.000000
22.893220 10 8 3000000.000000
23.411967 10 4 1500.000000
23.661066 10 18 1500.000000
24.121715 10 24 200000.000000
24.919244 10 24 1500.000000
25.197140 10 2 3000000.000000
25.287124 10 24 1500.000000
25.998971 10 13 1500.000000
26.034199 10 24 4000000.000000
26.059864 10 5 1500.000000
26.579184 10 12 3000.000000
26.922273 10 22 200000.000000
27.214573 10 5 4000000.000000
27.383106 10 4 4000000.000000
27.534745 10 17 1000000.000000
27.726778 10 1 100000.000000
28.126663 10 11 200000.000000
28.295628 10 16 1000000.000000
28.383407 10 18 100000.000000
29.148176 10 6 100000.000000
29.153641 10 6 200000.000000
29.706277 10 10 1500.000000
29.848360 10 15 3000.000000
0.142096 11 11 1500.000000
0.444083 11 15 200000.000000
0.529904 11 21 100000.000000
0.601036 11 14 200000.000000
0.725244 11 4 3000.000000
0.798416 11 14 100000.000000
1.043426 11 6 3000000.000000
1.301586 11 15 1500.000000
1.415702 11 7 1500.000000
1.426147 11 18 3000000.000000
1.662837 11 1 1500.000000
1.815660 11 9 200000.000000
1.847311 11 14 200000.000000
2.372055 11 20 1500.000000
2.415443 11 14 200000.000000
2.941856 11 25 1500.000000
3.247262 11 14 10000.000000
3.477571 11 15 1500.000000
3.569328 11 14 3000.000000
3.612912 11 24 200000.000000
4.297655 11 0 200000.000000
4.679925 11 20 1500.000000
4.805579 11 4 200000.000000
4.898966 11 19 1500.000000
5.757393 11 7 1000000.000000
6.059791 11 24 4000000.000000
6.131114 11 9 1500.000000
6.237769 11 9 1500.000000
6.250165 11 17 3000.000000
6.317218 11 26 200000.000000
6.360299 11 15 1500.000000
6.425021 11 18 4000000.000000
6.565618 11 11 1500.000000
6.736796 11 11 1500.000000
7.035845 11 14 3000000.000000
7.105864 11 10 10000.000000
7.221411 11 25 4000000.000000
7.659286 11 10 1500.000000
7.850295 11 11 4000000.000000
9.775895 11 3 1000000.000000
11.197290 11 2 100000.000000
11.287108 11 4 200000.000000
11.455603 11 13 1000000.000000
11.513727 11 13 1500.000000
12.137581 11 4 20000.000000
12.253373 11 23 1000000.000000
12.602521 11 9 1000000.000000
12.682704 11 10 2000000.000000
13.033874 11 10 100000.000000
13.204445 11 12 1000000.000000
13.386729 11 8 200000.000000
13.488884 11 0 1500.000000
13.615077 11 25 1000000.000000
13.870609 11 24 1500.000000
14.743942 11 14 1500.000000
14.758087 11 5 3000000.000000
14.958559 11 7 1500.000000
15.103771 11 17 3000.000000
15.249735 11 11 10000.000000
15.511911 11 12 200000.000000
15.512367 11 4 3000.000000
15.958135 11 12 200000.000000
16.009907 11 11 1500.000000
16.260170 11 12 1500.000000
16.314522 11 22 1500.000000
17.122018 11 7 100000.000000
17.434290 11 9 1500.000000
17.439644 11 25 100000.000000
17.483994 11 8 3000.000000
17.539752 11 6 1500.000000
17.603185 11 13 3000000.000000
17.896572 11 0 100000.000000
18.091874 11 10 3000000.000000
18.095511 11 2 100000.000000
18.160430 11 9 100000.000000
19.257109 11 15 1500.000000
19.363185 11 11 1000000.000000
19.813860 11 5 1500.000000
20.203842 11 12 3000000.000000
20.589382 11 6 200000.000000
21.658868 11 19 1500.000000
22.512109 11 0 1500.000000
22.709392 11 26 1500.000000
23.807184 11 25 4000000.000000
23.845417 11 11 1500.000000
23.847840 11 18 1500.000000
24.035964 11 4 3000.000000
24.173118 11 22 1500.000000
24.367370 11 14 1500.000000
24.455637 11 14 1500.000000
25.924378 11 16 100000.000000
26.576828 11 15 1500.000000
26.597892 11 18 1500.000000
26.736901 11 0 1500.000000
27.665175 11 26 3000000.000000
27.956384 11 1 200000.000000
28.376767 11 25 1500.000000
28.625719 11 9 1500.000000
28.740291 11 16 1500.000000
29.023337 11 10 4000000.000000
29.243099 11 0 1500.000000
29.294088 11 2 200000.000000
29.434184 11 25 1500.000000
29.766588 11 13 1000000.000000
29.778272 11 26 100000.000000
29.951100 11 15 100000.000000
0.346502 12 7 200000.000000
0.954134 12 20 1500.000000
1.463485 12 2 1000000.000000
1.567532 12 19 3000.000000
1.909435 12 5 1500.000000
2.150016 12 9 1500.000000
2.683088 12 26 10000.000000
3.017877 12 6 1500.000000
3.031455 12 4 1500.000000
3.390340 12 21 200000.000000
4.100566 12 6 1000000.000000
4.114486 12 4 3000000.000000
4.415155 12 26 1500.000000
4.487699 12 23 3000000.000000
5.250306 12 7 4000000.000000
5.646650 12 19 1000000.000000
6.099145 12 19 4000000.000000
6.924155 12 2 20000.000000
7.832996 12 23 200000.000000
7.903648 12 12 3000.000000
7.930613 12 19 4000000.000000
7.949101 12 21 1500.000000
8.054481 12 18 100000.000000
8.482460 12 24 3000.000000
8.859053 12 5 4000000.000000
8.992425 12 6 1500.000000
9.126784 12 20 10000.000000
9.310132 12 5 1500.000000
9.326191 12 16 200000.000000
9.649495 12 24 1000000.000000
10.703317 12 1 3000000.000000
11.355713 12 0 1500.000000
12.050227 12 7 100000.000000
12.460073 12 15 200000.000000
12.836049 12 13 1500.000000
13.004431 12 21 20000.000000
13.580581 12 11 1500.000000
13.705222 12 13 1500.000000
13.789148 12 20 1500.000000
13.925256 12 3 100000.000000
14.072615 12 23 20000.000000
14.366759 12 25 4000000.000000
15.430328 12 8 3000.000000
16.406627 12 14 100000.000000
16.790282 12 21 1000000.000000
17.204602 12 10 200000.000000
17.247590 12 22 3000000.000000
17.759151 12 22 100000.000000
18.471621 12 2 1500.000000
18.889285 12 22 1000000.000000
18.918898 12 0 4000000.000000
19.169886 12 25 20000.000000
19.263525 12 9 1500.000000
19.482573 12 7 1500.000000
19.582648 12 0 4000000.000000
20.214039 12 16 1000000.000000
20.496493 12 9 100000.000000
20.635377 12 18 4000000.000000
20.701293 12 7 3000.000000
20.831081 12 5 100000.000000
20.957419 12 22 1500.000000
21.216151 12 3 1000000.000000
22.605142 12 15 1500.000000
22.860924 12 8 1000000.000000
22.994261 12 24 1500.000000
23.595539 12 10 1000000.000000
23.916190 12 24 1500.000000
25.058957 12 2 100000.000000
25.534152 12 9 1000000.000000
25.851305 12 24 200000.000000
26.306151 12 10 100000.000000
26.472460 12 11 1500.000000
26.618501 12 17 200000.000000
26.753661 12 26 200000.000000
26.818364 12 13 1500.000000
26.890405 12 4 200000.000000
26.917055 12 25 10000.000000
27.061373 12 3 200000.000000
27.245267 12 10 1000000.000000
28.010016 12 19 100000.000000
28.177838 12 4 4000000.000000
28.523178 12 26 3000000.000000
29.348468 12 10 100000.000000
29.559793 12 24 1500.000000
1.066401 13 12 1500.000000
1.682277 13 8 1500.000000
1.715643 13 24 3000000.000000
1.780960 13 19 1500.000000
1.984523 13 0 3000000.000000
3.165408 13 0 1500.000000
3.441830 13 1 1500.000000
3.446730 13 26 1500.000000
3.642468 13 1 1500.000000
4.169712 13 12 200000.000000
4.583454 13 2 3000.000000
4.973163 13 25 1500.000000
5.415782 13 22 1500.000000
5.471835 13 13 1500.000000
5.615756 13 26 200000.000000
5.629743 13 4 10000.000000
6.658092 13 20 4000000.000000
6.668513 13 11 1000000.000000
7.730681 13 25 1500.000000
7.855008 13 20 10000.000000
8.019202 13 12 200000.000000
8.050362 13 16 10000.000000
8.701169 13 26 1000000.000000
9.292729 13 2 200000.000000
9.297919 13 22 1500.000000
9.538472 13 6 2000000.000000
9.684352 13 24 1500.000000
10.528182 13 9 100000.000000
10.595141 13 18 1500.000000
10.625041 13 19 2000000.000000
10.971546 13 21 1500.000000
12.085369 13 23 1500.000000
12.283146 13 13 1000000.000000
12.306915 13 21 3000000.000000
12.670532 13 16 3000.000000
12.890461 13 15 100000.000000
13.581940 13 25 1500.000000
13.697428 13 20 200000.000000
13.928629 13 25 3000000.000000
14.083964 13 2 10000.000000
14.394561 13 14 1500.000000
14.534866 13 8 3000000.000000
14.580853 13 2 3000000.000000
14.836361 13 25 4000000.000000
15.204616 13 2 4000000.000000
15.208639 13 16 1500.000000
15.316128 13 3 100000.000000
16.007949 13 16 100000.000000
16.028443 13 24 1500.000000
16.300223 13 6 1500.000000
16.352008 13 4 1500.000000
17.685396 13 4 10000.000000
17.832554 13 5 3000000.000000
17.852070 13 15 1500.000000
18.055017 13 8 4000000.000000
18.224817 13 2 3000.000000
18.459940 13 4 10000.000000
19.141962 13 12 1500.000000
19.683487 13 6 1500.000000
19.745540 13 5 4000000.000000
20.283114 13 17 3000000.000000
20.425487 13 9 200000.000000
20.987370 13 22 10000.000000
21.487459 13 14 1000000.000000
21.796854 13 26 1000000.000000
22.346667 13 7 3000.000000
22.463038 13 21 20000.000000
22.498714 13 21 1500.000000
22.533037 13 14 10000.000000
22.642300 13 7 1500.000000
23.678335 13 4 1500.000000
24.003061 13 7 200000.000000
24.045262 13 25 1500.000000
24.633381 13 5 3000000.000000
25.008427 13 8 1000000.000000
25.008752 13 1 1500.000000
25.055315 13 21 1500.000000
25.068831 13 7 20000.000000
25.203760 13 26 1500.000000
25.239426 13 25 1000000.000000
25.910006 13 5 3000000.000000
26.616046 13 6 100000.000000
26.681228 13 22 20000.000000
27.633647 13 3 1500.000000
27.763572 13 25 1000000.000000
27.865276 13 20 1500.000000
27.893662 13 25 3000000.000000
27.937149 13 0 10000.000000
28.205333 13 26 1500.000000
28.679532 13 17 3000000.000000
29.891555 13 5 1500.000000
1.471208 14 22 20000.000000
1.616454 14 8 1500.000000
2.072937 14 20 1500.000000
2.328844 14 24 1000000.000000
2.680212 14 10 1500.000000
2.980003 14 2 1000000.000000
3.722367 14 17 10000.000000
4.456499 14 21 1500.000000
4.622648 14 11 200000.000000
4.673244 14 9 1500.000000
5.204535 14 26 1500.000000
5.709095 14 11 3000000.000000
6.690800 14 9 100000.000000
6.733748 14 21 10000.000000
6.991762 14 6 10000.000000
7.199541 14 24 200000.000000
7.373101 14 19 4000000.000000
7.980993 14 4 10000.000000
8.188034 14 1 200000.000000
8.408278 14 21 1500.000000
8.566265 14 9 1500.000000
8.634046 14 5 1000000.000000
8.743377 14 26 1000000.000000
8.772545 14 25 3000.000000
8.775838 14 7 1500.000000
8.957917 14 20 1500.000000
9.213128 14 19 1500.000000
9.490516 14 22 4000000.000000
9.560072 14 3 1500.000000
10.129750 14 7 1500.000000
10.421070 14 10 3000000.000000
10.464964 14 0 200000.000000
10.772187 14 9 1000000.000000
11.519253 14 16 100000.000000
11.747000 14 11 1000000.000000
12.280438 14 10 4000000.000000
12.335449 14 11 3000000.000000
12.441016 14 24 1500.000000
12.561645 14 3 1500.000000
12.829355 14 26 10000.000000
13.456605 14 7 1500.000000
13.568129 14 5 100000.000000
13.898238 14 13 10000.000000
14.017309 14 7 1000000.000000
14.489321 14 23 3000.000000
14.627375 14 15 1500.000000
14.780916 14 7 10000.000000
15.198458 14 25 200000.000000
15.756410 14 25 100000.000000
15.959856 14 4 1500.000000
16.033971 14 2 200000.000000
16.227678 14 7 4000000.000000
16.646475 14 7 3000000.000000
16.739587 14 2 1500.000000
17.298791 14 16 3000.000000
17.494771 14 9 1500.000000
18.202466 14 15 4000000.000000
18.474104 14 13 1500.000000
18.869018 14 20 1000000.000000
19.137226 14 6 100000.000000
19.196403 14 12 100000.000000
19.887611 14 1 3000.000000
20.005530 14 16 3000.000000
20.088573 14 13 1000000.000000
20.423127 14 19 1500.000000
20.437635 14 2 3000000.000000
20.483976 14 9 1500.000000
20.675270 14 13 200000.000000
20.872033 14 19 100000.000000
22.000703 14 26 3000000.000000
22.242728 14 11 1500.000000
22.966400 14 6 1500.000000
23.074809 14 11 1500.000000
23.167306 14 16 1500.000000
23.302946 14 17 1000000.000000
23.599895 14 26 1500.000000
23.831948 14 7 4000000.000000
24.785910 14 10 3000000.000000
25.408103 14 5 20000.000000
25.570498 14 15 3000000.000000
25.671331 14 2 1500.000000
25.694798 14 23 4000000.000000
25.944782 14 21 100000.000000
26.682783 14 0 1500.000000
27.019764 14 4 100000.000000
27.936223 14 22 4000000.000000
27.965718 14 23 200000.000000
28.211389 14 4 3000000.000000
28.641567 14 14 1500.000000
29.108711 14 17 3000.000000
29.791023 14 16 20000.000000
0.081374 15 6 100000.000000
0.624943 15 22 3000000.000000
1.223794 15 24 1500.000000
1.418091 15 1 200000.000000
1.484733 15 13 1500.000000
1.676332 15 24 20000.000000
1.770319 15 3 1500.000000
1.893069 15 9 3000.000000
2.329259 15 5 1500.000000
2.548329 15 7 4000000.000000
2.576223 15 6 1000000.000000
2.900390 15 7 10000.000000
3.013547 15 0 1500.000000
3.046153 15 20 100000.000000
3.232136 15 15 1500.000000
4.370047 15 23 4000000.000000
4.775358 15 11 20000.000000
4.854199 15 16 3000000.000000
5.570421 15 8 1000000.000000
5.812759 15 15 1500.000000
6.240613 15 26 10000.000000
6.510724 15 10 1000000.000000
6.598665 15 4 1500.000000
7.807192 15 11 4000000.000000
8.063943 15 10 100000.000000
8.209265 15 15 1500.000000
8.220579 15 11 1500.000000
8.515059 15 16 4000000.000000
8.816003 15 5 1000000.000000
8.837079 15 6 100000.000000
8.907442 15 7 1500.000000
8.953680 15 4 10000.000000
9.380671 15 0 1500.000000
9.417595 15 21 1500.000000
9.816310 15 26 4000000.000000
9.883611 15 8 1500.000000
9.963973 15 11 4000000.000000
10.337707 15 6 10000.000000
10.803869 15 15 10000.000000
10.867513 15 14 200000.000000
11.010896 15 24 1500.000000
11.155916 15 20 3000000.000000
11.167715 15 13 1500.000000
11.256013 15 24 20000.000000
11.841119 15 23 3000000.000000
11.961445 15 1 1500.000000
11.989507 15 23 1500.000000
12.135666 15 16 10000.000000
12.188096 15 14 3000000.000000
12.742032 15 20 4000000.000000
12.797266 15 8 1500.000000
13.297410 15 1 1500.000000
13.376039 15 25 1000000.000000
13.976318 15 25 200000.000000
14.018666 15 13 100000.000000
14.022910 15 17 1500.000000
14.365204 15 20 1000000.000000
14.773439 15 8 1500.000000
14.918235 15 13 100000.000000
15.018691 15 14 4000000.000000
15.372598 15 15 3000000.000000
15.980969 15 18 3000.000000
16.229959 15 10 100000.000000
16.394240 15 12 1500.000000
16.613863 15 6 1500.000000
16.820839 15 1 1000000.000000
17.078735 15 12 1500.000000
17.247002 15 12 1500.000000
17.726715 15 26 200000.000000
18.015505 15 3 1000000.000000
18.037699 15 1 1500.000000
18.520397 15 12 1500.000000
18.828280 15 9 2000000.000000
18.875141 15 16 3000000.000000
19.193810 15 5 3000000.000000
19.888885 15 21 3000000.000000
20.244357 15 25 1500.000000
20.314652 15 9 200000.000000
20.837343 15 24 1500.000000
21.225359 15 22 3000000.000000
21.722343 15 15 1500.000000
21.814414 15 22 1500.000000
21.850899 15 15 1500.000000
21.975800 15 17 200000.000000
21.983384 15 7 1500.000000
21.984145 15 15 100000.000000
22.024071 15 2 4000000.000000
22.278636 15 7 1500.000000
22.719743 15 16 3000000.000000
22.891941 15 23 1500.000000
22.958353 15 6 1500.000000
22.992886 15 19 10000.000000
23.002698 15 7 1500.000000
23.618734 15 17 3000.000000
23.694025 15 22 1500.000000
23.788496 15 12 1500.000000
23.987727 15 9 1500.000000
24.021748 15 16 1500.000000
24.309290 15 20 3000000.000000
24.672825 15 16 1500.000000
25.139091 15 26 200000.000000
25.325427 15 14 200000.000000
25.562001 15 11 3000.000000
25.564704 15 2 4000000.000000
25.857797 15 8 1500.000000
26.266764 15 26 3000.000000
26.462366 15 20 1000000.000000
27.133730 15 23 1500.000000
27.191139 15 8 4000000.000000
27.348826 15 9 1500.000000
27.779415 15 15 3000.000000
28.116228 15 7 1500.000000
28.429076 15 7 1500.000000
28.440560 15 0 20000.000000
28.719792 15 19 100000.000000
29.199188 15 17 1500.000000
29.575938 15 11 200000.000000
29.612430 15 26 10000.000000
29.689673 15 16 3000.000000
1.445105 16 0 1000000.000000
1.680828 16 16 1500.000000
1.845689 16 16 1500.000000
2.262404 16 22 10000.000000
2.837646 16 4 10000.000000
3.104472 16 3 1500.000000
3.340602 16 0 1500.000000
3.551633 16 13 1500.000000
3.581130 16 11 200000.000000
3.588737 16 9 200000.000000
3.703233 16 25 200000.000000
3.861242 16 6 1500.000000
3.917774 16 10 1500.000000
4.155009 16 26 4000000.000000
4.608326 16 17 10000.000000
4.923293 16 26 10000.000000
4.933820 16 17 2000000.000000
5.294332 16 10 1000000.000000
5.343010 16 3 10000.000000
5.411254 16 12 3000000.000000
5.564375 16 2 100000.000000
5.795525 16 9 3000000.000000
6.122097 16 12 4000000.000000
6.822976 16 15 4000000.000000
7.012991 16 20 1500.000000
7.694479 16 13 200000.000000
7.788674 16 26 10000.000000
8.173416 16 13 4000000.000000
8.221663 16 26 1000000.000000
8.224212 16 23 10000.000000
8.586632 16 16 1500.000000
8.798717 16 1 2000000.000000
9.716815 16 0 10000.000000
9.794542 16 17 100000.000000
10.380326 16 22 1000000.000000
10.423420 16 26 1000000.000000
10.981759 16 22 4000000.000000
11.142645 16 16 100000.000000
11.205899 16 9 1500.000000
12.377918 16 9 4000000.000000
12.516595 16 17 1500.000000
12.720504 16 0 100000.000000
13.300952 16 4 1500.000000
13.424598 16 20 200000.000000
13.693237 16 14 20000.000000
14.156506 16 24 3000.000000
14.158412 16 13 1500.000000
14.492034 16 3 10000.000000
14.511779 16 26 1000000.000000
14.567109 16 22 3000.000000
15.208445 16 0 1500.000000
15.571546 16 7 3000000.000000
16.484698 16 8 1500.000000
17.322633 16 19 10000.000000
17.979684 16 5 1500.000000
18.271105 16 15 1000000.000000
18.574343 16 13 100000.000000
18.617034 16 18 4000000.000000
18.781445 16 17 3000000.000000
18.959389 16 9 3000000.000000
19.535668 16 17 200000.000000
20.200708 16 1 200000.000000
20.317318 16 21 10000.000000
21.194423 16 11 1500.000000
21.285119 16 2 200000.000000
22.263425 16 14 1500.000000
22.275693 16 16 1500.000000
22.439431 16 13 1500.000000
22.478750 16 7 1500.000000
22.691084 16 21 1500.000000
23.526142 16 24 1500.000000
24.206948 16 25 4000000.000000
24.251949 16 13 200000.000000
24.400176 16 6 1000000.000000
24.757350 16 21 20000.000000
24.961486 16 1 3000.000000
25.621750 16 11 3000000.000000
27.205865 16 20 3000000.000000
27.968406 16 22 1500.000000
28.441947 16 26 10000.000000
28.458684 16 26 1500.000000
28.638612 16 26 3000000.000000
29.526653 16 14 1500.000000
29.715158 16 19 4000000.000000
29.848906 16 7 1000000.000000
0.466805 17 23 1500.000000
0.620758 17 0 3000000.000000
0.675673 17 20 1500.000000
1.055347 17 4 100000.000000
1.056601 17 21 1500.000000
1.447934 17 3 3000000.000000
1.552489 17 0 1500.000000
2.108997 17 13 1500.000000
2.209430 17 21 20000.000000
2.550473 17 14 20000.000000
2.800092 17 21 3000000.000000
2.843942 17 12 1500.000000
2.996223 17 7 10000.000000
3.618395 17 10 3000000.000000
3.641357 17 10 1500.000000
3.703954 17 1 3000000.000000
4.036379 17 0 1500.000000
4.057155 17 6 1500.000000
4.147419 17 19 3000.000000
4.157022 17 24 3000.000000
4.190993 17 25 1500.000000
4.812678 17 13 4000000.000000
4.970133 17 5 1500.000000
4.992810 17 24 3000000.000000
5.034341 17 23 200000.000000
5.311695 17 24 4000000.000000
5.690657 17 2 4000000.000000
5.915820 17 15 2000000.000000
6.245174 17 25 10000.000000
6.634107 17 9 1000000.000000
6.663328 17 22 3000000.000000
6.883650 17 4 1000000.000000
7.182063 17 17 4000000.000000
7.631720 17 10 10000.000000
7.668075 17 25 1500.000000
7.765101 17 1 1500.000000
7.867832 17 13 1500.000000
8.086817 17 16 200000.000000
8.399912 17 3 3000000.000000
8.698665 17 22 1500.000000
8.901499 17 13 20000.000000
9.064593 17 22 100000.000000
9.207174 17 19 200000.000000
9.414729 17 15 3000000.000000
9.462654 17 15 100000.000000
9.740428 17 15 3000.000000
9.868351 17 13 1500.000000
10.428721 17 10 200000.000000
10.441728 17 7 1500.000000
10.740862 17 8 1500.000000
11.054849 17 6 4000000.000000
11.198121 17 23 100000.000000
11.367904 17 2 1000000.000000
11.406553 17 0 1500.000000
12.609884 17 15 3000000.000000
12.728006 17 11 1500.000000
12.765613 17 4 200000.000000
12.833468 17 23 3000000.000000
13.783515 17 22 1500.000000
14.086756 17 3 4000000.000000
14.694734 17 13 3000000.000000
15.195220 17 14 10000.000000
15.493330 17 15 100000.000000
15.588334 17 9 3000000.000000
16.079480 17 23 1500.000000
16.173617 17 21 4000000.000000
16.324036 17 15 1500.000000
17.025938 17 11 3000.000000
17.364198 17 20 1000000.000000
17.379929 17 13 200000.000000
17.515387 17 22 1000000.000000
17.795726 17 26 1500.000000
17.976380 17 8 4000000.000000
17.996732 17 12 1500.000000
18.199971 17 11 1500.000000
18.275895 17 19 100000.000000
18.552863 17 11 1000000.000000
18.894753 17 14 100000.000000
18.976439 17 10 1500.000000
19.007004 17 26 1500.000000
19.312113 17 2 2000000.000000
19.935174 17 25 1000000.000000
20.069668 17 12 100000.000000
20.076906 17 13 1500.000000
22.548252 17 9 3000000.000000
24.038456 17 18 1500.000000
24.318540 17 12 100000.000000
24.342876 17 4 200000.000000
24.482304 17 18 4000000.000000
24.491423 17 3 4000000.000000
24.588425 17 10 1000000.000000
24.954251 17 17 100000.000000
25.080201 17 7 200000.000000
25.288121 17 26 1500.000000
25.434214 17 0 20000.000000
25.762104 17 13 1500.000000
26.271318 17 9 10000.000000
26.518174 17 24 3000.000000
26.523838 17 25 1500.000000
26.625833 17 4 1500.000000
26.696979 17 15 1000000.000000
26.916102 17 11 1000000.000000
27.572593 17 2 3000000.000000
27.705721 17 0 1000000.000000
28.527164 17 11 1500.000000
28.549926 17 13 10000.000000
29.036404 17 14 1500.000000
29.737154 17 10 1500.000000
0.270921 18 7 1500.000000
1.037203 18 17 1500.000000
1.269108 18 25 1500.000000
1.490247 18 3 4000000.000000
2.629546 18 19 200000.000000
2.690633 18 6 1500.000000
3.174443 18 16 3000000.000000
3.272448 18 24 10000.000000
3.323256 18 21 1500.000000
3.557429 18 22 3000.000000
3.734479 18 3 20000.000000
3.811138 18 7 100000.000000
4.039916 18 14 3000.000000
4.165318 18 13 3000000.000000
4.297069 18 1 4000000.000000
5.414318 18 1 1500.000000
5.699912 18 12 1500.000000
5.704368 18 20 1500.000000
5.888874 18 11 200000.000000
6.087953 18 22 1000000.000000
6.170897 18 1 100000.000000
6.354209 18 26 1500.000000
6.447286 18 0 3000000.000000
6.503630 18 12 100000.000000
6.669864 18 22 1000000.000000
7.435328 18 7 3000000.000000
7.469443 18 18 1500.000000
8.091232 18 17 1500.000000
8.391209 18 1 3000000.000000
8.681100 18 11 1500.000000
8.890908 18 5 3000.000000
8.925793 18 26 4000000.000000
9.511641 18 21 1500.000000
9.804709 18 5 200000.000000
10.278791 18 4 3000000.000000
10.289897 18 3 200000.000000
10.330974 18 17 3000.000000
10.385110 18 13 3000.000000
10.904337 18 0 10000.000000
10.990745 18 17 3000000.000000
11.547847 18 10 10000.000000
11.649784 18 25 4000000.000000
12.354837 18 17 1500.000000
12.450608 18 11 1500.000000
12.564897 18 23 100000.000000
12.575143 18 10 1500.000000
12.630010 18 13 100000.000000
12.673750 18 8 1500.000000
13.958988 18 18 20000.000000
13.979949 18 18 10000.000000
14.020192 18 3 1500.000000
14.809391 18 6 3000000.000000
15.701540 18 13 3000.000000
16.004472 18 0 1500.000000
16.311935 18 22 200000.000000
16.377141 18 2 20000.000000
16.908339 18 20 20000.000000
16.913447 18 11 1500.000000
17.159732 18 4 1500.000000
17.523688 18 6 200000.000000
17.639277 18 23 4000000.000000
17.946106 18 19 4000000.000000
18.285081 18 26 1000000.000000
18.319568 18 22 1500.000000
18.870494 18 3 1500.000000
18.878415 18 17 1500.000000
19.525749 18 12 1000000.000000
19.721835 18 17 100000.000000
20.111317 18 5 1500.000000
20.130089 18 17 3000.000000
20.523497 18 13 200000.000000
20.751980 18 11 4000000.000000
21.148658 18 9 3000000.000000
21.927223 18 5 3000.000000
22.096402 18 23 200000.000000
22.171579 18 4 4000000.000000
22.618105 18 17 4000000.000000
22.992692 18 7 1500.000000
24.789895 18 1 10000.000000
25.234444 18 11 20000.000000
25.386057 18 9 1500.000000
25.430443 18 17 1500.000000
25.841797 18 14 100000.000000
25.846430 18 25 1500.000000
25.991247 18 13 1000000.000000
26.007638 18 26 100000.000000
26.270380 18 9 100000.000000
26.296592 18 21 200000.000000
26.332006 18 11 1500.000000
27.422467 18 10 1500.000000
27.957011 18 0 100000.000000
28.382816 18 5 200000.000000
28.495311 18 15 1500.000000
29.064855 18 22 2000000.000000
29.172808 18 19 1000000.000000
29.410719 18 0 3000.000000
29.734094 18 23 3000.000000
0.326626 19 1 1500.000000
0.788943 19 13 3000.000000
0.831473 19 20 1500.000000
1.172695 19 15 100000.000000
1.691892 19 15 1500.000000
2.004592 19 7 1500.000000
2.109599 19 21 100000.000000
2.235784 19 9 1500.000000
2.291795 19 16 200000.000000
2.822055 19 24 1500.000000
3.186935 19 15 3000.000000
3.413725 19 23 1000000.000000
3.555940 19 7 200000.000000
3.670406 19 21 20000.000000
3.843828 19 22 1000000.000000
4.024238 19 13 200000.000000
4.107426 19 6 1500.000000
4.410175 19 11 1500.000000
4.899978 19 15 1500.000000
6.166732 19 23 1000000.000000
6.487819 19 2 20000.000000
6.584861 19 1 1500.000000
7.029836 19 23 1500.000000
7.198751 19 6 1500.000000
7.550962 19 24 4000000.000000
7.634560 19 22 200000.000000
7.671342 19 20 1500.000000
7.904298 19 16 20000.000000
7.915537 19 12 3000.000000
7.956447 19 24 10000.000000
7.969501 19 6 3000.000000
8.029267 19 8 4000000.000000
8.244515 19 15 1500.000000
8.327628 19 1 1500.000000
8.491904 19 8 4000000.000000
8.918558 19 22 2000000.000000
9.005659 19 1 3000.000000
9.208272 19 1 1500.000000
9.253853 19 12 1000000.000000
10.304157 19 14 2000000.000000
10.304562 19 15 3000000.000000
11.262420 19 0 20000.000000
11.479208 19 6 1500.000000
11.523175 19 10 10000.000000
11.650961 19 16 20000.000000
11.783721 19 19 3000000.000000
11.823862 19 23 4000000.000000
12.158407 19 24 1500.000000
12.282824 19 9 1500.000000
12.852625 19 4 1500.000000
12.983678 19 11 200000.000000
13.182194 19 6 1500.000000
13.197801 19 2 1500.000000
13.328851 19 15 1500.000000
13.735246 19 20 1500.000000
13.847684 19 13 1500.000000
13.927335 19 18 1000000.000000
14.379849 19 7 1500.000000
14.430839 19 9 1500.000000
14.852236 19 21 1500.000000
15.176133 19 2 20000.000000
15.235204 19 26 1500.000000
15.512732 19 3 1500.000000
15.694927 19 0 10000.000000
16.310215 19 10 3000000.000000
16.385243 19 7 1500.000000
16.702754 19 20 200000.000000
16.930820 19 23 100000.000000
17.140269 19 0 3000000.000000
17.362491 19 26 1500.000000
17.436182 19 20 10000.000000
17.606983 19 7 1500.000000
17.796597 19 20 3000.000000
18.000724 19 24 1500.000000
19.248065 19 25 3000000.000000
19.937681 19 6 1500.000000
20.071543 19 21 1000000.000000
20.285980 19 5 1500.000000
20.553878 19 17 1000000.000000
20.635462 19 25 3000000.000000
21.793679 19 14 10000.000000
22.139282 19 10 200000.000000
22.504938 19 24 1000000.000000
22.616544 19 8 3000000.000000
23.195342 19 24 1000000.000000
23.519975 19 23 200000.000000
24.612462 19 9 1500.000000
24.638118 19 1 4000000.000000
24.766370 19 23 1500.000000
24.797507 19 21 1500.000000
25.078114 19 6 3000000.000000
25.237034 19 0 1500.000000
25.995900 19 21 1500.000000
26.298060 19 2 10000.000000
26.573580 19 15 3000000.000000
26.575965 19 0 10000.000000
26.659617 19 10 1500.000000
26.758714 19 16 3000.000000
27.135580 19 6 200000.000000
27.439917 19 21 200000.000000
27.539348 19 5 1500.000000
27.791064 19 9 1500.000000
28.016625 19 26 200000.000000
28.509660 19 21 3000.000000
28.994674 19 14 3000000.000000
29.395954 19 21 1500.000000
29.531643 19 4 100000.000000
29.998984 19 25 3000000.000000
0.114581 20 5 3000.000000
0.775809 20 25 3000000.000000
0.900534 20 5 100000.000000
1.006265 20 2 1500.000000
1.181468 20 25 1500.000000
1.996778 20 12 20000.000000
2.641509 20 15 1500.000000
2.846963 20 24 4000000.000000
3.075490 20 2 100000.000000
4.112455 20 12 1500.000000
4.575777 20 6 1500.000000
4.902291 20 12 4000000.000000
5.406639 20 0 200000.000000
6.002888 20 2 2000000.000000
6.020438 20 7 3000000.000000
6.262115 20 19 1000000.000000
6.429645 20 5 100000.000000
6.590395 20 22 100000.000000
7.034363 20 5 3000000.000000
7.042712 20 14 100000.000000
7.326883 20 4 100000.000000
7.689041 20 24 1000000.000000
7.740843 20 12 200000.000000
7.807975 20 2 2000000.000000
8.075889 20 5 1500.000000
8.476343 20 5 4000000.000000
9.347661 20 0 100000.000000
9.735153 20 9 100000.000000
9.964503 20 2 10000.000000
10.084973 20 21 10000.000000
10.402728 20 16 200000.000000
10.408377 20 11 1500.000000
10.579412 20 10 3000000.000000
10.896202 20 20 1500.000000
10.906882 20 9 3000.000000
10.960202 20 8 4000000.000000
11.221934 20 24 1500.000000
11.298028 20 6 1500.000000
11.743558 20 20 4000000.000000
12.187623 20 1 1500.000000
12.529788 20 2 1500.000000
12.587737 20 15 1500.000000
12.732791 20 13 1500.000000
13.203428 20 18 3000.000000
13.771072 20 25 3000000.000000
14.533971 20 3 20000.000000
14.565179 20 16 1500.000000
14.721982 20 25 100000.000000
14.810061 20 9 3000.000000
15.005994 20 3 1500.000000
15.319846 20 15 1500.000000
15.653952 20 5 1500.000000
15.873426 20 10 3000.000000
16.720590 20 26 20000.000000
16.873600 20 14 1500.000000
17.202699 20 18 1500.000000
17.851039 20 7 1500.000000
18.305851 20 7 1500.000000
18.396286 20 19 4000000.000000
18.612102 20 3 4000000.000000
18.690244 20 1 100000.000000
20.427176 20 10 200000.000000
20.687392 20 20 100000.000000
21.327481 20 21 1500.000000
21.331692 20 4 200000.000000
21.890226 20 10 1500.000000
22.579407 20 3 1000000.000000
23.265390 20 10 1500.000000
23.345726 20 4 4000000.000000
23.382105 20 6 4000000.000000
23.458137 20 11 200000.000000
23.921264 20 24 1000000.000000
24.434607 20 19 200000.000000
25.017896 20 6 1500.000000
25.151429 20 9 4000000.000000
25.437604 20 18 1000000.000000
25.595364 20 4 10000.000000
25.715325 20 21 200000.000000
25.895881 20 14 1000000.000000
25.942719 20 15 20000.000000
26.361664 20 1 1500.000000
26.537436 20 0 1000000.000000
26.735661 20 18 1000000.000000
28.059174 20 7 200000.000000
28.115639 20 10 3000000.000000
28.289394 20 20 1000000.000000
28.474880 20 10 1500.000000
28.810382 20 17 1000000.000000
28.856301 20 0 1000000.000000
28.929025 20 2 3000000.000000
28.981342 20 21 1500.000000
0.932615 21 24 1500.000000
0.945555 21 10 1500.000000
1.363965 21 11 1000000.000000
1.409275 21 22 100000.000000
1.516211 21 5 3000000.000000
1.851539 21 3 4000000.000000
2.811888 21 6 3000.000000
3.083110 21 21 200000.000000
3.088641 21 12 3000000.000000
3.753272 21 26 200000.000000
4.169904 21 14 200000.000000
4.509636 21 11 1500.000000
5.550579 21 16 1500.000000
5.635241 21 6 1500.000000
5.842286 21 26 1500.000000
6.030305 21 12 3000.000000
6.680349 21 4 1500.000000
7.164907 21 20 1500.000000
7.268513 21 9 4000000.000000
7.393295 21 21 1500.000000
7.414664 21 18 200000.000000
7.472820 21 14 1500.000000
7.526779 21 24 3000000.000000
7.636284 21 11 100000.000000
7.941408 21 18 3000000.000000
8.077869 21 3 3000000.000000
8.305250 21 25 1500.000000
8.455177 21 15 1500.000000
8.717735 21 5 100000.000000
9.037245 21 22 1500.000000
9.069604 21 12 20000.000000
9.146348 21 22 200000.000000
9.645319 21 20 100000.000000
10.343200 21 21 1500.000000
10.838625 21 10 200000.000000
11.062112 21 11 4000000.000000
11.183532 21 2 100000.000000
11.369415 21 14 4000000.000000
11.613663 21 22 200000.000000
11.690434 21 14 1500.000000
11.804985 21 14 3000000.000000
12.110416 21 8 20000.000000
12.273351 21 21 100000.000000
12.298284 21 4 1500.000000
12.665759 21 23 1500.000000
13.425923 21 9 4000000.000000
14.153705 21 24 1500.000000
14.695538 21 3 1500.000000
14.700346 21 9 20000.000000
15.104899 21 24 20000.000000
15.398085 21 2 100000.000000
15.614793 21 20 100000.000000
15.796870 21 22 10000.000000
15.894279 21 8 4000000.000000
15.945786 21 11 20000.000000
16.093141 21 20 1500.000000
16.227091 21 2 1500.000000
16.422869 21 15 3000000.000000
16.552111 21 3 20000.000000
16.618364 21 12 1500.000000
16.661530 21 9 200000.000000
16.793908 21 24 1500.000000
16.927991 21 14 1500.000000
17.113568 21 12 3000.000000
17.204757 21 24 20000.000000
17.308065 21 16 1500.000000
17.800463 21 7 3000000.000000
18.134925 21 8 1500.000000
18.388240 21 23 100000.000000
18.491398 21 9 4000000.000000
18.776873 21 1 1500.000000
19.196405 21 11 3000.000000
19.514981 21 20 1500.000000
20.330280 21 5 3000000.000000
20.919965 21 24 1500.000000
21.070713 21 12 100000.000000
21.149154 21 16 3000000.000000
21.166130 21 1 3000000.000000
21.321353 21 9 1500.000000
21.523001 21 0 100000.000000
21.767496 21 12 200000.000000
21.904882 21 11 1500.000000
21.950678 21 21 200000.000000
23.078721 21 10 1500.000000
23.293536 21 14 1500.000000
23.325820 21 2 200000.000000
23.637837 21 12 2000000.000000
23.821041 21 24 1500.000000
24.661842 21 2 3000000.000000
25.027193 21 18 3000000.000000
25.044249 21 8 1500.000000
25.153787 21 22 20000.000000
25.430345 21 12 1500.000000
25.612895 21 17 3000000.000000
25.777177 21 26 1500.000000
26.033989 21 5 1000000.000000
26.355967 21 1 20000.000000
26.395880 21 19 1500.000000
26.986374 21 3 3000000.000000
28.150092 21 1 2000000.000000
28.163320 21 0 200000.000000
28.275741 21 22 10000.000000
28.623700 21 17 1500.000000
28.667846 21 7 1500.000000
28.966814 21 0 3000000.000000
28.978609 21 24 1500.000000
29.189196 21 17 10000.000000
29.305998 21 11 3000.000000
29.409440 21 15 4000000.000000
29.561850 21 1 10000.000000
29.644232 21 24 1500.000000
29.950742 21 14 1000000.000000
0.117346 22 17 1500.000000
0.452023 22 21 3000000.000000
0.930723 22 14 10000.000000
0.985757 22 10 20000.000000
1.032935 22 15 200000.000000
1.169100 22 0 4000000.000000
1.526636 22 20 1500.000000
1.590257 22 19 1000000.000000
1.855615 22 21 4000000.000000
1.867840 22 7 1500.000000
1.993769 22 8 4000000.000000
2.417055 22 2 100000.000000
2.518759 22 9 1000000.000000
3.171062 22 16 4000000.000000
3.955092 22 14 2000000.000000
5.080754 22 21 200000.000000
5.131687 22 15 1000000.000000
5.293038 22 24 4000000.000000
5.507679 22 15 200000.000000
5.660365 22 6 1000000.000000
6.033225 22 8 3000000.000000
6.497107 22 15 1500.000000
6.935065 22 2 1500.000000
6.995771 22 10 4000000.000000
7.211223 22 13 3000000.000000
7.525457 22 23 1500.000000
7.582387 22 10 1500.000000
7.656581 22 23 200000.000000
7.736997 22 17 1500.000000
7.980182 22 4 3000000.000000
9.404125 22 22 10000.000000
9.529498 22 25 1500.000000
9.656680 22 18 1500.000000
9.953547 22 2 3000.000000
10.095867 22 8 100000.000000
10.148686 22 15 200000.000000
10.179160 22 3 1500.000000
10.463285 22 6 10000.000000
10.513090 22 16 1000000.000000
10.670175 22 17 2000000.000000
11.356567 22 24 100000.000000
11.989343 22 12 3000.000000
12.149428 22 11 1000000.000000
12.451444 22 4 100000.000000
12.585084 22 0 1500.000000
12.634766 22 10 200000.000000
12.685505 22 22 4000000.000000
12.904415 22 21 20000.000000
13.003113 22 20 3000.000000
13.524571 22 25 3000.000000
14.379999 22 20 20000.000000
14.802138 22 7 10000.000000
14.907564 22 22 3000000.000000
15.009545 22 17 3000.000000
15.926828 22 19 2000000.000000
18.027705 22 2 1500.000000
18.073261 22 20 1500.000000
18.260364 22 1 100000.000000
18.368479 22 1 1000000.000000
18.701323 22 26 4000000.000000
19.208946 22 3 100000.000000
19.390696 22 12 1000000.000000
19.447253 22 7 10000.000000
19.588625 22 17 1500.000000
19.657236 22 8 200000.000000
19.862312 22 7 3000000.000000
20.607438 22 18 1500.000000
21.402077 22 3 3000.000000
21.533333 22 5 1500.000000
21.631235 22 18 1500.000000
21.727393 22 17 10000.000000
22.311623 22 3 1500.000000
22.608461 22 23 200000.000000
22.712656 22 9 4000000.000000
24.241786 22 0 4000000.000000
24.733166 22 15 3000000.000000
24.737944 22 8 100000.000000
24.845952 22 18 1500.000000
24.980993 22 24 10000.000000
25.196724 22 5 3000000.000000
25.216269 22 13 3000000.000000
25.376007 22 23 200000.000000
25.883066 22 15 1500.000000
26.018371 22 11 1500.000000
26.375673 22 10 3000000.000000
26.785018 22 7 1500.000000
27.252748 22 11 1000000.000000
27.283741 22 16 4000000.000000
27.302856 22 21 10000.000000
27.423675 22 22 200000.000000
27.544945 22 24 3000000.000000
27.654139 22 13 4000000.000000
27.945629 22 0 1000000.000000
28.266502 22 20 1500.000000
28.333667 22 19 1500.000000
28.503785 22 19 2000000.000000
28.597889 22 26 1500.000000
28.715294 22 4 200000.000000
28.723132 22 4 200000.000000
28.831572 22 8 10000.000000
29.354404 22 7 10000.000000
29.618902 22 4 3000000.000000
29.733536 22 15 1500.000000
29.820253 22 15 1500.000000
29.969329 22 8 1500.000000
0.177923 23 8 1500.000000
0.754395 23 26 2000000.000000
0.968372 23 26 1500.000000
1.180477 23 5 1500.000000
1.444702 23 2 1500.000000
1.478211 23 23 1500.000000
1.746511 23 23 200000.000000
2.210517 23 9 200000.000000
2.709698 23 10 1500.000000
3.090385 23 5 100000.000000
3.147747 23 17 3000000.000000
3.946282 23 12 1000000.000000
4.537631 23 19 1500.000000
4.757863 23 20 200000.000000
4.829650 23 15 200000.000000
5.854158 23 23 3000.000000
6.338375 23 23 200000.000000
6.587962 23 7 1500.000000
6.606359 23 16 1500.000000
6.808816 23 20 1500.000000
6.964218 23 3 1000000.000000
7.123045 23 12 200000.000000
7.430368 23 2 1500.000000
7.623207 23 16 1000000.000000
8.243709 23 13 200000.000000
8.683841 23 9 1000000.000000
9.131342 23 6 1500.000000
9.311692 23 3 1500.000000
9.317206 23 26 20000.000000
9.621524 23 12 1500.000000
9.674341 23 14 3000.000000
10.828749 23 16 10000.000000
11.479585 23 25 1000000.000000
11.785636 23 10 4000000.000000
12.158875 23 3 100000.000000
12.784056 23 5 200000.000000
12.862285 23 10 3000000.000000
13.010113 23 22 1000000.000000
13.907049 23 16 200000.000000
15.058630 23 2 200000.000000
15.922816 23 6 1500.000000
17.665534 23 23 1500.000000
18.055063 23 10 3000000.000000
18.084452 23 17 100000.000000
18.391025 23 12 20000.000000
18.782474 23 2 100000.000000
18.859522 23 26 1500.000000
18.990301 23 14 1500.000000
19.228497 23 20 1500.000000
19.793409 23 0 200000.000000
19.827900 23 17 100000.000000
19.925094 23 2 200000.000000
20.255314 23 0 200000.000000
20.291473 23 17 3000.000000
20.570999 23 26 3000.000000
20.977228 23 9 1500.000000
21.130405 23 9 3000000.000000
21.367133 23 23 1500.000000
21.470485 23 20 100000.000000
21.792712 23 19 1500.000000
22.050048 23 20 1500.000000
22.062527 23 20 1500.000000
22.261087 23 18 1000000.000000
22.298769 23 22 4000000.000000
22.307004 23 21 1500.000000
22.537147 23 23 1500.000000
22.689850 23 17 10000.000000
23.084426 23 6 100000.000000
23.103728 23 1 1500.000000
23.122464 23 13 10000.000000
23.665105 23 21 1500.000000
23.710462 23 11 10000.000000
23.889099 23 16 200000.000000
23.899221 23 13 1500.000000
25.011724 23 26 100000.000000
25.325776 23 20 3000.000000
25.353440 23 20 200000.000000
25.389837 23 1 1500.000000
25.618806 23 26 10000.000000
25.696377 23 0 4000000.000000
25.763115 23 9 1500.000000
25.799422 23 25 100000.000000
26.192392 23 0 1000000.000000
26.224875 23 6 1500.000000
26.364493 23 6 1500.000000
26.524151 23 18 1500.000000
26.934360 23 3 1500.000000
27.320860 23 9 200000.000000
28.165930 23 25 1500.000000
28.264459 23 23 1500.000000
28.386227 23 5 1500.000000
28.877372 23 6 1000000.000000
29.244532 23 7 1500.000000
29.309788 23 15 4000000.000000
0.192321 24 20 1500.000000
0.704182 24 20 4000000.000000
1.336573 24 1 1000000.000000
1.375235 24 2 200000.000000
1.392601 24 1 1500.000000
1.847374 24 8 1500.000000
1.883910 24 6 1500.000000
2.265195 24 13 1500.000000
2.468973 24 6 1500.000000
3.030480 24 7 4000000.000000
3.220091 24 23 4000000.000000
3.345706 24 7 1500.000000
4.442432 24 24 3000000.000000
4.759570 24 5 1500.000000
4.776993 24 9 3000000.000000
4.890954 24 16 10000.000000
5.062626 24 10 1500.000000
5.521217 24 5 1500.000000
5.580700 24 17 1500.000000
5.629731 24 18 4000000.000000
5.646480 24 21 200000.000000
5.939752 24 4 3000000.000000
6.123216 24 3 4000000.000000
6.328348 24 14 200000.000000
6.485506 24 7 200000.000000
6.771317 24 2 1500.000000
6.956495 24 2 1000000.000000
7.214903 24 20 4000000.000000
7.432003 24 11 4000000.000000
7.468199 24 20 100000.000000
8.766101 24 9 1500.000000
9.029532 24 24 4000000.000000
9.486550 24 23 10000.000000
9.488451 24 8 3000.000000
9.978918 24 26 3000.000000
10.065572 24 11 2000000.000000
10.337190 24 3 4000000.000000
10.676613 24 25 1000000.000000
10.775512 24 11 3000000.000000
10.879699 24 4 200000.000000
10.920097 24 12 10000.000000
11.583513 24 10 1000000.000000
11.901084 24 5 1500.000000
11.909840 24 19 3000000.000000
12.017671 24 18 20000.000000
12.147277 24 11 3000000.000000
12.422776 24 15 1500.000000
12.460983 24 24 1500.000000
13.004481 24 26 20000.000000
13.293026 24 14 1500.000000
13.557612 24 10 1500.000000
13.695262 24 7 4000000.000000
13.898029 24 19 1000000.000000
14.616798 24 25 200000.000000
14.723973 24 7 1500.000000
14.769758 24 26 200000.000000
15.058356 24 10 1500.000000
15.741074 24 0 1500.000000
16.160482 24 1 200000.000000
16.809588 24 21 1000000.000000
17.359423 24 25 1500.000000
17.577233 24 25 1000000.000000
18.116980 24 2 4000000.000000
18.276457 24 25 1500.000000
19.026552 24 7 200000.000000
19.609674 24 16 3000000.000000
19.910046 24 16 100000.000000
20.108824 24 9 1500.000000
20.533578 24 18 1500.000000
20.758600 24 16 4000000.000000
21.709166 24 11 1500.000000
21.714164 24 11 10000.000000
21.895230 24 24 1500.000000
22.013416 24 25 3000000.000000
22.092794 24 9 4000000.000000
23.793121 24 12 3000000.000000
24.011457 24 3 1000000.000000
24.072542 24 21 3000.000000
24.351430 24 23 4000000.000000
24.757788 24 24 1000000.000000
24.763394 24 10 200000.000000
24.817627 24 25 100000.000000
24.899496 24 26 100000.000000
24.976380 24 23 20000.000000
25.063728 24 5 100000.000000
25.257787 24 21 10000.000000
25.527302 24 16 100000.000000
26.144448 24 26 4000000.000000
26.363908 24 7 1500.000000
26.563034 24 16 1500.000000
26.731318 24 22 1500.000000
27.048318 24 13 100000.000000
27.455399 24 2 1500.000000
27.540634 24 21 100000.000000
28.027028 24 16 1500.000000
28.166355 24 6 1500.000000
28.221243 24 9 20000.000000
28.301582 24 14 3000.000000
28.746756 24 1 200000.000000
28.775510 24 5 1500.000000
28.792456 24 0 2000000.000000
28.935772 24 11 3000000.000000
29.032744 24 10 4000000.000000
29.387747 24 18 4000000.000000
29.446112 24 13 1500.000000
29.621929 24 23 1500.000000
0.281542 25 15 1500.000000
0.333112 25 12 200000.000000
0.372944 25 22 100000.000000
0.470403 25 20 100000.000000
0.795936 25 2 1500.000000
1.113802 25 16 4000000.000000
1.412313 25 8 1500.000000
1.858580 25 26 1500.000000
2.467582 25 19 1500.000000
2.844223 25 21 100000.000000
3.018353 25 8 3000000.000000
3.778492 25 25 3000.000000
5.267423 25 5 3000000.000000
5.289921 25 14 1500.000000
6.330900 25 3 200000.000000
6.400668 25 5 100000.000000
6.649749 25 25 100000.000000
7.384900 25 24 1500.000000
7.538418 25 13 4000000.000000
7.746001 25 21 10000.000000
7.943378 25 10 20000.000000
8.392430 25 5 100000.000000
8.455641 25 4 200000.000000
8.667992 25 6 1500.000000
9.025506 25 13 3000000.000000
9.546533 25 21 1500.000000
9.713072 25 23 1500.000000
9.869840 25 3 20000.000000
9.978538 25 10 100000.000000
10.431045 25 25 1500.000000
10.435793 25 17 1000000.000000
10.926469 25 20 1500.000000
10.973204 25 25 4000000.000000
11.211249 25 24 100000.000000
11.398126 25 12 1500.000000
12.035251 25 5 4000000.000000
12.509422 25 3 1500.000000
12.794723 25 2 4000000.000000
13.269311 25 4 100000.000000
13.399294 25 8 3000000.000000
13.710788 25 15 3000.000000
13.868242 25 12 200000.000000
14.505003 25 12 10000.000000
14.598037 25 6 1000000.000000
15.419619 25 11 20000.000000
15.704472 25 13 4000000.000000
15.879346 25 12 3000000.000000
16.049383 25 21 200000.000000
16.504087 25 12 1500.000000
16.654635 25 11 1000000.000000
16.848368 25 26 1500.000000
16.888222 25 8 1500.000000
17.486200 25 0 1500.000000
17.714939 25 14 1500.000000
18.051685 25 24 200000.000000
18.071381 25 21 1000000.000000
18.096813 25 4 200000.000000
19.068974 25 17 200000.000000
19.448075 25 16 100000.000000
19.845475 25 0 1000000.000000
20.353292 25 17 1500.000000
20.532337 25 6 3000.000000
20.553856 25 8 200000.000000
20.888167 25 14 1500.000000
21.385221 25 24 1000000.000000
21.518671 25 6 1500.000000
23.728999 25 4 4000000.000000
24.057050 25 15 4000000.000000
24.104363 25 2 1500.000000
24.124128 25 24 10000.000000
24.197925 25 3 4000000.000000
24.675294 25 6 3000000.000000
24.721916 25 19 200000.000000
25.131076 25 12 3000000.000000
25.569719 25 10 3000.000000
25.828100 25 14 3000000.000000
26.057298 25 14 1500.000000
26.282261 25 8 4000000.000000
26.556499 25 26 1500.000000
27.224548 25 4 1500.000000
27.356351 25 26 1500.000000
27.803442 25 9 3000000.000000
28.053241 25 2 4000000.000000
28.484844 25 23 3000000.000000
29.039405 25 15 4000000.000000
29.419480 25 10 4000000.000000
29.959883 25 0 1500.000000
0.063442 26 15 1500.000000
0.427904 26 2 1500.000000
0.612626 26 18 3000.000000
0.913285 26 2 100000.000000
1.191031 26 7 1500.000000
1.497959 26 15 10000.000000
1.761375 26 17 3000.000000
1.765444 26 0 10000.000000
1.791255 26 16 1500.000000
1.879518 26 10 4000000.000000
2.326322 26 18 3000.000000
2.963523 26 22 3000000.000000
2.973635 26 23 20000.000000
2.990265 26 7 200000.000000
3.673631 26 19 1500.000000
4.052449 26 11 1500.000000
4.092621 26 5 3000000.000000
4.250522 26 24 4000000.000000
4.312589 26 4 4000000.000000
4.542873 26 7 4000000.000000
4.884373 26 22 10000.000000
4.947581 26 16 3000.000000
5.024845 26 15 20000.000000
5.228044 26 23 10000.000000
5.390076 26 4 4000000.000000
6.004136 26 19 100000.000000
7.118289 26 25 1000000.000000
7.827060 26 9 200000.000000
8.010938 26 4 3000000.000000
8.591891 26 0 1000000.000000
8.674650 26 17 4000000.000000
9.080521 26 19 1500.000000
9.509602 26 3 200000.000000
9.680204 26 24 20000.000000
9.734513 26 22 4000000.000000
9.837616 26 24 1500.000000
10.323690 26 16 3000000.000000
10.578714 26 18 1000000.000000
10.912908 26 2 1500.000000
10.948610 26 14 4000000.000000
11.079287 26 0 1500.000000
11.507586 26 17 100000.000000
11.609323 26 0 100000.000000
11.705894 26 8 1500.000000
11.725879 26 9 20000.000000
12.155377 26 16 4000000.000000
13.133911 26 24 3000000.000000
13.142955 26 1 1500.000000
13.150110 26 3 20000.000000
13.948698 26 14 1500.000000
13.977839 26 19 1500.000000
14.044591 26 15 10000.000000
14.236939 26 25 100000.000000
15.400073 26 6 1000000.000000
15.529610 26 0 10000.000000
15.551477 26 12 1500.000000
16.077241 26 22 1000000.000000
16.809546 26 14 10000.000000
16.878582 26 23 2000000.000000
16.986908 26 4 1500.000000
18.190742 26 19 4000000.000000
18.862336 26 10 1500.000000
18.963130 26 6 200000.000000
19.245992 26 22 3000000.000000
20.091814 26 15 1500.000000
20.570177 26 8 1500.000000
20.735027 26 21 1000000.000000
21.041381 26 9 200000.000000
21.053469 26 9 1500.000000
21.238390 26 24 1500.000000
21.301848 26 14 100000.000000
21.316047 26 25 1500.000000
21.554739 26 17 1500.000000
21.829582 26 9 200000.000000
21.845573 26 12 1500.000000
22.267025 26 23 10000.000000
22.297177 26 22 10000.000000
22.473098 26 25 100000.000000
22.957122 26 23 20000.000000
23.166862 26 1 1000000.000000
23.798907 26 19 4000000.000000
24.156692 26 23 1500.000000
25.140692 26 11 3000000.000000
26.867402 26 10 1500.000000
26.889945 26 10 1000000.000000
26.954759 26 18 10000.000000
27.005315 26 22 1500.000000
27.075609 26 12 200000.000000
27.296159 26 22 3000000.000000
27.532441 26 3 1500.000000
27.636488 26 24 200000.000000
28.090115 26 16 3000000.000000
28.196336 26 12 100000.000000
29.865277 26 26 200000.000000
