0.022727 0 10 1000000.000000
0.794904 0 16 1000000.000000
1.215964 0 3 200000.000000
1.490232 0 1 1500.000000
1.493395 0 2 20000.000000
1.646620 0 17 200000.000000
2.289483 0 23 200000.000000
2.947592 0 6 1500.000000
3.242519 0 4 200000.000000
3.385626 0 15 1500.000000
3.407658 0 7 4000000.000000
3.506688 0 12 200000.000000
4.283130 0 15 1000000.000000
4.427814 0 18 1500.000000
5.029595 0 16 1500.000000
5.229649 0 16 1000000.000000
5.237642 0 10 2000000.000000
5.303225 0 5 3000.000000
5.329372 0 1 100000.000000
5.331706 0 9 1500.000000
5.376611 0 0 1000000.000000
5.538227 0 21 1500.000000
5.722168 0 16 200000.000000
5.861477 0 20 2000000.000000
6.035928 0 16 100000.000000
6.143724 0 4 1500.000000
6.235420 0 8 1500.000000
6.377298 0 25 1500.000000
6.483343 0 15 20000.000000
6.523543 0 1 1500.000000
7.111523 0 9 3000.000000
7.441848 0 9 4000000.000000
7.455438 0 12 100000.000000
7.501032 0 21 1500.000000
8.202077 0 11 3000000.000000
8.379284 0 22 200000.000000
8.752926 0 19 1500.000000
9.052283 0 13 10000.000000
9.248662 0 21 4000000.000000
10.357213 0 6 1000000.000000
10.679287 0 3 2000000.000000
11.054305 0 23 100000.000000
11.169185 0 16 1500.000000
11.319627 0 13 4000000.000000
12.428344 0 15 200000.000000
12.444890 0 25 20000.000000
12.495654 0 21 1500.000000
12.845703 0 5 1500.000000
12.886515 0 23 1500.000000
13.019540 0 25 4000000.000000
13.272120 0 9 1500.000000
13.925338 0 23 2000000.000000
14.233191 0 25 3000.000000
14.455062 0 15 100000.000000
14.494048 0 21 100000.000000
15.101564 0 20 4000000.000000
15.131130 0 21 1500.000000
15.159623 0 25 1500.000000
15.454204 0 16 1000000.000000
15.625822 0 3 1500.000000
15.755120 0 4 100000.000000
16.896670 0 18 4000000.000000
16.938756 0 26 1000000.000000
17.634601 0 10 1500.000000
17.976923 0 17 1500.000000
18.033456 0 18 1500.000000
18.196374 0 7 1000000.000000
18.611753 0 17 200000.000000
18.699516 0 13 3000000.000000
18.732489 0 4 1500.000000
19.193457 0 4 4000000.000000
19.243857 0 22 1000000.000000
19.490016 0 18 1500.000000
19.657165 0 24 1500.000000
19.739564 0 26 20000.000000
19.846076 0 1 1500.000000
20.116471 0 3 1500.000000
20.875887 0 6 4000000.000000
21.345310 0 20 3000000.000000
21.386023 0 13 1500.000000
21.615784 0 4 1500.000000
21.631725 0 10 1500.000000
22.126000 0 23 1500.000000
22.498058 0 6 1500.000000
22.520643 0 26 100000.000000
22.676651 0 23 20000.000000
23.213948 0 12 200000.000000
23.229461 0 18 1500.000000
23.359754 0 5 10000.000000
23.388943 0 16 20000.000000
23.396476 0 17 3000000.000000
23.757057 0 23 20000.000000
23.978182 0 25 2000000.000000
24.102246 0 0 1500.000000
24.272198 0 9 1500.000000
24.274222 0 3 3000000.000000
24.319224 0 11 1500.000000
24.434044 0 13 1500.000000
24.595648 0 8 1500.000000
24.675836 0 22 20000.000000
24.911802 0 8 200000.000000
25.457028 0 0 200000.000000
26.048895 0 14 1500.000000
26.125755 0 3 1500.000000
27.178681 0 8 200000.000000
27.893509 0 2 200000.000000
28.358957 0 26 200000.000000
29.232286 0 7 100000.000000
29.663670 0 18 1500.000000
29.865584 0 5 1500.000000
29.973247 0 25 1500.000000
0.038826 1 2 3000000.000000
0.991296 1 16 200000.000000
1.114832 1 5 3000000.000000
1.455274 1 13 1500.000000
1.575808 1 20 1000000.000000
1.894309 1 24 1500.000000
1.908506 1 21 100000.000000
2.068583 1 13 1000000.000000
2.106838 1 10 1500.000000
2.891364 1 5 100000.000000
2.961929 1 8 3000000.000000
3.068762 1 0 1500.000000
3.229106 1 18 1500.000000
3.776565 1 0 3000000.000000
4.466935 1 12 200000.000000
4.510361 1 10 1500.000000
4.510783 1 12 3000.000000
4.513638 1 19 1500.000000
4.597661 1 12 3000.000000
4.918763 1 23 200000.000000
5.064596 1 16 3000000.000000
5.109194 1 15 200000.000000
5.369458 1 22 1500.000000
5.967561 1 23 10000.000000
6.901509 1 11 3000000.000000
6.950033 1 22 10000.000000
6.973412 1 22 1500.000000
7.557164 1 12 3000000.000000
7.860702 1 8 1500.000000
7.877389 1 15 1500.000000
7.930436 1 4 1500.000000
8.516349 1 24 1500.000000
8.688413 1 2 3000000.000000
9.238521 1 23 1500.000000
9.255348 1 11 1500.000000
9.680244 1 24 4000000.000000
11.544856 1 2 100000.000000
11.990488 1 0 4000000.000000
12.225089 1 19 200000.000000
12.348502 1 23 200000.000000
12.727847 1 14 10000.000000
12.817447 1 1 3000000.000000
12.923962 1 4 1500.000000
13.441709 1 1 1500.000000
13.456350 1 20 3000000.000000
13.556026 1 22 1500.000000
14.211064 1 19 3000000.000000
14.570382 1 3 1500.000000
14.804815 1 25 1000000.000000
14.816114 1 2 10000.000000
14.965259 1 24 4000000.000000
15.344057 1 15 3000000.000000
15.374352 1 2 200000.000000
15.818372 1 2 1000000.000000
16.045386 1 0 1500.000000
16.179189 1 3 3000000.000000
16.584972 1 17 100000.000000
17.032435 1 3 3000000.000000
17.660575 1 24 3000.000000
18.276231 1 12 4000000.000000
18.318563 1 26 3000000.000000
18.364463 1 4 3000000.000000
18.701235 1 16 10000.000000
18.795019 1 18 10000.000000
19.057720 1 23 3000.000000
19.277511 1 2 1500.000000
19.542791 1 9 1500.000000
19.591374 1 9 3000000.000000
19.706314 1 21 3000000.000000
19.957327 1 11 1000000.000000
20.097650 1 9 4000000.000000
20.250505 1 4 1500.000000
20.865953 1 8 1000000.000000
21.049772 1 15 1500.000000
21.502644 1 0 1500.000000
22.023839 1 12 100000.000000
22.245604 1 13 3000000.000000
22.356794 1 7 3000.000000
22.900720 1 13 3000000.000000
22.952879 1 22 1500.000000
23.056900 1 7 1000000.000000
23.258191 1 19 1500.000000
24.076509 1 4 1500.000000
24.512790 1 17 1500.000000
24.601230 1 1 200000.000000
25.094328 1 15 2000000.000000
25.253803 1 5 3000.000000
25.325084 1 5 1500.000000
26.060512 1 15 1500.000000
26.126974 1 8 3000000.000000
26.375100 1 10 1500.000000
26.443372 1 20 1500.000000
26.941905 1 14 1500.000000
27.338152 1 3 3000000.000000
27.688272 1 3 100000.000000
27.805130 1 16 20000.000000
28.433915 1 13 100000.000000
28.461081 1 16 3000.000000
28.759681 1 15 1500.000000
29.063912 1 21 10000.000000
29.172851 1 24 1500.000000
29.279410 1 5 20000.000000
29.434479 1 17 3000.000000
29.698545 1 5 3000.000000
29.723725 1 20 200000.000000
29.745897 1 15 3000000.000000
0.983455 2 11 200000.000000
1.340781 2 4 20000.000000
1.688120 2 24 10000.000000
1.932492 2 4 1500.000000
2.243476 2 11 1500.000000
2.379431 2 26 1500.000000
2.705232 2 18 3000.000000
2.947823 2 4 1500.000000
3.087443 2 12 1000000.000000
3.384087 2 0 20000.000000
3.825310 2 13 3000000.000000
4.157347 2 1 1500.000000
4.227797 2 21 1000000.000000
4.397415 2 14 10000.000000
4.597047 2 24 1500.000000
4.858523 2 22 3000000.000000
6.297837 2 26 100000.000000
6.928141 2 11 1500.000000
7.011068 2 1 1500.000000
7.243228 2 1 4000000.000000
7.470577 2 25 4000000.000000
7.851435 2 26 2000000.000000
7.993426 2 5 1500.000000
8.035333 2 0 4000000.000000
8.329909 2 17 1500.000000
8.726378 2 16 3000000.000000
8.809863 2 23 1500.000000
8.909217 2 12 1500.000000
9.458102 2 12 200000.000000
9.682531 2 21 1500.000000
9.891279 2 17 4000000.000000
10.377185 2 22 100000.000000
10.419981 2 21 3000.000000
10.528557 2 17 10000.000000
10.788830 2 11 2000000.000000
10.966297 2 7 1500.000000
11.100467 2 23 1500.000000
11.178598 2 15 1500.000000
11.416411 2 25 3000000.000000
11.951688 2 8 1500.000000
12.088282 2 17 1500.000000
12.994864 2 24 1500.000000
13.763659 2 19 4000000.000000
13.766214 2 3 1500.000000
14.024051 2 24 1500.000000
14.520448 2 18 200000.000000
14.777720 2 3 1500.000000
15.477268 2 8 100000.000000
16.051694 2 20 2000000.000000
16.086792 2 8 20000.000000
16.215436 2 21 3000.000000
16.611491 2 3 3000000.000000
16.651953 2 11 10000.000000
16.924663 2 9 4000000.000000
16.965907 2 8 4000000.000000
17.034172 2 3 200000.000000
17.276188 2 4 10000.000000
17.391421 2 0 1500.000000
17.467920 2 10 4000000.000000
17.653217 2 17 1500.000000
17.701293 2 6 1500.000000
18.027230 2 0 100000.000000
19.666578 2 11 3000000.000000
23.276961 2 11 1500.000000
23.373369 2 23 100000.000000
23.378322 2 13 1500.000000
23.580418 2 12 1500.000000
24.231447 2 9 100000.000000
24.518238 2 9 100000.000000
25.213934 2 22 100000.000000
25.726066 2 24 100000.000000
26.570880 2 20 100000.000000
26.642013 2 15 200000.000000
26.741216 2 3 3000.000000
26.941142 2 17 3000000.000000
27.199944 2 12 200000.000000
27.365743 2 6 100000.000000
27.466751 2 10 100000.000000
27.493488 2 21 200000.000000
28.541288 2 26 200000.000000
28.693759 2 18 100000.000000
29.149172 2 25 200000.000000
0.207072 3 3 100000.000000
0.353066 3 16 1500.000000
0.466644 3 3 1000000.000000
1.101465 3 23 1500.000000
1.115839 3 26 3000000.000000
2.298049 3 7 1500.000000
2.405738 3 14 2000000.000000
2.454740 3 2 1500.000000
2.736343 3 19 200000.000000
3.213967 3 6 10000.000000
3.305085 3 16 10000.000000
3.926731 3 5 1500.000000
3.954553 3 16 2000000.000000
4.012246 3 22 3000000.000000
4.036342 3 6 1500.000000
4.345259 3 0 3000000.000000
4.408022 3 5 1500.000000
4.536467 3 15 200000.000000
4.870829 3 17 1000000.000000
4.879186 3 14 3000.000000
4.952684 3 16 1500.000000
5.031947 3 20 200000.000000
5.205507 3 9 4000000.000000
5.392828 3 13 1500.000000
5.647041 3 15 100000.000000
6.195225 3 15 4000000.000000
6.511067 3 13 1500.000000
6.556954 3 8 200000.000000
6.902922 3 19 1500.000000
7.288420 3 26 1000000.000000
7.291336 3 13 200000.000000
7.697224 3 13 3000.000000
7.733291 3 5 200000.000000
7.766349 3 5 10000.000000
9.810691 3 13 10000.000000
9.977292 3 1 10000.000000
10.000006 3 18 100000.000000
10.001099 3 11 100000.000000
10.301552 3 6 4000000.000000
10.448989 3 17 1500.000000
10.664514 3 5 1000000.000000
10.722718 3 14 1500.000000
10.862814 3 4 1000000.000000
11.320651 3 26 200000.000000
11.627689 3 15 3000000.000000
11.836963 3 11 1500.000000
12.194167 3 2 1500.000000
12.314744 3 10 10000.000000
12.404922 3 14 200000.000000
12.650399 3 9 1500.000000
12.673590 3 24 1000000.000000
13.090164 3 8 200000.000000
13.447219 3 21 1500.000000
13.476909 3 16 3000000.000000
14.173891 3 21 1500.000000
14.382233 3 10 1500.000000
14.762112 3 1 1000000.000000
14.821404 3 22 3000.000000
15.371430 3 8 100000.000000
15.564712 3 7 3000000.000000
15.787870 3 8 20000.000000
15.825770 3 15 1500.000000
16.161222 3 4 1500.000000
16.330257 3 8 200000.000000
17.711468 3 13 3000000.000000
17.895136 3 24 3000.000000
18.041155 3 16 1500.000000
18.501827 3 15 4000000.000000
18.820361 3 2 1000000.000000
19.195511 3 10 1500.000000
19.265788 3 26 10000.000000
19.465444 3 11 1000000.000000
19.505482 3 6 1000000.000000
19.552368 3 12 1500.000000
20.129019 3 1 1500.000000
20.302630 3 17 1500.000000
20.595550 3 16 100000.000000
21.177260 3 21 1000000.000000
21.339363 3 19 1500.000000
21.573720 3 17 1500.000000
21.645147 3 24 1500.000000
21.778497 3 5 1500.000000
22.035507 3 9 1500.000000
22.452170 3 13 200000.000000
22.539157 3 13 200000.000000
22.542912 3 8 3000.000000
23.529200 3 22 10000.000000
23.707756 3 18 1000000.000000
23.749658 3 16 1000000.000000
26.461786 3 21 4000000.000000
26.532016 3 1 20000.000000
26.594728 3 16 1500.000000
26.883372 3 21 100000.000000
26.886976 3 26 1500.000000
27.915740 3 17 3000000.000000
27.998651 3 24 4000000.000000
28.182567 3 21 1000000.000000
28.573226 3 6 10000.000000
29.032702 3 11 100000.000000
29.145905 3 20 1500.000000
29.276330 3 20 1500.000000
29.924108 3 14 1500.000000
0.135679 4 11 1500.000000
0.600418 4 22 1000000.000000
0.654874 4 14 1500.000000
1.942312 4 6 1000000.000000
2.112552 4 6 10000.000000
2.473741 4 21 1500.000000
2.893801 4 22 3000000.000000
2.930383 4 19 1500.000000
2.991515 4 16 200000.000000
3.711096 4 5 1500.000000
3.773855 4 7 1500.000000
4.556352 4 18 1500.000000
4.636150 4 8 3000000.000000
5.291817 4 20 1000000.000000
5.347963 4 19 1500.000000
5.428562 4 6 4000000.000000
5.497089 4 2 1500.000000
5.650013 4 8 100000.000000
6.063276 4 7 1500.000000
6.064704 4 21 1500.000000
6.213028 4 26 1500.000000
6.268225 4 18 3000000.000000
7.691638 4 4 100000.000000
7.744776 4 13 3000.000000
7.895965 4 15 3000000.000000
8.457055 4 8 200000.000000
8.707705 4 8 4000000.000000
8.753136 4 2 1500.000000
9.173326 4 16 1500.000000
9.299672 4 18 1500.000000
9.407971 4 19 1000000.000000
9.620449 4 0 1500.000000
9.968501 4 15 200000.000000
10.076357 4 0 1500.000000
10.409350 4 12 3000.000000
10.600486 4 13 3000000.000000
11.120219 4 5 200000.000000
11.593631 4 22 1000000.000000
11.808207 4 4 1500.000000
11.953674 4 18 20000.000000
12.436259 4 5 3000000.000000
12.682641 4 4 200000.000000
12.802806 4 14 1500.000000
13.212378 4 18 100000.000000
14.516659 4 2 3000000.000000
15.107909 4 12 1500.000000
15.358254 4 13 1500.000000
15.767485 4 5 4000000.000000
16.252862 4 10 1000000.000000
17.240514 4 2 1500.000000
17.817594 4 21 1000000.000000
18.064755 4 12 1000000.000000
18.074047 4 9 100000.000000
18.256809 4 24 1500.000000
18.705053 4 21 200000.000000
18.895856 4 12 100000.000000
18.979213 4 3 3000000.000000
19.077005 4 17 3000.000000
19.082327 4 23 3000000.000000
20.687256 4 22 200000.000000
21.112851 4 7 1500.000000
21.281567 4 25 4000000.000000
21.588717 4 25 1000000.000000
21.904832 4 0 1500.000000
23.467734 4 25 1500.000000
23.608065 4 25 200000.000000
23.627399 4 6 1500.000000
24.502834 4 24 3000000.000000
24.743828 4 7 1500.000000
25.713297 4 8 20000.000000
25.763518 4 26 200000.000000
26.039633 4 16 1500.000000
26.259747 4 25 2000000.000000
26.334650 4 20 4000000.000000
26.592258 4 19 1500.000000
26.928647 4 26 4000000.000000
26.964163 4 17 1000000.000000
27.159218 4 25 2000000.000000
27.210781 4 17 1500.000000
27.357047 4 18 1500.000000
27.908822 4 0 4000000.000000
28.247157 4 12 1500.000000
28.450044 4 0 100000.000000
28.529165 4 1 100000.000000
28.566795 4 20 200000.000000
29.413469 4 24 3000000.000000
29.961391 4 7 1500.000000
0.717956 5 10 1500.000000
0.830498 5 24 1500.000000
0.855123 5 5 1500.000000
1.245330 5 13 1500.000000
1.681771 5 6 1000000.000000
2.496291 5 18 1500.000000
2.501741 5 24 100000.000000
2.577492 5 19 10000.000000
3.340100 5 1 1500.000000
3.357308 5 5 1000000.000000
3.375610 5 4 1500.000000
3.377855 5 1 1500.000000
4.122308 5 2 4000000.000000
4.218602 5 19 3000000.000000
4.243805 5 18 200000.000000
5.253060 5 2 1500.000000
5.368569 5 21 3000000.000000
5.591438 5 26 1000000.000000
5.745170 5 6 3000000.000000
5.808752 5 9 1500.000000
5.935447 5 5 1000000.000000
5.975808 5 5 1500.000000
6.486891 5 13 200000.000000
6.721049 5 7 10000.000000
7.067135 5 6 20000.000000
7.097681 5 5 100000.000000
7.254759 5 18 1500.000000
7.552712 5 5 1500.000000
7.689033 5 16 200000.000000
8.370302 5 10 4000000.000000
8.454457 5 13 100000.000000
9.099200 5 25 10000.000000
9.701503 5 1 4000000.000000
10.142147 5 11 20000.000000
12.443593 5 26 1500.000000
12.460546 5 8 10000.000000
12.610194 5 25 10000.000000
13.350256 5 23 3000000.000000
13.473896 5 0 1500.000000
13.658981 5 14 4000000.000000
13.704436 5 5 1500.000000
13.844430 5 6 1500.000000
13.941044 5 15 3000.000000
14.447005 5 6 3000000.000000
15.287780 5 13 1000000.000000
15.453091 5 12 20000.000000
15.597463 5 18 1500.000000
15.600454 5 11 1000000.000000
16.335525 5 24 200000.000000
16.395779 5 16 100000.000000
16.488098 5 5 4000000.000000
16.561678 5 17 1500.000000
17.333538 5 16 200000.000000
17.929931 5 4 3000000.000000
17.973567 5 6 3000000.000000
18.225861 5 1 1000000.000000
18.562659 5 17 3000.000000
18.585396 5 24 200000.000000
18.785453 5 23 100000.000000
19.124152 5 26 3000000.000000
19.711898 5 25 1000000.000000
19.929910 5 25 1500.000000
20.884645 5 0 3000000.000000
21.042658 5 13 3000000.000000
21.399376 5 22 1000000.000000
23.121934 5 10 4000000.000000
23.168270 5 5 20000.000000
23.320602 5 20 1500.000000
24.405177 5 3 1500.000000
24.605291 5 0 200000.000000
24.941400 5 6 1500.000000
25.139643 5 10 3000000.000000
25.586662 5 25 1500.000000
25.653129 5 17 100000.000000
25.753900 5 16 4000000.000000
26.348493 5 10 200000.000000
26.577218 5 18 3000.000000
26.891484 5 8 3000000.000000
27.008841 5 23 1000000.000000
27.053258 5 5 1000000.000000
27.382538 5 13 1500.000000
27.690452 5 8 1000000.000000
27.967203 5 4 3000.000000
28.642631 5 17 10000.000000
29.621617 5 15 1000000.000000
29.684912 5 23 3000000.000000
0.009185 6 25 4000000.000000
0.088956 6 6 3000.000000
0.641889 6 19 1500.000000
0.932483 6 23 1500.000000
0.981028 6 14 10000.000000
1.857171 6 0 20000.000000
2.165614 6 20 4000000.000000
2.300704 6 23 1500.000000
2.370170 6 18 1500.000000
2.549047 6 24 1500.000000
3.313791 6 5 1500.000000
3.747358 6 0 1500.000000
4.050055 6 11 3000000.000000
5.345790 6 23 20000.000000
5.691057 6 14 3000000.000000
6.122382 6 10 1000000.000000
6.605276 6 14 1500.000000
7.340872 6 24 1500.000000
7.442879 6 3 100000.000000
8.195663 6 3 100000.000000
8.353715 6 5 1000000.000000
8.377634 6 11 1500.000000
8.530435 6 0 100000.000000
8.608984 6 20 1500.000000
8.679519 6 14 1000000.000000
9.408676 6 1 1000000.000000
9.582404 6 0 4000000.000000
9.835501 6 7 3000000.000000
10.650807 6 25 1000000.000000
10.722268 6 16 10000.000000
13.931591 6 11 1500.000000
14.060419 6 13 20000.000000
14.264782 6 22 1500.000000
14.294842 6 10 200000.000000
15.278242 6 25 1500.000000
15.943272 6 4 3000000.000000
16.041866 6 6 4000000.000000
16.831561 6 7 100000.000000
17.361941 6 0 100000.000000
17.495209 6 4 200000.000000
17.559872 6 22 100000.000000
17.691849 6 12 1500.000000
17.709677 6 12 4000000.000000
17.896307 6 23 1000000.000000
18.395187 6 12 3000000.000000
18.634484 6 0 10000.000000
19.268567 6 17 10000.000000
19.526870 6 0 3000.000000
20.113313 6 2 10000.000000
20.554834 6 10 200000.000000
20.767897 6 3 3000.000000
21.263637 6 9 4000000.000000
21.847847 6 7 1500.000000
22.152583 6 21 1500.000000
22.172870 6 6 200000.000000
22.609611 6 0 3000.000000
22.666974 6 9 10000.000000
23.081800 6 13 200000.000000
23.238509 6 21 1500.000000
23.244361 6 21 200000.000000
23.385625 6 0 200000.000000
23.723116 6 23 4000000.000000
24.390563 6 24 1500.000000
24.657065 6 3 3000000.000000
24.841381 6 13 3000000.000000
24.886598 6 15 1500.000000
25.039737 6 6 20000.000000
25.199216 6 14 1500.000000
25.272323 6 4 4000000.000000
25.324891 6 26 1500.000000
25.595246 6 12 1500.000000
25.815468 6 17 2000000.000000
25.988297 6 1 200000.000000
26.245387 6 5 1500.000000
26.279039 6 7 3000000.000000
26.478048 6 22 1500.000000
26.777341 6 25 1500.000000
26.789241 6 14 1500.000000
26.949169 6 5 3000000.000000
27.388097 6 26 100000.000000
27.388680 6 8 1500.000000
27.508024 6 23 1500.000000
28.548521 6 18 1500.000000
28.583900 6 6 1500.000000
28.597945 6 8 100000.000000
28.948391 6 10 200000.000000
29.074599 6 5 1500.000000
29.382022 6 4 1500.000000
29.691692 6 26 4000000.000000
0.536690 7 7 200000.000000
0.706188 7 24 1500.000000
0.809093 7 14 3000000.000000
1.197163 7 22 1500.000000
1.341265 7 23 1000000.000000
2.131609 7 7 1500.000000
2.241007 7 23 4000000.000000
2.326980 7 0 3000000.000000
2.488719 7 8 3000.000000
2.938015 7 18 1000000.000000
3.054961 7 2 4000000.000000
3.378037 7 19 1500.000000
4.158833 7 10 200000.000000
4.222516 7 18 1500.000000
4.759787 7 10 3000.000000
5.038777 7 13 1500.000000
6.158931 7 24 1500.000000
6.213409 7 20 1500.000000
6.915382 7 11 1500.000000
6.918789 7 1 1500.000000
7.211179 7 20 1000000.000000
7.869301 7 20 100000.000000
8.277861 7 1 1500.000000
8.311601 7 8 1000000.000000
8.574192 7 11 3000.000000
9.708095 7 23 1500.000000
10.594097 7 5 1500.000000
10.603979 7 3 3000.000000
11.266163 7 19 3000000.000000
11.322918 7 7 200000.000000
11.479750 7 1 4000000.000000
11.635397 7 8 2000000.000000
11.718541 7 25 100000.000000
12.198416 7 25 3000.000000
12.316808 7 22 1500.000000
12.591954 7 22 3000000.000000
12.925795 7 1 4000000.000000
13.618191 7 21 1500.000000
13.763496 7 8 3000.000000
13.776449 7 1 1500.000000
13.914142 7 8 3000000.000000
14.007427 7 10 1500.000000
14.060413 7 19 1500.000000
14.825122 7 17 3000.000000
14.840169 7 25 3000.000000
15.234803 7 7 1500.000000
15.272513 7 23 1000000.000000
15.337764 7 25 100000.000000
15.563491 7 22 200000.000000
15.790280 7 8 1500.000000
15.879860 7 17 1500.000000
16.119817 7 12 1500.000000
16.252124 7 19 200000.000000
16.415310 7 26 200000.000000
17.091871 7 14 1500.000000
18.104360 7 14 1500.000000
18.121928 7 4 100000.000000
18.696717 7 24 1500.000000
19.312233 7 1 1000000.000000
19.412773 7 12 100000.000000
19.440761 7 17 100000.000000
19.762779 7 25 4000000.000000
19.763584 7 12 1500.000000
19.835006 7 12 100000.000000
20.523330 7 25 4000000.000000
20.689017 7 15 1000000.000000
20.706228 7 13 200000.000000
21.271437 7 11 100000.000000
21.791181 7 11 1500.000000
22.149252 7 1 1500.000000
22.396825 7 1 1500.000000
22.699528 7 21 20000.000000
22.807293 7 13 4000000.000000
23.294848 7 17 1000000.000000
23.405828 7 11 100000.000000
24.234816 7 13 1000000.000000
24.250450 7 26 200000.000000
24.435944 7 19 10000.000000
24.694637 7 13 1500.000000
25.353054 7 8 1500.000000
25.477548 7 3 4000000.000000
26.044670 7 4 200000.000000
26.423324 7 1 20000.000000
26.806640 7 16 10000.000000
27.092843 7 16 100000.000000
27.331874 7 12 1000000.000000
27.394154 7 22 3000000.000000
27.444256 7 11 3000000.000000
27.688513 7 3 3000.000000
27.799674 7 12 100000.000000
27.961301 7 19 4000000.000000
28.345163 7 5 100000.000000
28.477796 7 4 1500.000000
28.505028 7 18 4000000.000000
28.620020 7 7 100000.000000
29.743746 7 18 3000000.000000
0.050087 8 1 3000000.000000
0.485380 8 16 1000000.000000
0.952089 8 17 3000000.000000
1.051422 8 5 200000.000000
1.184398 8 12 20000.000000
1.410559 8 1 200000.000000
1.949579 8 1 1000000.000000
2.183886 8 4 1500.000000
2.723911 8 13 200000.000000
3.856317 8 9 100000.000000
3.904208 8 9 1500.000000
4.021964 8 17 1500.000000
4.255736 8 17 200000.000000
4.790242 8 20 10000.000000
5.098758 8 24 4000000.000000
5.212224 8 24 1000000.000000
5.448901 8 24 3000.000000
5.834007 8 18 200000.000000
5.889551 8 24 200000.000000
6.425446 8 25 1500.000000
7.711489 8 2 1500.000000
7.976710 8 5 1500.000000
8.162818 8 11 3000000.000000
8.671992 8 13 100000.000000
8.701734 8 20 200000.000000
9.132994 8 23 1500.000000
9.149910 8 15 1500.000000
9.258911 8 4 10000.000000
9.502757 8 10 20000.000000
9.773745 8 19 200000.000000
9.924110 8 26 1500.000000
10.882965 8 12 1500.000000
10.902728 8 19 3000000.000000
12.442795 8 15 3000000.000000
12.518070 8 15 3000.000000
12.682035 8 14 1500.000000
12.762526 8 1 4000000.000000
14.226169 8 25 1000000.000000
14.257968 8 7 1000000.000000
14.815691 8 14 1500.000000
15.081372 8 23 10000.000000
15.116456 8 2 200000.000000
15.271536 8 1 1000000.000000
15.781546 8 22 200000.000000
15.860721 8 20 4000000.000000
16.843501 8 8 1500.000000
16.952908 8 20 200000.000000
17.164374 8 4 1000000.000000
17.534788 8 12 1500.000000
17.767877 8 18 1500.000000
17.821406 8 10 1000000.000000
18.139982 8 22 1500.000000
18.412775 8 14 1500.000000
18.422104 8 12 1500.000000
18.435996 8 22 3000000.000000
18.458929 8 10 3000000.000000
19.056372 8 3 3000.000000
19.162570 8 8 1500.000000
19.431699 8 24 1500.000000
19.611413 8 5 4000000.000000
19.753965 8 17 4000000.000000
19.798626 8 15 1500.000000
20.128503 8 12 4000000.000000
20.428154 8 13 1000000.000000
20.477387 8 17 200000.000000
21.161873 8 3 2000000.000000
21.964102 8 26 3000000.000000
22.858740 8 1 1500.000000
23.308632 8 24 200000.000000
23.658463 8 13 200000.000000
24.170285 8 7 1000000.000000
24.308366 8 16 3000.000000
24.318219 8 14 1500.000000
24.429951 8 4 3000000.000000
24.437920 8 16 100000.000000
24.569998 8 7 1500.000000
24.841899 8 11 1500.000000
24.903347 8 22 1500.000000
24.935547 8 3 1000000.000000
25.143445 8 10 1000000.000000
25.968588 8 18 1500.000000
26.219989 8 26 1000000.000000
26.508333 8 16 1500.000000
26.673476 8 9 2000000.000000
27.059745 8 7 1000000.000000
27.797407 8 11 20000.000000
28.672647 8 9 4000000.000000
28.840704 8 3 200000.000000
29.019133 8 13 2000000.000000
29.713646 8 24 1500.000000
0.180917 9 5 3000.000000
0.597801 9 14 10000.000000
1.081898 9 26 4000000.000000
1.356447 9 2 1500.000000
1.479140 9 7 100000.000000
2.365755 9 1 1500.000000
2.803710 9 19 100000.000000
2.860189 9 4 1500.000000
2.914543 9 16 3000000.000000
3.097060 9 0 1500.000000
3.148357 9 26 3000000.000000
3.182491 9 0 1500.000000
3.501652 9 17 200000.000000
3.553789 9 4 3000000.000000
4.819166 9 26 3000000.000000
4.958297 9 22 3000000.000000
4.987901 9 21 1500.000000
5.064762 9 9 1500.000000
5.065229 9 19 10000.000000
5.666001 9 12 1500.000000
5.867519 9 17 3000000.000000
6.490492 9 13 1500.000000
6.732428 9 2 1500.000000
7.840663 9 7 200000.000000
9.211514 9 9 200000.000000
9.341410 9 3 20000.000000
9.345261 9 24 100000.000000
9.517972 9 16 3000000.000000
9.699590 9 11 4000000.000000
9.878860 9 8 200000.000000
10.085230 9 11 200000.000000
10.194272 9 3 4000000.000000
10.230404 9 2 1000000.000000
11.021053 9 15 3000000.000000
11.593997 9 13 1500.000000
11.933514 9 25 200000.000000
12.100258 9 18 3000000.000000
12.188235 9 2 1000000.000000
12.241115 9 6 3000.000000
12.294210 9 16 1500.000000
12.571082 9 22 1000000.000000
12.834177 9 13 1500.000000
13.793835 9 17 3000000.000000
13.995112 9 7 100000.000000
14.120755 9 13 1000000.000000
14.244285 9 1 1500.000000
14.464808 9 8 100000.000000
14.475384 9 8 200000.000000
14.650624 9 7 3000000.000000
14.828678 9 9 20000.000000
15.152188 9 18 1500.000000
15.211102 9 2 3000000.000000
15.352420 9 23 4000000.000000
15.407539 9 8 3000000.000000
15.423902 9 3 1500.000000
15.936630 9 23 3000.000000
16.043380 9 23 3000000.000000
16.188323 9 7 1500.000000
16.221074 9 13 10000.000000
16.470041 9 15 1500.000000
17.080743 9 8 3000000.000000
17.100405 9 1 100000.000000
17.405746 9 11 3000000.000000
17.452570 9 15 1500.000000
17.633621 9 1 3000000.000000
17.674626 9 0 100000.000000
17.782140 9 20 4000000.000000
18.071055 9 18 1500.000000
18.557430 9 24 200000.000000
18.976239 9 23 1500.000000
19.025774 9 3 1500.000000
19.173241 9 15 10000.000000
19.177359 9 3 200000.000000
19.425729 9 1 1000000.000000
19.906550 9 25 1500.000000
20.017775 9 20 3000000.000000
20.063278 9 12 200000.000000
20.416446 9 11 20000.000000
20.425490 9 9 2000000.000000
20.992499 9 3 1500.000000
21.297313 9 1 20000.000000
21.432180 9 19 1500.000000
21.766433 9 11 2000000.000000
22.173217 9 15 3000000.000000
22.470493 9 15 1500.000000
23.547787 9 14 1500.000000
23.990830 9 5 10000.000000
24.580258 9 6 1500.000000
24.666069 9 2 1500.000000
25.139631 9 13 1500.000000
25.816030 9 14 4000000.000000
26.084439 9 12 20000.000000
26.315598 9 16 1500.000000
26.557975 9 11 1500.000000
27.304079 9 1 1500.000000
27.611390 9 25 1000000.000000
27.650321 9 11 1500.000000
27.828840 9 18 1500.000000
28.091437 9 17 3000.000000
28.145204 9 9 20000.000000
28.244801 9 18 3000000.000000
28.773978 9 13 20000.000000
29.064405 9 3 1500.000000
29.269263 9 20 3000000.000000
29.794531 9 16 3000000.000000
29.930642 9 22 1500.000000
0.756313 10 1 10000.000000
0.915290 10 18 20000.000000
1.064843 10 19 1500.000000
1.382958 10 22 1500.000000
1.455047 10 10 1500.000000
1.476180 10 17 1500.000000
1.790883 10 0 4000000.000000
2.337573 10 7 3000000.000000
2.622411 10 3 1500.000000
2.628566 10 11 10000.000000
2.781543 10 18 4000000.000000
2.893162 10 23 1500.000000
3.307225 10 22 1500.000000
3.309325 10 16 100000.000000
3.363537 10 1 3000000.000000
4.090124 10 4 4000000.000000
4.261944 10 7 1500.000000
5.062856 10 26 1500.000000
5.504619 10 3 100000.000000
6.631794 10 14 200000.000000
6.730690 10 3 1500.000000
7.124175 10 24 1500.000000
7.195021 10 1 4000000.000000
7.795152 10 9 1500.000000
8.037247 10 26 1000000.000000
8.335554 10 15 200000.000000
8.522282 10 12 200000.000000
8.629224 10 0 4000000.000000
8.634647 10 18 1500.000000
9.078917 10 8 1500.000000
9.088371 10 16 10000.000000
9.132841 10 11 3000000.000000
9.551874 10 23 3000000.000000
10.164381 10 1 1000000.000000
10.234242 10 9 100000.000000
10.891280 10 18 1500.000000
11.498592 10 8 3000.000000
11.784433 10 5 1500.000000
11.796268 10 9 200000.000000
11.854401 10 18 1500.000000
12.058993 10 14 1500.000000
12.156623 10 14 1500.000000
12.264192 10 8 200000.000000
12.326642 10 23 10000.000000
12.495597 10 9 200000.000000
12.547223 10 23 100000.000000
12.549055 10 5 10000.000000
12.827046 10 11 3000000.000000
12.922572 10 23 1000000.000000
13.382287 10 6 1500.000000
13.804046 10 16 1500.000000
13.838676 10 19 4000000.000000
14.026362 10 17 2000000.000000
14.070748 10 11 3000.000000
14.100040 10 1 1500.000000
14.389359 10 12 3000000.000000
14.389617 10 25 1000000.000000
14.622829 10 4 1500.000000
15.067195 10 19 1500.000000
15.506980 10 10 100000.000000
15.644113 10 20 20000.000000
15.827403 10 15 1500.000000
15.894613 10 4 1500.000000
16.073435 10 4 3000000.000000
16.708488 10 0 4000000.000000
17.457200 10 22 1000000.000000
17.742264 10 1 1500.000000
17.941619 10 7 100000.000000
18.055426 10 17 4000000.000000
18.146720 10 7 1500.000000
18.233577 10 10 4000000.000000
18.458964 10 12 200000.000000
18.489865 10 24 10000.000000
18.571220 10 9 1500.000000
18.888760 10 21 1000000.000000
18.967522 10 6 1500.000000
19.173914 10 15 3000000.000000
19.583225 10 6 1000000.000000
20.292899 10 10 100000.000000
22.079301 10 9 3000000.000000
22.175174 10 26 1500.000000
22.353408 10 5 200000.000000
22.731626 10 24 1500.000000
22.970570 10 19 1500.000000
23.039930 10 9 200000.000000
23.525738 10 10 3000000.000000
24.008027 10 25 10000.000000
24.188382 10 6 1500.000000
24.646587 10 16 1000000.000000
24.878036 10 1 1500.000000
25.123457 10 23 100000.000000
25.157362 10 18 1000000.000000
25.191785 10 18 10000.000000
25.203131 10 20 1500.000000
25.527047 10 24 1500.000000
25.701190 10 18 200000.000000
25.706868 10 12 1500.000000
25.870813 10 23 1500.000000
26.217000 10 14 20000.000000
26.397489 10 1 2000000.000000
26.993944 10 21 4000000.000000
27.078485 10 5 1500.000000
27.330996 10 12 1000000.000000
28.395979 10 3 3000000.000000
28.721972 10 4 3000.000000
29.018434 10 6 1500.000000
29.082896 10 17 1500.000000
29.214870 10 2 3000000.000000
29.721703 10 11 1500.000000
0.032692 11 15 2000000.000000
0.362847 11 3 4000000.000000
1.643952 11 4 1500.000000
2.486599 11 8 1500.000000
3.205861 11 13 1500.000000
3.602184 11 5 10000.000000
3.717419 11 8 4000000.000000
4.176081 11 3 1500.000000
4.178993 11 7 1500.000000
4.296747 11 19 200000.000000
4.389090 11 11 100000.000000
4.406619 11 20 1500.000000
4.424779 11 14 100000.000000
4.637615 11 3 4000000.000000
4.680950 11 24 1500.000000
5.248562 11 16 1500.000000
5.330770 11 11 1000000.000000
5.409330 11 24 3000000.000000
5.451863 11 7 3000000.000000
6.105938 11 5 1500.000000
6.122435 11 5 20000.000000
6.177832 11 1 200000.000000
6.660668 11 15 4000000.000000
7.101792 11 22 1500.000000
7.525296 11 25 4000000.000000
7.938725 11 11 4000000.000000
8.324725 11 0 20000.000000
8.477120 11 15 1500.000000
8.801031 11 9 10000.000000
9.121762 11 8 1500.000000
9.456046 11 6 1500.000000
9.554139 11 24 3000000.000000
10.554046 11 17 3000.000000
11.173293 11 22 100000.000000
11.670374 11 4 4000000.000000
11.748088 11 12 2000000.000000
11.984677 11 5 3000000.000000
12.155047 11 1 4000000.000000
12.304642 11 24 10000.000000
12.625288 11 20 100000.000000
12.939458 11 0 10000.000000
12.994302 11 10 3000.000000
13.303378 11 4 100000.000000
13.397934 11 4 4000000.000000
13.436025 11 17 10000.000000
14.025217 11 9 4000000.000000
14.488921 11 10 1500.000000
15.030501 11 20 1500.000000
15.034555 11 16 200000.000000
15.103307 11 20 1500.000000
15.164975 11 21 200000.000000
15.423125 11 7 1500.000000
15.574585 11 8 1500.000000
15.754201 11 8 1000000.000000
16.094860 11 10 100000.000000
16.152932 11 6 20000.000000
16.217581 11 11 1500.000000
16.302480 11 16 4000000.000000
16.715065 11 3 1500.000000
16.731596 11 18 4000000.000000
16.928697 11 21 20000.000000
17.062868 11 23 4000000.000000
17.758173 11 22 1500.000000
18.349214 11 11 10000.000000
18.475147 11 20 1500.000000
18.726164 11 9 200000.000000
18.802755 11 25 3000.000000
18.843826 11 2 1500.000000
19.090614 11 3 1500.000000
19.398090 11 17 200000.000000
19.715028 11 1 3000000.000000
20.034017 11 2 1500.000000
20.374961 11 17 4000000.000000
20.475503 11 6 1500.000000
20.689854 11 0 1000000.000000
20.938871 11 4 20000.000000
21.399393 11 2 1500.000000
22.123595 11 16 1500.000000
22.157336 11 5 1500.000000
22.499831 11 24 3000.000000
22.992745 11 9 1000000.000000
23.194547 11 2 1500.000000
23.385941 11 0 1000000.000000
23.444363 11 19 1500.000000
24.190028 11 15 1500.000000
24.229017 11 23 1500.000000
24.397261 11 11 10000.000000
24.958308 11 22 1500.000000
25.232755 11 22 1500.000000
25.882685 11 23 1500.000000
25.929195 11 3 1500.000000
26.269086 11 22 1500.000000
26.320456 11 16 200000.000000
26.346778 11 18 100000.000000
26.499113 11 16 1500.000000
26.567736 11 24 10000.000000
26.600454 11 26 1500.000000
26.976428 11 22 1000000.000000
27.408054 11 4 10000.000000
27.410982 11 9 1500.000000
27.485966 11 13 1500.000000
27.527137 11 2 1500.000000
27.698295 11 24 10000.000000
28.089279 11 16 1500.000000
28.151517 11 15 20000.000000
28.874777 11 20 3000000.000000
28.954134 11 1 1500.000000
28.995330 11 2 1500.000000
29.621094 11 5 1000000.000000
29.641053 11 5 1500.000000
29.765888 11 3 4000000.000000
29.781429 11 25 1500.000000
29.854693 11 2 1500.000000
0.080098 12 7 1500.000000
1.245389 12 12 1500.000000
1.369187 12 3 100000.000000
1.477852 12 26 3000000.000000
1.518473 12 2 2000000.000000
1.565681 12 18 1500.000000
1.775087 12 5 3000000.000000
2.173273 12 19 3000000.000000
2.210029 12 19 1500.000000
2.257920 12 19 1000000.000000
2.258505 12 15 1500.000000
2.556585 12 8 1500.000000
2.687881 12 12 10000.000000
3.053633 12 11 1500.000000
3.432393 12 3 100000.000000
3.531810 12 24 200000.000000
4.250009 12 8 3000000.000000
5.092213 12 5 1500.000000
5.313062 12 3 10000.000000
5.668631 12 21 1500.000000
5.930997 12 17 1500.000000
6.207975 12 12 1000000.000000
6.253037 12 24 3000000.000000
6.285783 12 26 3000000.000000
6.405395 12 2 1500.000000
6.766163 12 15 10000.000000
6.768279 12 20 1500.000000
7.063739 12 26 1500.000000
7.729356 12 8 200000.000000
8.070339 12 5 10000.000000
8.220940 12 13 3000000.000000
8.299488 12 0 1500.000000
8.444979 12 18 1500.000000
9.402144 12 11 100000.000000
9.624012 12 9 3000000.000000
9.879327 12 15 1000000.000000
10.128252 12 7 3000000.000000
10.244160 12 1 3000000.000000
10.415002 12 20 1500.000000
10.426461 12 26 4000000.000000
10.607616 12 8 3000.000000
11.206665 12 1 3000000.000000
11.459050 12 12 20000.000000
11.853402 12 23 4000000.000000
12.179254 12 26 10000.000000
12.242249 12 21 100000.000000
12.246182 12 10 100000.000000
12.311413 12 12 4000000.000000
12.777758 12 15 1500.000000
12.896636 12 11 1500.000000
13.255561 12 17 1500.000000
13.515393 12 2 1000000.000000
13.654137 12 15 4000000.000000
13.790364 12 8 200000.000000
14.205210 12 4 4000000.000000
14.850470 12 19 1500.000000
15.108807 12 11 100000.000000
15.312491 12 2 1500.000000
15.820904 12 25 3000000.000000
16.231042 12 6 1000000.000000
16.308579 12 17 1500.000000
16.321627 12 15 200000.000000
16.476436 12 10 1500.000000
16.594408 12 17 100000.000000
16.736497 12 12 1500.000000
16.751314 12 11 3000000.000000
16.945131 12 0 1500.000000
17.044551 12 5 1000000.000000
17.182594 12 6 3000000.000000
17.886846 12 12 4000000.000000
17.902243 12 26 100000.000000
18.497146 12 0 1500.000000
18.525628 12 2 3000000.000000
19.205867 12 7 1000000.000000
20.126753 12 2 10000.000000
20.375999 12 2 100000.000000
21.484338 12 2 3000000.000000
21.571208 12 8 1500.000000
21.605759 12 6 2000000.000000
21.773005 12 15 1500.000000
22.527479 12 15 10000.000000
23.210364 12 10 1500.000000
23.391700 12 18 3000.000000
23.543863 12 19 20000.000000
23.629492 12 23 4000000.000000
23.643561 12 13 1500.000000
24.980972 12 13 3000000.000000
25.033675 12 21 1500.000000
25.062785 12 6 1500.000000
25.796104 12 20 1500.000000
26.047386 12 3 20000.000000
26.102333 12 5 1500.000000
26.772891 12 2 100000.000000
27.400301 12 22 1500.000000
28.119813 12 16 10000.000000
28.199213 12 16 1500.000000
28.594069 12 15 3000000.000000
28.724841 12 8 1500.000000
29.402081 12 8 1500.000000
29.427054 12 20 100000.000000
29.576012 12 9 4000000.000000
29.680089 12 15 4000000.000000
29.884019 12 10 1500.000000
0.235556 13 15 4000000.000000
0.323424 13 0 1500.000000
0.454211 13 2 1500.000000
0.784700 13 19 1500.000000
1.126428 13 3 4000000.000000
1.831578 13 25 100000.000000
1.833225 13 3 20000.000000
2.103379 13 14 4000000.000000
2.508773 13 7 4000000.000000
3.721693 13 23 2000000.000000
3.803270 13 9 200000.000000
4.048491 13 20 200000.000000
4.080334 13 9 1500.000000
4.152745 13 25 1500.000000
4.714767 13 2 4000000.000000
4.757561 13 23 1500.000000
4.829360 13 2 1500.000000
5.554929 13 14 3000000.000000
5.722976 13 6 4000000.000000
6.137549 13 16 3000.000000
6.751048 13 1 200000.000000
7.044844 13 24 1000000.000000
7.180633 13 17 100000.000000
7.831542 13 1 100000.000000
8.396735 13 14 1500.000000
8.529339 13 17 1500.000000
9.002551 13 17 200000.000000
9.213594 13 4 1500.000000
9.650999 13 6 1500.000000
10.774652 13 2 100000.000000
10.963976 13 16 1500.000000
12.403226 13 14 100000.000000
12.448100 13 11 3000000.000000
12.818545 13 1 1000000.000000
14.668377 13 24 3000000.000000
15.036878 13 16 1500.000000
15.588997 13 21 200000.000000
16.297228 13 7 2000000.000000
16.408215 13 3 1500.000000
16.490624 13 25 1500.000000
16.768009 13 10 1500.000000
16.880110 13 19 1500.000000
17.109017 13 4 1500.000000
17.130235 13 5 1500.000000
17.427063 13 15 1500.000000
17.449654 13 8 4000000.000000
17.655672 13 10 1500.000000
18.770024 13 16 1500.000000
19.128948 13 2 1500.000000
19.363039 13 17 1000000.000000
19.426096 13 24 10000.000000
20.180984 13 13 1000000.000000
20.270894 13 25 20000.000000
20.838138 13 18 3000000.000000
21.304394 13 6 1500.000000
21.605783 13 8 1500.000000
21.859045 13 10 200000.000000
21.920769 13 21 1000000.000000
22.349315 13 13 3000000.000000
22.565402 13 13 3000000.000000
22.589744 13 0 1500.000000
22.743246 13 10 1000000.000000
23.208657 13 22 1500.000000
23.508397 13 22 1500.000000
24.206418 13 17 1500.000000
24.211249 13 12 1000000.000000
24.540580 13 24 3000000.000000
24.768245 13 10 1500.000000
25.141580 13 23 1500.000000
25.469628 13 1 20000.000000
25.816525 13 7 1500.000000
25.848201 13 23 4000000.000000
26.675386 13 0 1500.000000
26.710484 13 20 1500.000000
26.804367 13 11 1500.000000
26.867213 13 4 1500.000000
26.976608 13 22 1000000.000000
27.596815 13 22 4000000.000000
28.039853 13 14 1500.000000
28.065169 13 3 1500.000000
28.468655 13 8 3000000.000000
28.772565 13 13 10000.000000
28.873847 13 18 3000.000000
29.394437 13 5 1500.000000
29.822064 13 15 1500.000000
0.268899 14 21 3000.000000
0.429126 14 5 4000000.000000
0.840375 14 18 200000.000000
1.255158 14 13 100000.000000
1.396150 14 8 20000.000000
1.580159 14 12 1500.000000
2.177166 14 8 4000000.000000
2.266732 14 15 1500.000000
2.808624 14 14 100000.000000
3.735551 14 15 3000000.000000
4.184882 14 13 1500.000000
4.374904 14 22 200000.000000
4.776553 14 17 100000.000000
5.408143 14 12 4000000.000000
5.475962 14 17 20000.000000
5.614355 14 18 200000.000000
5.771236 14 17 10000.000000
6.115588 14 7 1500.000000
6.276259 14 18 1500.000000
6.328305 14 8 3000.000000
6.423113 14 6 4000000.000000
6.841255 14 16 3000000.000000
7.279203 14 18 1500.000000
7.384968 14 13 1000000.000000
7.730547 14 12 100000.000000
8.420550 14 23 4000000.000000
8.738747 14 14 10000.000000
9.006971 14 3 1000000.000000
9.157730 14 11 1500.000000
9.281846 14 5 1500.000000
9.445517 14 10 20000.000000
9.928777 14 18 10000.000000
9.975438 14 24 4000000.000000
10.671797 14 24 100000.000000
10.716854 14 24 4000000.000000
10.725198 14 19 1500.000000
10.967665 14 15 1500.000000
11.671930 14 24 1500.000000
11.745595 14 18 1000000.000000
12.358611 14 1 10000.000000
12.487321 14 0 1500.000000
12.516586 14 23 1500.000000
12.664676 14 21 4000000.000000
12.941999 14 24 1500.000000
13.906607 14 19 1500.000000
14.422905 14 23 100000.000000
14.464394 14 3 1500.000000
14.596385 14 18 1500.000000
15.581605 14 2 1500.000000
15.679097 14 5 1500.000000
16.357400 14 10 1500.000000
16.518907 14 20 100000.000000
17.022589 14 11 1500.000000
17.428260 14 10 3000000.000000
17.500574 14 5 100000.000000
17.938754 14 10 100000.000000
18.092866 14 13 1500.000000
18.333348 14 25 200000.000000
18.648327 14 21 1500.000000
19.292172 14 2 200000.000000
19.649468 14 2 1000000.000000
19.693672 14 10 100000.000000
19.803585 14 2 1500.000000
19.939878 14 10 1500.000000
19.962089 14 22 1000000.000000
20.970739 14 9 100000.000000
21.635674 14 18 200000.000000
21.766064 14 9 100000.000000
22.203865 14 24 1500.000000
22.677487 14 9 20000.000000
22.694416 14 8 1500.000000
23.142980 14 13 100000.000000
23.592609 14 15 1500.000000
23.801374 14 18 20000.000000
23.935304 14 0 200000.000000
25.529228 14 1 3000000.000000
25.651540 14 24 1500.000000
25.787886 14 12 3000000.000000
25.968174 14 19 100000.000000
25.997912 14 9 100000.000000
26.397661 14 0 1500.000000
26.448171 14 20 1500.000000
26.572071 14 10 1500.000000
26.718368 14 9 100000.000000
26.747741 14 26 1500.000000
26.825279 14 15 200000.000000
27.434274 14 26 100000.000000
27.618682 14 17 2000000.000000
27.628479 14 6 3000.000000
27.804369 14 13 10000.000000
27.822046 14 8 4000000.000000
28.435903 14 24 10000.000000
28.641326 14 4 1500.000000
29.777598 14 10 3000000.000000
1.943775 15 20 1000000.000000
2.457774 15 11 1500.000000
3.287611 15 26 1500.000000
3.442174 15 0 1500.000000
3.633352 15 0 1500.000000
5.507187 15 11 1500.000000
5.571417 15 16 20000.000000
6.076200 15 11 3000000.000000
6.167778 15 16 100000.000000
6.282534 15 19 20000.000000
7.039444 15 15 10000.000000
7.072346 15 17 1500.000000
7.391077 15 25 1500.000000
7.394837 15 18 1500.000000
7.399629 15 1 1000000.000000
7.669355 15 15 1500.000000
7.671203 15 9 4000000.000000
8.739473 15 4 4000000.000000
9.089335 15 24 100000.000000
9.558842 15 12 1500.000000
9.908501 15 19 1500.000000
10.191654 15 12 1000000.000000
10.237921 15 11 100000.000000
10.528607 15 2 1000000.000000
10.992100 15 13 1000000.000000
11.073878 15 0 1500.000000
11.188595 15 5 1500.000000
11.446148 15 14 1500.000000
12.075972 15 20 1500.000000
12.171532 15 11 10000.000000
12.256598 15 11 4000000.000000
12.329120 15 20 4000000.000000
12.402232 15 19 3000000.000000
13.141634 15 23 3000000.000000
13.346693 15 7 200000.000000
13.399470 15 2 1500.000000
13.446301 15 9 3000000.000000
13.613000 15 1 10000.000000
13.943170 15 26 200000.000000
14.241066 15 25 20000.000000
14.271675 15 4 20000.000000
14.895530 15 3 1500.000000
14.972177 15 4 3000000.000000
15.033806 15 7 1500.000000
16.105970 15 17 200000.000000
16.264543 15 23 1500.000000
16.316909 15 11 3000000.000000
16.507076 15 0 20000.000000
16.837642 15 3 3000000.000000
16.961098 15 8 200000.000000
17.202354 15 9 1500.000000
17.705702 15 14 1500.000000
18.231308 15 2 1500.000000
18.481911 15 16 1500.000000
18.591167 15 24 1500.000000
18.771520 15 2 200000.000000
19.635461 15 1 1500.000000
20.707725 15 5 1500.000000
20.753976 15 2 1500.000000
20.815385 15 7 10000.000000
20.921049 15 19 2000000.000000
21.161509 15 10 20000.000000
21.220763 15 25 3000000.000000
21.286194 15 11 3000.000000
21.333853 15 1 4000000.000000
21.553192 15 16 1500.000000
21.572079 15 7 100000.000000
21.594813 15 7 4000000.000000
21.598914 15 7 3000000.000000
22.345707 15 15 3000000.000000
22.501184 15 0 1500.000000
22.801569 15 11 3000.000000
22.877769 15 1 2000000.000000
23.310180 15 23 20000.000000
24.189754 15 17 3000.000000
24.741800 15 12 3000000.000000
24.833976 15 12 10000.000000
25.135659 15 17 1500.000000
25.402236 15 0 3000000.000000
25.477829 15 0 1500.000000
25.610019 15 25 1000000.000000
25.672755 15 2 1500.000000
25.895302 15 8 10000.000000
26.580893 15 3 4000000.000000
26.581137 15 22 100000.000000
26.652385 15 26 1500.000000
26.695037 15 25 1500.000000
26.926974 15 3 1500.000000
27.149098 15 16 200000.000000
27.335142 15 19 1500.000000
27.346131 15 8 1500.000000
27.719538 15 5 1000000.000000
28.085994 15 4 3000000.000000
28.522430 15 9 100000.000000
28.996928 15 2 3000000.000000
29.031739 15 23 20000.000000
29.253538 15 15 100000.000000
29.288185 15 22 4000000.000000
29.903660 15 12 100000.000000
29.987022 15 2 1000000.000000
29.988629 15 22 1500.000000
0.368135 16 9 1500.000000
0.744021 16 16 100000.000000
0.958546 16 8 1000000.000000
1.437796 16 0 2000000.000000
1.920196 16 1 3000000.000000
2.198790 16 9 1500.000000
2.388413 16 8 1500.000000
2.623627 16 6 1500.000000
2.805344 16 24 3000000.000000
2.914886 16 16 100000.000000
2.933315 16 9 200000.000000
3.545406 16 7 200000.000000
3.712824 16 18 1500.000000
4.803354 16 18 200000.000000
4.962014 16 16 3000.000000
5.007903 16 26 3000000.000000
5.208010 16 22 1500.000000
5.391010 16 26 200000.000000
5.552403 16 10 200000.000000
5.988737 16 9 1000000.000000
6.286652 16 14 1500.000000
6.522801 16 6 100000.000000
6.594866 16 11 1500.000000
6.715477 16 17 200000.000000
6.870068 16 10 2000000.000000
7.060599 16 17 200000.000000
7.562883 16 1 1500.000000
7.676477 16 12 200000.000000
8.359540 16 5 100000.000000
8.547058 16 6 1500.000000
8.688758 16 22 3000.000000
9.353319 16 9 1500.000000
9.968819 16 25 100000.000000
10.615367 16 26 10000.000000
10.723638 16 14 1000000.000000
10.751919 16 19 200000.000000
10.807430 16 22 1500.000000
11.004971 16 1 200000.000000
11.025251 16 16 1500.000000
11.049406 16 3 4000000.000000
11.061651 16 3 1500.000000
11.390650 16 7 3000000.000000
11.449809 16 6 3000.000000
11.878479 16 1 10000.000000
11.908458 16 16 3000000.000000
11.977817 16 22 3000000.000000
12.443041 16 17 4000000.000000
12.483746 16 7 1500.000000
12.560611 16 3 1000000.000000
12.588466 16 13 1500.000000
12.602486 16 20 10000.000000
13.556046 16 23 3000000.000000
14.588753 16 9 200000.000000
15.140181 16 10 20000.000000
15.277047 16 20 20000.000000
15.833326 16 13 100000.000000
16.677296 16 11 20000.000000
16.927236 16 6 200000.000000
16.978078 16 17 10000.000000
16.984738 16 18 2000000.000000
17.699276 16 20 3000000.000000
17.726072 16 7 1500.000000
17.841800 16 23 200000.000000
18.386542 16 16 1500.000000
18.607240 16 26 200000.000000
18.633889 16 5 100000.000000
18.660091 16 24 3000000.000000
18.757850 16 24 3000.000000
19.471529 16 3 20000.000000
20.150088 16 21 1500.000000
20.288543 16 26 1000000.000000
20.430737 16 26 200000.000000
20.641691 16 17 2000000.000000
20.882473 16 17 1500.000000
20.953149 16 2 3000000.000000
20.955480 16 4 1500.000000
21.228285 16 15 200000.000000
21.277571 16 12 10000.000000
21.491422 16 15 1500.000000
21.713072 16 0 3000.000000
21.727446 16 8 200000.000000
21.875317 16 22 3000000.000000
21.952770 16 23 1500.000000
21.980040 16 2 200000.000000
22.525157 16 5 100000.000000
22.914381 16 2 1500.000000
23.719097 16 9 3000000.000000
24.765619 16 19 200000.000000
25.194393 16 6 1500.000000
25.359109 16 24 3000.000000
25.629921 16 11 3000000.000000
25.689798 16 10 1000000.000000
26.316172 16 1 1000000.000000
26.387525 16 12 3000.000000
26.674867 16 1 1500.000000
27.121711 16 8 1000000.000000
27.574364 16 7 1500.000000
27.603336 16 4 100000.000000
27.703493 16 17 3000000.000000
27.826518 16 9 3000000.000000
27.913082 16 8 200000.000000
28.321530 16 4 3000000.000000
28.620575 16 12 1500.000000
28.757189 16 6 200000.000000
28.763113 16 22 10000.000000
28.813959 16 5 1500.000000
29.025932 16 9 20000.000000
29.030464 16 23 1500.000000
29.426491 16 26 20000.000000
29.500946 16 5 1500.000000
29.845577 16 9 4000000.000000
1.177797 17 10 3000000.000000
1.179654 17 12 100000.000000
1.254967 17 26 200000.000000
1.681557 17 26 1500.000000
1.699288 17 14 4000000.000000
1.878098 17 19 200000.000000
3.464979 17 2 1000000.000000
3.550528 17 4 4000000.000000
3.856647 17 0 1000000.000000
3.991461 17 17 1500.000000
4.188881 17 23 200000.000000
4.570264 17 10 200000.000000
5.143420 17 0 1500.000000
5.257680 17 16 1500.000000
5.680826 17 26 4000000.000000
5.682529 17 24 1500.000000
6.096890 17 4 3000000.000000
6.767179 17 2 1500.000000
7.841957 17 12 3000.000000
8.642628 17 0 1500.000000
8.767808 17 24 1500.000000
9.135994 17 6 1500.000000
9.695212 17 1 1500.000000
9.758587 17 24 200000.000000
10.255030 17 0 200000.000000
11.242177 17 24 3000000.000000
11.336160 17 4 4000000.000000
11.453217 17 4 3000.000000
11.778341 17 6 100000.000000
11.973427 17 14 10000.000000
12.274699 17 7 3000.000000
12.420874 17 20 3000.000000
12.628818 17 10 1500.000000
13.514680 17 4 3000.000000
13.755274 17 1 4000000.000000
13.840645 17 26 4000000.000000
13.898607 17 13 3000000.000000
13.946912 17 14 10000.000000
13.949235 17 22 4000000.000000
14.077617 17 22 1500.000000
14.452865 17 4 1500.000000
15.134877 17 7 4000000.000000
15.208073 17 15 4000000.000000
15.735687 17 1 1000000.000000
15.838787 17 9 4000000.000000
16.028260 17 22 1500.000000
16.221259 17 6 4000000.000000
16.228683 17 17 1500.000000
16.239453 17 16 1500.000000
16.261395 17 17 1500.000000
17.171220 17 16 1500.000000
17.255766 17 5 200000.000000
17.306634 17 16 1500.000000
17.908457 17 6 1500.000000
18.011999 17 8 200000.000000
18.301687 17 22 1500.000000
18.383873 17 9 1000000.000000
18.671196 17 10 10000.000000
18.789829 17 7 100000.000000
18.904344 17 14 1500.000000
18.916454 17 6 3000000.000000
19.165165 17 6 4000000.000000
19.356331 17 2 3000.000000
19.489756 17 1 1500.000000
19.664240 17 7 200000.000000
19.670343 17 25 100000.000000
19.709952 17 2 1500.000000
19.906215 17 15 200000.000000
20.380288 17 16 1500.000000
21.048334 17 19 3000000.000000
22.147284 17 1 4000000.000000
22.261159 17 26 1500.000000
22.490529 17 22 1500.000000
22.677356 17 2 20000.000000
22.677479 17 0 3000.000000
22.769731 17 19 20000.000000
22.955960 17 3 200000.000000
23.053250 17 18 1500.000000
24.070504 17 10 1500.000000
24.659521 17 13 100000.000000
25.967875 17 16 100000.000000
26.543112 17 19 3000000.000000
26.601122 17 19 1500.000000
26.741516 17 25 1500.000000
26.905105 17 18 1500.000000
27.052832 17 22 20000.000000
27.255689 17 5 200000.000000
27.545742 17 7 4000000.000000
27.649864 17 9 10000.000000
27.834802 17 18 3000000.000000
28.454740 17 15 1500.000000
28.523424 17 15 1500.000000
28.532006 17 13 2000000.000000
28.952902 17 14 100000.000000
29.122045 17 15 3000.000000
29.300412 17 20 1500.000000
29.312643 17 1 1500.000000
29.410744 17 11 1000000.000000
0.370394 18 20 10000.000000
0.414128 18 18 1000000.000000
0.607831 18 16 10000.000000
0.908466 18 8 3000000.000000
1.080927 18 12 4000000.000000
1.315257 18 26 100000.000000
1.691114 18 14 3000000.000000
1.774754 18 4 200000.000000
1.950355 18 17 1000000.000000
1.968678 18 11 1500.000000
2.250905 18 15 4000000.000000
2.714496 18 16 3000000.000000
2.956814 18 25 1500.000000
3.609874 18 12 1000000.000000
3.657084 18 11 1500.000000
3.667355 18 9 1000000.000000
3.824644 18 22 1500.000000
3.900453 18 20 4000000.000000
4.083279 18 18 1000000.000000
4.144220 18 10 100000.000000
4.527364 18 21 1000000.000000
4.542981 18 25 1500.000000
4.685789 18 26 4000000.000000
4.752543 18 12 1000000.000000
4.981074 18 1 200000.000000
5.278578 18 25 1500.000000
5.633426 18 10 20000.000000
5.841764 18 9 10000.000000
6.214041 18 13 1500.000000
6.493482 18 13 3000000.000000
6.652748 18 7 3000000.000000
7.200061 18 6 1500.000000
7.920564 18 0 100000.000000
8.041610 18 18 3000000.000000
8.286609 18 21 10000.000000
8.426916 18 10 1500.000000
9.620148 18 10 3000.000000
10.014425 18 24 1500.000000
10.983853 18 17 1000000.000000
11.237471 18 20 4000000.000000
11.353672 18 10 1500.000000
11.654757 18 23 100000.000000
12.049720 18 21 1000000.000000
12.324399 18 23 3000000.000000
12.381234 18 16 1500.000000
12.755199 18 9 1500.000000
13.077249 18 20 1500.000000
13.200432 18 14 4000000.000000
13.768885 18 19 1500.000000
13.813536 18 0 1000000.000000
13.902656 18 22 1500.000000
14.004647 18 18 1500.000000
14.122194 18 24 1000000.000000
14.944309 18 8 3000000.000000
15.405396 18 3 1000000.000000
15.541091 18 10 4000000.000000
15.698399 18 19 1500.000000
15.891068 18 1 3000000.000000
16.117138 18 1 20000.000000
16.978499 18 10 200000.000000
17.155079 18 6 3000000.000000
17.513851 18 2 3000.000000
18.478285 18 13 1500.000000
19.239667 18 8 4000000.000000
19.532323 18 26 1500.000000
19.838489 18 8 1500.000000
19.947399 18 7 100000.000000
20.038132 18 20 3000000.000000
20.121236 18 4 1500.000000
20.123514 18 8 1500.000000
20.488650 18 3 1500.000000
21.124571 18 25 1500.000000
21.766279 18 15 1500.000000
22.270685 18 15 4000000.000000
22.293610 18 23 1500.000000
22.390425 18 12 10000.000000
22.700581 18 23 1500.000000
23.312679 18 17 1500.000000
23.544845 18 9 200000.000000
23.775479 18 5 1500.000000
24.484244 18 22 1500.000000
24.498526 18 8 1500.000000
24.613137 18 18 1000000.000000
25.109791 18 13 200000.000000
25.312798 18 19 3000000.000000
25.462443 18 7 200000.000000
25.870346 18 18 1500.000000
25.981255 18 13 100000.000000
26.215952 18 21 1000000.000000
26.461532 18 1 100000.000000
26.830256 18 4 1500.000000
27.017139 18 9 1500.000000
27.105033 18 5 1500.000000
27.121488 18 0 200000.000000
27.361277 18 3 3000.000000
28.154704 18 12 3000.000000
29.010202 18 23 1500.000000
29.099562 18 6 3000.000000
29.598834 18 26 1500.000000
29.731791 18 25 1000000.000000
29.998901 18 3 4000000.000000
0.111255 19 4 3000.000000
0.271221 19 0 1000000.000000
0.277259 19 6 10000.000000
1.050136 19 7 20000.000000
1.521945 19 0 3000.000000
1.583777 19 25 100000.000000
2.007046 19 1 3000.000000
2.428647 19 14 1500.000000
2.790368 19 18 3000.000000
3.079455 19 22 20000.000000
3.497913 19 20 1500.000000
4.224501 19 17 1500.000000
4.345480 19 6 100000.000000
4.345758 19 8 1500.000000
4.514705 19 8 1500.000000
4.709702 19 15 1500.000000
4.747104 19 11 200000.000000
4.803755 19 7 200000.000000
4.995288 19 14 1500.000000
5.293683 19 13 200000.000000
5.395763 19 15 2000000.000000
5.797642 19 2 1500.000000
6.326840 19 3 20000.000000
6.545845 19 7 1500.000000
6.570533 19 11 1500.000000
7.381633 19 18 1500.000000
7.473123 19 10 10000.000000
8.133492 19 10 4000000.000000
8.996342 19 25 1000000.000000
9.393693 19 0 3000000.000000
9.546915 19 8 4000000.000000
9.800905 19 13 3000000.000000
9.844979 19 9 1500.000000
10.636557 19 25 1500.000000
11.040536 19 13 200000.000000
11.135319 19 0 3000.000000
11.791017 19 0 10000.000000
11.817054 19 22 1500.000000
11.955164 19 24 100000.000000
12.222252 19 3 1500.000000
12.423772 19 21 200000.000000
12.579443 19 19 3000.000000
12.681009 19 3 1500.000000
13.178405 19 10 1500.000000
13.199755 19 9 3000000.000000
13.463340 19 12 1000000.000000
13.498639 19 4 4000000.000000
13.630693 19 14 10000.000000
13.817108 19 8 200000.000000
14.259701 19 25 100000.000000
14.934070 19 17 20000.000000
15.038863 19 11 2000000.000000
15.070596 19 7 200000.000000
15.918538 19 10 3000000.000000
16.773698 19 9 3000000.000000
17.457742 19 18 1500.000000
18.005260 19 23 1500.000000
18.564920 19 23 1500.000000
19.163132 19 1 3000.000000
19.553318 19 16 1500.000000
19.710856 19 22 1500.000000
19.856727 19 6 1500.000000
20.001428 19 16 1500.000000
20.052811 19 1 1000000.000000
20.697582 19 11 200000.000000
20.965169 19 18 20000.000000
21.473775 19 4 1000000.000000
21.864607 19 8 1500.000000
22.558869 19 9 1000000.000000
22.587864 19 4 1500.000000
22.792964 19 9 1500.000000
22.968748 19 15 1000000.000000
23.106992 19 22 10000.000000
23.336578 19 21 1500.000000
23.513184 19 23 20000.000000
23.747363 19 2 100000.000000
23.993725 19 18 1500.000000
24.180827 19 7 1500.000000
24.590176 19 7 200000.000000
24.590442 19 21 3000000.000000
25.430714 19 14 200000.000000
25.964151 19 21 20000.000000
26.105691 19 20 200000.000000
26.355403 19 18 4000000.000000
26.413025 19 26 10000.000000
27.316493 19 14 1500.000000
28.961299 19 7 100000.000000
29.020926 19 14 1500.000000
29.979377 19 2 1500.000000
29.990889 19 5 4000000.000000
0.651165 20 25 3000.000000
1.406022 20 7 1000000.000000
1.488819 20 4 1000000.000000
1.539025 20 1 1500.000000
1.859732 20 1 1500.000000
1.882555 20 20 1500.000000
1.955862 20 2 1500.000000
1.979273 20 11 20000.000000
2.334464 20 21 1500.000000
2.391440 20 13 100000.000000
2.724859 20 14 1500.000000
3.653612 20 2 3000.000000
3.660166 20 18 1500.000000
3.792875 20 2 3000000.000000
4.207462 20 3 3000000.000000
4.273343 20 19 10000.000000
4.765323 20 3 3000.000000
5.421382 20 11 1000000.000000
5.479974 20 19 100000.000000
5.813808 20 25 1500.000000
6.379018 20 13 1500.000000
6.439314 20 14 1000000.000000
7.251994 20 10 1500.000000
7.518793 20 10 3000000.000000
7.518947 20 17 1500.000000
7.527434 20 14 3000.000000
7.648198 20 1 1000000.000000
7.945449 20 3 1500.000000
8.143741 20 10 100000.000000
8.628899 20 13 100000.000000
8.654664 20 13 3000.000000
9.285043 20 9 200000.000000
9.924642 20 10 1500.000000
10.107323 20 3 10000.000000
10.230140 20 7 4000000.000000
10.554751 20 0 20000.000000
10.610438 20 24 4000000.000000
10.693362 20 25 10000.000000
10.852022 20 2 1500.000000
11.097690 20 0 1500.000000
11.340852 20 10 1500.000000
11.428716 20 1 200000.000000
11.429679 20 24 1500.000000
11.482836 20 20 1500.000000
11.765291 20 26 3000.000000
11.793755 20 0 3000000.000000
11.811549 20 5 3000000.000000
11.970650 20 8 100000.000000
11.971661 20 3 1500.000000
12.001231 20 22 1500.000000
12.502087 20 17 100000.000000
12.728249 20 9 100000.000000
13.220122 20 26 3000.000000
13.688779 20 10 200000.000000
14.063045 20 20 1000000.000000
14.125080 20 25 1500.000000
14.427141 20 19 3000000.000000
14.989600 20 20 1500.000000
15.038886 20 9 1500.000000
15.292820 20 13 200000.000000
15.364068 20 13 3000.000000
15.737393 20 26 1500.000000
16.074708 20 23 10000.000000
16.563060 20 23 200000.000000
16.582775 20 12 3000000.000000
16.744435 20 15 1500.000000
17.657388 20 3 4000000.000000
17.800904 20 21 4000000.000000
17.828129 20 9 1500.000000
17.942549 20 20 200000.000000
18.233571 20 20 4000000.000000
18.292575 20 22 20000.000000
18.649302 20 23 1500.000000
18.702709 20 17 200000.000000
18.963521 20 22 1500.000000
19.039720 20 19 3000000.000000
19.217548 20 17 1500.000000
19.240623 20 15 1500.000000
19.303353 20 4 1500.000000
19.346438 20 18 1500.000000
19.425132 20 8 1500.000000
19.575784 20 24 20000.000000
20.161574 20 8 20000.000000
20.245945 20 14 10000.000000
20.753819 20 12 100000.000000
20.776795 20 8 1500.000000
20.960485 20 5 4000000.000000
21.236224 20 22 3000000.000000
21.429020 20 12 1500.000000
21.574378 20 12 1500.000000
21.958881 20 16 1500.000000
22.069779 20 15 1500.000000
22.298231 20 0 1500.000000
22.488437 20 25 1500.000000
22.612782 20 20 3000000.000000
22.802173 20 26 4000000.000000
23.143508 20 16 20000.000000
23.162420 20 13 1500.000000
23.413231 20 14 10000.000000
23.522572 20 19 1500.000000
23.750126 20 13 2000000.000000
24.231492 20 9 10000.000000
24.690296 20 20 1500.000000
24.929838 20 9 1500.000000
25.124650 20 6 1500.000000
25.224860 20 2 1500.000000
25.253855 20 3 1000000.000000
25.404289 20 7 1500.000000
25.444736 20 0 4000000.000000
25.667933 20 13 100000.000000
25.686025 20 0 20000.000000
26.066602 20 22 4000000.000000
26.067947 20 8 100000.000000
26.330499 20 19 10000.000000
26.439786 20 13 1500.000000
26.632604 20 16 100000.000000
26.814946 20 2 1500.000000
27.923585 20 7 3000000.000000
27.998222 20 19 3000000.000000
28.620588 20 6 1000000.000000
0.060114 21 4 2000000.000000
0.186611 21 9 1500.000000
0.487733 21 16 1500.000000
0.963294 21 0 200000.000000
1.336622 21 12 3000000.000000
1.714212 21 25 100000.000000
2.036624 21 14 1500.000000
3.191119 21 23 1500.000000
3.250669 21 6 1500.000000
3.284907 21 22 10000.000000
4.103887 21 17 3000000.000000
4.202624 21 9 1500.000000
4.595923 21 26 10000.000000
5.283061 21 19 1500.000000
5.366444 21 0 200000.000000
5.522906 21 21 10000.000000
5.695370 21 24 1000000.000000
6.511836 21 1 100000.000000
6.674742 21 9 1500.000000
7.450216 21 18 1500.000000
7.506210 21 3 100000.000000
7.508179 21 1 10000.000000
8.139189 21 26 1500.000000
8.228775 21 1 2000000.000000
8.431089 21 2 1500.000000
9.386933 21 14 1500.000000
10.336219 21 13 1500.000000
10.487304 21 16 200000.000000
10.612898 21 7 4000000.000000
10.716856 21 8 4000000.000000
10.844324 21 24 1500.000000
11.239941 21 0 1500.000000
11.695904 21 21 1500.000000
11.716725 21 23 10000.000000
11.870461 21 18 1500.000000
12.100356 21 3 10000.000000
13.175491 21 8 10000.000000
13.325592 21 0 1500.000000
13.688685 21 7 1500.000000
14.072863 21 2 100000.000000
14.608202 21 3 1500.000000
14.850041 21 23 200000.000000
14.954576 21 7 10000.000000
15.021706 21 6 1500.000000
15.317657 21 26 20000.000000
15.670613 21 10 1500.000000
15.989152 21 21 100000.000000
16.298307 21 22 10000.000000
16.546814 21 1 200000.000000
16.587520 21 8 1500.000000
16.965170 21 10 1500.000000
17.425434 21 3 10000.000000
17.657090 21 10 10000.000000
17.854797 21 15 1500.000000
17.945201 21 21 3000000.000000
18.240251 21 5 1500.000000
18.262773 21 1 3000000.000000
18.602159 21 18 10000.000000
18.863823 21 2 200000.000000
18.996444 21 11 1000000.000000
19.141919 21 16 200000.000000
19.344104 21 14 2000000.000000
19.557818 21 20 1500.000000
19.761382 21 14 3000000.000000
19.835530 21 17 200000.000000
19.900780 21 3 1500.000000
20.614582 21 2 20000.000000
20.727711 21 9 3000000.000000
20.982652 21 25 200000.000000
21.012984 21 19 100000.000000
21.190296 21 9 1500.000000
21.328986 21 5 1500.000000
21.589961 21 3 1000000.000000
21.803731 21 7 1000000.000000
22.148795 21 25 1500.000000
22.557786 21 23 200000.000000
22.734004 21 1 4000000.000000
22.768057 21 2 3000000.000000
23.804445 21 26 1000000.000000
23.893330 21 21 1500.000000
24.805052 21 18 200000.000000
24.929783 21 22 200000.000000
25.522272 21 19 100000.000000
26.323535 21 10 1500.000000
26.974630 21 7 1500.000000
27.304578 21 10 1500.000000
27.307065 21 4 1500.000000
27.446421 21 4 100000.000000
27.464053 21 17 1500.000000
29.764382 21 2 1500.000000
1.232623 22 7 1500.000000
2.036978 22 19 3000000.000000
2.505509 22 14 10000.000000
2.727669 22 18 1500.000000
3.382359 22 0 100000.000000
3.421606 22 19 1500.000000
3.495964 22 25 200000.000000
3.705604 22 16 3000.000000
4.343029 22 8 1500.000000
4.392378 22 13 4000000.000000
4.498565 22 7 1000000.000000
4.805183 22 9 100000.000000
4.833929 22 16 1500.000000
6.233237 22 8 100000.000000
6.338155 22 2 10000.000000
6.377826 22 22 1500.000000
6.644051 22 14 10000.000000
7.052555 22 17 100000.000000
7.149104 22 24 100000.000000
7.697708 22 20 1500.000000
7.819224 22 26 10000.000000
8.292435 22 21 1000000.000000
8.553686 22 15 4000000.000000
8.684142 22 9 3000.000000
8.719470 22 0 1000000.000000
8.737650 22 16 200000.000000
9.223191 22 7 4000000.000000
9.303071 22 8 1500.000000
9.523796 22 16 4000000.000000
9.705712 22 19 3000000.000000
9.923202 22 21 1000000.000000
9.991561 22 0 1500.000000
10.447249 22 6 1500.000000
10.841008 22 15 100000.000000
11.120763 22 20 20000.000000
11.265862 22 6 200000.000000
11.349672 22 25 3000.000000
11.490268 22 10 1500.000000
11.892874 22 1 100000.000000
12.017742 22 15 200000.000000
12.142755 22 14 1500.000000
12.511487 22 13 1000000.000000
12.706095 22 8 200000.000000
12.967504 22 7 100000.000000
13.090345 22 6 2000000.000000
13.376158 22 16 4000000.000000
14.250112 22 18 1500.000000
14.346029 22 25 1000000.000000
14.557699 22 12 10000.000000
14.905320 22 5 1500.000000
15.355177 22 26 10000.000000
15.617744 22 13 3000000.000000
15.776082 22 2 3000000.000000
15.935017 22 26 1000000.000000
15.944202 22 5 4000000.000000
16.581463 22 25 1500.000000
16.817017 22 24 3000000.000000
16.856082 22 19 10000.000000
17.055141 22 22 10000.000000
17.067176 22 2 1500.000000
17.118179 22 3 4000000.000000
17.355384 22 18 1500.000000
19.060809 22 13 3000000.000000
19.210550 22 7 4000000.000000
19.282626 22 23 1500.000000
19.362428 22 19 1500.000000
20.022925 22 13 200000.000000
20.119852 22 24 200000.000000
20.339153 22 6 1500.000000
20.420194 22 12 4000000.000000
20.528404 22 0 2000000.000000
20.917430 22 20 1000000.000000
21.049185 22 11 1500.000000
21.116496 22 18 1500.000000
21.988363 22 0 1500.000000
22.111473 22 13 4000000.000000
22.893794 22 17 100000.000000
23.365979 22 24 3000000.000000
23.438732 22 25 1000000.000000
23.681504 22 6 1000000.000000
23.812466 22 5 20000.000000
24.042728 22 5 3000000.000000
24.082306 22 24 200000.000000
24.766666 22 23 1000000.000000
25.063539 22 14 3000000.000000
25.231484 22 15 200000.000000
25.322607 22 8 20000.000000
25.647810 22 16 3000000.000000
26.135137 22 20 200000.000000
26.294732 22 15 10000.000000
26.743731 22 17 3000.000000
26.807487 22 12 10000.000000
27.234831 22 21 100000.000000
27.464089 22 15 1500.000000
28.215637 22 2 100000.000000
28.387130 22 2 10000.000000
28.400756 22 13 100000.000000
28.512728 22 15 1500.000000
28.555344 22 25 1500.000000
28.568338 22 13 3000000.000000
28.628486 22 10 200000.000000
28.868140 22 5 10000.000000
29.683437 22 25 1500.000000
0.052258 23 16 4000000.000000
0.066081 23 2 1500.000000
0.261851 23 16 4000000.000000
0.546966 23 21 1500.000000
1.149853 23 4 200000.000000
1.211042 23 26 1500.000000
1.621916 23 12 1500.000000
1.701537 23 18 1500.000000
1.715769 23 25 1500.000000
1.837567 23 10 10000.000000
2.027070 23 14 3000000.000000
2.080900 23 14 3000000.000000
2.354137 23 9 1500.000000
2.513755 23 7 1500.000000
3.396781 23 10 1000000.000000
3.856921 23 25 3000000.000000
3.911366 23 2 100000.000000
4.325508 23 19 1500.000000
4.376676 23 24 20000.000000
4.412961 23 25 10000.000000
4.490435 23 22 100000.000000
4.608819 23 9 1500.000000
4.963605 23 4 3000000.000000
5.156185 23 21 4000000.000000
5.395374 23 20 4000000.000000
5.405098 23 4 1500.000000
6.247392 23 17 1500.000000
6.563474 23 12 100000.000000
6.877418 23 21 100000.000000
6.903596 23 3 3000.000000
6.992369 23 3 3000000.000000
7.480412 23 19 1500.000000
7.497786 23 6 1500.000000
7.817618 23 1 1500.000000
8.013300 23 2 4000000.000000
8.261498 23 4 200000.000000
8.954727 23 13 200000.000000
9.005676 23 4 3000000.000000
9.794119 23 18 200000.000000
10.236559 23 24 1500.000000
10.282230 23 23 1500.000000
10.347313 23 23 100000.000000
10.355955 23 9 200000.000000
10.883774 23 2 1500.000000
11.074085 23 6 200000.000000
11.243622 23 13 1500.000000
11.681807 23 11 4000000.000000
11.882212 23 3 100000.000000
12.178376 23 6 1500.000000
12.204338 23 20 1500.000000
12.370316 23 20 4000000.000000
12.743701 23 22 1500.000000
12.845297 23 15 1500.000000
12.898050 23 12 200000.000000
13.589518 23 19 1500.000000
13.982489 23 6 20000.000000
14.157157 23 26 100000.000000
14.984204 23 18 10000.000000
15.943569 23 4 1500.000000
16.813668 23 7 4000000.000000
16.841305 23 14 4000000.000000
17.353236 23 8 10000.000000
17.750893 23 15 200000.000000
18.607923 23 15 4000000.000000
18.738134 23 5 20000.000000
18.918451 23 9 1500.000000
19.858467 23 21 1500.000000
20.906686 23 20 1500.000000
21.188786 23 9 3000000.000000
21.290738 23 15 1500.000000
21.751654 23 8 1500.000000
21.883746 23 7 1500.000000
22.724713 23 1 1500.000000
22.929324 23 21 10000.000000
23.439954 23 8 4000000.000000
23.710240 23 5 1000000.000000
23.935045 23 0 4000000.000000
23.973630 23 21 10000.000000
24.147430 23 3 200000.000000
24.416779 23 15 1500.000000
25.093521 23 7 3000000.000000
25.174883 23 11 200000.000000
25.205313 23 7 1500.000000
25.216902 23 0 3000000.000000
26.657900 23 3 1500.000000
26.704533 23 23 1500.000000
27.114495 23 15 4000000.000000
27.253661 23 8 100000.000000
27.401286 23 7 1000000.000000
27.408303 23 0 10000.000000
27.880347 23 9 10000.000000
28.295063 23 10 1000000.000000
28.949375 23 25 3000000.000000
29.006581 23 13 100000.000000
0.269267 24 19 1500.000000
0.889354 24 15 1500.000000
0.964993 24 4 3000.000000
1.223569 24 5 1500.000000
1.482459 24 9 1500.000000
1.641746 24 17 20000.000000
1.760970 24 26 10000.000000
1.839506 24 24 1500.000000
1.851936 24 22 1500.000000
2.051483 24 8 1500.000000
2.154332 24 12 1500.000000
2.460483 24 17 2000000.000000
2.559892 24 15 1500.000000
2.649149 24 19 100000.000000
3.054158 24 10 1000000.000000
3.135405 24 3 3000000.000000
3.305351 24 13 3000000.000000
3.395165 24 6 1500.000000
4.006276 24 7 3000.000000
4.270088 24 7 1000000.000000
4.572389 24 22 1500.000000
4.734961 24 17 3000000.000000
4.746954 24 15 1500.000000
5.087857 24 24 1500.000000
5.097224 24 24 1500.000000
5.228291 24 12 3000000.000000
6.007452 24 3 1500.000000
6.868862 24 20 1500.000000
7.249239 24 8 1000000.000000
7.343802 24 9 100000.000000
7.527544 24 24 100000.000000
7.767836 24 25 1000000.000000
7.774149 24 20 4000000.000000
8.991022 24 16 200000.000000
9.296191 24 9 2000000.000000
9.758249 24 21 3000.000000
10.310679 24 9 200000.000000
10.618457 24 14 3000.000000
10.630433 24 4 1500.000000
10.633319 24 24 4000000.000000
10.696560 24 22 1500.000000
10.865471 24 17 1500.000000
11.052917 24 17 20000.000000
11.103887 24 22 3000000.000000
11.168230 24 12 3000.000000
11.205386 24 10 200000.000000
11.271386 24 22 1000000.000000
11.592232 24 8 3000000.000000
11.823112 24 17 3000.000000
12.701361 24 21 1500.000000
12.796399 24 26 1500.000000
12.918632 24 20 3000000.000000
12.921254 24 17 1000000.000000
13.011355 24 12 1500.000000
13.422217 24 24 1500.000000
13.772801 24 1 3000000.000000
13.922421 24 8 4000000.000000
14.065359 24 23 1500.000000
14.415575 24 2 4000000.000000
14.781822 24 18 1000000.000000
15.539107 24 0 1500.000000
15.557984 24 2 1500.000000
15.666588 24 26 3000000.000000
16.362625 24 1 3000.000000
17.279338 24 24 1500.000000
17.350565 24 22 4000000.000000
17.628115 24 16 10000.000000
18.239260 24 22 3000000.000000
18.275185 24 1 4000000.000000
18.703397 24 6 200000.000000
18.909971 24 5 1500.000000
19.143439 24 12 100000.000000
19.282468 24 26 4000000.000000
19.398594 24 18 1500.000000
19.648024 24 4 200000.000000
19.690083 24 20 1500.000000
20.446385 24 0 200000.000000
20.471955 24 17 200000.000000
20.586122 24 6 1500.000000
21.314644 24 22 1500.000000
21.315649 24 7 4000000.000000
21.626682 24 16 200000.000000
21.756583 24 26 3000000.000000
22.142426 24 8 1500.000000
22.393717 24 7 4000000.000000
22.638144 24 5 1500.000000
22.883751 24 22 1500.000000
22.964197 24 5 200000.000000
23.419167 24 15 3000000.000000
23.619660 24 0 1500.000000
23.997974 24 10 3000.000000
24.178363 24 13 1500.000000
24.224485 24 5 20000.000000
24.522831 24 16 100000.000000
24.746052 24 15 1500.000000
24.885685 24 19 1500.000000
26.342256 24 22 1500.000000
26.486667 24 9 200000.000000
26.494848 24 25 1500.000000
27.459607 24 11 200000.000000
27.561039 24 21 20000.000000
27.635631 24 24 200000.000000
28.161226 24 23 3000.000000
28.399059 24 15 3000000.000000
29.145383 24 14 10000.000000
29.992572 24 19 1500.000000
0.025179 25 24 10000.000000
0.175861 25 13 3000000.000000
0.909666 25 3 100000.000000
0.961442 25 2 1500.000000
1.177007 25 7 1500.000000
1.299833 25 20 1500.000000
1.351400 25 20 10000.000000
1.475874 25 24 1500.000000
1.512043 25 8 200000.000000
2.393203 25 2 1000000.000000
2.779261 25 3 4000000.000000
3.323137 25 23 3000000.000000
3.518864 25 17 3000000.000000
4.131002 25 26 1500.000000
4.311796 25 26 1500.000000
4.420716 25 7 200000.000000
4.484423 25 18 1500.000000
4.506961 25 26 1000000.000000
4.949468 25 1 3000000.000000
5.492918 25 19 1500.000000
5.714595 25 13 1500.000000
5.718949 25 0 3000.000000
6.034582 25 3 1500.000000
6.057053 25 2 1000000.000000
6.109289 25 10 2000000.000000
6.155880 25 19 100000.000000
6.704542 25 9 100000.000000
7.830137 25 12 200000.000000
8.406164 25 16 1500.000000
8.816106 25 9 1500.000000
9.178142 25 8 1000000.000000
9.781510 25 1 4000000.000000
10.136615 25 15 1000000.000000
11.101590 25 10 100000.000000
11.587642 25 19 200000.000000
11.673479 25 13 1500.000000
11.801196 25 3 1000000.000000
11.999722 25 16 1500.000000
12.040110 25 15 1500.000000
12.595991 25 23 10000.000000
12.712225 25 1 3000000.000000
12.794861 25 1 1500.000000
13.044138 25 19 100000.000000
13.062495 25 0 1000000.000000
13.086093 25 3 1500.000000
13.449875 25 13 4000000.000000
14.074296 25 4 200000.000000
14.853796 25 16 100000.000000
15.012492 25 4 200000.000000
15.119710 25 13 200000.000000
15.379555 25 18 3000000.000000
16.017765 25 6 2000000.000000
16.065063 25 2 3000.000000
16.360756 25 17 200000.000000
16.504791 25 3 1500.000000
17.261843 25 5 3000.000000
17.931624 25 17 1500.000000
18.020316 25 4 100000.000000
18.029783 25 10 4000000.000000
18.291615 25 7 100000.000000
18.358347 25 3 1500.000000
18.445071 25 14 100000.000000
18.634684 25 23 100000.000000
18.650919 25 4 10000.000000
19.484302 25 7 1500.000000
19.895258 25 13 100000.000000
20.030404 25 5 3000000.000000
20.061820 25 9 3000000.000000
20.843380 25 4 1000000.000000
21.106346 25 14 1500.000000
21.625834 25 17 1000000.000000
21.669083 25 1 1500.000000
21.677493 25 26 1000000.000000
22.151656 25 5 200000.000000
22.183062 25 26 100000.000000
22.291892 25 12 4000000.000000
22.349929 25 21 3000000.000000
23.587154 25 14 1500.000000
23.805584 25 7 1500.000000
24.518801 25 8 1500.000000
25.036622 25 24 3000.000000
25.146955 25 2 1500.000000
25.609583 25 3 4000000.000000
25.683311 25 26 1500.000000
25.960907 25 15 200000.000000
26.087374 25 20 100000.000000
26.415918 25 21 100000.000000
27.229321 25 1 1500.000000
27.468859 25 5 3000.000000
27.506570 25 8 1500.000000
27.636623 25 24 1500.000000
27.700406 25 11 1500.000000
28.255056 25 24 1500.000000
29.013496 25 14 1500.000000
29.225835 25 21 20000.000000
29.467512 25 8 1500.000000
29.601085 25 17 200000.000000
29.674260 25 9 1500.000000
0.161479 26 26 1500.000000
0.315063 26 6 1500.000000
0.443513 26 26 1000000.000000
0.471954 26 24 1500.000000
0.503146 26 10 1500.000000
0.715677 26 4 1500.000000
1.171856 26 9 10000.000000
1.203241 26 8 4000000.000000
1.962794 26 11 100000.000000
2.475852 26 3 4000000.000000
2.541980 26 6 10000.000000
2.749002 26 2 1500.000000
3.651074 26 13 1500.000000
4.122384 26 7 1500.000000
4.627065 26 9 3000000.000000
4.672756 26 1 1000000.000000
4.733889 26 14 3000.000000
5.607259 26 0 1500.000000
6.007278 26 13 1000000.000000
6.388024 26 24 4000000.000000
6.482181 26 0 20000.000000
6.906608 26 1 1500.000000
7.820893 26 18 1000000.000000
8.360333 26 21 1500.000000
8.560428 26 18 3000.000000
8.786041 26 11 4000000.000000
8.997083 26 14 1500.000000
9.035012 26 14 1000000.000000
9.139503 26 12 1500.000000
9.179370 26 8 1000000.000000
9.207303 26 11 200000.000000
9.651666 26 7 20000.000000
9.711943 26 23 10000.000000
9.824179 26 18 200000.000000
10.315398 26 20 200000.000000
10.436663 26 21 4000000.000000
11.565456 26 5 20000.000000
11.828443 26 18 100000.000000
11.909845 26 21 3000000.000000
12.469046 26 15 20000.000000
12.832993 26 25 1500.000000
12.920934 26 14 1500.000000
13.182342 26 17 10000.000000
13.513821 26 2 3000000.000000
13.648617 26 23 10000.000000
13.974973 26 1 3000.000000
14.448718 26 26 1500.000000
14.910003 26 11 200000.000000
15.006482 26 4 4000000.000000
15.229064 26 20 200000.000000
15.328455 26 6 1500.000000
15.849196 26 6 1500.000000
16.155606 26 15 3000000.000000
16.642864 26 13 1500.000000
17.009679 26 15 4000000.000000
17.265641 26 26 10000.000000
17.573716 26 5 200000.000000
17.780816 26 4 1500.000000
18.026512 26 4 1500.000000
18.288347 26 2 10000.000000
18.709996 26 7 1500.000000
18.938502 26 23 1500.000000
19.062919 26 0 1500.000000
19.472946 26 6 1000000.000000
19.804423 26 15 1000000.000000
20.273918 26 17 1000000.000000
20.297818 26 18 100000.000000
20.400943 26 22 1500.000000
20.566634 26 25 200000.000000
20.785560 26 4 200000.000000
21.067062 26 25 200000.000000
21.287704 26 5 3000000.000000
21.339720 26 22 1500.000000
22.115174 26 14 100000.000000
22.292489 26 5 3000000.000000
22.377689 26 15 1500.000000
22.964325 26 19 1500.000000
23.044857 26 23 200000.000000
23.241313 26 24 4000000.000000
23.278298 26 12 200000.000000
23.353555 26 6 3000000.000000
23.371835 26 24 10000.000000
23.412414 26 14 3000.000000
23.446546 26 20 3000.000000
24.120200 26 1 1500.000000
24.416434 26 20 1500.000000
24.760705 26 6 200000.000000
24.835913 26 3 1500.000000
25.386123 26 24 1500.000000
25.513571 26 16 1000000.000000
25.588656 26 23 1500.000000
25.810406 26 20 4000000.000000
26.064479 26 5 1500.000000
26.217353 26 24 1500.000000
27.001760 26 24 4000000.000000
27.316145 26 4 1500.000000
27.499881 26 1 1500.000000
27.732799 26 6 1000000.000000
27.932950 26 10 10000.000000
28.224427 26 6 1500.000000
28.371310 26 3 1500.000000
29.854701 26 26 20000.000000
29.957298 26 14 200000.000000
