0.489418 0 17 1500.000000
0.766394 0 9 1500.000000
1.015621 0 10 1500.000000
1.199261 0 6 1500.000000
1.986005 0 4 1500.000000
4.395422 0 23 3000000.000000
4.566938 0 9 3000000.000000
4.630139 0 21 3000000.000000
4.726933 0 24 1500.000000
4.742661 0 1 1500.000000
5.149582 0 11 200000.000000
5.241072 0 12 1500.000000
7.112000 0 12 1500.000000
7.227927 0 23 100000.000000
7.322469 0 7 200000.000000
7.403607 0 10 20000.000000
7.602812 0 1 1500.000000
7.836623 0 1 1500.000000
7.876448 0 11 1000000.000000
8.029308 0 21 100000.000000
8.270371 0 2 1000000.000000
8.476648 0 14 10000.000000
8.746255 0 12 200000.000000
8.966730 0 23 1500.000000
9.300622 0 11 1500.000000
9.568815 0 11 4000000.000000
9.734854 0 22 1500.000000
9.874407 0 10 100000.000000
10.000117 0 8 1500.000000
10.198668 0 20 1500.000000
10.491953 0 26 1500.000000
10.676058 0 18 100000.000000
10.825030 0 12 200000.000000
11.425000 0 1 1500.000000
11.557562 0 21 4000000.000000
11.992122 0 0 20000.000000
12.209397 0 19 100000.000000
12.596511 0 8 3000000.000000
12.805546 0 0 200000.000000
13.270120 0 19 100000.000000
13.366182 0 8 1500.000000
13.413790 0 13 1500.000000
14.260227 0 5 100000.000000
14.924881 0 15 1500.000000
15.282138 0 7 1500.000000
15.463452 0 6 1000000.000000
15.662451 0 12 1500.000000
15.778660 0 12 1500.000000
15.957479 0 22 1500.000000
16.297332 0 25 3000000.000000
16.474945 0 26 1500.000000
16.536405 0 2 100000.000000
16.615938 0 2 1500.000000
16.674602 0 0 1500.000000
16.841238 0 20 1500.000000
16.920507 0 20 1500.000000
17.730399 0 1 1500.000000
18.193062 0 9 1500.000000
18.208213 0 18 1500.000000
18.444731 0 24 4000000.000000
18.876098 0 7 1500.000000
18.896772 0 9 20000.000000
18.900412 0 17 100000.000000
19.314081 0 11 1500.000000
19.375552 0 14 1500.000000
19.395484 0 7 1500.000000
19.462655 0 24 10000.000000
19.685952 0 9 1500.000000
19.697926 0 9 100000.000000
19.994102 0 8 1500.000000
20.894506 0 23 1500.000000
20.907015 0 9 1000000.000000
20.938430 0 23 2000000.000000
21.438108 0 8 4000000.000000
21.912346 0 5 100000.000000
22.862851 0 17 1500.000000
23.067516 0 8 1500.000000
23.565790 0 26 4000000.000000
24.163532 0 26 10000.000000
24.256353 0 17 200000.000000
24.264470 0 19 1500.000000
24.351413 0 15 200000.000000
24.555880 0 23 4000000.000000
24.609542 0 6 1000000.000000
24.866837 0 1 3000.000000
25.088564 0 12 1500.000000
25.122981 0 4 3000000.000000
25.366712 0 10 1000000.000000
25.525718 0 18 10000.000000
25.569908 0 3 100000.000000
25.719429 0 12 1000000.000000
25.783894 0 14 3000000.000000
26.339525 0 8 3000.000000
26.574121 0 24 1500.000000
26.955842 0 23 3000.000000
27.134336 0 10 3000000.000000
27.411361 0 17 1500.000000
27.598386 0 10 10000.000000
27.642932 0 1 4000000.000000
27.863263 0 23 1500.000000
27.869248 0 8 200000.000000
28.168387 0 15 10000.000000
28.957048 0 8 1500.000000
29.050829 0 17 1000000.000000
29.223299 0 5 100000.000000
29.410212 0 22 200000.000000
29.415176 0 18 1500.000000
29.446748 0 16 1000000.000000
29.738628 0 11 3000.000000
0.173445 1 13 1000000.000000
0.424104 1 6 10000.000000
1.080142 1 17 1000000.000000
1.850083 1 0 200000.000000
2.093024 1 25 3000000.000000
2.208843 1 22 3000000.000000
2.418100 1 20 4000000.000000
2.489065 1 7 1500.000000
2.894643 1 10 4000000.000000
2.927644 1 23 1500.000000
3.053545 1 3 200000.000000
3.137067 1 26 1500.000000
3.178402 1 24 1500.000000
3.487024 1 13 10000.000000
3.560151 1 22 3000.000000
3.857296 1 16 1500.000000
4.410761 1 21 1500.000000
4.502435 1 10 1500.000000
4.879987 1 7 20000.000000
4.887417 1 1 1500.000000
4.932642 1 1 1500.000000
5.361303 1 4 1500.000000
5.796234 1 4 1500.000000
6.170820 1 20 1500.000000
6.311265 1 16 1500.000000
6.581759 1 20 4000000.000000
6.783878 1 23 1500.000000
7.477750 1 7 1000000.000000
7.506821 1 25 4000000.000000
7.654168 1 12 100000.000000
7.712739 1 19 100000.000000
7.805224 1 7 1500.000000
7.890466 1 1 200000.000000
7.924216 1 3 100000.000000
8.757006 1 17 200000.000000
8.787384 1 18 20000.000000
9.076810 1 5 4000000.000000
9.088776 1 13 1500.000000
9.728486 1 23 20000.000000
10.046357 1 2 20000.000000
10.941598 1 1 3000000.000000
10.941640 1 4 1500.000000
11.116920 1 3 10000.000000
11.425180 1 23 1500.000000
11.516160 1 22 10000.000000
11.638659 1 16 3000000.000000
12.771090 1 15 1500.000000
12.886270 1 5 200000.000000
13.051433 1 3 1500.000000
13.057223 1 3 1500.000000
13.313300 1 17 3000000.000000
13.401644 1 12 10000.000000
13.559309 1 17 4000000.000000
13.639869 1 21 10000.000000
13.738634 1 10 20000.000000
13.745192 1 14 200000.000000
13.821440 1 23 3000000.000000
14.224006 1 13 100000.000000
14.401457 1 20 3000.000000
15.081274 1 5 1000000.000000
15.153149 1 24 1000000.000000
15.155962 1 18 1500.000000
15.406077 1 19 4000000.000000
15.519218 1 7 3000.000000
15.602676 1 10 1500.000000
16.247683 1 5 3000000.000000
16.467332 1 6 200000.000000
16.712239 1 12 1500.000000
16.854507 1 4 4000000.000000
17.186596 1 15 100000.000000
17.432380 1 7 200000.000000
17.458289 1 3 1500.000000
17.548576 1 21 3000000.000000
17.829989 1 18 3000000.000000
17.844303 1 16 200000.000000
17.920079 1 7 1500.000000
18.169381 1 7 200000.000000
18.390668 1 14 3000000.000000
18.584169 1 0 4000000.000000
18.647821 1 11 1500.000000
19.116811 1 22 1500.000000
19.485124 1 26 1500.000000
19.821667 1 22 10000.000000
19.983677 1 2 4000000.000000
20.113519 1 22 1500.000000
20.436834 1 8 2000000.000000
20.455407 1 20 1000000.000000
20.756728 1 10 4000000.000000
20.902093 1 6 4000000.000000
20.967916 1 23 3000000.000000
21.080719 1 14 20000.000000
21.337933 1 24 1500.000000
22.674170 1 18 4000000.000000
22.742884 1 10 3000000.000000
22.780212 1 12 3000000.000000
22.872455 1 17 10000.000000
23.238458 1 15 1000000.000000
23.556102 1 13 100000.000000
24.230139 1 6 1500.000000
24.251439 1 14 100000.000000
24.548235 1 6 1500.000000
25.155145 1 20 20000.000000
25.253926 1 12 1500.000000
25.378546 1 7 4000000.000000
25.384395 1 21 1500.000000
25.559315 1 3 1000000.000000
25.782776 1 7 3000.000000
25.865003 1 18 10000.000000
26.018432 1 6 3000000.000000
26.026920 1 5 1500.000000
26.839120 1 0 4000000.000000
26.947421 1 3 3000.000000
27.043899 1 16 1000000.000000
27.139346 1 14 10000.000000
27.787809 1 5 1500.000000
28.098251 1 24 3000.000000
28.114535 1 2 4000000.000000
29.201129 1 4 1500.000000
29.395774 1 25 1500.000000
29.561542 1 22 1500.000000
29.566427 1 4 3000000.000000
29.776548 1 0 3000000.000000
29.780738 1 3 200000.000000
29.829700 1 25 100000.000000
29.884602 1 9 1500.000000
0.236237 2 17 3000000.000000
0.319261 2 3 3000000.000000
0.529742 2 14 3000000.000000
0.641640 2 26 200000.000000
0.683063 2 4 2000000.000000
0.905860 2 9 1500.000000
0.915365 2 9 3000.000000
1.147600 2 23 1500.000000
1.231528 2 15 1000000.000000
1.692689 2 14 10000.000000
2.264568 2 14 1500.000000
2.531486 2 24 1500.000000
3.123085 2 18 1500.000000
3.565902 2 11 3000000.000000
3.618713 2 26 3000000.000000
3.720968 2 24 3000000.000000
3.742094 2 9 200000.000000
3.772525 2 16 1500.000000
3.907747 2 24 3000000.000000
3.961546 2 14 1000000.000000
3.982619 2 25 10000.000000
4.005866 2 18 1500.000000
4.413466 2 24 2000000.000000
4.428948 2 21 1500.000000
4.817113 2 14 4000000.000000
4.939355 2 11 3000000.000000
5.839702 2 15 100000.000000
6.287784 2 20 100000.000000
6.432404 2 13 3000000.000000
6.461398 2 11 1000000.000000
6.756564 2 20 1500.000000
7.433890 2 8 100000.000000
7.567320 2 13 3000000.000000
7.666936 2 14 200000.000000
8.036480 2 17 1500.000000
8.395818 2 1 1500.000000
8.641578 2 14 100000.000000
9.036886 2 12 100000.000000
9.097221 2 12 1500.000000
10.020358 2 12 10000.000000
10.408483 2 19 100000.000000
10.415798 2 16 1000000.000000
10.963724 2 9 3000000.000000
11.070717 2 2 1500.000000
11.086993 2 19 1500.000000
11.091584 2 14 20000.000000
11.463044 2 26 200000.000000
11.743722 2 19 100000.000000
11.887972 2 24 100000.000000
11.999644 2 0 1000000.000000
12.228129 2 25 200000.000000
12.247492 2 8 100000.000000
12.656267 2 10 3000000.000000
12.825948 2 13 1500.000000
12.858152 2 15 4000000.000000
13.451032 2 10 200000.000000
13.521580 2 11 1500.000000
14.264115 2 19 100000.000000
14.295955 2 13 1000000.000000
14.308724 2 5 3000.000000
14.775756 2 12 1500.000000
14.806463 2 23 10000.000000
15.300867 2 19 4000000.000000
15.343394 2 17 4000000.000000
15.753523 2 23 1500.000000
15.978874 2 9 3000.000000
15.998545 2 19 1500.000000
16.035434 2 22 1000000.000000
16.071370 2 26 1500.000000
16.620252 2 2 1500.000000
16.633527 2 12 2000000.000000
16.673434 2 26 200000.000000
16.787649 2 16 1500.000000
16.929670 2 5 1500.000000
17.361993 2 1 200000.000000
17.739792 2 24 100000.000000
17.928638 2 8 200000.000000
18.187923 2 2 1500.000000
18.885622 2 10 100000.000000
19.066154 2 22 100000.000000
19.410296 2 9 100000.000000
19.654890 2 5 1500.000000
19.758426 2 26 10000.000000
20.004671 2 24 1500.000000
20.355279 2 14 1500.000000
20.585901 2 1 1500.000000
20.918481 2 16 100000.000000
21.064023 2 11 1500.000000
21.396138 2 7 1000000.000000
21.753217 2 8 1000000.000000
21.756979 2 5 2000000.000000
22.771561 2 26 1000000.000000
22.910017 2 26 1500.000000
23.098370 2 20 100000.000000
23.414122 2 9 3000000.000000
23.686149 2 20 200000.000000
23.714298 2 25 1500.000000
24.945344 2 14 1000000.000000
25.958689 2 4 4000000.000000
25.987486 2 12 200000.000000
26.221799 2 0 1500.000000
27.113519 2 6 3000.000000
27.271905 2 19 1500.000000
27.373746 2 11 3000000.000000
27.388829 2 11 200000.000000
27.413642 2 13 1500.000000
28.237973 2 14 10000.000000
28.273941 2 9 10000.000000
28.292581 2 3 1000000.000000
28.437879 2 1 200000.000000
28.804494 2 6 200000.000000
29.043555 2 9 20000.000000
29.424699 2 9 1500.000000
29.963237 2 7 10000.000000
0.083705 3 25 1500.000000
0.209344 3 20 20000.000000
0.528240 3 10 10000.000000
1.069254 3 20 1500.000000
1.495419 3 21 20000.000000
1.610495 3 7 1000000.000000
1.690089 3 24 3000000.000000
1.886200 3 11 1500.000000
2.293878 3 10 1500.000000
2.307577 3 14 20000.000000
2.581831 3 11 1500.000000
2.646524 3 4 100000.000000
3.099412 3 14 3000000.000000
3.571610 3 0 1000000.000000
3.625584 3 15 3000000.000000
4.283202 3 25 3000000.000000
4.816985 3 15 1000000.000000
4.925067 3 17 1500.000000
5.492633 3 22 1000000.000000
6.015520 3 17 4000000.000000
6.275529 3 4 200000.000000
6.667800 3 22 3000000.000000
6.940891 3 6 1500.000000
6.945583 3 2 1500.000000
7.215520 3 0 1500.000000
7.279487 3 8 4000000.000000
7.436854 3 9 3000000.000000
7.545719 3 18 2000000.000000
7.706828 3 4 1500.000000
7.984328 3 9 10000.000000
8.120535 3 15 200000.000000
8.727348 3 22 4000000.000000
9.276379 3 15 1500.000000
9.459274 3 19 1500.000000
9.477538 3 0 1500.000000
10.005010 3 16 1500.000000
10.015982 3 23 200000.000000
11.500157 3 23 3000.000000
11.646114 3 7 1000000.000000
12.008721 3 24 10000.000000
12.020722 3 20 4000000.000000
12.280665 3 23 4000000.000000
12.425175 3 7 4000000.000000
12.427702 3 15 1500.000000
12.521243 3 12 1000000.000000
12.575538 3 20 100000.000000
13.158525 3 22 3000000.000000
13.536190 3 9 3000000.000000
13.930397 3 5 1500.000000
13.933940 3 26 1500.000000
13.937818 3 16 4000000.000000
14.537508 3 26 1500.000000
15.744496 3 16 100000.000000
15.937950 3 19 1500.000000
15.989817 3 26 1500.000000
16.106351 3 8 1500.000000
16.326059 3 1 100000.000000
16.597405 3 10 3000000.000000
17.513588 3 9 20000.000000
17.765500 3 9 1500.000000
17.892937 3 2 4000000.000000
17.942744 3 15 1500.000000
17.950738 3 22 1000000.000000
18.198897 3 12 10000.000000
18.291629 3 4 20000.000000
18.382184 3 10 1500.000000
18.383709 3 6 20000.000000
18.727530 3 21 1500.000000
18.731163 3 10 3000000.000000
19.057873 3 24 3000.000000
19.124946 3 20 10000.000000
19.183252 3 17 1500.000000
19.288800 3 26 1500.000000
19.375109 3 18 100000.000000
19.380749 3 5 1500.000000
19.409315 3 7 1000000.000000
19.901923 3 7 3000000.000000
20.152911 3 9 1500.000000
20.211950 3 10 3000000.000000
20.499372 3 18 100000.000000
20.849452 3 11 100000.000000
21.549533 3 24 3000000.000000
21.729939 3 17 1500.000000
22.307095 3 2 1500.000000
22.333881 3 5 1500.000000
22.536375 3 26 10000.000000
22.619120 3 4 1000000.000000
22.882437 3 24 1000000.000000
23.311872 3 22 4000000.000000
23.319499 3 17 1000000.000000
23.471355 3 21 20000.000000
23.490597 3 12 1500.000000
23.581912 3 26 1500.000000
23.695133 3 9 4000000.000000
23.871115 3 5 1000000.000000
24.640686 3 12 100000.000000
24.769566 3 8 1500.000000
25.119836 3 7 3000.000000
25.188656 3 17 4000000.000000
25.389549 3 14 1000000.000000
25.680916 3 24 100000.000000
25.938452 3 26 1500.000000
26.211301 3 8 1000000.000000
26.575767 3 10 1500.000000
26.754928 3 1 1500.000000
26.862998 3 9 100000.000000
26.980969 3 15 2000000.000000
27.034984 3 3 1500.000000
27.456253 3 5 3000.000000
27.460355 3 12 4000000.000000
27.476481 3 2 200000.000000
27.578760 3 15 4000000.000000
27.849095 3 12 20000.000000
27.877561 3 24 1500.000000
28.130930 3 9 3000000.000000
28.428177 3 13 3000000.000000
28.669710 3 3 3000.000000
28.709145 3 24 200000.000000
28.895321 3 25 4000000.000000
29.003534 3 4 3000.000000
29.443945 3 24 200000.000000
29.464069 3 0 4000000.000000
29.622790 3 23 1500.000000
29.807772 3 4 1500.000000
0.350411 4 5 200000.000000
0.553169 4 16 200000.000000
1.080925 4 8 1500.000000
1.120745 4 23 1500.000000
1.140384 4 5 20000.000000
1.200847 4 11 1500.000000
1.279817 4 10 1000000.000000
1.337163 4 26 1500.000000
1.414683 4 10 20000.000000
1.518397 4 14 1500.000000
1.545744 4 20 1000000.000000
1.642771 4 23 1500.000000
1.818608 4 9 200000.000000
2.007505 4 8 3000000.000000
2.484160 4 5 1000000.000000
2.621789 4 12 10000.000000
2.772448 4 7 100000.000000
3.819512 4 23 1500.000000
4.259080 4 23 3000000.000000
4.503156 4 24 200000.000000
4.758711 4 6 1500.000000
5.085402 4 21 1500.000000
5.100823 4 5 1000000.000000
5.388998 4 9 200000.000000
5.942287 4 6 20000.000000
6.019714 4 1 1000000.000000
6.373234 4 20 1500.000000
6.793640 4 22 200000.000000
6.876064 4 0 200000.000000
7.313901 4 24 1500.000000
7.387107 4 20 100000.000000
8.229095 4 5 3000000.000000
8.247395 4 1 3000000.000000
8.413674 4 4 1500.000000
8.895453 4 25 1000000.000000
8.999943 4 19 1500.000000
9.345723 4 9 1000000.000000
9.427926 4 10 100000.000000
9.638848 4 13 1000000.000000
9.778903 4 8 1500.000000
9.821422 4 5 3000000.000000
9.857696 4 24 1500.000000
9.951445 4 13 200000.000000
10.216080 4 5 20000.000000
10.336944 4 0 3000000.000000
10.461036 4 23 1500.000000
10.542676 4 18 100000.000000
10.573203 4 26 1500.000000
11.638899 4 18 1500.000000
11.885567 4 10 1500.000000
12.064580 4 5 1500.000000
12.096206 4 10 10000.000000
12.110273 4 21 10000.000000
12.638475 4 7 1500.000000
12.920475 4 13 1500.000000
13.035602 4 16 4000000.000000
13.175336 4 4 1500.000000
13.176023 4 21 1500.000000
13.292120 4 10 1500.000000
13.579675 4 8 100000.000000
14.580238 4 7 1500.000000
14.767699 4 24 1500.000000
14.854202 4 22 1000000.000000
15.330265 4 11 1500.000000
15.387032 4 0 20000.000000
15.767576 4 19 3000.000000
16.501386 4 13 3000.000000
16.786492 4 24 4000000.000000
16.896855 4 22 3000000.000000
17.304522 4 15 100000.000000
17.920667 4 10 1500.000000
18.551698 4 20 10000.000000
18.950328 4 22 100000.000000
19.070723 4 20 200000.000000
19.391809 4 19 4000000.000000
19.432653 4 9 3000.000000
19.580111 4 10 1500.000000
19.688493 4 3 200000.000000
20.031646 4 3 1500.000000
20.411333 4 8 1500.000000
20.436304 4 25 4000000.000000
20.449547 4 13 3000.000000
20.594774 4 2 20000.000000
21.110272 4 18 200000.000000
21.234226 4 4 4000000.000000
21.386508 4 11 100000.000000
22.248102 4 4 1500.000000
23.002894 4 17 100000.000000
23.475436 4 8 1000000.000000
23.669726 4 25 1500.000000
23.764611 4 5 100000.000000
23.796902 4 4 3000000.000000
23.823511 4 3 10000.000000
24.180888 4 10 10000.000000
24.307991 4 0 1500.000000
24.625971 4 14 1500.000000
24.893218 4 18 3000000.000000
25.009587 4 25 1500.000000
25.032184 4 15 3000000.000000
25.357847 4 23 1000000.000000
25.359711 4 17 200000.000000
25.770699 4 23 4000000.000000
25.778537 4 16 4000000.000000
25.899596 4 10 200000.000000
26.000537 4 2 3000000.000000
26.309590 4 2 10000.000000
26.485066 4 21 200000.000000
26.578437 4 13 1500.000000
26.588521 4 19 3000000.000000
26.768722 4 8 1500.000000
26.898475 4 4 1000000.000000
27.016182 4 6 10000.000000
27.286562 4 0 200000.000000
27.489230 4 5 1500.000000
27.924865 4 10 1500.000000
28.101225 4 8 2000000.000000
28.201635 4 13 1500.000000
28.458401 4 10 100000.000000
28.472955 4 24 3000.000000
28.870947 4 5 1500.000000
29.016484 4 7 3000.000000
29.935481 4 12 1500.000000
29.980874 4 19 10000.000000
0.137157 5 25 1500.000000
0.375511 5 0 1000000.000000
0.384796 5 20 3000.000000
0.495180 5 17 1500.000000
0.602140 5 15 100000.000000
1.150831 5 20 100000.000000
1.975143 5 21 1000000.000000
2.020872 5 15 3000000.000000
2.748673 5 8 1500.000000
3.110117 5 24 3000000.000000
3.300137 5 9 1500.000000
3.413471 5 17 4000000.000000
3.814023 5 25 100000.000000
3.854120 5 10 20000.000000
3.868952 5 14 3000.000000
4.018729 5 14 1500.000000
4.551204 5 4 1000000.000000
4.820342 5 23 3000.000000
5.709197 5 7 1000000.000000
5.991004 5 2 100000.000000
6.422170 5 8 200000.000000
6.473579 5 21 4000000.000000
6.661689 5 20 1500.000000
6.935608 5 6 10000.000000
7.014409 5 0 1500.000000
7.399354 5 26 200000.000000
7.764898 5 2 1500.000000
7.881566 5 12 200000.000000
7.927010 5 19 10000.000000
8.479079 5 0 10000.000000
8.501230 5 4 1500.000000
9.076464 5 8 4000000.000000
9.146577 5 18 1500.000000
9.384940 5 10 100000.000000
9.559606 5 7 1000000.000000
9.758109 5 0 1500.000000
9.788696 5 14 1500.000000
10.005779 5 7 3000000.000000
10.956580 5 20 10000.000000
11.025122 5 25 100000.000000
11.275767 5 21 1500.000000
11.311917 5 8 1500.000000
11.325482 5 19 1500.000000
11.639082 5 13 10000.000000
11.804387 5 22 4000000.000000
12.255559 5 17 20000.000000
12.880229 5 6 3000000.000000
13.037233 5 12 4000000.000000
13.171537 5 19 1000000.000000
13.353772 5 13 100000.000000
13.499213 5 24 20000.000000
13.503139 5 19 4000000.000000
13.532639 5 23 20000.000000
13.638419 5 19 1500.000000
13.674898 5 18 100000.000000
13.981480 5 5 200000.000000
14.614960 5 20 20000.000000
14.808691 5 14 4000000.000000
15.218434 5 23 100000.000000
15.310789 5 12 4000000.000000
15.349049 5 19 1000000.000000
15.439382 5 22 1500.000000
15.555461 5 17 3000000.000000
15.755833 5 12 1500.000000
16.150467 5 3 20000.000000
16.165294 5 2 100000.000000
16.434518 5 0 100000.000000
16.439923 5 1 100000.000000
16.650114 5 26 3000000.000000
17.231985 5 8 1500.000000
17.809556 5 15 200000.000000
17.881898 5 20 1000000.000000
18.528296 5 15 100000.000000
18.534861 5 9 3000.000000
18.554641 5 24 200000.000000
18.649156 5 8 1500.000000
18.783812 5 13 1500.000000
19.082437 5 19 100000.000000
19.729698 5 0 1500.000000
20.048016 5 17 1500.000000
20.871025 5 19 100000.000000
21.012739 5 20 1500.000000
21.144811 5 18 3000.000000
21.374102 5 11 200000.000000
21.440613 5 3 1000000.000000
21.598324 5 25 1500.000000
22.504716 5 21 10000.000000
22.702776 5 5 100000.000000
22.709515 5 3 1500.000000
22.821421 5 10 1500.000000
23.063298 5 14 1500.000000
23.291651 5 21 10000.000000
23.409880 5 23 1500.000000
23.586082 5 8 1500.000000
23.766484 5 19 3000000.000000
23.808920 5 16 3000000.000000
24.018386 5 22 200000.000000
24.095429 5 9 1500.000000
24.101732 5 8 200000.000000
24.356722 5 9 3000.000000
24.792199 5 1 3000000.000000
25.170502 5 7 1000000.000000
25.709065 5 3 3000000.000000
25.966119 5 5 3000.000000
25.994906 5 16 1500.000000
26.019609 5 12 1500.000000
26.064236 5 23 10000.000000
26.363984 5 19 200000.000000
26.375468 5 10 1000000.000000
26.474399 5 21 200000.000000
26.540885 5 14 1500.000000
26.593876 5 18 4000000.000000
26.935804 5 24 1500.000000
27.083857 5 0 4000000.000000
27.151628 5 26 1500.000000
27.441363 5 5 1500.000000
27.598891 5 6 1500.000000
27.720366 5 23 4000000.000000
28.089184 5 25 3000000.000000
28.193890 5 22 100000.000000
28.367216 5 22 4000000.000000
28.556564 5 6 3000.000000
28.640319 5 3 3000000.000000
28.902624 5 16 100000.000000
29.162305 5 14 20000.000000
29.284995 5 9 1000000.000000
29.672456 5 9 1000000.000000
29.680635 5 26 100000.000000
29.873011 5 7 1000000.000000
29.880157 5 0 1500.000000
29.897444 5 9 1000000.000000
0.577999 6 7 100000.000000
0.646738 6 6 1500.000000
0.770304 6 4 200000.000000
0.782917 6 26 10000.000000
1.193467 6 23 1500.000000
1.232945 6 11 10000.000000
1.625532 6 18 3000000.000000
1.633792 6 5 1500.000000
1.924686 6 6 4000000.000000
2.063374 6 22 100000.000000
2.072624 6 20 1500.000000
2.104392 6 22 10000.000000
2.217175 6 15 1500.000000
2.262210 6 8 1500.000000
2.282731 6 24 200000.000000
3.080445 6 9 1500.000000
3.089058 6 11 1500.000000
3.174973 6 14 1500.000000
3.237619 6 25 1500.000000
3.260021 6 8 100000.000000
3.414582 6 2 1500.000000
4.187183 6 18 1500.000000
5.048952 6 24 1500.000000
5.138235 6 5 3000000.000000
5.233808 6 5 3000000.000000
5.424904 6 24 4000000.000000
5.777930 6 20 200000.000000
5.780234 6 23 4000000.000000
6.114178 6 10 1500.000000
6.276572 6 12 100000.000000
6.386211 6 26 3000000.000000
6.563665 6 2 20000.000000
6.593334 6 25 10000.000000
6.838622 6 20 3000.000000
7.080401 6 23 100000.000000
7.161732 6 12 1500.000000
7.416486 6 22 4000000.000000
7.965529 6 7 1500.000000
8.372723 6 26 1500.000000
8.385268 6 0 20000.000000
8.398362 6 1 1500.000000
9.346272 6 8 4000000.000000
9.993840 6 22 2000000.000000
10.245066 6 7 1000000.000000
10.359547 6 24 3000.000000
10.401592 6 3 1500.000000
10.449071 6 18 10000.000000
10.563328 6 12 1500.000000
10.934898 6 26 3000.000000
11.110530 6 18 100000.000000
11.626457 6 24 1500.000000
12.302936 6 21 1500.000000
12.780682 6 6 3000.000000
13.105977 6 5 1000000.000000
13.153810 6 3 1000000.000000
13.160697 6 4 1500.000000
13.248529 6 8 1500.000000
13.380460 6 20 200000.000000
14.089186 6 5 10000.000000
14.098015 6 26 3000.000000
14.253682 6 25 1500.000000
14.530093 6 4 100000.000000
14.683922 6 23 1500.000000
14.842022 6 22 10000.000000
14.871873 6 0 1500.000000
15.133113 6 6 4000000.000000
15.280911 6 22 1500.000000
15.287957 6 10 1500.000000
15.373944 6 18 3000000.000000
15.460139 6 13 2000000.000000
15.506141 6 10 3000000.000000
15.579012 6 19 4000000.000000
15.758409 6 19 3000.000000
16.321308 6 0 1500.000000
16.468456 6 18 20000.000000
16.943260 6 16 1500.000000
16.978160 6 6 1500.000000
17.031003 6 10 1500.000000
17.437931 6 25 1500.000000
17.513584 6 13 100000.000000
17.683998 6 25 1500.000000
18.223395 6 1 10000.000000
18.266070 6 9 200000.000000
18.510403 6 11 10000.000000
18.650321 6 16 1500.000000
18.899538 6 15 200000.000000
19.222886 6 20 200000.000000
19.420797 6 23 1500.000000
19.671416 6 25 1500.000000
19.709042 6 9 3000000.000000
19.807356 6 17 1500.000000
19.866953 6 10 3000.000000
20.693909 6 7 2000000.000000
20.713212 6 15 4000000.000000
20.812259 6 16 10000.000000
20.825281 6 21 1500.000000
20.847679 6 10 4000000.000000
20.974227 6 7 3000000.000000
21.078902 6 23 4000000.000000
21.226294 6 14 1500.000000
21.596667 6 21 1500.000000
21.840761 6 1 3000000.000000
21.943855 6 16 4000000.000000
22.409698 6 15 200000.000000
22.740496 6 26 10000.000000
23.350174 6 20 3000.000000
23.552838 6 1 1500.000000
23.575200 6 1 1500.000000
23.617770 6 13 10000.000000
23.678633 6 4 1500.000000
23.913456 6 7 200000.000000
24.744787 6 5 1500.000000
24.766790 6 9 1500.000000
25.021582 6 15 3000000.000000
25.129199 6 10 1000000.000000
25.272942 6 8 4000000.000000
25.299892 6 11 20000.000000
25.428631 6 24 1500.000000
25.528186 6 23 4000000.000000
25.626789 6 19 1500.000000
25.645221 6 26 3000000.000000
25.648010 6 16 1500.000000
25.768623 6 21 1500.000000
26.492036 6 26 3000000.000000
26.578194 6 23 1500.000000
26.650430 6 26 100000.000000
26.865897 6 17 1000000.000000
27.206501 6 20 1500.000000
27.583615 6 6 200000.000000
27.734311 6 10 1000000.000000
27.756062 6 17 100000.000000
27.939163 6 26 1000000.000000
27.963331 6 6 1500.000000
28.558748 6 6 100000.000000
28.861596 6 24 1500.000000
29.073620 6 2 4000000.000000
29.547704 6 16 1500.000000
0.428792 7 3 1500.000000
0.675290 7 13 1500.000000
0.960971 7 6 1500.000000
1.484864 7 21 1500.000000
1.557472 7 12 100000.000000
1.966825 7 26 1500.000000
2.200862 7 4 200000.000000
3.586155 7 20 100000.000000
3.796139 7 0 200000.000000
3.818945 7 11 200000.000000
4.141854 7 16 1000000.000000
4.162913 7 11 200000.000000
4.536456 7 8 3000000.000000
4.545992 7 25 100000.000000
4.806295 7 21 100000.000000
5.285062 7 22 3000000.000000
5.536793 7 24 10000.000000
5.692715 7 26 10000.000000
5.727001 7 18 1500.000000
5.752065 7 25 1500.000000
5.783062 7 25 3000000.000000
5.981405 7 15 3000.000000
6.242160 7 19 4000000.000000
6.416034 7 7 4000000.000000
6.593989 7 23 200000.000000
7.163696 7 7 1500.000000
7.300204 7 14 20000.000000
7.594025 7 12 1500.000000
8.076514 7 15 100000.000000
8.581391 7 11 1500.000000
8.682931 7 3 1500.000000
9.120323 7 7 20000.000000
9.349458 7 4 10000.000000
9.439803 7 20 4000000.000000
9.713032 7 21 1500.000000
10.365274 7 5 3000.000000
11.138485 7 21 10000.000000
11.498062 7 23 200000.000000
12.227427 7 17 1500.000000
12.280461 7 21 200000.000000
12.558882 7 15 3000000.000000
12.661268 7 3 1500.000000
12.870645 7 24 4000000.000000
13.251344 7 14 1000000.000000
13.259702 7 19 3000.000000
13.375894 7 23 200000.000000
13.875614 7 20 1500.000000
13.877068 7 12 2000000.000000
13.913568 7 15 200000.000000
13.954937 7 26 3000000.000000
14.128121 7 2 10000.000000
14.353761 7 3 100000.000000
15.058746 7 2 100000.000000
15.135291 7 26 3000000.000000
15.635393 7 23 10000.000000
15.645953 7 10 1000000.000000
15.695960 7 0 1000000.000000
15.723440 7 14 1000000.000000
15.875251 7 22 1500.000000
15.896853 7 0 1500.000000
16.100988 7 15 1000000.000000
16.371353 7 26 1500.000000
16.684263 7 4 1500.000000
16.744341 7 11 1000000.000000
16.934784 7 5 1500.000000
16.974469 7 19 1500.000000
17.941310 7 8 10000.000000
18.169806 7 10 200000.000000
18.221426 7 26 1500.000000
18.540055 7 7 10000.000000
18.585149 7 8 100000.000000
18.601584 7 22 3000000.000000
18.718393 7 8 3000000.000000
18.921193 7 12 1500.000000
19.198512 7 15 1500.000000
19.842337 7 7 100000.000000
20.287153 7 24 3000.000000
21.061730 7 17 3000000.000000
21.135532 7 6 200000.000000
21.364390 7 10 3000000.000000
21.762122 7 17 3000.000000
21.802745 7 24 200000.000000
21.815717 7 13 4000000.000000
22.045199 7 25 10000.000000
23.120229 7 6 1500.000000
23.810727 7 12 100000.000000
23.889313 7 12 200000.000000
23.930225 7 12 2000000.000000
23.992967 7 11 1500.000000
24.055986 7 2 10000.000000
24.747693 7 25 1500.000000
24.840577 7 19 1500.000000
25.123244 7 4 1500.000000
25.564916 7 2 1500.000000
25.707160 7 16 1000000.000000
26.015396 7 10 10000.000000
26.145479 7 4 3000.000000
26.156704 7 9 4000000.000000
26.351888 7 15 3000.000000
26.369979 7 8 3000000.000000
26.556296 7 2 2000000.000000
26.594461 7 25 1500.000000
26.942708 7 6 20000.000000
26.958680 7 12 3000000.000000
27.171220 7 24 3000.000000
27.203769 7 7 3000000.000000
27.487780 7 12 3000000.000000
27.779622 7 23 100000.000000
27.959362 7 14 1500.000000
27.973867 7 26 1500.000000
28.013240 7 26 1500.000000
28.329585 7 14 3000000.000000
28.380300 7 7 1500.000000
29.377931 7 10 1000000.000000
29.990852 7 20 1500.000000
0.584808 8 6 1500.000000
0.596080 8 0 1500.000000
0.608330 8 25 1500.000000
0.660982 8 3 1500.000000
0.828251 8 3 1500.000000
1.312499 8 14 3000.000000
1.710287 8 12 200000.000000
1.978636 8 14 1500.000000
2.192149 8 5 4000000.000000
2.768452 8 22 1500.000000
3.494984 8 20 1500.000000
3.611795 8 19 200000.000000
4.039521 8 25 200000.000000
4.227558 8 4 1500.000000
4.761483 8 11 10000.000000
5.338829 8 15 1500.000000
5.468539 8 8 3000000.000000
5.474995 8 10 3000000.000000
5.874409 8 11 4000000.000000
5.956051 8 21 10000.000000
6.014749 8 14 1000000.000000
6.053315 8 13 3000.000000
6.789544 8 13 1500.000000
6.833233 8 23 200000.000000
7.453965 8 18 1500.000000
7.822169 8 11 1000000.000000
8.057226 8 12 100000.000000
8.143198 8 8 1000000.000000
8.180535 8 19 3000000.000000
8.514317 8 23 200000.000000
8.757080 8 14 1000000.000000
8.935962 8 25 100000.000000
8.998240 8 16 1500.000000
9.571799 8 6 100000.000000
9.707703 8 22 1000000.000000
9.787876 8 4 1000000.000000
10.260064 8 14 3000000.000000
10.269469 8 13 10000.000000
10.279978 8 23 100000.000000
10.300925 8 7 1500.000000
10.528699 8 16 1500.000000
10.737470 8 5 1500.000000
10.875593 8 1 3000000.000000
10.951586 8 6 1500.000000
11.296217 8 4 4000000.000000
11.339516 8 2 4000000.000000
11.644405 8 3 1500.000000
11.959726 8 19 1500.000000
12.071374 8 9 10000.000000
12.615724 8 8 3000000.000000
13.025596 8 4 1500.000000
13.036007 8 18 1500.000000
13.255471 8 24 200000.000000
13.272179 8 24 1500.000000
13.709906 8 2 3000000.000000
14.201661 8 24 1500.000000
14.460704 8 13 1500.000000
14.570935 8 24 4000000.000000
15.264681 8 5 1500.000000
16.035444 8 12 3000.000000
16.119135 8 22 200000.000000
16.151752 8 5 4000000.000000
16.461072 8 4 4000000.000000
16.564378 8 17 1000000.000000
16.569689 8 1 100000.000000
16.577239 8 11 200000.000000
16.584567 8 16 1000000.000000
16.728205 8 18 100000.000000
17.201618 8 6 100000.000000
18.150340 8 6 200000.000000
18.508264 8 10 1500.000000
18.534789 8 15 3000.000000
18.723791 8 11 1500.000000
19.134798 8 15 200000.000000
19.626825 8 21 100000.000000
19.657989 8 14 200000.000000
19.658510 8 4 3000.000000
19.661611 8 14 100000.000000
20.233943 8 6 3000000.000000
20.971053 8 15 1500.000000
21.056866 8 7 1500.000000
21.464138 8 18 3000000.000000
22.172436 8 1 1500.000000
22.371484 8 9 200000.000000
22.371713 8 14 200000.000000
22.387520 8 20 1500.000000
22.456201 8 14 200000.000000
22.913075 8 25 1500.000000
23.050311 8 14 10000.000000
23.079705 8 15 1500.000000
23.471577 8 14 3000.000000
23.626638 8 24 200000.000000
23.841465 8 0 200000.000000
23.952390 8 20 1500.000000
24.110564 8 4 200000.000000
25.047028 8 19 1500.000000
25.152671 8 7 1000000.000000
25.276988 8 24 4000000.000000
25.693431 8 9 1500.000000
25.695848 8 9 1500.000000
26.027803 8 17 3000.000000
26.946261 8 26 200000.000000
27.652598 8 15 1500.000000
27.723717 8 18 4000000.000000
27.956189 8 11 1500.000000
28.242380 8 11 1500.000000
28.857196 8 14 3000000.000000
29.149770 8 10 10000.000000
29.562113 8 25 4000000.000000
29.865554 8 10 1500.000000
29.923868 8 11 4000000.000000
0.266224 9 3 1000000.000000
0.471727 9 2 100000.000000
0.501194 9 4 200000.000000
0.543997 9 13 1000000.000000
0.748780 9 13 1500.000000
0.883100 9 4 20000.000000
1.048436 9 23 1000000.000000
1.050332 9 9 1000000.000000
2.129251 9 10 2000000.000000
3.588789 9 10 100000.000000
3.635723 9 12 1000000.000000
3.990939 9 8 200000.000000
4.199827 9 0 1500.000000
5.432372 9 25 1000000.000000
5.599458 9 24 1500.000000
5.604733 9 14 1500.000000
5.737472 9 5 3000000.000000
6.337468 9 7 1500.000000
6.495347 9 17 3000.000000
6.993185 9 11 10000.000000
7.274001 9 12 200000.000000
7.557639 9 4 3000.000000
7.816696 9 12 200000.000000
7.890113 9 11 1500.000000
7.920919 9 12 1500.000000
8.044749 9 22 1500.000000
8.425154 9 7 100000.000000
8.458782 9 9 1500.000000
8.691043 9 25 100000.000000
8.956287 9 8 3000.000000
8.985925 9 6 1500.000000
9.077857 9 13 3000000.000000
9.371161 9 0 100000.000000
9.384334 9 10 3000000.000000
9.587447 9 2 100000.000000
9.685700 9 9 100000.000000
9.832220 9 15 1500.000000
9.845927 9 11 1000000.000000
9.957821 9 5 1500.000000
10.014311 9 12 3000000.000000
10.141500 9 6 200000.000000
10.182851 9 19 1500.000000
10.370303 9 0 1500.000000
11.177240 9 26 1500.000000
11.252474 9 25 4000000.000000
11.617021 9 11 1500.000000
11.912564 9 18 1500.000000
11.967797 9 4 3000.000000
12.581019 9 22 1500.000000
12.903497 9 14 1500.000000
13.652083 9 14 1500.000000
14.333301 9 16 100000.000000
14.483539 9 15 1500.000000
14.595743 9 18 1500.000000
14.709714 9 0 1500.000000
14.831010 9 26 3000000.000000
15.265240 9 1 200000.000000
15.283051 9 25 1500.000000
15.332904 9 9 1500.000000
15.334114 9 16 1500.000000
15.718141 9 10 4000000.000000
16.030710 9 0 1500.000000
16.176054 9 2 200000.000000
16.259231 9 25 1500.000000
16.349183 9 13 1000000.000000
16.915281 9 26 100000.000000
18.081618 9 15 100000.000000
18.134420 9 7 200000.000000
18.279914 9 20 1500.000000
18.403018 9 2 1000000.000000
18.732835 9 19 3000.000000
18.894367 9 5 1500.000000
20.410950 9 9 1500.000000
20.479975 9 26 10000.000000
20.767928 9 6 1500.000000
20.791704 9 4 1500.000000
20.999259 9 21 200000.000000
21.361116 9 6 1000000.000000
22.048183 9 4 3000000.000000
22.435733 9 26 1500.000000
22.441471 9 23 3000000.000000
22.853765 9 7 4000000.000000
22.965390 9 19 1000000.000000
23.416220 9 19 4000000.000000
23.893551 9 2 20000.000000
23.901115 9 23 200000.000000
24.053001 9 12 3000.000000
24.656268 9 19 4000000.000000
24.687179 9 21 1500.000000
24.750513 9 18 100000.000000
24.842252 9 24 3000.000000
25.008177 9 5 4000000.000000
25.296409 9 6 1500.000000
25.479925 9 20 10000.000000
25.600127 9 5 1500.000000
26.331348 9 16 200000.000000
26.468225 9 24 1000000.000000
26.612716 9 1 3000000.000000
27.549998 9 0 1500.000000
27.581360 9 7 100000.000000
27.963131 9 15 200000.000000
28.162247 9 13 1500.000000
28.815057 9 21 20000.000000
28.948729 9 11 1500.000000
29.266511 9 13 1500.000000
29.510910 9 20 1500.000000
0.098029 10 3 100000.000000
0.261335 10 23 20000.000000
0.356498 10 25 4000000.000000
0.428165 10 8 3000.000000
0.676598 10 14 100000.000000
0.828236 10 21 1000000.000000
0.860593 10 10 200000.000000
1.125625 10 22 3000000.000000
1.188223 10 22 100000.000000
1.436283 10 2 1500.000000
1.452061 10 22 1000000.000000
1.836813 10 0 4000000.000000
2.471920 10 25 20000.000000
2.708276 10 9 1500.000000
2.711476 10 7 1500.000000
2.788701 10 0 4000000.000000
2.875252 10 16 1000000.000000
3.362849 10 9 100000.000000
3.373988 10 18 4000000.000000
3.846149 10 7 3000.000000
4.107235 10 5 100000.000000
4.464782 10 22 1500.000000
4.628489 10 3 1000000.000000
4.676772 10 15 1500.000000
5.016532 10 8 1000000.000000
5.174116 10 24 1500.000000
5.208550 10 10 1000000.000000
5.234156 10 24 1500.000000
5.274039 10 2 100000.000000
5.356817 10 9 1000000.000000
5.358293 10 24 200000.000000
5.405067 10 10 100000.000000
5.517395 10 11 1500.000000
5.763680 10 17 200000.000000
5.833833 10 26 200000.000000
6.175803 10 13 1500.000000
6.529917 10 4 200000.000000
6.535687 10 25 10000.000000
6.894861 10 3 200000.000000
7.411954 10 10 1000000.000000
7.640849 10 19 100000.000000
8.031254 10 4 4000000.000000
8.495783 10 26 3000000.000000
8.557205 10 10 100000.000000
8.610687 10 24 1500.000000
8.829682 10 12 1500.000000
8.883887 10 8 1500.000000
9.200441 10 24 3000000.000000
9.630384 10 19 1500.000000
9.739885 10 0 3000000.000000
9.755611 10 0 1500.000000
9.808953 10 1 1500.000000
9.934898 10 26 1500.000000
10.228174 10 1 1500.000000
10.258424 10 12 200000.000000
10.463696 10 2 3000.000000
10.476352 10 25 1500.000000
10.679711 10 22 1500.000000
11.450369 10 13 1500.000000
11.602900 10 26 200000.000000
11.915478 10 4 10000.000000
12.353228 10 20 4000000.000000
12.419880 10 11 1000000.000000
12.537491 10 25 1500.000000
12.819684 10 20 10000.000000
12.865812 10 12 200000.000000
13.128680 10 16 10000.000000
13.163571 10 26 1000000.000000
13.240340 10 2 200000.000000
13.321747 10 22 1500.000000
13.355304 10 6 2000000.000000
13.389095 10 24 1500.000000
13.465581 10 9 100000.000000
13.562765 10 18 1500.000000
13.846996 10 19 2000000.000000
13.858922 10 21 1500.000000
13.893488 10 23 1500.000000
13.991757 10 13 1000000.000000
14.284184 10 21 3000000.000000
14.445244 10 16 3000.000000
14.535131 10 15 100000.000000
14.547862 10 25 1500.000000
15.169038 10 20 200000.000000
15.309018 10 25 3000000.000000
15.339776 10 2 10000.000000
15.423659 10 14 1500.000000
15.774169 10 8 3000000.000000
15.882734 10 2 3000000.000000
16.055779 10 25 4000000.000000
16.088575 10 2 4000000.000000
16.190478 10 16 1500.000000
16.237428 10 3 100000.000000
16.486085 10 16 100000.000000
16.784555 10 24 1500.000000
17.055064 10 6 1500.000000
17.134176 10 4 1500.000000
17.516908 10 4 10000.000000
17.858249 10 5 3000000.000000
17.892304 10 15 1500.000000
18.158453 10 8 4000000.000000
18.170625 10 2 3000.000000
18.308740 10 4 10000.000000
18.319972 10 12 1500.000000
18.470833 10 6 1500.000000
18.516666 10 5 4000000.000000
18.538199 10 17 3000000.000000
18.641682 10 9 200000.000000
19.635190 10 22 10000.000000
19.827350 10 14 1000000.000000
19.924598 10 26 1000000.000000
20.394584 10 7 3000.000000
20.577363 10 21 20000.000000
20.623323 10 21 1500.000000
20.903457 10 14 10000.000000
21.003126 10 7 1500.000000
21.325589 10 4 1500.000000
21.464014 10 7 200000.000000
21.628343 10 25 1500.000000
21.854093 10 5 3000000.000000
22.116880 10 8 1000000.000000
22.161540 10 1 1500.000000
22.194058 10 21 1500.000000
22.421146 10 7 20000.000000
22.500974 10 26 1500.000000
22.511009 10 25 1000000.000000
22.547193 10 5 3000000.000000
22.830884 10 6 100000.000000
23.102849 10 22 20000.000000
23.256506 10 3 1500.000000
24.717060 10 25 1000000.000000
25.054562 10 20 1500.000000
25.105892 10 25 3000000.000000
25.118035 10 0 10000.000000
25.279788 10 26 1500.000000
25.705614 10 17 3000000.000000
26.282439 10 5 1500.000000
26.283660 10 22 20000.000000
26.436788 10 8 1500.000000
26.463454 10 20 1500.000000
26.503075 10 24 1000000.000000
26.521060 10 10 1500.000000
27.260228 10 2 1000000.000000
27.426030 10 17 10000.000000
27.507498 10 21 1500.000000
27.551944 10 11 200000.000000
28.345989 10 9 1500.000000
28.613121 10 26 1500.000000
28.669289 10 11 3000000.000000
28.897129 10 9 100000.000000
28.901712 10 21 10000.000000
28.957186 10 6 10000.000000
29.114424 10 24 200000.000000
29.913631 10 19 4000000.000000
29.937115 10 4 10000.000000
0.286999 11 1 200000.000000
0.395725 11 21 1500.000000
0.421910 11 9 1500.000000
0.627448 11 5 1000000.000000
0.721428 11 26 1000000.000000
1.032305 11 25 3000.000000
1.162963 11 7 1500.000000
1.164024 11 20 1500.000000
1.295665 11 19 1500.000000
1.416357 11 22 4000000.000000
2.021867 11 3 1500.000000
2.058383 11 7 1500.000000
2.508855 11 10 3000000.000000
2.628572 11 0 200000.000000
2.652555 11 9 1000000.000000
2.908490 11 16 100000.000000
3.027414 11 11 1000000.000000
4.076488 11 10 4000000.000000
4.095773 11 11 3000000.000000
4.437989 11 24 1500.000000
4.506011 11 3 1500.000000
4.517861 11 26 10000.000000
4.575210 11 7 1500.000000
5.360016 11 5 100000.000000
5.491661 11 13 10000.000000
5.809121 11 7 1000000.000000
5.911291 11 23 3000.000000
6.334670 11 15 1500.000000
6.558156 11 7 10000.000000
6.569652 11 25 200000.000000
7.203761 11 25 100000.000000
7.342298 11 4 1500.000000
7.698082 11 2 200000.000000
8.234364 11 7 4000000.000000
8.263124 11 7 3000000.000000
8.314577 11 2 1500.000000
8.342060 11 16 3000.000000
8.478970 11 9 1500.000000
8.978936 11 15 4000000.000000
9.172058 11 13 1500.000000
9.517170 11 20 1000000.000000
9.549649 11 6 100000.000000
9.823375 11 12 100000.000000
10.151117 11 1 3000.000000
10.277460 11 16 3000.000000
10.333086 11 13 1000000.000000
10.651213 11 19 1500.000000
11.219456 11 2 3000000.000000
11.408073 11 9 1500.000000
11.422040 11 13 200000.000000
11.854232 11 19 100000.000000
11.954326 11 26 3000000.000000
12.079180 11 11 1500.000000
12.528274 11 6 1500.000000
12.774560 11 11 1500.000000
13.033262 11 16 1500.000000
13.048855 11 17 1000000.000000
13.765289 11 26 1500.000000
14.121130 11 7 4000000.000000
14.242710 11 10 3000000.000000
14.403053 11 5 20000.000000
14.461219 11 15 3000000.000000
14.775816 11 2 1500.000000
14.982233 11 23 4000000.000000
15.082557 11 21 100000.000000
15.088085 11 0 1500.000000
15.330887 11 4 100000.000000
15.381119 11 22 4000000.000000
15.381720 11 23 200000.000000
15.486585 11 4 3000000.000000
15.710349 11 14 1500.000000
15.967235 11 17 3000.000000
15.995156 11 16 20000.000000
16.091325 11 6 100000.000000
16.413274 11 22 3000000.000000
16.418007 11 24 1500.000000
16.428418 11 1 200000.000000
16.642320 11 13 1500.000000
16.670135 11 24 20000.000000
16.924739 11 3 1500.000000
17.297336 11 9 3000.000000
17.524886 11 5 1500.000000
17.720175 11 7 4000000.000000
18.207077 11 6 1000000.000000
18.296600 11 7 10000.000000
18.629927 11 0 1500.000000
18.918540 11 20 100000.000000
19.541833 11 15 1500.000000
19.964906 11 23 4000000.000000
20.253688 11 11 20000.000000
20.681120 11 16 3000000.000000
20.879533 11 8 1000000.000000
21.245271 11 15 1500.000000
21.425133 11 26 10000.000000
21.863042 11 10 1000000.000000
21.884123 11 4 1500.000000
22.401001 11 11 4000000.000000
23.328896 11 10 100000.000000
23.331336 11 15 1500.000000
23.364924 11 11 1500.000000
23.469019 11 16 4000000.000000
24.249750 11 5 1000000.000000
24.471528 11 6 100000.000000
24.639050 11 7 1500.000000
24.910122 11 4 10000.000000
25.632569 11 0 1500.000000
25.649469 11 21 1500.000000
25.795685 11 26 4000000.000000
25.868999 11 8 1500.000000
26.260507 11 11 4000000.000000
26.477352 11 6 10000.000000
26.725080 11 15 10000.000000
27.014187 11 14 200000.000000
27.364168 11 24 1500.000000
27.395796 11 20 3000000.000000
28.347019 11 13 1500.000000
28.542027 11 24 20000.000000
28.828542 11 23 3000000.000000
28.905856 11 1 1500.000000
29.923076 11 23 1500.000000
0.260609 12 16 10000.000000
0.345951 12 14 3000000.000000
0.813455 12 20 4000000.000000
0.864149 12 8 1500.000000
0.939193 12 1 1500.000000
0.963369 12 25 1000000.000000
1.465824 12 25 200000.000000
1.573026 12 13 100000.000000
2.221480 12 17 1500.000000
3.314015 12 20 1000000.000000
3.318886 12 8 1500.000000
3.666135 12 13 100000.000000
3.933885 12 14 4000000.000000
3.946826 12 15 3000000.000000
4.560175 12 18 3000.000000
4.605450 12 10 100000.000000
4.848564 12 12 1500.000000
5.047944 12 6 1500.000000
5.149389 12 1 1000000.000000
5.157041 12 12 1500.000000
5.413913 12 12 1500.000000
5.480816 12 26 200000.000000
5.536586 12 3 1000000.000000
5.544248 12 1 1500.000000
5.566980 12 12 1500.000000
5.668291 12 9 2000000.000000
5.707217 12 16 3000000.000000
6.005605 12 5 3000000.000000
6.184211 12 21 3000000.000000
6.452470 12 25 1500.000000
6.739448 12 9 200000.000000
6.770161 12 24 1500.000000
6.904437 12 22 3000000.000000
6.919399 12 15 1500.000000
7.508180 12 22 1500.000000
7.869218 12 15 1500.000000
8.451809 12 17 200000.000000
8.479570 12 7 1500.000000
8.564168 12 15 100000.000000
8.744487 12 2 4000000.000000
8.940743 12 7 1500.000000
9.328682 12 16 3000000.000000
9.679096 12 23 1500.000000
9.975743 12 6 1500.000000
10.362372 12 19 10000.000000
10.832036 12 7 1500.000000
11.378512 12 17 3000.000000
11.505575 12 22 1500.000000
11.528446 12 12 1500.000000
11.586455 12 9 1500.000000
11.863249 12 16 1500.000000
12.466734 12 20 3000000.000000
12.593156 12 16 1500.000000
12.725137 12 26 200000.000000
12.749656 12 14 200000.000000
12.880491 12 11 3000.000000
13.468600 12 2 4000000.000000
13.769937 12 8 1500.000000
13.997904 12 26 3000.000000
14.371766 12 20 1000000.000000
14.685879 12 23 1500.000000
15.011144 12 8 4000000.000000
15.041246 12 9 1500.000000
15.612614 12 15 3000.000000
15.714840 12 7 1500.000000
15.875988 12 7 1500.000000
16.266167 12 0 20000.000000
16.401518 12 19 100000.000000
16.758964 12 17 1500.000000
16.833199 12 11 200000.000000
17.096458 12 26 10000.000000
18.041625 12 16 3000.000000
18.225343 12 0 1000000.000000
18.550053 12 16 1500.000000
18.596684 12 16 1500.000000
18.784513 12 22 10000.000000
18.885165 12 4 10000.000000
19.256941 12 3 1500.000000
19.271658 12 0 1500.000000
19.659694 12 13 1500.000000
19.879889 12 11 200000.000000
20.058981 12 9 200000.000000
20.177946 12 25 200000.000000
20.205647 12 6 1500.000000
20.225885 12 10 1500.000000
20.443919 12 26 4000000.000000
20.633720 12 17 10000.000000
20.939849 12 26 10000.000000
20.956062 12 17 2000000.000000
20.957015 12 10 1000000.000000
20.990091 12 3 10000.000000
21.128768 12 12 3000000.000000
21.585156 12 2 100000.000000
21.693183 12 9 3000000.000000
21.867323 12 12 4000000.000000
21.952744 12 15 4000000.000000
22.055648 12 20 1500.000000
22.059678 12 13 200000.000000
22.259733 12 26 10000.000000
22.880720 12 13 4000000.000000
23.039139 12 26 1000000.000000
23.697243 12 23 10000.000000
23.722053 12 16 1500.000000
23.841619 12 1 2000000.000000
24.117198 12 0 10000.000000
24.194111 12 17 100000.000000
24.249323 12 22 1000000.000000
24.589073 12 26 1000000.000000
25.118481 12 22 4000000.000000
25.389909 12 16 100000.000000
25.778114 12 9 1500.000000
26.541468 12 9 4000000.000000
26.891712 12 17 1500.000000
27.056415 12 0 100000.000000
27.962607 12 4 1500.000000
28.417472 12 20 200000.000000
28.479577 12 14 20000.000000
28.877745 12 24 3000.000000
28.942158 12 13 1500.000000
29.904385 12 3 10000.000000
0.612578 13 26 1000000.000000
0.650056 13 22 3000.000000
0.853082 13 0 1500.000000
1.428672 13 7 3000000.000000
1.444093 13 8 1500.000000
1.461048 13 19 10000.000000
1.650638 13 5 1500.000000
1.971979 13 15 1000000.000000
2.442031 13 13 100000.000000
2.587941 13 18 4000000.000000
2.757913 13 17 3000000.000000
2.819330 13 9 3000000.000000
2.984577 13 17 200000.000000
3.210605 13 1 200000.000000
3.267658 13 21 10000.000000
3.458387 13 11 1500.000000
3.592265 13 2 200000.000000
3.865832 13 14 1500.000000
4.172908 13 16 1500.000000
4.295939 13 13 1500.000000
4.395053 13 7 1500.000000
4.405877 13 21 1500.000000
4.565901 13 24 1500.000000
4.573737 13 25 4000000.000000
5.020796 13 13 200000.000000
5.379884 13 6 1000000.000000
5.628783 13 21 20000.000000
6.330762 13 1 3000.000000
6.455666 13 11 3000000.000000
6.466746 13 20 3000000.000000
6.643917 13 22 1500.000000
6.662181 13 26 10000.000000
6.693120 13 26 1500.000000
6.693903 13 26 3000000.000000
6.761066 13 14 1500.000000
7.193237 13 19 4000000.000000
7.299356 13 7 1000000.000000
7.421657 13 23 1500.000000
7.449665 13 0 3000000.000000
7.469150 13 20 1500.000000
8.640574 13 4 100000.000000
8.968656 13 21 1500.000000
9.104460 13 3 3000000.000000
9.179165 13 0 1500.000000
9.241906 13 13 1500.000000
9.386063 13 21 20000.000000
9.839936 13 14 20000.000000
9.855985 13 21 3000000.000000
10.676812 13 12 1500.000000
11.698732 13 7 10000.000000
11.810014 13 10 3000000.000000
12.891349 13 10 1500.000000
13.237606 13 1 3000000.000000
13.364002 13 0 1500.000000
13.443127 13 6 1500.000000
13.482366 13 19 3000.000000
13.507388 13 24 3000.000000
14.134019 13 25 1500.000000
14.843149 13 13 4000000.000000
15.001003 13 5 1500.000000
15.111667 13 24 3000000.000000
15.542967 13 23 200000.000000
15.652548 13 24 4000000.000000
17.072001 13 2 4000000.000000
17.352520 13 15 2000000.000000
17.837096 13 25 10000.000000
18.095936 13 9 1000000.000000
18.468153 13 22 3000000.000000
18.595364 13 4 1000000.000000
18.781769 13 17 4000000.000000
19.035069 13 10 10000.000000
19.506725 13 25 1500.000000
19.621986 13 1 1500.000000
20.731712 13 13 1500.000000
20.778802 13 16 200000.000000
20.847963 13 3 3000000.000000
20.949717 13 22 1500.000000
20.957918 13 13 20000.000000
21.041652 13 22 100000.000000
21.722718 13 19 200000.000000
21.789921 13 15 3000000.000000
21.866571 13 15 100000.000000
22.026734 13 15 3000.000000
22.029896 13 13 1500.000000
22.704319 13 10 200000.000000
22.782873 13 7 1500.000000
22.788186 13 8 1500.000000
22.998236 13 6 4000000.000000
23.092045 13 23 100000.000000
23.179848 13 2 1000000.000000
23.442349 13 0 1500.000000
23.599569 13 15 3000000.000000
24.238539 13 11 1500.000000
24.321967 13 4 200000.000000
25.079512 13 23 3000000.000000
25.506266 13 22 1500.000000
25.687948 13 3 4000000.000000
25.885346 13 13 3000000.000000
26.015325 13 14 10000.000000
26.520677 13 15 100000.000000
26.735005 13 9 3000000.000000
26.789740 13 23 1500.000000
26.927801 13 21 4000000.000000
27.307793 13 15 1500.000000
27.591130 13 11 3000.000000
27.764697 13 20 1000000.000000
27.940055 13 13 200000.000000
28.079673 13 22 1000000.000000
28.104471 13 26 1500.000000
28.222979 13 8 4000000.000000
28.391167 13 12 1500.000000
28.399846 13 11 1500.000000
28.415990 13 19 100000.000000
28.442546 13 11 1000000.000000
28.516017 13 14 100000.000000
29.172886 13 10 1500.000000
29.611791 13 26 1500.000000
29.733530 13 2 2000000.000000
29.831238 13 25 1000000.000000
29.909632 13 12 100000.000000
0.529131 14 13 1500.000000
0.597269 14 9 3000000.000000
1.025013 14 18 1500.000000
1.137368 14 12 100000.000000
1.434687 14 4 200000.000000
2.214868 14 18 4000000.000000
2.709727 14 3 4000000.000000
3.009921 14 10 1000000.000000
3.069870 14 17 100000.000000
3.169516 14 7 200000.000000
3.210275 14 26 1500.000000
3.326110 14 0 20000.000000
3.717223 14 13 1500.000000
4.110778 14 9 10000.000000
4.776657 14 24 3000.000000
4.816732 14 25 1500.000000
5.403867 14 4 1500.000000
5.660472 14 15 1000000.000000
6.320481 14 11 1000000.000000
6.396151 14 2 3000000.000000
6.526065 14 0 1000000.000000
6.593300 14 11 1500.000000
7.052932 14 13 10000.000000
7.119813 14 14 1500.000000
7.319705 14 10 1500.000000
7.691020 14 7 1500.000000
7.877806 14 17 1500.000000
8.016973 14 25 1500.000000
8.396250 14 3 4000000.000000
8.433775 14 19 200000.000000
8.774487 14 6 1500.000000
8.873402 14 16 3000000.000000
8.963350 14 24 10000.000000
9.125350 14 21 1500.000000
9.421258 14 22 3000.000000
9.553065 14 3 20000.000000
9.956452 14 7 100000.000000
10.066328 14 14 3000.000000
10.071975 14 13 3000000.000000
10.454331 14 1 4000000.000000
11.074721 14 1 1500.000000
11.504849 14 12 1500.000000
11.609865 14 20 1500.000000
12.247764 14 11 200000.000000
12.290633 14 22 1000000.000000
12.333389 14 1 100000.000000
12.578277 14 26 1500.000000
12.808293 14 0 3000000.000000
13.007113 14 12 100000.000000
13.074725 14 22 1000000.000000
13.121286 14 7 3000000.000000
13.198494 14 18 1500.000000
13.293658 14 17 1500.000000
13.785266 14 1 3000000.000000
13.858650 14 11 1500.000000
13.947778 14 5 3000.000000
13.957125 14 26 4000000.000000
14.065415 14 21 1500.000000
14.214628 14 5 200000.000000
14.445629 14 4 3000000.000000
15.021917 14 3 200000.000000
15.071673 14 17 3000.000000
15.607410 14 13 3000.000000
16.052834 14 0 10000.000000
16.123369 14 17 3000000.000000
16.145052 14 10 10000.000000
17.404577 14 25 4000000.000000
17.648056 14 17 1500.000000
17.801222 14 11 1500.000000
18.147458 14 23 100000.000000
18.335245 14 10 1500.000000
18.353380 14 13 100000.000000
18.449714 14 8 1500.000000
18.612431 14 18 20000.000000
19.015744 14 18 10000.000000
19.393087 14 3 1500.000000
20.505840 14 6 3000000.000000
20.577688 14 13 3000.000000
20.775880 14 0 1500.000000
21.215390 14 22 200000.000000
21.309469 14 2 20000.000000
21.366369 14 20 20000.000000
21.390053 14 11 1500.000000
21.461055 14 4 1500.000000
21.519868 14 6 200000.000000
21.759260 14 23 4000000.000000
21.869602 14 19 4000000.000000
22.599442 14 26 1000000.000000
22.646415 14 22 1500.000000
22.649982 14 3 1500.000000
22.763853 14 17 1500.000000
22.778015 14 12 1000000.000000
23.980705 14 17 100000.000000
23.994349 14 5 1500.000000
24.304957 14 17 3000.000000
24.500675 14 13 200000.000000
24.508924 14 11 4000000.000000
24.614524 14 9 3000000.000000
24.873346 14 5 3000.000000
25.561389 14 23 200000.000000
26.221669 14 4 4000000.000000
26.495005 14 17 4000000.000000
26.613555 14 7 1500.000000
26.795057 14 1 10000.000000
27.095250 14 11 20000.000000
27.222427 14 9 1500.000000
27.365602 14 17 1500.000000
28.196018 14 14 100000.000000
28.208281 14 25 1500.000000
28.369799 14 13 1000000.000000
28.533982 14 26 100000.000000
28.873050 14 9 100000.000000
28.880109 14 21 200000.000000
29.073446 14 11 1500.000000
29.605541 14 10 1500.000000
29.719314 14 0 100000.000000
29.840355 14 5 200000.000000
0.134832 15 15 1500.000000
0.156104 15 22 2000000.000000
0.662252 15 19 1000000.000000
0.902054 15 0 3000.000000
1.143281 15 23 3000.000000
1.361884 15 1 1500.000000
1.379620 15 13 3000.000000
1.430401 15 20 1500.000000
1.755129 15 15 100000.000000
1.856259 15 15 1500.000000
2.087350 15 7 1500.000000
2.100002 15 21 100000.000000
2.154583 15 9 1500.000000
2.211226 15 16 200000.000000
2.544328 15 24 1500.000000
2.703797 15 15 3000.000000
3.075672 15 23 1000000.000000
3.143508 15 7 200000.000000
3.336510 15 21 20000.000000
3.433251 15 22 1000000.000000
4.005983 15 13 200000.000000
4.134736 15 6 1500.000000
4.293595 15 11 1500.000000
4.356843 15 15 1500.000000
4.461223 15 23 1000000.000000
4.818038 15 2 20000.000000
4.894619 15 1 1500.000000
5.592475 15 23 1500.000000
5.665618 15 6 1500.000000
5.683209 15 24 4000000.000000
6.252348 15 22 200000.000000
6.382390 15 20 1500.000000
6.810028 15 16 20000.000000
7.045169 15 12 3000.000000
7.082877 15 24 10000.000000
7.143384 15 6 3000.000000
7.888673 15 8 4000000.000000
7.907737 15 15 1500.000000
8.154622 15 1 1500.000000
8.274767 15 8 4000000.000000
8.283268 15 22 2000000.000000
8.405991 15 1 3000.000000
8.764477 15 1 1500.000000
8.878545 15 12 1000000.000000
9.322850 15 14 2000000.000000
9.365257 15 15 3000000.000000
9.602947 15 0 20000.000000
9.689114 15 6 1500.000000
10.164534 15 10 10000.000000
10.316899 15 16 20000.000000
11.123069 15 19 3000000.000000
11.411782 15 23 4000000.000000
11.690236 15 24 1500.000000
11.729010 15 9 1500.000000
12.066224 15 4 1500.000000
13.135601 15 11 200000.000000
13.403561 15 6 1500.000000
14.243988 15 2 1500.000000
14.572497 15 15 1500.000000
14.709288 15 20 1500.000000
14.976047 15 13 1500.000000
15.051289 15 18 1000000.000000
15.226498 15 7 1500.000000
15.250172 15 9 1500.000000
15.488347 15 21 1500.000000
15.824076 15 2 20000.000000
16.225828 15 26 1500.000000
16.445807 15 3 1500.000000
16.483256 15 0 10000.000000
17.015962 15 10 3000000.000000
17.185946 15 7 1500.000000
17.759032 15 20 200000.000000
17.952145 15 23 100000.000000
17.961861 15 0 3000000.000000
18.372938 15 26 1500.000000
18.629707 15 20 10000.000000
19.134422 15 7 1500.000000
19.369464 15 20 3000.000000
19.537296 15 24 1500.000000
19.781955 15 25 3000000.000000
20.228670 15 6 1500.000000
20.586918 15 21 1000000.000000
21.044909 15 5 1500.000000
21.066868 15 17 1000000.000000
21.388649 15 25 3000000.000000
21.446928 15 14 10000.000000
22.475062 15 10 200000.000000
22.646586 15 24 1000000.000000
23.389298 15 8 3000000.000000
23.460294 15 24 1000000.000000
23.562912 15 23 200000.000000
23.592263 15 9 1500.000000
24.175854 15 1 4000000.000000
24.383949 15 23 1500.000000
24.392165 15 21 1500.000000
24.594183 15 6 3000000.000000
25.850925 15 0 1500.000000
25.951266 15 21 1500.000000
26.053469 15 2 10000.000000
26.192758 15 15 3000000.000000
26.815102 15 0 10000.000000
27.208506 15 10 1500.000000
27.594486 15 16 3000.000000
27.715213 15 6 200000.000000
28.033713 15 21 200000.000000
28.071241 15 5 1500.000000
28.518942 15 9 1500.000000
28.717428 15 26 200000.000000
28.938468 15 21 3000.000000
29.061320 15 14 3000000.000000
29.754395 15 21 1500.000000
29.959587 15 4 100000.000000
0.095186 16 25 3000000.000000
0.746457 16 5 3000.000000
0.811261 16 25 3000000.000000
1.135439 16 5 100000.000000
2.034768 16 2 1500.000000
2.062905 16 25 1500.000000
2.427852 16 12 20000.000000
2.669517 16 15 1500.000000
2.935072 16 24 4000000.000000
3.420797 16 2 100000.000000
3.951563 16 12 1500.000000
4.185565 16 6 1500.000000
4.844785 16 12 4000000.000000
4.851138 16 0 200000.000000
4.915607 16 2 2000000.000000
4.933233 16 7 3000000.000000
5.094838 16 19 1000000.000000
5.771047 16 5 100000.000000
6.059986 16 22 100000.000000
6.436985 16 5 3000000.000000
6.545489 16 14 100000.000000
6.628177 16 4 100000.000000
6.635264 16 24 1000000.000000
6.742053 16 12 200000.000000
6.778430 16 2 2000000.000000
8.399722 16 5 1500.000000
8.400224 16 5 4000000.000000
8.738179 16 0 100000.000000
9.187524 16 9 100000.000000
9.688408 16 2 10000.000000
9.775087 16 21 10000.000000
9.872165 16 16 200000.000000
9.894563 16 11 1500.000000
9.978032 16 10 3000000.000000
10.129279 16 20 1500.000000
10.174379 16 9 3000.000000
10.452030 16 8 4000000.000000
10.463411 16 24 1500.000000
10.766268 16 6 1500.000000
10.884922 16 20 4000000.000000
11.116297 16 1 1500.000000
12.133359 16 2 1500.000000
12.233810 16 15 1500.000000
12.809291 16 13 1500.000000
12.936141 16 18 3000.000000
13.513170 16 25 3000000.000000
13.950567 16 3 20000.000000
14.821469 16 16 1500.000000
14.916119 16 25 100000.000000
14.973866 16 9 3000.000000
15.001179 16 3 1500.000000
15.093994 16 15 1500.000000
15.328454 16 5 1500.000000
16.259467 16 10 3000.000000
16.774665 16 26 20000.000000
17.064217 16 14 1500.000000
17.409285 16 18 1500.000000
17.523595 16 7 1500.000000
17.700931 16 7 1500.000000
17.858841 16 19 4000000.000000
17.953261 16 3 4000000.000000
18.006500 16 1 100000.000000
18.010519 16 10 200000.000000
19.749146 16 20 100000.000000
19.875090 16 21 1500.000000
19.913672 16 4 200000.000000
19.996138 16 10 1500.000000
20.042994 16 3 1000000.000000
20.211008 16 10 1500.000000
20.230524 16 4 4000000.000000
20.288167 16 6 4000000.000000
20.598273 16 11 200000.000000
20.724067 16 24 1000000.000000
21.278553 16 19 200000.000000
21.465418 16 6 1500.000000
22.665587 16 9 4000000.000000
23.402132 16 18 1000000.000000
23.524313 16 4 10000.000000
24.156122 16 21 200000.000000
24.267136 16 14 1000000.000000
24.572079 16 15 20000.000000
24.675621 16 1 1500.000000
24.817414 16 0 1000000.000000
24.996110 16 18 1000000.000000
25.040457 16 7 200000.000000
25.069298 16 10 3000000.000000
25.219279 16 20 1000000.000000
25.357272 16 10 1500.000000
25.430629 16 17 1000000.000000
25.777285 16 0 1000000.000000
26.450366 16 2 3000000.000000
26.696035 16 21 1500.000000
26.757487 16 24 1500.000000
26.760566 16 10 1500.000000
27.322956 16 11 1000000.000000
27.747322 16 22 100000.000000
27.955224 16 5 3000000.000000
27.982961 16 3 4000000.000000
28.253275 16 6 3000.000000
28.339546 16 21 200000.000000
28.438449 16 12 3000000.000000
28.679063 16 26 200000.000000
28.885435 16 14 200000.000000
29.124153 16 11 1500.000000
29.212743 16 16 1500.000000
29.764822 16 6 1500.000000
29.810180 16 26 1500.000000
0.739668 17 12 3000.000000
1.131548 17 4 1500.000000
1.412600 17 20 1500.000000
1.493232 17 9 4000000.000000
1.572244 17 21 1500.000000
1.587584 17 18 200000.000000
1.931220 17 14 1500.000000
2.092834 17 24 3000000.000000
2.231441 17 11 100000.000000
2.681971 17 18 3000000.000000
3.891543 17 3 3000000.000000
4.066311 17 25 1500.000000
4.127628 17 15 1500.000000
4.319617 17 5 100000.000000
5.814605 17 22 1500.000000
6.104165 17 12 20000.000000
6.247193 17 22 200000.000000
6.294155 17 20 100000.000000
6.720316 17 21 1500.000000
6.933039 17 10 200000.000000
7.020717 17 11 4000000.000000
7.088869 17 2 100000.000000
7.380287 17 14 4000000.000000
7.590715 17 22 200000.000000
7.768038 17 14 1500.000000
7.940198 17 14 3000000.000000
8.117155 17 8 20000.000000
8.534992 17 21 100000.000000
8.560994 17 4 1500.000000
8.717805 17 23 1500.000000
9.512018 17 9 4000000.000000
9.606775 17 24 1500.000000
9.752717 17 3 1500.000000
9.900842 17 9 20000.000000
10.090031 17 24 20000.000000
10.327440 17 2 100000.000000
10.492395 17 20 100000.000000
10.496723 17 22 10000.000000
11.233162 17 8 4000000.000000
11.262902 17 11 20000.000000
11.449896 17 20 1500.000000
11.843699 17 2 1500.000000
12.426399 17 15 3000000.000000
12.581993 17 3 20000.000000
12.699051 17 12 1500.000000
12.868752 17 9 200000.000000
13.406915 17 24 1500.000000
13.445804 17 14 1500.000000
13.486113 17 12 3000.000000
13.752646 17 24 20000.000000
13.833733 17 16 1500.000000
14.051889 17 7 3000000.000000
14.130282 17 8 1500.000000
14.342005 17 23 100000.000000
16.849229 17 9 4000000.000000
16.987890 17 1 1500.000000
17.076064 17 11 3000.000000
17.242123 17 20 1500.000000
17.309377 17 5 3000000.000000
17.926248 17 24 1500.000000
18.637802 17 12 100000.000000
18.777603 17 16 3000000.000000
18.840604 17 1 3000000.000000
18.938110 17 9 1500.000000
19.147059 17 0 100000.000000
19.168325 17 12 200000.000000
19.185665 17 11 1500.000000
19.365217 17 21 200000.000000
19.398618 17 10 1500.000000
19.608484 17 14 1500.000000
20.037146 17 2 200000.000000
20.229237 17 12 2000000.000000
20.546086 17 24 1500.000000
20.577899 17 2 3000000.000000
20.591704 17 18 3000000.000000
21.556520 17 8 1500.000000
21.860555 17 22 20000.000000
21.876174 17 12 1500.000000
22.022765 17 17 3000000.000000
22.540260 17 26 1500.000000
22.962799 17 5 1000000.000000
23.122934 17 1 20000.000000
24.006582 17 19 1500.000000
24.089699 17 3 3000000.000000
24.212832 17 1 2000000.000000
24.446501 17 0 200000.000000
25.143676 17 22 10000.000000
25.433083 17 17 1500.000000
25.681310 17 7 1500.000000
25.791533 17 0 3000000.000000
25.917080 17 24 1500.000000
26.581062 17 17 10000.000000
26.650505 17 11 3000.000000
26.759218 17 15 4000000.000000
26.942600 17 1 10000.000000
27.093868 17 24 1500.000000
27.613096 17 14 1000000.000000
27.633281 17 17 1500.000000
28.283918 17 21 3000000.000000
28.526252 17 14 10000.000000
28.526294 17 10 20000.000000
28.584887 17 15 200000.000000
28.819758 17 0 4000000.000000
29.101538 17 20 1500.000000
29.104064 17 19 1000000.000000
29.879238 17 21 4000000.000000
0.023547 18 7 1500.000000
1.216676 18 8 4000000.000000
1.375914 18 2 100000.000000
1.453277 18 9 1000000.000000
1.502031 18 16 4000000.000000
1.524034 18 14 2000000.000000
1.608287 18 21 200000.000000
1.866357 18 15 1000000.000000
2.239488 18 24 4000000.000000
2.258865 18 15 200000.000000
2.563335 18 6 1000000.000000
2.587101 18 8 3000000.000000
2.883776 18 15 1500.000000
3.125166 18 2 1500.000000
3.150713 18 10 4000000.000000
3.322446 18 13 3000000.000000
3.337977 18 23 1500.000000
3.482774 18 10 1500.000000
3.495330 18 23 200000.000000
3.885182 18 17 1500.000000
4.248962 18 4 3000000.000000
4.350783 18 22 10000.000000
4.445635 18 25 1500.000000
4.454515 18 18 1500.000000
4.631071 18 2 3000.000000
4.657110 18 8 100000.000000
4.706371 18 15 200000.000000
5.201177 18 3 1500.000000
5.279824 18 6 10000.000000
5.512262 18 16 1000000.000000
5.563144 18 17 2000000.000000
5.685187 18 24 100000.000000
5.950256 18 12 3000.000000
6.042256 18 11 1000000.000000
6.159359 18 4 100000.000000
6.164030 18 0 1500.000000
6.343125 18 10 200000.000000
6.722920 18 22 4000000.000000
7.232724 18 21 20000.000000
7.400461 18 20 3000.000000
8.415628 18 25 3000.000000
8.606540 18 20 20000.000000
8.808487 18 7 10000.000000
9.413947 18 22 3000000.000000
9.449216 18 17 3000.000000
9.960234 18 19 2000000.000000
10.267641 18 2 1500.000000
10.275794 18 20 1500.000000
10.484965 18 1 100000.000000
10.612638 18 1 1000000.000000
10.827641 18 26 4000000.000000
11.256365 18 3 100000.000000
11.277921 18 12 1000000.000000
11.475144 18 7 10000.000000
11.682846 18 17 1500.000000
11.868400 18 8 200000.000000
11.919323 18 7 3000000.000000
12.314244 18 18 1500.000000
12.338883 18 3 3000.000000
12.713176 18 5 1500.000000
12.992802 18 18 1500.000000
13.032319 18 17 10000.000000
13.204304 18 3 1500.000000
13.343630 18 23 200000.000000
13.629164 18 9 4000000.000000
13.674951 18 0 4000000.000000
13.702592 18 15 3000000.000000
13.833677 18 8 100000.000000
14.041588 18 18 1500.000000
14.234843 18 24 10000.000000
14.856364 18 5 3000000.000000
15.214445 18 13 3000000.000000
15.215617 18 23 200000.000000
15.271767 18 15 1500.000000
15.789505 18 11 1500.000000
15.946061 18 10 3000000.000000
16.100396 18 7 1500.000000
16.181094 18 11 1000000.000000
16.209202 18 16 4000000.000000
16.816256 18 21 10000.000000
17.168293 18 22 200000.000000
17.240981 18 24 3000000.000000
17.253488 18 13 4000000.000000
17.308969 18 0 1000000.000000
17.519314 18 20 1500.000000
17.814433 18 19 1500.000000
18.029802 18 19 2000000.000000
18.134409 18 26 1500.000000
18.139991 18 4 200000.000000
18.695091 18 4 200000.000000
18.723725 18 8 10000.000000
18.737484 18 7 10000.000000
18.738806 18 4 3000000.000000
18.741821 18 15 1500.000000
18.946372 18 15 1500.000000
19.126792 18 8 1500.000000
19.730884 18 8 1500.000000
19.748817 18 26 2000000.000000
19.812114 18 26 1500.000000
19.886051 18 5 1500.000000
20.054919 18 2 1500.000000
20.070786 18 23 1500.000000
20.132021 18 23 200000.000000
20.395998 18 9 200000.000000
21.033517 18 10 1500.000000
21.148631 18 5 100000.000000
21.384169 18 17 3000000.000000
21.474265 18 12 1000000.000000
21.484921 18 19 1500.000000
21.545247 18 20 200000.000000
21.896587 18 15 200000.000000
22.295631 18 23 3000.000000
22.340375 18 23 200000.000000
22.360813 18 7 1500.000000
22.529158 18 16 1500.000000
22.583083 18 20 1500.000000
22.747751 18 3 1000000.000000
22.909986 18 12 200000.000000
23.057381 18 2 1500.000000
23.149738 18 16 1000000.000000
23.237324 18 13 200000.000000
23.539099 18 9 1000000.000000
23.783721 18 6 1500.000000
24.168934 18 3 1500.000000
24.182603 18 26 20000.000000
25.137717 18 12 1500.000000
25.278419 18 14 3000.000000
25.325930 18 16 10000.000000
25.511981 18 25 1000000.000000
25.626688 18 10 4000000.000000
25.681641 18 3 100000.000000
25.856147 18 5 200000.000000
25.869400 18 10 3000000.000000
26.980648 18 22 1000000.000000
27.382938 18 16 200000.000000
27.418521 18 2 200000.000000
27.427222 18 6 1500.000000
27.625961 18 23 1500.000000
27.643992 18 10 3000000.000000
28.084838 18 17 100000.000000
28.350326 18 12 20000.000000
28.461582 18 2 100000.000000
28.580906 18 26 1500.000000
29.213289 18 14 1500.000000
29.354433 18 20 1500.000000
29.455041 18 0 200000.000000
29.590742 18 17 100000.000000
29.699754 18 2 200000.000000
29.708038 18 0 200000.000000
0.295631 19 17 3000.000000
0.512713 19 26 3000.000000
0.712848 19 9 1500.000000
0.720480 19 9 3000000.000000
0.783324 19 23 1500.000000
1.061329 19 20 100000.000000
1.495097 19 19 1500.000000
1.539173 19 20 1500.000000
1.997258 19 20 1500.000000
2.212687 19 18 1000000.000000
2.759327 19 22 4000000.000000
3.308107 19 21 1500.000000
4.053650 19 23 1500.000000
4.402826 19 17 10000.000000
4.852024 19 6 100000.000000
4.983416 19 1 1500.000000
5.137862 19 13 10000.000000
5.258143 19 21 1500.000000
5.289062 19 11 10000.000000
5.305795 19 16 200000.000000
5.370609 19 13 1500.000000
5.582721 19 26 100000.000000
5.816245 19 20 3000.000000
5.882173 19 20 200000.000000
5.971374 19 1 1500.000000
6.345607 19 26 10000.000000
6.456900 19 0 4000000.000000
6.799077 19 9 1500.000000
6.940482 19 25 100000.000000
6.950045 19 0 1000000.000000
7.311126 19 6 1500.000000
7.574870 19 6 1500.000000
7.612277 19 18 1500.000000
7.638860 19 3 1500.000000
7.677155 19 9 200000.000000
7.964614 19 25 1500.000000
8.025782 19 23 1500.000000
8.165104 19 5 1500.000000
8.226206 19 6 1000000.000000
8.676523 19 7 1500.000000
9.001049 19 15 4000000.000000
9.340662 19 20 1500.000000
9.659460 19 20 4000000.000000
9.816064 19 1 1000000.000000
9.899952 19 2 200000.000000
10.349881 19 1 1500.000000
10.465598 19 8 1500.000000
10.520536 19 6 1500.000000
11.111771 19 13 1500.000000
11.127795 19 6 1500.000000
11.128770 19 7 4000000.000000
11.674125 19 23 4000000.000000
12.709545 19 7 1500.000000
13.152705 19 24 3000000.000000
13.414076 19 5 1500.000000
13.774709 19 9 3000000.000000
13.826025 19 16 10000.000000
14.217039 19 10 1500.000000
14.560590 19 5 1500.000000
14.633498 19 17 1500.000000
14.750678 19 18 4000000.000000
15.050654 19 21 200000.000000
15.294077 19 4 3000000.000000
15.752993 19 3 4000000.000000
15.829029 19 14 200000.000000
15.831341 19 7 200000.000000
16.392457 19 2 1500.000000
16.797134 19 2 1000000.000000
17.591613 19 20 4000000.000000
18.327633 19 11 4000000.000000
18.676468 19 20 100000.000000
18.745518 19 9 1500.000000
18.884237 19 24 4000000.000000
20.179573 19 23 10000.000000
20.514261 19 8 3000.000000
20.628979 19 26 3000.000000
20.717557 19 11 2000000.000000
20.914324 19 3 4000000.000000
21.044816 19 25 1000000.000000
21.963424 19 11 3000000.000000
22.149747 19 4 200000.000000
22.361862 19 12 10000.000000
22.766385 19 10 1000000.000000
23.525435 19 5 1500.000000
23.554968 19 19 3000000.000000
23.693678 19 18 20000.000000
24.734916 19 11 3000000.000000
24.804118 19 15 1500.000000
24.825967 19 24 1500.000000
24.962376 19 26 20000.000000
25.379577 19 14 1500.000000
25.507432 19 10 1500.000000
25.694377 19 7 4000000.000000
25.829947 19 19 1000000.000000
25.881979 19 25 200000.000000
25.960799 19 7 1500.000000
26.379942 19 26 200000.000000
26.719982 19 10 1500.000000
27.099118 19 0 1500.000000
27.227974 19 1 200000.000000
27.353840 19 21 1000000.000000
27.470439 19 25 1500.000000
27.490333 19 25 1000000.000000
27.670460 19 2 4000000.000000
27.706285 19 25 1500.000000
27.919601 19 7 200000.000000
28.388054 19 16 3000000.000000
28.701821 19 16 100000.000000
28.967792 19 9 1500.000000
28.996935 19 18 1500.000000
29.027013 19 16 4000000.000000
29.036184 19 11 1500.000000
29.180300 19 11 10000.000000
29.247536 19 24 1500.000000
29.274182 19 25 3000000.000000
29.292687 19 9 4000000.000000
29.523463 19 12 3000000.000000
0.117896 20 3 1000000.000000
0.175970 20 21 3000.000000
0.410016 20 23 4000000.000000
0.426772 20 24 1000000.000000
0.873892 20 10 200000.000000
1.154209 20 25 100000.000000
1.390007 20 26 100000.000000
1.582084 20 23 20000.000000
1.585765 20 5 100000.000000
1.727842 20 21 10000.000000
1.874639 20 16 100000.000000
1.894761 20 26 4000000.000000
2.185225 20 7 1500.000000
2.851579 20 16 1500.000000
3.101294 20 22 1500.000000
3.764147 20 13 100000.000000
3.834501 20 2 1500.000000
4.260480 20 21 100000.000000
4.316203 20 16 1500.000000
4.482630 20 6 1500.000000
4.778133 20 9 20000.000000
4.807249 20 14 3000.000000
5.126427 20 1 200000.000000
5.135436 20 5 1500.000000
5.320535 20 0 2000000.000000
6.119470 20 11 3000000.000000
6.256028 20 10 4000000.000000
6.362246 20 18 4000000.000000
7.180700 20 13 1500.000000
7.712683 20 23 1500.000000
7.758463 20 15 1500.000000
7.855285 20 12 200000.000000
8.271980 20 22 100000.000000
8.660145 20 20 100000.000000
8.774723 20 2 1500.000000
9.082832 20 16 4000000.000000
9.263973 20 8 1500.000000
9.517889 20 26 1500.000000
9.710796 20 19 1500.000000
10.107148 20 21 100000.000000
10.643878 20 8 3000000.000000
10.958536 20 25 3000.000000
11.960914 20 5 3000000.000000
11.980427 20 14 1500.000000
12.195625 20 3 200000.000000
12.597402 20 5 100000.000000
12.815270 20 25 100000.000000
13.191899 20 24 1500.000000
13.269369 20 13 4000000.000000
13.398607 20 21 10000.000000
13.718545 20 10 20000.000000
13.866698 20 5 100000.000000
14.806722 20 4 200000.000000
14.841149 20 6 1500.000000
14.859774 20 13 3000000.000000
15.549903 20 21 1500.000000
16.325321 20 23 1500.000000
16.563681 20 3 20000.000000
17.685105 20 10 100000.000000
19.113135 20 25 1500.000000
19.956608 20 17 1000000.000000
20.230920 20 20 1500.000000
20.359862 20 25 4000000.000000
20.544204 20 24 100000.000000
20.782742 20 12 1500.000000
20.916737 20 5 4000000.000000
21.091224 20 3 1500.000000
21.160205 20 2 4000000.000000
21.198941 20 4 100000.000000
21.441201 20 8 3000000.000000
21.496174 20 15 3000.000000
21.715081 20 12 200000.000000
21.839234 20 12 10000.000000
21.844519 20 6 1000000.000000
22.110614 20 11 20000.000000
22.336832 20 13 4000000.000000
23.190539 20 12 3000000.000000
23.242203 20 21 200000.000000
23.365143 20 12 1500.000000
23.512269 20 11 1000000.000000
23.610301 20 26 1500.000000
23.706721 20 8 1500.000000
23.753112 20 0 1500.000000
23.787613 20 14 1500.000000
24.348706 20 24 200000.000000
24.446228 20 21 1000000.000000
24.679042 20 4 200000.000000
24.720933 20 17 200000.000000
24.803229 20 16 100000.000000
25.201116 20 0 1000000.000000
25.542797 20 17 1500.000000
26.555144 20 6 3000.000000
26.680844 20 8 200000.000000
27.344050 20 14 1500.000000
27.543432 20 24 1000000.000000
27.610264 20 6 1500.000000
27.673390 20 4 4000000.000000
28.020700 20 15 4000000.000000
28.073753 20 2 1500.000000
28.660251 20 24 10000.000000
29.003427 20 3 4000000.000000
29.216304 20 6 3000000.000000
29.526600 20 19 200000.000000
29.864788 20 12 3000000.000000
0.397959 21 10 3000.000000
0.716424 21 14 3000000.000000
0.801882 21 14 1500.000000
0.890374 21 8 4000000.000000
0.951516 21 26 1500.000000
1.010439 21 4 1500.000000
1.038319 21 26 1500.000000
1.198873 21 9 3000000.000000
1.392819 21 2 4000000.000000
1.582136 21 23 3000000.000000
1.778915 21 15 4000000.000000
2.172695 21 10 4000000.000000
2.253448 21 0 1500.000000
2.441556 21 15 1500.000000
3.042524 21 2 1500.000000
4.083883 21 18 3000.000000
4.333932 21 2 100000.000000
4.358911 21 7 1500.000000
4.679019 21 15 10000.000000
4.773244 21 17 3000.000000
4.808599 21 0 10000.000000
5.187953 21 16 1500.000000
5.318707 21 10 4000000.000000
5.756078 21 18 3000.000000
5.775019 21 22 3000000.000000
6.142221 21 23 20000.000000
6.279355 21 7 200000.000000
6.295033 21 19 1500.000000
6.454364 21 11 1500.000000
6.772798 21 5 3000000.000000
7.404427 21 24 4000000.000000
7.745872 21 4 4000000.000000
8.200782 21 7 4000000.000000
8.598105 21 22 10000.000000
8.644036 21 16 3000.000000
8.707162 21 15 20000.000000
8.730518 21 23 10000.000000
8.763594 21 4 4000000.000000
8.774981 21 19 100000.000000
9.681863 21 25 1000000.000000
9.811116 21 9 200000.000000
9.907710 21 4 3000000.000000
9.992470 21 0 1000000.000000
10.501680 21 17 4000000.000000
10.551159 21 19 1500.000000
10.779129 21 3 200000.000000
11.091684 21 24 20000.000000
11.498276 21 22 4000000.000000
11.925830 21 24 1500.000000
11.987217 21 16 3000000.000000
12.204119 21 18 1000000.000000
12.664491 21 2 1500.000000
13.069700 21 14 4000000.000000
13.298563 21 0 1500.000000
13.380719 21 17 100000.000000
13.441451 21 0 100000.000000
13.975532 21 8 1500.000000
14.262003 21 9 20000.000000
14.783393 21 16 4000000.000000
14.912703 21 24 3000000.000000
15.016639 21 1 1500.000000
15.045203 21 3 20000.000000
15.426877 21 14 1500.000000
15.535032 21 19 1500.000000
16.314068 21 15 10000.000000
16.452054 21 25 100000.000000
16.896261 21 6 1000000.000000
17.136039 21 0 10000.000000
17.181559 21 12 1500.000000
17.697995 21 22 1000000.000000
17.814726 21 14 10000.000000
17.821106 21 23 2000000.000000
19.208340 21 4 1500.000000
19.904525 21 19 4000000.000000
20.119439 21 10 1500.000000
20.657958 21 6 200000.000000
21.015924 21 22 3000000.000000
21.142789 21 15 1500.000000
21.552033 21 8 1500.000000
21.599645 21 21 1000000.000000
21.731972 21 9 200000.000000
21.920467 21 9 1500.000000
22.586142 21 24 1500.000000
22.656809 21 14 100000.000000
23.632878 21 25 1500.000000
24.020645 21 17 1500.000000
24.034933 21 9 200000.000000
24.161408 21 12 1500.000000
24.187345 21 23 10000.000000
24.243617 21 22 10000.000000
24.385032 21 25 100000.000000
24.533751 21 23 20000.000000
24.591673 21 1 1000000.000000
24.779378 21 19 4000000.000000
25.103205 21 23 1500.000000
26.252786 21 11 3000000.000000
26.257264 21 10 1500.000000
26.517655 21 10 1000000.000000
26.669564 21 18 10000.000000
26.689641 21 22 1500.000000
26.846653 21 12 200000.000000
27.769392 21 22 3000000.000000
27.771649 21 3 1500.000000
27.893155 21 24 200000.000000
28.308485 21 16 3000000.000000
28.429966 21 12 100000.000000
28.944350 21 26 200000.000000
29.416843 21 25 1500.000000
29.418292 21 25 1500.000000
29.476277 21 15 1500.000000
0.385904 22 20 1500.000000
1.290525 22 16 200000.000000
1.305808 22 9 1500.000000
1.621595 22 16 4000000.000000
1.691319 22 17 1000000.000000
1.897666 22 11 4000000.000000
1.928110 22 13 4000000.000000
2.222434 22 13 1000000.000000
3.041337 22 19 20000.000000
3.201751 22 22 3000.000000
3.300009 22 23 4000000.000000
3.391785 22 12 200000.000000
3.584700 22 20 20000.000000
3.849767 22 1 10000.000000
3.920399 22 6 200000.000000
4.331813 22 2 3000.000000
4.345369 22 5 1000000.000000
4.416276 22 7 3000000.000000
5.117367 22 22 4000000.000000
5.376129 22 8 1000000.000000
5.682052 22 9 3000000.000000
5.732855 22 15 1500.000000
5.993394 22 15 1500.000000
6.439797 22 1 1500.000000
6.476385 22 5 1500.000000
7.196090 22 4 3000000.000000
7.289312 22 19 1500.000000
7.522486 22 2 200000.000000
7.646844 22 5 4000000.000000
7.847634 22 20 200000.000000
7.932571 22 25 1000000.000000
8.266010 22 15 1500.000000
8.269088 22 2 100000.000000
8.935811 22 22 100000.000000
9.073607 22 20 1500.000000
9.527938 22 10 200000.000000
9.667976 22 1 100000.000000
10.417036 22 2 1500.000000
10.522034 22 20 1500.000000
10.920488 22 12 1500.000000
11.083102 22 16 200000.000000
11.343651 22 15 1500.000000
11.477137 22 12 100000.000000
11.621952 22 0 3000000.000000
11.785741 22 11 1500.000000
11.840376 22 7 1500.000000
12.053852 22 16 100000.000000
12.163635 22 18 2000000.000000
12.204970 22 18 1500.000000
12.383351 22 5 1500.000000
12.739253 22 22 1500.000000
12.771074 22 7 1500.000000
13.265657 22 2 200000.000000
13.317177 22 2 3000000.000000
13.485305 22 3 1500.000000
13.510720 22 9 10000.000000
13.957986 22 10 100000.000000
14.374210 22 22 1000000.000000
14.574077 22 20 1000000.000000
14.706458 22 17 1500.000000
15.451497 22 16 200000.000000
15.715514 22 3 1500.000000
15.860894 22 9 200000.000000
15.881888 22 12 4000000.000000
15.902975 22 23 1000000.000000
16.030986 22 17 3000000.000000
16.075631 22 21 200000.000000
16.167987 22 5 200000.000000
16.279756 22 12 200000.000000
16.386498 22 7 1500.000000
16.712608 22 11 100000.000000
17.034397 22 13 3000000.000000
17.229992 22 19 1500.000000
17.300123 22 5 1000000.000000
17.570351 22 20 1000000.000000
18.071131 22 6 2000000.000000
18.133480 22 25 200000.000000
18.399989 22 3 100000.000000
18.406131 22 8 1500.000000
18.670639 22 24 100000.000000
18.908254 22 11 200000.000000
19.291006 22 1 200000.000000
19.438358 22 16 3000.000000
19.535020 22 7 200000.000000
19.597786 22 14 3000.000000
19.755121 22 6 4000000.000000
19.783134 22 9 3000000.000000
19.828774 22 9 1500.000000
20.572929 22 6 4000000.000000
20.878324 22 2 1500.000000
20.980722 22 4 1000000.000000
21.675326 22 24 1500.000000
21.917135 22 11 4000000.000000
22.163961 22 10 1500.000000
22.423692 22 9 1000000.000000
22.488081 22 2 4000000.000000
22.670719 22 10 1500.000000
22.744036 22 4 2000000.000000
22.983763 22 15 3000000.000000
23.116886 22 2 1000000.000000
23.141265 22 14 3000000.000000
23.179800 22 5 200000.000000
23.185225 22 6 1500.000000
24.582259 22 13 1500.000000
24.608009 22 7 200000.000000
24.659146 22 16 3000.000000
24.670583 22 18 4000000.000000
24.728221 22 3 3000000.000000
25.180968 22 18 200000.000000
25.276743 22 11 1500.000000
25.631013 22 10 4000000.000000
26.347350 22 26 3000000.000000
26.463013 22 22 200000.000000
26.527060 22 10 4000000.000000
26.626236 22 3 1500.000000
26.724331 22 1 1500.000000
28.092170 22 25 20000.000000
28.333590 22 3 1500.000000
28.590187 22 10 1500.000000
28.600330 22 10 1500.000000
28.685531 22 26 1500.000000
28.698405 22 6 10000.000000
29.140213 22 17 1500.000000
29.380589 22 21 4000000.000000
29.416240 22 13 4000000.000000
29.651592 22 14 1500.000000
29.955193 22 8 1500.000000
0.016800 23 6 1500.000000
0.046246 23 5 4000000.000000
0.211031 23 13 100000.000000
0.255065 23 17 10000.000000
0.587907 23 14 200000.000000
1.055618 23 9 4000000.000000
1.146643 23 25 1500.000000
1.317728 23 1 4000000.000000
1.890381 23 14 1500.000000
1.928126 23 24 1500.000000
1.976292 23 7 100000.000000
2.132162 23 20 200000.000000
2.352674 23 1 1500.000000
4.773154 23 23 200000.000000
4.873377 23 18 1500.000000
4.969567 23 17 1500.000000
4.995673 23 23 100000.000000
5.129842 23 3 3000000.000000
5.384206 23 8 1500.000000
5.561748 23 1 1500.000000
5.565431 23 15 1500.000000
6.047376 23 18 10000.000000
6.099611 23 8 10000.000000
6.322377 23 0 1500.000000
6.329604 23 20 10000.000000
6.350222 23 5 1500.000000
6.381018 23 2 3000000.000000
6.424873 23 18 1500.000000
6.428446 23 9 1000000.000000
6.601714 23 24 4000000.000000
6.775474 23 23 3000000.000000
6.966247 23 4 1500.000000
7.018139 23 15 1500.000000
7.328555 23 6 100000.000000
7.503063 23 17 1000000.000000
7.784121 23 8 100000.000000
7.973018 23 6 3000000.000000
8.155394 23 8 1500.000000
8.232857 23 19 4000000.000000
8.331093 23 26 100000.000000
8.572142 23 22 100000.000000
8.605776 23 18 20000.000000
8.802783 23 24 2000000.000000
9.127263 23 6 4000000.000000
9.135720 23 1 20000.000000
9.724010 23 12 3000.000000
9.771829 23 6 1500.000000
9.955976 23 5 1500.000000
10.345715 23 24 3000.000000
10.426562 23 7 100000.000000
10.555897 23 7 100000.000000
10.762437 23 25 1500.000000
10.821756 23 4 1500.000000
10.866866 23 17 1500.000000
11.096643 23 19 1500.000000
11.620481 23 14 1500.000000
12.429075 23 14 3000.000000
12.589360 23 6 1500.000000
12.767901 23 19 1500.000000
12.990434 23 7 1500.000000
13.501293 23 20 1500.000000
13.634485 23 6 1500.000000
13.647047 23 25 1500.000000
13.881150 23 10 4000000.000000
13.963344 23 11 1000000.000000
14.135405 23 14 1500.000000
14.334599 23 22 3000000.000000
14.550918 23 10 1500.000000
14.627924 23 23 1000000.000000
14.670070 23 12 1500.000000
15.297564 23 21 3000000.000000
15.482531 23 9 1500.000000
15.483693 23 10 100000.000000
15.570143 23 20 100000.000000
15.746499 23 17 200000.000000
15.859780 23 23 1500.000000
16.353577 23 8 100000.000000
16.451041 23 26 20000.000000
16.503928 23 19 100000.000000
16.777990 23 6 200000.000000
16.853249 23 5 1500.000000
16.949588 23 0 1500.000000
18.981939 23 11 1000000.000000
19.341353 23 5 20000.000000
19.799984 23 26 100000.000000
20.099901 23 2 1500.000000
20.445407 23 22 1000000.000000
20.640185 23 18 1500.000000
20.663773 23 15 1500.000000
20.817593 23 9 1500.000000
21.425411 23 16 1500.000000
21.427521 23 21 1500.000000
21.583339 23 13 1500.000000
21.609845 23 9 3000.000000
21.661180 23 24 1500.000000
22.053262 23 15 3000000.000000
22.249000 23 25 4000000.000000
22.405360 23 8 1500.000000
22.581400 23 15 20000.000000
22.990993 23 7 1500.000000
23.132698 23 9 10000.000000
23.405370 23 24 20000.000000
23.980307 23 9 1500.000000
24.270204 23 26 100000.000000
24.924093 23 4 200000.000000
25.041437 23 8 100000.000000
25.481538 23 19 1000000.000000
25.958238 23 11 1500.000000
26.503272 23 11 100000.000000
26.795120 23 16 2000000.000000
27.204908 23 14 1500.000000
27.648696 23 1 10000.000000
28.773230 23 9 1500.000000
29.345141 23 11 3000000.000000
29.503131 23 17 1500.000000
29.664976 23 0 1500.000000
29.986936 23 5 1500.000000
0.484097 24 19 3000000.000000
0.500257 24 17 1500.000000
0.520398 24 1 1500.000000
0.574617 24 5 1500.000000
0.739664 24 8 1500.000000
0.950102 24 11 1500.000000
1.009245 24 24 1500.000000
1.065449 24 18 200000.000000
1.443963 24 9 3000.000000
1.494844 24 23 1000000.000000
1.710421 24 23 1500.000000
1.738709 24 14 4000000.000000
1.947353 24 7 100000.000000
2.197880 24 4 1000000.000000
2.483354 24 3 1500.000000
2.557335 24 10 20000.000000
2.763151 24 13 3000000.000000
2.973752 24 19 100000.000000
3.366759 24 16 1500.000000
3.424746 24 23 3000.000000
3.901307 24 0 1500.000000
4.066313 24 22 100000.000000
4.082402 24 23 1500.000000
4.240269 24 0 200000.000000
4.471177 24 24 3000000.000000
4.560436 24 21 4000000.000000
4.643370 24 17 3000.000000
4.689623 24 17 1500.000000
4.796294 24 12 100000.000000
5.450072 24 9 1500.000000
5.578412 24 8 10000.000000
5.622667 24 16 4000000.000000
5.644277 24 25 2000000.000000
6.361273 24 8 4000000.000000
7.436213 24 11 2000000.000000
7.551040 24 16 10000.000000
8.286811 24 16 3000000.000000
8.593343 24 9 1500.000000
8.678511 24 15 1500.000000
8.723237 24 8 200000.000000
8.811720 24 21 10000.000000
9.128030 24 22 1500.000000
9.178240 24 11 4000000.000000
9.202080 24 13 1500.000000
9.326700 24 11 1500.000000
9.779415 24 17 1500.000000
10.890051 24 15 1500.000000
11.128186 24 14 1500.000000
11.196845 24 19 1500.000000
12.213274 24 5 1500.000000
12.437598 24 5 10000.000000
12.539018 24 16 200000.000000
12.604811 24 23 1500.000000
13.045208 24 12 3000.000000
13.623228 24 13 4000000.000000
13.659384 24 12 1500.000000
13.824294 24 12 100000.000000
13.935643 24 24 1500.000000
14.240295 24 8 200000.000000
15.147594 24 24 4000000.000000
15.444053 24 6 200000.000000
15.614828 24 1 1000000.000000
16.099080 24 9 10000.000000
16.211415 24 13 1500.000000
16.525136 24 15 100000.000000
16.836593 24 22 1500.000000
17.482140 24 3 10000.000000
17.762549 24 20 1500.000000
19.467634 24 14 100000.000000
20.023383 24 26 200000.000000
20.049229 24 4 1500.000000
20.405790 24 13 4000000.000000
20.590432 24 8 1500.000000
20.739122 24 17 3000.000000
20.967786 24 20 3000000.000000
21.053527 24 25 1000000.000000
21.281042 24 7 1500.000000
21.570427 24 11 1500.000000
21.743646 24 3 20000.000000
21.785565 24 23 100000.000000
22.136307 24 5 10000.000000
22.525641 24 17 1500.000000
22.585645 24 7 2000000.000000
22.872878 24 23 3000.000000
23.070570 24 20 200000.000000
23.269904 24 0 4000000.000000
23.466023 24 12 10000.000000
23.766496 24 2 3000000.000000
23.882793 24 23 1500.000000
24.195202 24 25 3000000.000000
24.494593 24 12 1500.000000
24.771345 24 6 200000.000000
25.112051 24 0 200000.000000
25.262968 24 24 200000.000000
25.477159 24 3 10000.000000
25.557192 24 16 1500.000000
25.831902 24 17 10000.000000
26.225621 24 6 1000000.000000
26.314673 24 21 1500.000000
26.538352 24 9 200000.000000
27.008141 24 3 1000000.000000
27.065573 24 17 1000000.000000
27.084230 24 1 1500.000000
27.378869 24 24 1500.000000
27.991760 24 17 3000000.000000
28.011741 24 19 4000000.000000
28.046037 24 13 1500.000000
28.300523 24 10 1500.000000
28.441487 24 4 3000000.000000
28.835665 24 22 1500.000000
28.892734 24 6 1500.000000
29.151034 24 6 200000.000000
29.384299 24 6 1500.000000
29.415178 24 11 3000000.000000
29.568841 24 20 200000.000000
29.905096 24 4 1500.000000
0.026659 25 7 200000.000000
0.051983 25 1 1500.000000
0.319632 25 18 1500.000000
0.325136 25 22 200000.000000
0.344517 25 0 100000.000000
0.447649 25 15 3000000.000000
0.673476 25 2 1000000.000000
0.698240 25 16 4000000.000000
1.102574 25 11 3000000.000000
1.403149 25 3 3000.000000
1.889427 25 12 1500.000000
2.462158 25 19 100000.000000
2.560134 25 0 1500.000000
2.703178 25 8 1500.000000
2.732166 25 1 20000.000000
2.942617 25 22 1500.000000
2.999168 25 0 3000.000000
3.267550 25 6 100000.000000
3.335128 25 1 10000.000000
3.443280 25 16 3000000.000000
3.473569 25 5 1500.000000
3.632356 25 3 4000000.000000
3.763613 25 8 1500.000000
4.125425 25 2 100000.000000
4.211375 25 26 200000.000000
4.454800 25 15 10000.000000
4.668822 25 20 100000.000000
4.807980 25 19 1000000.000000
5.109995 25 16 1500.000000
5.172430 25 19 1500.000000
5.277395 25 7 4000000.000000
5.539752 25 26 1000000.000000
6.292231 25 0 3000000.000000
6.571291 25 16 1000000.000000
6.692213 25 23 100000.000000
7.279968 25 18 1500.000000
7.801525 25 15 1500.000000
8.394434 25 8 2000000.000000
8.847780 25 9 1500.000000
9.051168 25 5 3000.000000
9.437526 25 22 3000.000000
9.700037 25 8 200000.000000
9.802773 25 17 10000.000000
9.847117 25 14 1500.000000
9.988277 25 7 4000000.000000
10.125710 25 12 100000.000000
10.372893 25 9 1500.000000
11.192497 25 11 1000000.000000
11.319784 25 23 200000.000000
11.376559 25 0 1500.000000
11.648270 25 11 1500.000000
12.028586 25 21 4000000.000000
12.072954 25 19 1500.000000
12.173552 25 23 3000.000000
12.197325 25 7 200000.000000
12.464533 25 9 4000000.000000
12.886546 25 11 1500.000000
13.209583 25 7 4000000.000000
13.849339 25 7 1500.000000
13.933116 25 12 100000.000000
14.345519 25 16 3000.000000
14.468357 25 7 100000.000000
15.002141 25 26 3000000.000000
15.812297 25 13 1500.000000
16.359684 25 13 3000.000000
16.377518 25 3 1500.000000
16.406003 25 0 4000000.000000
16.504189 25 23 20000.000000
17.047329 25 21 1500.000000
17.376272 25 9 3000000.000000
17.568504 25 0 200000.000000
17.621283 25 4 10000.000000
17.938545 25 24 20000.000000
17.981838 25 18 3000.000000
18.066419 25 10 10000.000000
18.249532 25 13 1500.000000
18.497388 25 17 20000.000000
19.010073 25 2 10000.000000
19.191385 25 17 100000.000000
19.432918 25 16 3000000.000000
19.599686 25 24 3000000.000000
19.601660 25 16 100000.000000
19.965508 25 22 100000.000000
20.070547 25 5 1500.000000
20.078244 25 10 4000000.000000
20.318609 25 18 3000000.000000
20.907727 25 21 10000.000000
20.995824 25 11 4000000.000000
21.007331 25 0 1500.000000
21.300417 25 17 100000.000000
21.410488 25 10 1500.000000
21.606449 25 14 1500.000000
21.969939 25 13 1500.000000
23.008522 25 22 1500.000000
23.191531 25 10 1500.000000
23.214461 25 22 1500.000000
23.446147 25 10 1500.000000
23.738702 25 20 3000000.000000
24.174904 25 13 1500.000000
24.231925 25 22 200000.000000
24.526095 25 12 200000.000000
24.589855 25 23 1500.000000
24.922624 25 2 4000000.000000
24.942278 25 3 4000000.000000
25.388068 25 14 1500.000000
25.634400 25 1 1500.000000
25.722442 25 24 1500.000000
25.735491 25 3 200000.000000
26.035328 25 20 1500.000000
26.343005 25 3 10000.000000
26.976215 25 16 3000000.000000
27.383673 25 16 3000000.000000
27.573077 25 26 1500.000000
27.772324 25 20 200000.000000
27.945720 25 24 2000000.000000
28.256176 25 25 1500.000000
28.310368 25 6 10000.000000
28.460133 25 21 100000.000000
28.803842 25 6 1500.000000
28.827435 25 26 1500.000000
28.991653 25 7 1500.000000
29.001690 25 22 200000.000000
29.153682 25 4 4000000.000000
29.487111 25 20 200000.000000
29.821959 25 3 1500.000000
29.909788 25 7 200000.000000
0.122600 26 12 1000000.000000
0.439967 26 7 10000.000000
0.564214 26 22 1500.000000
0.732923 26 13 100000.000000
0.802925 26 5 20000.000000
1.127045 26 19 1500.000000
1.264634 26 10 1500.000000
1.994739 26 25 1500.000000
2.009244 26 0 200000.000000
2.025511 26 14 3000000.000000
2.622002 26 3 1000000.000000
2.636810 26 0 100000.000000
2.743812 26 13 1500.000000
2.808424 26 10 3000000.000000
2.811559 26 7 1500.000000
3.045216 26 24 3000000.000000
3.605252 26 14 1500.000000
4.015193 26 8 100000.000000
4.109839 26 21 4000000.000000
4.470670 26 18 100000.000000
4.501117 26 10 1500.000000
4.624511 26 4 1500.000000
4.759967 26 24 1000000.000000
4.867966 26 25 3000.000000
5.204080 26 5 1000000.000000
5.404801 26 20 100000.000000
5.537971 26 0 2000000.000000
6.088616 26 4 1500.000000
6.453213 26 19 3000.000000
6.786984 26 19 10000.000000
7.087684 26 21 100000.000000
7.837522 26 23 1500.000000
8.191489 26 10 1500.000000
8.414479 26 7 200000.000000
8.929379 26 15 1500.000000
9.064785 26 8 20000.000000
9.158204 26 25 3000.000000
9.753982 26 8 4000000.000000
9.810421 26 4 1500.000000
9.926479 26 8 100000.000000
9.989322 26 24 200000.000000
10.012698 26 6 1500.000000
10.124042 26 26 2000000.000000
10.353924 26 0 100000.000000
10.374492 26 14 1500.000000
10.425277 26 7 3000000.000000
10.975262 26 24 1500.000000
11.007301 26 6 1500.000000
11.243167 26 9 100000.000000
11.503310 26 16 1500.000000
11.767694 26 17 200000.000000
11.900807 26 12 3000000.000000
11.973535 26 15 3000.000000
12.017967 26 26 1500.000000
12.169298 26 6 1500.000000
12.552917 26 17 1000000.000000
13.407561 26 24 4000000.000000
14.922405 26 17 1500.000000
15.027340 26 22 1500.000000
15.320697 26 15 4000000.000000
15.533855 26 25 1500.000000
15.963997 26 8 200000.000000
16.380401 26 0 1500.000000
16.460737 26 8 200000.000000
16.514581 26 6 1000000.000000
16.572599 26 11 10000.000000
16.871571 26 0 200000.000000
17.019705 26 0 20000.000000
17.372851 26 12 1500.000000
17.536188 26 23 1500.000000
17.802884 26 6 100000.000000
18.197974 26 26 1500.000000
18.290266 26 25 1500.000000
18.484245 26 15 3000000.000000
18.740025 26 11 100000.000000
18.954920 26 19 4000000.000000
19.017368 26 16 1000000.000000
19.058467 26 10 1500.000000
19.209446 26 20 4000000.000000
19.303502 26 3 100000.000000
19.693128 26 4 3000000.000000
20.218315 26 11 1500.000000
20.308600 26 16 1500.000000
20.782123 26 19 1500.000000
21.303660 26 10 3000000.000000
21.537651 26 8 1500.000000
21.553780 26 17 1500.000000
21.613424 26 24 10000.000000
21.879182 26 13 3000000.000000
22.376539 26 14 1500.000000
22.390770 26 21 200000.000000
22.470913 26 23 1500.000000
22.985810 26 12 1000000.000000
23.365473 26 4 1000000.000000
23.486464 26 13 1500.000000
23.766200 26 20 10000.000000
23.821111 26 0 10000.000000
23.902040 26 22 1500.000000
23.987190 26 15 100000.000000
24.063739 26 23 200000.000000
24.799926 26 8 1500.000000
24.809560 26 19 3000000.000000
24.970347 26 17 1500.000000
25.870575 26 19 1000000.000000
26.303411 26 6 1500.000000
26.356455 26 18 100000.000000
27.196572 26 2 200000.000000
27.286661 26 0 1500.000000
27.494476 26 26 3000000.000000
27.527674 26 8 1500.000000
27.714934 26 17 1500.000000
28.105067 26 3 100000.000000
28.146525 26 5 100000.000000
28.201784 26 12 1500.000000
28.926593 26 19 4000000.000000
29.102649 26 23 100000.000000
29.176033 26 17 3000000.000000
29.627266 26 15 2000000.000000
29.694920 26 25 1500.000000
29.795515 26 1 3000000.000000
29.831127 26 3 1500.000000
