0.131757 0 10 1000000.000000
0.464068 0 16 1000000.000000
0.810663 0 3 200000.000000
0.850139 0 1 1500.000000
0.859695 0 2 20000.000000
0.978122 0 17 200000.000000
1.685293 0 23 200000.000000
2.008125 0 6 1500.000000
2.633741 0 4 200000.000000
2.825754 0 15 1500.000000
3.005758 0 7 4000000.000000
3.023205 0 12 200000.000000
3.058929 0 15 1000000.000000
3.098410 0 18 1500.000000
3.370385 0 16 1500.000000
3.512526 0 16 1000000.000000
3.540406 0 10 2000000.000000
3.614182 0 5 3000.000000
4.199614 0 1 100000.000000
4.302398 0 9 1500.000000
4.635251 0 0 1000000.000000
5.086109 0 21 1500.000000
5.544727 0 16 200000.000000
5.649584 0 20 2000000.000000
5.740972 0 16 100000.000000
5.793666 0 4 1500.000000
5.808291 0 8 1500.000000
5.906636 0 25 1500.000000
6.045279 0 15 20000.000000
6.076454 0 1 1500.000000
7.495356 0 9 3000.000000
7.991074 0 9 4000000.000000
8.098167 0 12 100000.000000
8.985958 0 21 1500.000000
9.121457 0 11 3000000.000000
9.660183 0 22 200000.000000
9.835716 0 19 1500.000000
9.852181 0 13 10000.000000
10.060949 0 21 4000000.000000
10.330190 0 6 1000000.000000
10.777542 0 3 2000000.000000
11.108425 0 23 100000.000000
11.142491 0 16 1500.000000
11.364612 0 13 4000000.000000
11.566411 0 15 200000.000000
11.607619 0 25 20000.000000
11.740223 0 21 1500.000000
11.904045 0 5 1500.000000
12.098057 0 23 1500.000000
12.884396 0 25 4000000.000000
12.889476 0 9 1500.000000
12.996919 0 23 2000000.000000
13.457017 0 25 3000.000000
14.253545 0 15 100000.000000
14.351811 0 21 100000.000000
14.401964 0 20 4000000.000000
14.441691 0 21 1500.000000
15.010937 0 25 1500.000000
15.308659 0 16 1000000.000000
15.528840 0 3 1500.000000
15.532731 0 4 100000.000000
15.610933 0 18 4000000.000000
16.413098 0 26 1000000.000000
16.506362 0 10 1500.000000
16.664325 0 17 1500.000000
16.738915 0 18 1500.000000
17.042443 0 7 1000000.000000
17.230893 0 17 200000.000000
17.431552 0 13 3000000.000000
17.645254 0 4 1500.000000
17.870695 0 4 4000000.000000
17.885388 0 22 1000000.000000
17.891593 0 18 1500.000000
18.229708 0 24 1500.000000
18.244547 0 26 20000.000000
18.579816 0 1 1500.000000
18.964815 0 3 1500.000000
19.014934 0 6 4000000.000000
19.044154 0 20 3000000.000000
20.121664 0 13 1500.000000
20.430079 0 4 1500.000000
20.862065 0 10 1500.000000
20.918338 0 23 1500.000000
21.020125 0 6 1500.000000
21.079656 0 26 100000.000000
21.424068 0 23 20000.000000
21.481850 0 12 200000.000000
21.564132 0 18 1500.000000
21.629841 0 5 10000.000000
22.086566 0 16 20000.000000
22.124151 0 17 3000000.000000
22.648708 0 23 20000.000000
22.705233 0 25 2000000.000000
23.102320 0 0 1500.000000
23.616712 0 9 1500.000000
23.774685 0 3 3000000.000000
24.144509 0 11 1500.000000
24.754476 0 13 1500.000000
24.819727 0 8 1500.000000
25.219958 0 22 20000.000000
25.912673 0 8 200000.000000
26.095208 0 0 200000.000000
26.641157 0 14 1500.000000
27.144461 0 3 1500.000000
27.555209 0 8 200000.000000
28.176330 0 2 200000.000000
29.009883 0 26 200000.000000
29.102895 0 7 100000.000000
29.184176 0 18 1500.000000
29.362947 0 5 1500.000000
29.729934 0 25 1500.000000
29.881560 0 2 3000000.000000
0.841355 1 16 200000.000000
0.929849 1 5 3000000.000000
1.314313 1 13 1500.000000
1.315013 1 20 1000000.000000
1.604308 1 24 1500.000000
1.610047 1 21 100000.000000
1.629197 1 13 1000000.000000
1.903664 1 10 1500.000000
2.090247 1 5 100000.000000
2.332986 1 8 3000000.000000
2.558739 1 0 1500.000000
4.127743 1 18 1500.000000
4.387929 1 0 3000000.000000
4.472081 1 12 200000.000000
4.668845 1 10 1500.000000
4.780424 1 12 3000.000000
5.090410 1 19 1500.000000
5.818248 1 12 3000.000000
5.988278 1 23 200000.000000
6.097235 1 16 3000000.000000
6.587337 1 15 200000.000000
6.593679 1 22 1500.000000
6.698704 1 23 10000.000000
6.839678 1 11 3000000.000000
7.294431 1 22 10000.000000
7.629694 1 22 1500.000000
7.633822 1 12 3000000.000000
7.843932 1 8 1500.000000
8.477079 1 15 1500.000000
8.804243 1 4 1500.000000
9.084021 1 24 1500.000000
9.202144 1 2 3000000.000000
9.399089 1 23 1500.000000
10.008929 1 11 1500.000000
10.059781 1 24 4000000.000000
10.204845 1 2 100000.000000
10.206274 1 0 4000000.000000
10.343191 1 19 200000.000000
10.447143 1 23 200000.000000
10.576406 1 14 10000.000000
10.742948 1 1 3000000.000000
10.752742 1 4 1500.000000
10.843015 1 1 1500.000000
10.952786 1 20 3000000.000000
11.124619 1 22 1500.000000
11.169773 1 19 3000000.000000
11.287538 1 3 1500.000000
11.289310 1 25 1000000.000000
11.572273 1 2 10000.000000
11.886099 1 24 4000000.000000
12.064063 1 15 3000000.000000
12.301653 1 2 200000.000000
12.788797 1 2 1000000.000000
13.410900 1 0 1500.000000
13.704631 1 3 3000000.000000
14.258082 1 17 100000.000000
14.476186 1 3 3000000.000000
14.873060 1 24 3000.000000
15.056281 1 12 4000000.000000
15.069633 1 26 3000000.000000
15.212915 1 4 3000000.000000
15.536950 1 16 10000.000000
15.763328 1 18 10000.000000
15.878980 1 23 3000.000000
16.394386 1 2 1500.000000
16.847322 1 9 1500.000000
16.985464 1 9 3000000.000000
17.276616 1 21 3000000.000000
17.787981 1 11 1000000.000000
17.958729 1 9 4000000.000000
18.084179 1 4 1500.000000
18.159034 1 8 1000000.000000
18.345075 1 15 1500.000000
18.687006 1 0 1500.000000
18.713004 1 12 100000.000000
19.087894 1 13 3000000.000000
19.135473 1 7 3000.000000
19.754502 1 13 3000000.000000
19.839902 1 22 1500.000000
20.045618 1 7 1000000.000000
20.375131 1 19 1500.000000
20.398199 1 4 1500.000000
20.409296 1 17 1500.000000
20.561406 1 1 200000.000000
21.036072 1 15 2000000.000000
21.158332 1 5 3000.000000
21.381625 1 5 1500.000000
21.734880 1 15 1500.000000
21.893776 1 8 3000000.000000
22.157338 1 10 1500.000000
22.411162 1 20 1500.000000
22.632211 1 14 1500.000000
22.890962 1 3 3000000.000000
22.955362 1 3 100000.000000
23.398836 1 16 20000.000000
23.632584 1 13 100000.000000
24.160429 1 16 3000.000000
24.175773 1 15 1500.000000
24.361872 1 21 10000.000000
25.103380 1 24 1500.000000
25.279918 1 5 20000.000000
25.298154 1 17 3000.000000
25.598465 1 5 3000.000000
25.930518 1 20 200000.000000
25.932455 1 15 3000000.000000
26.374798 1 11 200000.000000
26.474519 1 4 20000.000000
26.648948 1 24 10000.000000
26.900396 1 4 1500.000000
27.003589 1 11 1500.000000
27.181831 1 26 1500.000000
27.270171 1 18 3000.000000
27.335320 1 4 1500.000000
27.538380 1 12 1000000.000000
28.851875 1 0 20000.000000
29.174346 1 13 3000000.000000
29.720022 1 1 1500.000000
29.887277 1 21 1000000.000000
0.314293 2 14 10000.000000
0.577059 2 24 1500.000000
0.599549 2 22 3000000.000000
0.860918 2 26 100000.000000
1.003485 2 11 1500.000000
1.105075 2 1 1500.000000
1.298249 2 1 4000000.000000
1.544924 2 25 4000000.000000
1.602174 2 26 2000000.000000
1.702663 2 5 1500.000000
1.710249 2 0 4000000.000000
1.799141 2 17 1500.000000
2.553505 2 16 3000000.000000
3.325521 2 23 1500.000000
4.618634 2 12 1500.000000
4.688030 2 12 200000.000000
5.043872 2 21 1500.000000
5.162710 2 17 4000000.000000
5.623601 2 22 100000.000000
5.712569 2 21 3000.000000
6.104109 2 17 10000.000000
6.291472 2 11 2000000.000000
6.371841 2 7 1500.000000
6.380890 2 23 1500.000000
7.476461 2 15 1500.000000
7.537712 2 25 3000000.000000
7.604479 2 8 1500.000000
8.156806 2 17 1500.000000
8.450118 2 24 1500.000000
8.517116 2 19 4000000.000000
8.578811 2 3 1500.000000
9.152959 2 24 1500.000000
9.273580 2 18 200000.000000
9.818410 2 3 1500.000000
10.167062 2 8 100000.000000
10.216193 2 20 2000000.000000
10.244134 2 8 20000.000000
10.330224 2 21 3000.000000
10.334145 2 3 3000000.000000
10.334890 2 11 10000.000000
10.457314 2 9 4000000.000000
11.039148 2 8 4000000.000000
11.173668 2 3 200000.000000
11.288173 2 4 10000.000000
11.471297 2 0 1500.000000
11.803403 2 10 4000000.000000
12.695682 2 17 1500.000000
12.928638 2 6 1500.000000
13.042070 2 0 100000.000000
13.215991 2 11 3000000.000000
13.578103 2 11 1500.000000
13.613712 2 23 100000.000000
14.946415 2 13 1500.000000
15.152818 2 12 1500.000000
15.247095 2 9 100000.000000
15.336328 2 9 100000.000000
15.442204 2 22 100000.000000
15.518015 2 24 100000.000000
15.642783 2 20 100000.000000
15.730063 2 15 200000.000000
15.972845 2 3 3000.000000
16.094113 2 17 3000000.000000
16.421685 2 12 200000.000000
16.446275 2 6 100000.000000
16.516421 2 10 100000.000000
16.609049 2 21 200000.000000
16.793004 2 26 200000.000000
16.948439 2 18 100000.000000
16.957920 2 25 200000.000000
17.079807 2 3 100000.000000
17.271977 2 16 1500.000000
17.295005 2 3 1000000.000000
17.712867 2 23 1500.000000
17.833785 2 26 3000000.000000
18.012192 2 7 1500.000000
18.476134 2 14 2000000.000000
19.206454 2 2 1500.000000
19.954660 2 19 200000.000000
20.181605 2 6 10000.000000
20.538485 2 16 10000.000000
20.560883 2 5 1500.000000
20.681236 2 16 2000000.000000
20.858101 2 22 3000000.000000
21.608086 2 6 1500.000000
21.926266 2 0 3000000.000000
21.945178 2 5 1500.000000
22.780887 2 15 200000.000000
22.832411 2 17 1000000.000000
23.057332 2 14 3000.000000
23.138024 2 16 1500.000000
23.343382 2 20 200000.000000
23.424725 2 9 4000000.000000
23.735201 2 13 1500.000000
23.873290 2 15 100000.000000
24.161626 2 15 4000000.000000
24.527809 2 13 1500.000000
24.641103 2 8 200000.000000
24.690816 2 19 1500.000000
24.761611 2 26 1000000.000000
24.883963 2 13 200000.000000
25.951840 2 13 3000.000000
25.963195 2 5 200000.000000
26.106505 2 5 10000.000000
26.675834 2 13 10000.000000
26.795097 2 1 10000.000000
27.083051 2 18 100000.000000
27.447219 2 11 100000.000000
27.711516 2 6 4000000.000000
27.796363 2 17 1500.000000
29.403740 2 5 1000000.000000
29.456558 2 14 1500.000000
29.811489 2 4 1000000.000000
0.123316 3 26 200000.000000
0.415255 3 15 3000000.000000
0.415308 3 11 1500.000000
0.762507 3 2 1500.000000
0.924738 3 10 10000.000000
1.067840 3 14 200000.000000
1.174302 3 9 1500.000000
1.412470 3 24 1000000.000000
1.676834 3 8 200000.000000
1.770557 3 21 1500.000000
1.941895 3 16 3000000.000000
2.020678 3 21 1500.000000
2.435848 3 10 1500.000000
2.466730 3 1 1000000.000000
2.653870 3 22 3000.000000
2.725100 3 8 100000.000000
3.075552 3 7 3000000.000000
3.798885 3 8 20000.000000
4.154196 3 15 1500.000000
4.170815 3 4 1500.000000
4.176795 3 8 200000.000000
4.186794 3 13 3000000.000000
4.767949 3 24 3000.000000
5.017003 3 16 1500.000000
5.079453 3 15 4000000.000000
5.474078 3 2 1000000.000000
6.398657 3 10 1500.000000
6.434414 3 26 10000.000000
6.933462 3 11 1000000.000000
7.028141 3 6 1000000.000000
7.030541 3 12 1500.000000
7.115684 3 1 1500.000000
7.182093 3 17 1500.000000
7.421099 3 16 100000.000000
7.772768 3 21 1000000.000000
7.996989 3 19 1500.000000
8.048515 3 17 1500.000000
8.315650 3 24 1500.000000
8.317556 3 5 1500.000000
8.402898 3 9 1500.000000
8.900684 3 13 200000.000000
9.422211 3 13 200000.000000
9.991920 3 8 3000.000000
10.284563 3 22 10000.000000
11.064531 3 18 1000000.000000
12.111730 3 16 1000000.000000
12.197010 3 21 4000000.000000
12.616139 3 1 20000.000000
12.884605 3 16 1500.000000
14.004511 3 21 100000.000000
14.709199 3 26 1500.000000
14.775552 3 17 3000000.000000
14.816174 3 24 4000000.000000
14.965648 3 21 1000000.000000
15.898073 3 6 10000.000000
16.468746 3 11 100000.000000
16.615211 3 20 1500.000000
17.334806 3 20 1500.000000
17.689073 3 14 1500.000000
17.702487 3 11 1500.000000
17.867335 3 22 1000000.000000
18.037811 3 14 1500.000000
18.247904 3 6 1000000.000000
18.621569 3 6 10000.000000
18.647879 3 21 1500.000000
18.799065 3 22 3000000.000000
18.816203 3 19 1500.000000
18.849462 3 16 200000.000000
19.387398 3 5 1500.000000
19.391429 3 7 1500.000000
19.919535 3 18 1500.000000
19.922603 3 8 3000000.000000
19.955235 3 20 1000000.000000
19.978997 3 19 1500.000000
20.215048 3 6 4000000.000000
20.870041 3 2 1500.000000
21.535973 3 8 100000.000000
21.681322 3 7 1500.000000
21.740924 3 21 1500.000000
22.201845 3 26 1500.000000
22.354352 3 18 3000000.000000
22.456682 3 4 100000.000000
22.986559 3 13 3000.000000
23.098116 3 15 3000000.000000
23.139840 3 8 200000.000000
23.398665 3 8 4000000.000000
23.532385 3 2 1500.000000
23.660472 3 16 1500.000000
24.266881 3 18 1500.000000
24.390218 3 19 1000000.000000
24.406698 3 0 1500.000000
24.531912 3 15 200000.000000
25.015557 3 0 1500.000000
25.164052 3 12 3000.000000
25.185283 3 13 3000000.000000
25.208121 3 5 200000.000000
25.306571 3 22 1000000.000000
25.341592 3 4 1500.000000
25.349739 3 18 20000.000000
25.527451 3 5 3000000.000000
25.756648 3 4 200000.000000
25.795210 3 14 1500.000000
25.982390 3 18 100000.000000
26.196940 3 2 3000000.000000
26.335701 3 12 1500.000000
26.427271 3 13 1500.000000
26.973642 3 5 4000000.000000
27.435353 3 10 1000000.000000
27.455180 3 2 1500.000000
27.477338 3 21 1000000.000000
27.483199 3 12 1000000.000000
27.566601 3 9 100000.000000
27.634344 3 24 1500.000000
28.111674 3 21 200000.000000
28.233192 3 12 100000.000000
28.400172 3 3 3000000.000000
28.632280 3 17 3000.000000
29.064590 3 23 3000000.000000
29.154766 3 22 200000.000000
29.363444 3 7 1500.000000
29.852595 3 25 4000000.000000
29.978970 3 25 1000000.000000
0.389666 4 0 1500.000000
0.664814 4 25 1500.000000
0.932757 4 25 200000.000000
1.853306 4 6 1500.000000
1.996992 4 24 3000000.000000
2.160978 4 7 1500.000000
2.260506 4 8 20000.000000
2.394281 4 26 200000.000000
2.657174 4 16 1500.000000
2.688888 4 25 2000000.000000
2.719024 4 20 4000000.000000
3.690484 4 19 1500.000000
4.004768 4 26 4000000.000000
4.036886 4 17 1000000.000000
4.464602 4 25 2000000.000000
4.617187 4 17 1500.000000
4.619253 4 18 1500.000000
4.712355 4 0 4000000.000000
4.866832 4 12 1500.000000
4.992576 4 0 100000.000000
4.996202 4 1 100000.000000
5.429139 4 20 200000.000000
5.905376 4 24 3000000.000000
6.197962 4 7 1500.000000
6.550624 4 10 1500.000000
6.727820 4 24 1500.000000
6.829168 4 5 1500.000000
6.964028 4 13 1500.000000
7.309568 4 6 1000000.000000
7.930625 4 18 1500.000000
7.960263 4 24 100000.000000
8.025707 4 19 10000.000000
8.158013 4 1 1500.000000
8.243555 4 5 1000000.000000
8.318931 4 4 1500.000000
8.593160 4 1 1500.000000
8.820217 4 2 4000000.000000
8.951006 4 19 3000000.000000
9.422345 4 18 200000.000000
9.491215 4 2 1500.000000
9.511328 4 21 3000000.000000
9.619225 4 26 1000000.000000
10.210277 4 6 3000000.000000
10.461252 4 9 1500.000000
10.722083 4 5 1000000.000000
10.939006 4 5 1500.000000
11.033254 4 13 200000.000000
11.066028 4 7 10000.000000
11.471391 4 6 20000.000000
11.580035 4 5 100000.000000
11.826125 4 18 1500.000000
11.876220 4 5 1500.000000
11.876392 4 16 200000.000000
12.421935 4 10 4000000.000000
12.518564 4 13 100000.000000
12.885508 4 25 10000.000000
12.902566 4 1 4000000.000000
12.969552 4 11 20000.000000
13.108903 4 26 1500.000000
13.229015 4 8 10000.000000
13.567175 4 25 10000.000000
13.733432 4 23 3000000.000000
13.785731 4 0 1500.000000
13.913995 4 14 4000000.000000
13.922186 4 5 1500.000000
14.195214 4 6 1500.000000
14.796224 4 15 3000.000000
15.066940 4 6 3000000.000000
15.102788 4 13 1000000.000000
15.286790 4 12 20000.000000
15.511067 4 18 1500.000000
15.640266 4 11 1000000.000000
16.086980 4 24 200000.000000
16.537441 4 16 100000.000000
16.830742 4 5 4000000.000000
16.836584 4 17 1500.000000
16.915879 4 16 200000.000000
17.383939 4 4 3000000.000000
17.475123 4 6 3000000.000000
17.822369 4 1 1000000.000000
18.408350 4 17 3000.000000
18.580637 4 24 200000.000000
19.365544 4 23 100000.000000
19.556547 4 26 3000000.000000
19.595340 4 25 1000000.000000
19.754173 4 25 1500.000000
19.789818 4 0 3000000.000000
19.854577 4 13 3000000.000000
20.161548 4 22 1000000.000000
20.366105 4 10 4000000.000000
20.395118 4 5 20000.000000
20.557638 4 20 1500.000000
20.694662 4 3 1500.000000
21.488866 4 0 200000.000000
21.575584 4 6 1500.000000
21.784204 4 10 3000000.000000
22.035030 4 25 1500.000000
22.342916 4 17 100000.000000
22.574568 4 16 4000000.000000
22.782278 4 10 200000.000000
22.839771 4 18 3000.000000
22.887680 4 8 3000000.000000
23.254299 4 23 1000000.000000
23.418772 4 5 1000000.000000
24.112211 4 13 1500.000000
24.702927 4 8 1000000.000000
25.123215 4 4 3000.000000
25.402298 4 17 10000.000000
25.450001 4 15 1000000.000000
25.775186 4 23 3000000.000000
26.328520 4 25 4000000.000000
26.558457 4 6 3000.000000
26.759396 4 19 1500.000000
26.977366 4 23 1500.000000
26.984281 4 14 10000.000000
27.046983 4 0 20000.000000
27.132453 4 20 4000000.000000
27.328426 4 23 1500.000000
27.684507 4 18 1500.000000
27.916092 4 24 1500.000000
28.085417 4 5 1500.000000
28.110205 4 0 1500.000000
28.553965 4 11 3000000.000000
28.761365 4 23 20000.000000
28.954895 4 14 3000000.000000
29.803814 4 10 1000000.000000
29.845021 4 14 1500.000000
0.178170 5 24 1500.000000
0.452826 5 3 100000.000000
0.547411 5 3 100000.000000
0.817977 5 5 1000000.000000
0.904406 5 11 1500.000000
0.958906 5 0 100000.000000
1.109214 5 20 1500.000000
1.135081 5 14 1000000.000000
2.010924 5 1 1000000.000000
2.322824 5 0 4000000.000000
3.047056 5 7 3000000.000000
3.250356 5 25 1000000.000000
3.290051 5 16 10000.000000
3.359502 5 11 1500.000000
3.622455 5 13 20000.000000
3.819516 5 22 1500.000000
3.961336 5 10 200000.000000
4.113873 5 25 1500.000000
4.283666 5 4 3000000.000000
4.411305 5 6 4000000.000000
4.898711 5 7 100000.000000
4.954011 5 0 100000.000000
5.078281 5 4 200000.000000
5.123751 5 22 100000.000000
5.458568 5 12 1500.000000
6.278404 5 12 4000000.000000
6.599587 5 23 1000000.000000
6.633592 5 12 3000000.000000
6.745674 5 0 10000.000000
6.759395 5 17 10000.000000
6.908045 5 0 3000.000000
6.974857 5 2 10000.000000
6.992057 5 10 200000.000000
7.294659 5 3 3000.000000
7.314743 5 9 4000000.000000
8.096478 5 7 1500.000000
8.124725 5 21 1500.000000
8.139213 5 6 200000.000000
8.169561 5 0 3000.000000
8.549195 5 9 10000.000000
8.775976 5 13 200000.000000
9.036685 5 21 1500.000000
9.264584 5 21 200000.000000
9.374980 5 0 200000.000000
9.390660 5 23 4000000.000000
9.560699 5 24 1500.000000
9.613369 5 3 3000000.000000
10.037990 5 13 3000000.000000
10.327013 5 15 1500.000000
10.617886 5 6 20000.000000
10.919313 5 14 1500.000000
11.100250 5 4 4000000.000000
11.279807 5 26 1500.000000
11.432442 5 12 1500.000000
11.457539 5 17 2000000.000000
11.845771 5 1 200000.000000
11.977787 5 5 1500.000000
12.161170 5 7 3000000.000000
12.434959 5 22 1500.000000
12.566452 5 25 1500.000000
12.630735 5 14 1500.000000
12.684987 5 5 3000000.000000
12.703119 5 26 100000.000000
13.239738 5 8 1500.000000
13.244938 5 23 1500.000000
13.315409 5 18 1500.000000
13.965016 5 6 1500.000000
14.088830 5 8 100000.000000
14.219234 5 10 200000.000000
14.246331 5 5 1500.000000
14.467849 5 4 1500.000000
14.747555 5 26 4000000.000000
14.802651 5 7 200000.000000
15.173986 5 24 1500.000000
15.545119 5 14 3000000.000000
16.079517 5 22 1500.000000
16.094390 5 23 1000000.000000
16.712493 5 7 1500.000000
16.851149 5 23 4000000.000000
17.538656 5 0 3000000.000000
18.025576 5 8 3000.000000
18.180534 5 18 1000000.000000
18.228951 5 2 4000000.000000
18.302864 5 19 1500.000000
18.939625 5 10 200000.000000
19.129822 5 18 1500.000000
19.170779 5 10 3000.000000
19.509960 5 13 1500.000000
19.611051 5 24 1500.000000
19.751729 5 20 1500.000000
19.759004 5 11 1500.000000
19.806044 5 1 1500.000000
20.344414 5 20 1000000.000000
20.832890 5 20 100000.000000
21.145802 5 1 1500.000000
21.634218 5 8 1000000.000000
21.753505 5 11 3000.000000
22.101702 5 23 1500.000000
22.173897 5 5 1500.000000
22.558937 5 3 3000.000000
22.607249 5 19 3000000.000000
22.807267 5 7 200000.000000
22.813967 5 1 4000000.000000
23.360179 5 8 2000000.000000
23.547354 5 25 100000.000000
23.939776 5 25 3000.000000
24.268692 5 22 1500.000000
24.593814 5 22 3000000.000000
24.806459 5 1 4000000.000000
24.991491 5 21 1500.000000
25.072766 5 8 3000.000000
25.233577 5 1 1500.000000
25.258058 5 8 3000000.000000
25.583284 5 10 1500.000000
26.267824 5 19 1500.000000
26.665777 5 17 3000.000000
27.530886 5 25 3000.000000
27.987469 5 7 1500.000000
28.524977 5 23 1000000.000000
28.572795 5 25 100000.000000
28.907952 5 22 200000.000000
29.299805 5 8 1500.000000
29.511019 5 17 1500.000000
29.592096 5 12 1500.000000
29.913205 5 19 200000.000000
0.207051 6 26 200000.000000
0.271590 6 14 1500.000000
0.456482 6 14 1500.000000
0.706906 6 4 100000.000000
1.047872 6 24 1500.000000
1.234883 6 1 1000000.000000
1.306892 6 12 100000.000000
1.454902 6 17 100000.000000
1.717467 6 25 4000000.000000
2.003826 6 12 1500.000000
2.373278 6 12 100000.000000
2.393973 6 25 4000000.000000
2.674119 6 15 1000000.000000
2.901147 6 13 200000.000000
3.456984 6 11 100000.000000
3.805781 6 11 1500.000000
4.162365 6 1 1500.000000
4.988260 6 1 1500.000000
5.654893 6 21 20000.000000
5.746768 6 13 4000000.000000
5.915935 6 17 1000000.000000
6.206957 6 11 100000.000000
6.582008 6 13 1000000.000000
6.645452 6 26 200000.000000
6.709179 6 19 10000.000000
6.712805 6 13 1500.000000
6.900719 6 8 1500.000000
6.910557 6 3 4000000.000000
7.096215 6 4 200000.000000
7.414819 6 1 20000.000000
7.603863 6 16 10000.000000
7.805857 6 16 100000.000000
7.872519 6 12 1000000.000000
8.534894 6 22 3000000.000000
8.581967 6 11 3000000.000000
8.689893 6 3 3000.000000
9.388389 6 12 100000.000000
9.788327 6 19 4000000.000000
9.849897 6 5 100000.000000
10.709214 6 4 1500.000000
10.786962 6 18 4000000.000000
11.045543 6 7 100000.000000
11.490425 6 18 3000000.000000
11.718079 6 1 3000000.000000
11.838025 6 16 1000000.000000
12.000120 6 17 3000000.000000
12.459132 6 5 200000.000000
12.624679 6 12 20000.000000
12.882484 6 1 200000.000000
13.004422 6 1 1000000.000000
13.631605 6 4 1500.000000
13.641206 6 13 200000.000000
13.963254 6 9 100000.000000
14.073823 6 9 1500.000000
14.278639 6 17 1500.000000
14.320046 6 17 200000.000000
14.595648 6 20 10000.000000
14.637810 6 24 4000000.000000
14.651783 6 24 1000000.000000
14.773686 6 24 3000.000000
14.826643 6 18 200000.000000
15.110895 6 24 200000.000000
15.134423 6 25 1500.000000
15.308545 6 2 1500.000000
15.447740 6 5 1500.000000
15.534626 6 11 3000000.000000
15.597173 6 13 100000.000000
15.999287 6 20 200000.000000
16.154754 6 23 1500.000000
16.419611 6 15 1500.000000
17.620706 6 4 10000.000000
17.624838 6 10 20000.000000
18.083073 6 19 200000.000000
18.129182 6 26 1500.000000
18.275312 6 12 1500.000000
18.303574 6 19 3000000.000000
18.309991 6 15 3000000.000000
18.541842 6 15 3000.000000
19.025594 6 14 1500.000000
19.082977 6 1 4000000.000000
19.146268 6 25 1000000.000000
19.195678 6 7 1000000.000000
19.772754 6 14 1500.000000
20.473338 6 23 10000.000000
20.774918 6 2 200000.000000
20.868991 6 1 1000000.000000
21.390922 6 22 200000.000000
21.432317 6 20 4000000.000000
21.465407 6 8 1500.000000
22.276056 6 20 200000.000000
22.351906 6 4 1000000.000000
22.467274 6 12 1500.000000
22.507991 6 18 1500.000000
22.734502 6 10 1000000.000000
22.829497 6 22 1500.000000
22.865118 6 14 1500.000000
22.880074 6 12 1500.000000
23.159370 6 22 3000000.000000
23.395358 6 10 3000000.000000
23.757004 6 3 3000.000000
23.765557 6 8 1500.000000
23.879808 6 24 1500.000000
23.968833 6 5 4000000.000000
24.070412 6 17 4000000.000000
24.428756 6 15 1500.000000
24.749108 6 12 4000000.000000
24.765415 6 13 1000000.000000
25.247850 6 17 200000.000000
25.842525 6 3 2000000.000000
25.873487 6 26 3000000.000000
26.267731 6 1 1500.000000
26.343087 6 24 200000.000000
26.660495 6 13 200000.000000
26.873101 6 7 1000000.000000
27.206397 6 16 3000.000000
27.267721 6 14 1500.000000
27.339897 6 4 3000000.000000
27.989222 6 16 100000.000000
28.139633 6 7 1500.000000
28.544382 6 11 1500.000000
28.551600 6 22 1500.000000
28.636174 6 3 1000000.000000
29.016090 6 10 1000000.000000
29.069742 6 18 1500.000000
29.611542 6 26 1000000.000000
29.720781 6 16 1500.000000
29.783216 6 9 2000000.000000
0.480729 7 7 1000000.000000
0.669511 7 11 20000.000000
0.981931 7 9 4000000.000000
1.071557 7 3 200000.000000
1.278682 7 13 2000000.000000
1.528390 7 24 1500.000000
1.954959 7 5 3000.000000
2.125956 7 14 10000.000000
2.168459 7 26 4000000.000000
2.183890 7 2 1500.000000
3.099758 7 7 100000.000000
3.214959 7 1 1500.000000
4.030649 7 19 100000.000000
4.046761 7 4 1500.000000
4.556127 7 16 3000000.000000
5.146110 7 0 1500.000000
5.623763 7 26 3000000.000000
5.717343 7 0 1500.000000
5.746014 7 17 200000.000000
6.030969 7 4 3000000.000000
6.481825 7 26 3000000.000000
6.488833 7 22 3000000.000000
6.527539 7 21 1500.000000
6.700352 7 9 1500.000000
6.724270 7 19 10000.000000
7.515735 7 12 1500.000000
7.522920 7 17 3000000.000000
7.841632 7 13 1500.000000
7.928786 7 2 1500.000000
8.504591 7 7 200000.000000
9.290693 7 9 200000.000000
9.449071 7 3 20000.000000
9.793498 7 24 100000.000000
10.042394 7 16 3000000.000000
10.071124 7 11 4000000.000000
10.315065 7 8 200000.000000
10.403434 7 11 200000.000000
10.849335 7 3 4000000.000000
11.088477 7 2 1000000.000000
11.771819 7 15 3000000.000000
12.098909 7 13 1500.000000
12.102349 7 25 200000.000000
12.363874 7 18 3000000.000000
12.591640 7 2 1000000.000000
12.593393 7 6 3000.000000
12.903176 7 16 1500.000000
12.922853 7 22 1000000.000000
13.028114 7 13 1500.000000
13.066833 7 17 3000000.000000
13.336481 7 7 100000.000000
13.937806 7 13 1000000.000000
13.963316 7 1 1500.000000
14.568412 7 8 100000.000000
15.381398 7 8 200000.000000
15.505898 7 7 3000000.000000
15.828193 7 9 20000.000000
16.053383 7 18 1500.000000
16.316681 7 2 3000000.000000
16.486083 7 23 4000000.000000
16.823803 7 8 3000000.000000
16.952189 7 3 1500.000000
17.030274 7 23 3000.000000
17.766039 7 23 3000000.000000
17.808806 7 7 1500.000000
17.942699 7 13 10000.000000
18.735611 7 15 1500.000000
19.368809 7 8 3000000.000000
19.450877 7 1 100000.000000
19.731663 7 11 3000000.000000
19.810250 7 15 1500.000000
20.320717 7 1 3000000.000000
20.558185 7 0 100000.000000
20.683063 7 20 4000000.000000
20.838219 7 18 1500.000000
21.868355 7 24 200000.000000
22.205498 7 23 1500.000000
22.549339 7 3 1500.000000
22.640595 7 15 10000.000000
23.332539 7 3 200000.000000
23.370041 7 1 1000000.000000
23.618168 7 25 1500.000000
23.629540 7 20 3000000.000000
23.964637 7 12 200000.000000
24.020436 7 11 20000.000000
24.274854 7 9 2000000.000000
24.281898 7 3 1500.000000
24.492242 7 1 20000.000000
24.503176 7 19 1500.000000
24.985099 7 11 2000000.000000
25.035299 7 15 3000000.000000
25.124715 7 15 1500.000000
25.335256 7 14 1500.000000
25.766298 7 5 10000.000000
25.852926 7 6 1500.000000
26.425898 7 2 1500.000000
26.486436 7 13 1500.000000
26.825518 7 14 4000000.000000
26.830981 7 12 20000.000000
26.950849 7 16 1500.000000
27.425083 7 11 1500.000000
27.598471 7 1 1500.000000
27.916255 7 25 1000000.000000
27.995079 7 11 1500.000000
28.103185 7 18 1500.000000
28.761314 7 17 3000.000000
28.866540 7 9 20000.000000
28.892136 7 18 3000000.000000
29.070501 7 13 20000.000000
29.246613 7 3 1500.000000
29.340548 7 20 3000000.000000
29.382174 7 16 3000000.000000
29.961054 7 22 1500.000000
0.526929 8 1 10000.000000
0.564781 8 18 20000.000000
0.697224 8 19 1500.000000
1.309899 8 22 1500.000000
1.345765 8 10 1500.000000
1.863448 8 17 1500.000000
3.115415 8 0 4000000.000000
3.447350 8 7 3000000.000000
3.576497 8 3 1500.000000
3.826875 8 11 10000.000000
4.738229 8 18 4000000.000000
4.787823 8 23 1500.000000
5.218899 8 22 1500.000000
5.311955 8 16 100000.000000
5.365121 8 1 3000000.000000
5.412002 8 4 4000000.000000
5.914524 8 7 1500.000000
5.944222 8 26 1500.000000
6.237744 8 3 100000.000000
6.414136 8 14 200000.000000
6.662334 8 3 1500.000000
7.067129 8 24 1500.000000
7.851500 8 1 4000000.000000
8.181918 8 9 1500.000000
8.264072 8 26 1000000.000000
8.721428 8 15 200000.000000
8.833020 8 12 200000.000000
9.510131 8 0 4000000.000000
9.906610 8 18 1500.000000
10.250882 8 8 1500.000000
10.303731 8 16 10000.000000
10.850684 8 11 3000000.000000
11.409918 8 23 3000000.000000
12.091574 8 1 1000000.000000
12.138370 8 9 100000.000000
12.906084 8 18 1500.000000
12.966583 8 8 3000.000000
13.366264 8 5 1500.000000
13.713234 8 9 200000.000000
14.084161 8 18 1500.000000
14.202106 8 14 1500.000000
14.388669 8 14 1500.000000
14.476517 8 8 200000.000000
14.597871 8 23 10000.000000
15.049771 8 9 200000.000000
15.058388 8 23 100000.000000
15.775245 8 5 10000.000000
16.031879 8 11 3000000.000000
16.145621 8 23 1000000.000000
16.621684 8 6 1500.000000
16.744561 8 16 1500.000000
16.908472 8 19 4000000.000000
17.135456 8 17 2000000.000000
18.410617 8 11 3000.000000
18.482851 8 1 1500.000000
18.820646 8 12 3000000.000000
19.429265 8 25 1000000.000000
19.633517 8 4 1500.000000
19.846650 8 19 1500.000000
19.993267 8 10 100000.000000
20.404319 8 20 20000.000000
20.450313 8 15 1500.000000
20.495393 8 4 1500.000000
20.618187 8 4 3000000.000000
20.750986 8 0 4000000.000000
21.033671 8 22 1000000.000000
21.350182 8 1 1500.000000
21.540106 8 7 100000.000000
21.715733 8 17 4000000.000000
21.797176 8 7 1500.000000
22.365690 8 10 4000000.000000
22.600314 8 12 200000.000000
23.091695 8 24 10000.000000
23.178890 8 9 1500.000000
23.232575 8 21 1000000.000000
23.522210 8 6 1500.000000
23.627416 8 15 3000000.000000
23.713814 8 6 1000000.000000
23.731685 8 10 100000.000000
23.732909 8 9 3000000.000000
24.097432 8 26 1500.000000
24.255112 8 5 200000.000000
24.355798 8 24 1500.000000
24.693333 8 19 1500.000000
25.430325 8 9 200000.000000
25.652036 8 10 3000000.000000
25.828361 8 25 10000.000000
25.931463 8 6 1500.000000
26.147009 8 16 1000000.000000
26.159413 8 1 1500.000000
26.457439 8 23 100000.000000
26.798410 8 18 1000000.000000
26.869621 8 18 10000.000000
26.949937 8 20 1500.000000
27.028805 8 24 1500.000000
27.277552 8 18 200000.000000
27.460975 8 12 1500.000000
27.922351 8 23 1500.000000
27.996752 8 14 20000.000000
28.174589 8 1 2000000.000000
28.248347 8 21 4000000.000000
28.350249 8 5 1500.000000
28.699473 8 12 1000000.000000
28.986995 8 3 3000000.000000
29.216072 8 4 3000.000000
29.241429 8 6 1500.000000
29.476724 8 17 1500.000000
29.679140 8 2 3000000.000000
0.132561 9 11 1500.000000
0.178918 9 15 2000000.000000
0.200472 9 3 4000000.000000
0.439128 9 4 1500.000000
1.496850 9 8 1500.000000
1.622011 9 13 1500.000000
1.796027 9 5 10000.000000
2.174796 9 8 4000000.000000
2.216641 9 3 1500.000000
2.301601 9 7 1500.000000
2.395975 9 19 200000.000000
2.802305 9 11 100000.000000
2.895373 9 20 1500.000000
2.961195 9 14 100000.000000
4.275643 9 3 4000000.000000
4.570318 9 24 1500.000000
4.709515 9 16 1500.000000
4.803990 9 11 1000000.000000
4.960712 9 24 3000000.000000
5.018863 9 7 3000000.000000
5.112646 9 5 1500.000000
5.147466 9 5 20000.000000
5.403309 9 1 200000.000000
6.030532 9 15 4000000.000000
6.161215 9 22 1500.000000
6.992797 9 25 4000000.000000
7.526964 9 11 4000000.000000
7.917261 9 0 20000.000000
7.956748 9 15 1500.000000
8.026919 9 9 10000.000000
8.127873 9 8 1500.000000
9.031604 9 6 1500.000000
9.367900 9 24 3000000.000000
9.473420 9 17 3000.000000
9.479678 9 22 100000.000000
9.542936 9 4 4000000.000000
9.643583 9 12 2000000.000000
10.013211 9 5 3000000.000000
10.177251 9 1 4000000.000000
10.292100 9 24 10000.000000
10.988579 9 20 100000.000000
11.024592 9 0 10000.000000
11.609198 9 10 3000.000000
11.722539 9 4 100000.000000
12.402723 9 4 4000000.000000
12.466348 9 17 10000.000000
12.822054 9 9 4000000.000000
12.842178 9 10 1500.000000
13.222504 9 20 1500.000000
13.263347 9 16 200000.000000
13.310575 9 20 1500.000000
13.403635 9 21 200000.000000
13.514519 9 7 1500.000000
13.518966 9 8 1500.000000
14.002020 9 8 1000000.000000
14.751605 9 10 100000.000000
14.769592 9 6 20000.000000
15.139612 9 11 1500.000000
15.164511 9 16 4000000.000000
15.337064 9 3 1500.000000
15.339759 9 18 4000000.000000
15.505002 9 21 20000.000000
15.509271 9 23 4000000.000000
15.573826 9 22 1500.000000
15.654618 9 11 10000.000000
15.947527 9 20 1500.000000
16.257369 9 9 200000.000000
16.431843 9 25 3000.000000
16.967534 9 2 1500.000000
17.000581 9 3 1500.000000
17.231090 9 17 200000.000000
17.240078 9 1 3000000.000000
17.384704 9 2 1500.000000
17.679234 9 17 4000000.000000
17.689095 9 6 1500.000000
17.773568 9 0 1000000.000000
17.804691 9 4 20000.000000
17.877470 9 2 1500.000000
18.047796 9 16 1500.000000
18.191572 9 5 1500.000000
18.205139 9 24 3000.000000
18.232908 9 9 1000000.000000
18.291578 9 2 1500.000000
18.571636 9 0 1000000.000000
18.591974 9 19 1500.000000
18.629988 9 15 1500.000000
18.906914 9 23 1500.000000
19.074040 9 11 10000.000000
19.151159 9 22 1500.000000
19.335548 9 22 1500.000000
19.419671 9 23 1500.000000
19.569686 9 3 1500.000000
19.666331 9 22 1500.000000
19.758279 9 16 200000.000000
19.767641 9 18 100000.000000
19.850651 9 16 1500.000000
20.386111 9 24 10000.000000
20.435404 9 26 1500.000000
20.619319 9 22 1000000.000000
20.642432 9 4 10000.000000
20.687347 9 9 1500.000000
20.959638 9 13 1500.000000
20.975785 9 2 1500.000000
21.024222 9 24 10000.000000
21.064732 9 16 1500.000000
21.113286 9 15 20000.000000
21.155773 9 20 3000000.000000
21.225808 9 1 1500.000000
21.755740 9 2 1500.000000
21.845208 9 5 1000000.000000
21.873297 9 5 1500.000000
21.903401 9 3 4000000.000000
22.062854 9 25 1500.000000
22.443191 9 2 1500.000000
22.557854 9 7 1500.000000
22.606871 9 12 1500.000000
22.712840 9 3 100000.000000
22.994181 9 26 3000000.000000
23.013544 9 2 2000000.000000
23.369420 9 18 1500.000000
23.585431 9 5 3000000.000000
23.648802 9 19 3000000.000000
24.232937 9 19 1500.000000
24.279381 9 19 1000000.000000
24.382624 9 15 1500.000000
25.323989 9 8 1500.000000
25.572445 9 12 10000.000000
25.626492 9 11 1500.000000
26.097022 9 3 100000.000000
26.560225 9 24 200000.000000
26.606895 9 8 3000000.000000
27.605624 9 5 1500.000000
28.272502 9 3 10000.000000
28.658216 9 21 1500.000000
29.195885 9 17 1500.000000
29.220517 9 12 1000000.000000
29.357978 9 24 3000000.000000
29.428038 9 26 3000000.000000
29.490029 9 2 1500.000000
29.635733 9 15 10000.000000
29.747974 9 20 1500.000000
29.829758 9 26 1500.000000
29.855143 9 8 200000.000000
29.900635 9 5 10000.000000
0.502717 10 13 3000000.000000
0.775864 10 0 1500.000000
0.968739 10 18 1500.000000
1.567307 10 11 100000.000000
1.960962 10 9 3000000.000000
2.071703 10 15 1000000.000000
2.115614 10 7 3000000.000000
2.474111 10 1 3000000.000000
2.732023 10 20 1500.000000
2.869971 10 26 4000000.000000
2.963967 10 8 3000.000000
3.211832 10 1 3000000.000000
3.836242 10 12 20000.000000
4.682106 10 23 4000000.000000
4.796391 10 26 10000.000000
5.200069 10 21 100000.000000
5.237132 10 10 100000.000000
5.681931 10 12 4000000.000000
5.856187 10 15 1500.000000
5.895650 10 11 1500.000000
5.958594 10 17 1500.000000
6.003074 10 2 1000000.000000
6.138770 10 15 4000000.000000
6.238866 10 8 200000.000000
6.742819 10 4 4000000.000000
6.776064 10 19 1500.000000
7.500550 10 11 100000.000000
8.113483 10 2 1500.000000
8.209796 10 25 3000000.000000
8.234125 10 6 1000000.000000
8.266086 10 17 1500.000000
8.324278 10 15 200000.000000
8.693349 10 10 1500.000000
8.889573 10 17 100000.000000
8.956448 10 12 1500.000000
9.672899 10 11 3000000.000000
9.717928 10 0 1500.000000
9.826900 10 5 1000000.000000
10.713645 10 6 3000000.000000
11.096438 10 12 4000000.000000
11.426080 10 26 100000.000000
12.137526 10 0 1500.000000
12.509544 10 2 3000000.000000
12.573871 10 7 1000000.000000
12.817461 10 2 10000.000000
13.005701 10 2 100000.000000
13.084165 10 2 3000000.000000
13.104610 10 8 1500.000000
13.266102 10 6 2000000.000000
13.357302 10 15 1500.000000
13.527722 10 15 10000.000000
13.543921 10 10 1500.000000
13.544928 10 18 3000.000000
13.784541 10 19 20000.000000
13.831307 10 23 4000000.000000
13.834662 10 13 1500.000000
14.042635 10 13 3000000.000000
14.088362 10 21 1500.000000
14.140165 10 6 1500.000000
14.147636 10 20 1500.000000
14.275212 10 3 20000.000000
14.452977 10 5 1500.000000
14.580922 10 2 100000.000000
14.965702 10 22 1500.000000
15.097021 10 16 10000.000000
15.399802 10 16 1500.000000
15.469564 10 15 3000000.000000
15.518172 10 8 1500.000000
15.610003 10 8 1500.000000
15.703040 10 20 100000.000000
16.043177 10 9 4000000.000000
16.168369 10 15 4000000.000000
16.479635 10 10 1500.000000
16.804197 10 15 4000000.000000
16.876116 10 0 1500.000000
16.932778 10 2 1500.000000
17.235232 10 19 1500.000000
17.958659 10 3 4000000.000000
18.245934 10 25 100000.000000
18.383780 10 3 20000.000000
18.424180 10 14 4000000.000000
18.655965 10 7 4000000.000000
18.865950 10 23 2000000.000000
19.029210 10 9 200000.000000
19.252995 10 20 200000.000000
19.261033 10 9 1500.000000
19.753536 10 25 1500.000000
19.764531 10 2 4000000.000000
20.055556 10 23 1500.000000
20.519801 10 2 1500.000000
20.666703 10 14 3000000.000000
20.841188 10 6 4000000.000000
20.872724 10 16 3000.000000
21.233987 10 1 200000.000000
21.244959 10 24 1000000.000000
21.283755 10 17 100000.000000
21.684569 10 1 100000.000000
21.985782 10 14 1500.000000
22.164501 10 17 1500.000000
22.312842 10 17 200000.000000
22.733959 10 4 1500.000000
22.981008 10 6 1500.000000
23.426013 10 2 100000.000000
23.573460 10 16 1500.000000
23.669527 10 14 100000.000000
23.676642 10 11 3000000.000000
23.846354 10 1 1000000.000000
23.929246 10 24 3000000.000000
23.985319 10 16 1500.000000
24.162933 10 21 200000.000000
24.279462 10 7 2000000.000000
24.391853 10 3 1500.000000
24.617485 10 25 1500.000000
24.773351 10 10 1500.000000
24.803868 10 19 1500.000000
24.846747 10 4 1500.000000
25.188337 10 5 1500.000000
25.535624 10 15 1500.000000
26.309105 10 8 4000000.000000
26.319058 10 10 1500.000000
26.743509 10 16 1500.000000
26.860544 10 2 1500.000000
27.818924 10 17 1000000.000000
27.981533 10 24 10000.000000
28.180560 10 13 1000000.000000
28.268384 10 25 20000.000000
28.320392 10 18 3000000.000000
28.381639 10 6 1500.000000
28.443946 10 8 1500.000000
28.468270 10 10 200000.000000
28.547345 10 21 1000000.000000
28.750195 10 13 3000000.000000
29.075029 10 13 3000000.000000
29.093633 10 0 1500.000000
29.435333 10 10 1000000.000000
29.718927 10 22 1500.000000
0.135149 11 22 1500.000000
0.219502 11 17 1500.000000
0.256916 11 12 1000000.000000
0.582463 11 24 3000000.000000
0.695579 11 10 1500.000000
1.183332 11 23 1500.000000
1.382605 11 1 20000.000000
1.497155 11 7 1500.000000
1.498132 11 23 4000000.000000
1.747479 11 0 1500.000000
2.003224 11 20 1500.000000
2.020735 11 11 1500.000000
2.152098 11 4 1500.000000
2.190473 11 22 1000000.000000
2.467928 11 22 4000000.000000
2.520043 11 14 1500.000000
2.694408 11 3 1500.000000
2.729163 11 8 3000000.000000
2.747788 11 13 10000.000000
4.000273 11 18 3000.000000
4.184401 11 5 1500.000000
4.204975 11 15 1500.000000
4.294644 11 21 3000.000000
4.397127 11 5 4000000.000000
4.526405 11 18 200000.000000
4.642595 11 13 100000.000000
5.013337 11 8 20000.000000
6.194668 11 12 1500.000000
6.242791 11 8 4000000.000000
6.844856 11 15 1500.000000
7.118434 11 14 100000.000000
7.247129 11 15 3000000.000000
7.465157 11 13 1500.000000
7.589532 11 22 200000.000000
7.767935 11 17 100000.000000
8.031780 11 12 4000000.000000
8.146108 11 17 20000.000000
8.218356 11 18 200000.000000
8.732217 11 17 10000.000000
8.889374 11 7 1500.000000
9.007264 11 18 1500.000000
9.355905 11 8 3000.000000
9.384896 11 6 4000000.000000
9.527209 11 16 3000000.000000
9.914059 11 18 1500.000000
9.985165 11 13 1000000.000000
10.107603 11 12 100000.000000
10.143887 11 23 4000000.000000
10.154717 11 14 10000.000000
10.191251 11 3 1000000.000000
10.237624 11 11 1500.000000
10.362781 11 5 1500.000000
10.405797 11 10 20000.000000
11.001918 11 18 10000.000000
11.070159 11 24 4000000.000000
11.600098 11 24 100000.000000
11.608699 11 24 4000000.000000
11.742480 11 19 1500.000000
12.344537 11 15 1500.000000
12.676026 11 24 1500.000000
12.810514 11 18 1000000.000000
13.002115 11 1 10000.000000
13.441213 11 0 1500.000000
13.544095 11 23 1500.000000
13.843665 11 21 4000000.000000
13.977660 11 24 1500.000000
14.108840 11 19 1500.000000
14.311202 11 23 100000.000000
14.369227 11 3 1500.000000
14.387120 11 18 1500.000000
14.563241 11 2 1500.000000
14.590008 11 5 1500.000000
14.718053 11 10 1500.000000
14.889292 11 20 100000.000000
14.996811 11 11 1500.000000
15.423256 11 10 3000000.000000
15.574945 11 5 100000.000000
15.736578 11 10 100000.000000
15.823653 11 13 1500.000000
16.177511 11 25 200000.000000
16.398874 11 21 1500.000000
16.449945 11 2 200000.000000
16.594013 11 2 1000000.000000
16.716272 11 10 100000.000000
16.776788 11 2 1500.000000
17.140239 11 10 1500.000000
17.585440 11 22 1000000.000000
17.729364 11 9 100000.000000
17.766990 11 18 200000.000000
18.050573 11 9 100000.000000
18.173150 11 24 1500.000000
18.531712 11 9 20000.000000
18.846795 11 8 1500.000000
19.019882 11 13 100000.000000
19.403968 11 15 1500.000000
19.431803 11 18 20000.000000
19.481862 11 0 200000.000000
19.934071 11 1 3000000.000000
20.289211 11 24 1500.000000
20.474026 11 12 3000000.000000
20.585180 11 19 100000.000000
20.591333 11 9 100000.000000
20.817859 11 0 1500.000000
21.054935 11 20 1500.000000
21.069267 11 10 1500.000000
21.140201 11 9 100000.000000
21.191589 11 26 1500.000000
21.314222 11 15 200000.000000
21.646564 11 26 100000.000000
21.889139 11 17 2000000.000000
21.967669 11 6 3000.000000
22.127281 11 13 10000.000000
22.477257 11 8 4000000.000000
22.673445 11 24 10000.000000
22.788780 11 4 1500.000000
22.908120 11 10 3000000.000000
23.598401 11 20 1000000.000000
23.680603 11 11 1500.000000
23.767966 11 26 1500.000000
23.852405 11 0 1500.000000
23.916120 11 0 1500.000000
24.297553 11 11 1500.000000
24.314713 11 16 20000.000000
24.700327 11 11 3000000.000000
25.013285 11 16 100000.000000
25.362099 11 19 20000.000000
25.844504 11 15 10000.000000
25.877767 11 17 1500.000000
27.054660 11 25 1500.000000
27.182576 11 18 1500.000000
27.234027 11 1 1000000.000000
27.474252 11 15 1500.000000
27.680169 11 9 4000000.000000
27.709509 11 4 4000000.000000
27.967822 11 24 100000.000000
28.220111 11 12 1500.000000
28.739157 11 19 1500.000000
29.161018 11 12 1000000.000000
29.853526 11 11 100000.000000
29.997966 11 2 1000000.000000
0.255000 12 13 1000000.000000
0.285315 12 0 1500.000000
0.603572 12 5 1500.000000
0.670593 12 14 1500.000000
0.950409 12 20 1500.000000
1.418486 12 11 10000.000000
1.806972 12 11 4000000.000000
1.965643 12 20 4000000.000000
2.162903 12 19 3000000.000000
2.320298 12 23 3000000.000000
2.655135 12 7 200000.000000
3.987488 12 2 1500.000000
4.891029 12 9 3000000.000000
4.972616 12 1 10000.000000
5.177110 12 26 200000.000000
5.317145 12 25 20000.000000
5.855423 12 4 20000.000000
5.961507 12 3 1500.000000
6.320460 12 4 3000000.000000
7.351971 12 7 1500.000000
7.393653 12 17 200000.000000
8.048297 12 23 1500.000000
8.663147 12 11 3000000.000000
8.777701 12 0 20000.000000
9.091964 12 3 3000000.000000
9.103846 12 8 200000.000000
9.911749 12 9 1500.000000
9.921365 12 14 1500.000000
10.132931 12 2 1500.000000
10.663515 12 16 1500.000000
10.975004 12 24 1500.000000
10.983686 12 2 200000.000000
11.164224 12 1 1500.000000
11.243558 12 5 1500.000000
11.475896 12 2 1500.000000
11.894419 12 7 10000.000000
11.963467 12 19 2000000.000000
12.438537 12 10 20000.000000
12.687851 12 25 3000000.000000
12.750907 12 11 3000.000000
12.790577 12 1 4000000.000000
12.923848 12 16 1500.000000
12.949914 12 7 100000.000000
12.953350 12 7 4000000.000000
13.184394 12 7 3000000.000000
14.022977 12 15 3000000.000000
14.243126 12 0 1500.000000
14.276195 12 11 3000.000000
14.463571 12 1 2000000.000000
14.844999 12 23 20000.000000
15.082975 12 17 3000.000000
15.089647 12 12 3000000.000000
15.094874 12 12 10000.000000
15.148840 12 17 1500.000000
15.320135 12 0 3000000.000000
15.864150 12 0 1500.000000
15.920055 12 25 1000000.000000
15.976637 12 2 1500.000000
16.001787 12 8 10000.000000
16.128655 12 3 4000000.000000
16.143367 12 22 100000.000000
16.270881 12 26 1500.000000
17.073058 12 25 1500.000000
17.393339 12 3 1500.000000
17.857374 12 16 200000.000000
17.905059 12 19 1500.000000
17.935276 12 8 1500.000000
17.993384 12 5 1000000.000000
18.322421 12 4 3000000.000000
18.527499 12 9 100000.000000
18.838308 12 2 3000000.000000
18.987647 12 23 20000.000000
19.220800 12 15 100000.000000
19.348757 12 22 4000000.000000
19.467131 12 12 100000.000000
19.668974 12 2 1000000.000000
19.826346 12 22 1500.000000
20.079338 12 9 1500.000000
20.188406 12 16 100000.000000
20.385959 12 8 1000000.000000
20.457293 12 0 2000000.000000
20.613318 12 1 3000000.000000
20.626909 12 9 1500.000000
20.674925 12 8 1500.000000
20.801284 12 6 1500.000000
20.845247 12 24 3000000.000000
20.856057 12 16 100000.000000
21.704428 12 9 200000.000000
21.841059 12 7 200000.000000
22.441207 12 18 1500.000000
22.483584 12 18 200000.000000
22.666802 12 16 3000.000000
22.717552 12 26 3000000.000000
22.786270 12 22 1500.000000
23.334942 12 26 200000.000000
23.924896 12 10 200000.000000
24.304517 12 9 1000000.000000
24.575139 12 14 1500.000000
24.933088 12 6 100000.000000
25.039215 12 11 1500.000000
25.775967 12 17 200000.000000
26.133439 12 10 2000000.000000
26.513516 12 17 200000.000000
26.541746 12 1 1500.000000
26.640904 12 12 200000.000000
26.695056 12 5 100000.000000
26.749090 12 6 1500.000000
27.346241 12 22 3000.000000
27.499270 12 9 1500.000000
27.755358 12 25 100000.000000
28.042061 12 26 10000.000000
28.078474 12 14 1000000.000000
28.197558 12 19 200000.000000
28.522649 12 22 1500.000000
28.654835 12 1 200000.000000
28.710308 12 16 1500.000000
28.757760 12 3 4000000.000000
28.779830 12 3 1500.000000
29.531176 12 7 3000000.000000
29.629628 12 6 3000.000000
29.643003 12 1 10000.000000
29.906573 12 16 3000000.000000
0.080331 13 22 3000000.000000
0.081198 13 17 4000000.000000
0.177581 13 7 1500.000000
0.213008 13 3 1000000.000000
0.369482 13 13 1500.000000
0.381687 13 20 10000.000000
0.393791 13 23 3000000.000000
0.436683 13 9 200000.000000
1.127132 13 10 20000.000000
1.176531 13 20 20000.000000
1.287328 13 13 100000.000000
1.361714 13 11 20000.000000
1.390457 13 6 200000.000000
1.450076 13 17 10000.000000
2.020649 13 18 2000000.000000
2.036715 13 20 3000000.000000
2.081966 13 7 1500.000000
2.623842 13 23 200000.000000
2.881667 13 16 1500.000000
2.927722 13 26 200000.000000
3.061871 13 5 100000.000000
3.244010 13 24 3000000.000000
3.632438 13 24 3000.000000
3.685265 13 3 20000.000000
4.060475 13 21 1500.000000
4.272656 13 26 1000000.000000
4.472099 13 26 200000.000000
5.630206 13 17 2000000.000000
5.937754 13 17 1500.000000
6.039914 13 2 3000000.000000
6.118999 13 4 1500.000000
6.167555 13 15 200000.000000
6.342179 13 12 10000.000000
6.416809 13 15 1500.000000
7.011712 13 0 3000.000000
7.262687 13 8 200000.000000
7.579257 13 22 3000000.000000
7.664386 13 23 1500.000000
8.225257 13 2 200000.000000
8.301882 13 5 100000.000000
8.464164 13 2 1500.000000
8.505014 13 9 3000000.000000
8.682358 13 19 200000.000000
8.807566 13 6 1500.000000
9.259842 13 24 3000.000000
9.480761 13 11 3000000.000000
10.181742 13 10 1000000.000000
10.502787 13 1 1000000.000000
10.507287 13 12 3000.000000
10.515927 13 1 1500.000000
10.640085 13 8 1000000.000000
10.646003 13 7 1500.000000
10.861155 13 4 100000.000000
10.918676 13 17 3000000.000000
11.242758 13 9 3000000.000000
11.521515 13 8 200000.000000
12.033070 13 4 3000000.000000
12.171899 13 12 1500.000000
12.411495 13 6 200000.000000
12.829710 13 22 10000.000000
13.339383 13 5 1500.000000
13.568227 13 9 20000.000000
13.742311 13 23 1500.000000
14.024175 13 26 20000.000000
14.482754 13 5 1500.000000
14.561479 13 9 4000000.000000
15.347717 13 10 3000000.000000
15.509349 13 12 100000.000000
15.721160 13 26 200000.000000
16.016241 13 26 1500.000000
16.070425 13 14 4000000.000000
16.576202 13 19 200000.000000
16.657014 13 2 1000000.000000
16.744699 13 4 4000000.000000
16.838498 13 0 1000000.000000
17.004133 13 17 1500.000000
17.369960 13 23 200000.000000
17.429515 13 10 200000.000000
17.666945 13 0 1500.000000
18.038101 13 16 1500.000000
18.109653 13 26 4000000.000000
18.454715 13 24 1500.000000
18.587100 13 4 3000000.000000
19.060774 13 2 1500.000000
19.205168 13 12 3000.000000
19.455779 13 0 1500.000000
19.497769 13 24 1500.000000
19.743320 13 6 1500.000000
19.770814 13 1 1500.000000
19.822454 13 24 200000.000000
19.879327 13 0 200000.000000
20.920727 13 24 3000000.000000
20.932141 13 4 4000000.000000
21.016531 13 4 3000.000000
21.851881 13 6 100000.000000
22.002005 13 14 10000.000000
22.126228 13 7 3000.000000
22.282201 13 20 3000.000000
22.287997 13 10 1500.000000
22.426404 13 4 3000.000000
22.476350 13 1 4000000.000000
22.783507 13 26 4000000.000000
23.171849 13 13 3000000.000000
23.395393 13 14 10000.000000
23.474475 13 22 4000000.000000
23.735116 13 22 1500.000000
23.816469 13 4 1500.000000
24.351893 13 7 4000000.000000
24.440531 13 15 4000000.000000
24.649566 13 1 1000000.000000
24.777074 13 9 4000000.000000
24.812406 13 22 1500.000000
25.407407 13 6 4000000.000000
25.418717 13 17 1500.000000
25.470439 13 16 1500.000000
25.562903 13 17 1500.000000
26.022047 13 16 1500.000000
26.153116 13 5 200000.000000
26.238763 13 16 1500.000000
26.243432 13 6 1500.000000
26.515888 13 8 200000.000000
26.519019 13 22 1500.000000
27.021488 13 9 1000000.000000
27.166109 13 10 10000.000000
27.431840 13 7 100000.000000
27.760156 13 14 1500.000000
27.887955 13 6 3000000.000000
27.931775 13 6 4000000.000000
28.153044 13 2 3000.000000
28.490201 13 1 1500.000000
28.815987 13 7 200000.000000
28.844596 13 25 100000.000000
28.945830 13 2 1500.000000
28.954485 13 15 200000.000000
29.208096 13 16 1500.000000
29.235641 13 19 3000000.000000
29.330518 13 1 4000000.000000
29.833394 13 26 1500.000000
0.053871 14 22 1500.000000
0.472855 14 2 20000.000000
1.052207 14 0 3000.000000
2.335415 14 19 20000.000000
2.597331 14 3 200000.000000
2.653533 14 18 1500.000000
2.674236 14 10 1500.000000
2.722889 14 13 100000.000000
2.772128 14 16 100000.000000
3.411122 14 19 3000000.000000
3.620070 14 19 1500.000000
3.784387 14 25 1500.000000
3.858973 14 18 1500.000000
4.206330 14 22 20000.000000
4.317451 14 5 200000.000000
4.752501 14 7 4000000.000000
5.419847 14 9 10000.000000
6.864907 14 18 3000000.000000
7.019156 14 15 1500.000000
7.143457 14 15 1500.000000
7.417863 14 13 2000000.000000
7.800996 14 14 100000.000000
7.852214 14 15 3000.000000
7.868906 14 20 1500.000000
7.880951 14 1 1500.000000
8.051591 14 11 1000000.000000
8.250976 14 20 10000.000000
8.719796 14 18 1000000.000000
8.722871 14 16 10000.000000
8.834018 14 8 3000000.000000
8.973256 14 12 4000000.000000
9.619410 14 26 100000.000000
9.682569 14 14 3000000.000000
10.049553 14 4 200000.000000
10.747435 14 17 1000000.000000
11.256831 14 11 1500.000000
11.678981 14 15 4000000.000000
11.732012 14 16 3000000.000000
12.105164 14 25 1500.000000
12.226818 14 12 1000000.000000
12.257161 14 11 1500.000000
12.360496 14 9 1000000.000000
12.634936 14 22 1500.000000
12.693002 14 20 4000000.000000
12.990883 14 18 1000000.000000
13.032017 14 10 100000.000000
13.086791 14 21 1000000.000000
13.152460 14 25 1500.000000
13.293567 14 26 4000000.000000
13.381169 14 12 1000000.000000
14.454890 14 1 200000.000000
15.489366 14 25 1500.000000
15.859694 14 10 20000.000000
15.966494 14 9 10000.000000
15.982385 14 13 1500.000000
17.215091 14 13 3000000.000000
17.222076 14 7 3000000.000000
17.291775 14 6 1500.000000
17.380096 14 0 100000.000000
17.533401 14 18 3000000.000000
17.613803 14 21 10000.000000
17.695862 14 10 1500.000000
17.779608 14 10 3000.000000
17.781632 14 24 1500.000000
18.463492 14 17 1000000.000000
18.733750 14 20 4000000.000000
18.742312 14 10 1500.000000
18.746562 14 23 100000.000000
19.006005 14 21 1000000.000000
19.161138 14 23 3000000.000000
19.290507 14 16 1500.000000
19.299963 14 9 1500.000000
19.465692 14 20 1500.000000
19.494595 14 14 4000000.000000
19.811552 14 19 1500.000000
20.015060 14 0 1000000.000000
20.263321 14 22 1500.000000
20.284624 14 18 1500.000000
20.641990 14 24 1000000.000000
20.815481 14 8 3000000.000000
20.870665 14 3 1000000.000000
21.056089 14 10 4000000.000000
21.379242 14 19 1500.000000
21.447414 14 1 3000000.000000
21.537137 14 1 20000.000000
21.578596 14 10 200000.000000
21.599999 14 6 3000000.000000
21.721073 14 2 3000.000000
21.721838 14 13 1500.000000
21.833800 14 8 4000000.000000
22.198016 14 26 1500.000000
22.410978 14 8 1500.000000
22.942240 14 7 100000.000000
23.166482 14 20 3000000.000000
23.549587 14 4 1500.000000
23.572911 14 8 1500.000000
23.906678 14 3 1500.000000
24.848390 14 25 1500.000000
25.076893 14 15 1500.000000
25.655928 14 15 4000000.000000
26.325742 14 23 1500.000000
26.590674 14 12 10000.000000
26.689788 14 23 1500.000000
26.813750 14 17 1500.000000
27.230689 14 9 200000.000000
27.694454 14 5 1500.000000
27.807294 14 22 1500.000000
27.840360 14 8 1500.000000
27.863849 14 18 1000000.000000
28.213188 14 13 200000.000000
28.332394 14 19 3000000.000000
29.204173 14 7 200000.000000
29.913780 14 18 1500.000000
29.937082 14 13 100000.000000
0.480040 15 21 1000000.000000
0.493571 15 1 100000.000000
0.533942 15 4 1500.000000
1.218905 15 9 1500.000000
1.429282 15 5 1500.000000
1.763458 15 0 200000.000000
2.335978 15 3 3000.000000
2.391237 15 12 3000.000000
2.732105 15 23 1500.000000
2.851000 15 6 3000.000000
2.857444 15 26 1500.000000
2.965926 15 25 1000000.000000
3.722079 15 3 4000000.000000
3.731058 15 4 3000.000000
4.435159 15 0 1000000.000000
4.508206 15 6 10000.000000
4.622422 15 7 20000.000000
5.149771 15 0 3000.000000
5.260613 15 25 100000.000000
5.424949 15 1 3000.000000
5.436870 15 14 1500.000000
5.471449 15 18 3000.000000
5.507667 15 22 20000.000000
5.888599 15 20 1500.000000
6.284549 15 17 1500.000000
6.606450 15 6 100000.000000
7.105557 15 8 1500.000000
7.495942 15 8 1500.000000
7.529081 15 15 1500.000000
7.662526 15 11 200000.000000
7.694058 15 7 200000.000000
7.766037 15 14 1500.000000
8.215438 15 13 200000.000000
8.508308 15 15 2000000.000000
8.517076 15 2 1500.000000
9.397350 15 3 20000.000000
9.495474 15 7 1500.000000
10.360160 15 11 1500.000000
10.686837 15 18 1500.000000
10.834514 15 10 10000.000000
10.854506 15 10 4000000.000000
11.009627 15 25 1000000.000000
11.113455 15 0 3000000.000000
11.665923 15 8 4000000.000000
11.777011 15 13 3000000.000000
12.125421 15 9 1500.000000
12.356181 15 25 1500.000000
12.614165 15 13 200000.000000
12.627929 15 0 3000.000000
13.132758 15 0 10000.000000
13.635821 15 22 1500.000000
13.930527 15 24 100000.000000
13.947866 15 3 1500.000000
14.083243 15 21 200000.000000
14.227011 15 19 3000.000000
14.348579 15 3 1500.000000
14.734448 15 10 1500.000000
14.794366 15 9 3000000.000000
14.966833 15 12 1000000.000000
15.342217 15 4 4000000.000000
15.711207 15 14 10000.000000
16.100610 15 8 200000.000000
16.532444 15 25 100000.000000
16.623819 15 17 20000.000000
16.675880 15 11 2000000.000000
17.105373 15 7 200000.000000
17.598835 15 10 3000000.000000
17.763683 15 9 3000000.000000
18.053925 15 18 1500.000000
18.510905 15 23 1500.000000
18.744502 15 23 1500.000000
18.953848 15 1 3000.000000
19.054470 15 16 1500.000000
19.067782 15 22 1500.000000
19.609584 15 6 1500.000000
20.041402 15 16 1500.000000
20.665633 15 1 1000000.000000
20.872340 15 11 200000.000000
20.953885 15 18 20000.000000
21.365856 15 4 1000000.000000
21.416723 15 8 1500.000000
21.571105 15 9 1000000.000000
21.993704 15 4 1500.000000
22.201451 15 9 1500.000000
22.292181 15 15 1000000.000000
22.314502 15 22 10000.000000
22.651334 15 21 1500.000000
23.265808 15 23 20000.000000
23.618124 15 2 100000.000000
23.938648 15 18 1500.000000
23.943688 15 7 1500.000000
24.067943 15 7 200000.000000
24.573101 15 21 3000000.000000
24.641721 15 14 200000.000000
24.750495 15 21 20000.000000
24.957484 15 20 200000.000000
25.858575 15 18 4000000.000000
26.476143 15 26 10000.000000
26.798651 15 14 1500.000000
26.927296 15 7 100000.000000
27.231781 15 14 1500.000000
27.748552 15 2 1500.000000
27.834361 15 5 4000000.000000
27.874787 15 25 3000.000000
28.260287 15 7 1000000.000000
28.279356 15 4 1000000.000000
28.489010 15 1 1500.000000
28.640525 15 1 1500.000000
29.413245 15 20 1500.000000
0.654956 16 2 1500.000000
0.713725 16 11 20000.000000
0.822737 16 21 1500.000000
0.868836 16 13 100000.000000
0.903393 16 14 1500.000000
0.993872 16 2 3000.000000
1.376110 16 18 1500.000000
1.750705 16 2 3000000.000000
2.032074 16 3 3000000.000000
2.581412 16 19 10000.000000
3.052088 16 3 3000.000000
3.321651 16 11 1000000.000000
3.363332 16 19 100000.000000
3.461222 16 25 1500.000000
3.700678 16 13 1500.000000
3.715494 16 14 1000000.000000
3.856544 16 10 1500.000000
3.922238 16 10 3000000.000000
4.115930 16 17 1500.000000
4.653485 16 14 3000.000000
4.790236 16 1 1000000.000000
5.021156 16 3 1500.000000
5.183670 16 10 100000.000000
5.237056 16 13 100000.000000
5.357244 16 13 3000.000000
5.788519 16 9 200000.000000
6.032645 16 10 1500.000000
6.353574 16 3 10000.000000
6.660172 16 7 4000000.000000
6.826181 16 0 20000.000000
6.970470 16 24 4000000.000000
7.104375 16 25 10000.000000
7.240232 16 2 1500.000000
7.548396 16 0 1500.000000
7.663343 16 10 1500.000000
8.615880 16 1 200000.000000
8.798932 16 24 1500.000000
8.908755 16 20 1500.000000
9.328803 16 26 3000.000000
9.361693 16 0 3000000.000000
9.430492 16 5 3000000.000000
9.563007 16 8 100000.000000
9.920483 16 3 1500.000000
10.087664 16 22 1500.000000
10.117232 16 17 100000.000000
10.449165 16 9 100000.000000
10.563762 16 26 3000.000000
10.704883 16 10 200000.000000
10.820547 16 20 1000000.000000
10.894536 16 25 1500.000000
10.910162 16 19 3000000.000000
11.102004 16 20 1500.000000
11.550338 16 9 1500.000000
11.559841 16 13 200000.000000
12.072790 16 13 3000.000000
12.155628 16 26 1500.000000
12.291231 16 23 10000.000000
12.954952 16 23 200000.000000
13.002773 16 12 3000000.000000
14.093534 16 15 1500.000000
14.199926 16 3 4000000.000000
14.238639 16 21 4000000.000000
14.282275 16 9 1500.000000
14.660854 16 20 200000.000000
14.854449 16 20 4000000.000000
14.923593 16 22 20000.000000
14.995704 16 23 1500.000000
15.017523 16 17 200000.000000
15.189029 16 22 1500.000000
15.363318 16 19 3000000.000000
15.428930 16 17 1500.000000
15.613985 16 15 1500.000000
15.648237 16 4 1500.000000
16.198383 16 18 1500.000000
17.086146 16 8 1500.000000
17.294354 16 24 20000.000000
17.325241 16 8 20000.000000
17.395781 16 14 10000.000000
17.591734 16 12 100000.000000
17.706791 16 8 1500.000000
18.118983 16 5 4000000.000000
18.882981 16 22 3000000.000000
18.976541 16 12 1500.000000
18.989179 16 12 1500.000000
19.117345 16 16 1500.000000
19.309583 16 15 1500.000000
19.654823 16 0 1500.000000
19.990041 16 25 1500.000000
20.307298 16 20 3000000.000000
21.374487 16 26 4000000.000000
21.664678 16 16 20000.000000
22.303474 16 13 1500.000000
22.769210 16 14 10000.000000
23.091212 16 19 1500.000000
23.237138 16 13 2000000.000000
23.353551 16 9 10000.000000
23.680115 16 20 1500.000000
23.819142 16 9 1500.000000
24.299472 16 6 1500.000000
24.416185 16 2 1500.000000
24.743658 16 3 1000000.000000
24.822418 16 7 1500.000000
25.292209 16 0 4000000.000000
25.386629 16 13 100000.000000
25.611660 16 0 20000.000000
25.727605 16 22 4000000.000000
25.727746 16 8 100000.000000
26.482646 16 19 10000.000000
26.802131 16 13 1500.000000
27.057089 16 16 100000.000000
27.536704 16 2 1500.000000
27.778040 16 7 3000000.000000
27.799165 16 19 3000000.000000
27.856848 16 6 1000000.000000
27.948828 16 4 2000000.000000
28.758103 16 9 1500.000000
28.861406 16 16 1500.000000
29.507864 16 0 200000.000000
29.874353 16 12 3000000.000000
0.055082 17 25 100000.000000
0.131046 17 14 1500.000000
0.159310 17 23 1500.000000
0.222625 17 6 1500.000000
0.516861 17 22 10000.000000
0.697926 17 17 3000000.000000
0.806278 17 9 1500.000000
0.857560 17 26 10000.000000
1.009074 17 19 1500.000000
1.124259 17 0 200000.000000
1.511843 17 21 10000.000000
1.844517 17 24 1000000.000000
2.025004 17 1 100000.000000
2.059930 17 9 1500.000000
2.079148 17 18 1500.000000
2.307605 17 3 100000.000000
2.624126 17 1 10000.000000
3.259476 17 26 1500.000000
3.488258 17 1 2000000.000000
4.276677 17 2 1500.000000
4.484974 17 14 1500.000000
4.605461 17 13 1500.000000
4.823749 17 16 200000.000000
5.130337 17 7 4000000.000000
5.340394 17 8 4000000.000000
5.528833 17 24 1500.000000
5.533267 17 0 1500.000000
5.691270 17 21 1500.000000
6.334385 17 23 10000.000000
6.536378 17 18 1500.000000
7.186207 17 3 10000.000000
7.796378 17 8 10000.000000
8.417146 17 0 1500.000000
8.484276 17 7 1500.000000
9.202254 17 2 100000.000000
9.818731 17 3 1500.000000
9.902609 17 23 200000.000000
9.962583 17 7 10000.000000
10.104008 17 6 1500.000000
10.274294 17 26 20000.000000
10.861342 17 10 1500.000000
10.995782 17 21 100000.000000
11.183217 17 22 10000.000000
11.348790 17 1 200000.000000
11.749004 17 8 1500.000000
11.899569 17 10 1500.000000
12.197357 17 3 10000.000000
12.349379 17 10 10000.000000
12.788890 17 15 1500.000000
12.910682 17 21 3000000.000000
13.675472 17 5 1500.000000
13.841807 17 1 3000000.000000
13.899731 17 18 10000.000000
14.358895 17 2 200000.000000
14.406459 17 11 1000000.000000
14.500531 17 16 200000.000000
14.613101 17 14 2000000.000000
14.700489 17 20 1500.000000
14.929871 17 14 3000000.000000
15.278772 17 17 200000.000000
15.470310 17 3 1500.000000
15.599439 17 2 20000.000000
16.443970 17 9 3000000.000000
17.116326 17 25 200000.000000
17.745844 17 19 100000.000000
17.986436 17 9 1500.000000
18.243802 17 5 1500.000000
18.512060 17 3 1000000.000000
18.986962 17 7 1000000.000000
19.299503 17 25 1500.000000
19.376259 17 23 200000.000000
19.507612 17 1 4000000.000000
20.133657 17 2 3000000.000000
20.227776 17 26 1000000.000000
20.546937 17 21 1500.000000
20.828921 17 18 200000.000000
21.037787 17 22 200000.000000
21.081674 17 19 100000.000000
22.287230 17 10 1500.000000
22.469174 17 7 1500.000000
22.810780 17 10 1500.000000
23.244527 17 4 1500.000000
23.505235 17 4 100000.000000
23.653893 17 17 1500.000000
23.803777 17 2 1500.000000
24.278087 17 7 1500.000000
24.615369 17 19 3000000.000000
24.692796 17 14 10000.000000
25.277064 17 18 1500.000000
25.342704 17 0 100000.000000
26.056331 17 19 1500.000000
26.072160 17 25 200000.000000
26.100240 17 16 3000.000000
26.207050 17 8 1500.000000
26.812417 17 13 4000000.000000
26.916220 17 7 1000000.000000
27.639978 17 9 100000.000000
28.224304 17 16 1500.000000
28.301994 17 8 100000.000000
28.361664 17 2 10000.000000
28.874587 17 22 1500.000000
29.165931 17 14 10000.000000
29.929988 17 17 100000.000000
29.961799 17 24 100000.000000
29.968896 17 20 1500.000000
0.853803 18 26 10000.000000
0.967112 18 21 1000000.000000
1.034230 18 15 4000000.000000
1.178149 18 9 3000.000000
1.195343 18 0 1000000.000000
1.497564 18 16 200000.000000
1.499769 18 7 4000000.000000
1.844645 18 8 1500.000000
1.992991 18 16 4000000.000000
2.052769 18 19 3000000.000000
2.338074 18 21 1000000.000000
2.487989 18 0 1500.000000
2.804265 18 6 1500.000000
2.981573 18 15 100000.000000
3.419793 18 20 20000.000000
3.671057 18 6 200000.000000
3.872421 18 25 3000.000000
4.180510 18 10 1500.000000
4.361335 18 1 100000.000000
4.387668 18 15 200000.000000
4.441583 18 14 1500.000000
4.625702 18 13 1000000.000000
4.833892 18 8 200000.000000
5.219695 18 7 100000.000000
5.295930 18 6 2000000.000000
5.793647 18 16 4000000.000000
6.280635 18 18 1500.000000
6.510121 18 25 1000000.000000
7.798573 18 12 10000.000000
7.921159 18 5 1500.000000
9.511767 18 26 10000.000000
9.874449 18 13 3000000.000000
9.901720 18 2 3000000.000000
9.976091 18 26 1000000.000000
10.049964 18 5 4000000.000000
10.758820 18 25 1500.000000
10.791978 18 24 3000000.000000
10.835750 18 19 10000.000000
10.856175 18 22 10000.000000
11.463796 18 2 1500.000000
11.777136 18 3 4000000.000000
12.086223 18 18 1500.000000
12.202313 18 13 3000000.000000
12.431847 18 7 4000000.000000
13.443687 18 23 1500.000000
13.780984 18 19 1500.000000
13.935374 18 13 200000.000000
13.997305 18 24 200000.000000
14.238402 18 6 1500.000000
14.517434 18 12 4000000.000000
14.908120 18 0 2000000.000000
14.924558 18 20 1000000.000000
14.992438 18 11 1500.000000
15.091007 18 18 1500.000000
15.140607 18 0 1500.000000
15.581290 18 13 4000000.000000
15.854176 18 17 100000.000000
15.885377 18 24 3000000.000000
16.142158 18 25 1000000.000000
16.394719 18 6 1000000.000000
16.619720 18 5 20000.000000
16.982783 18 5 3000000.000000
17.493715 18 24 200000.000000
17.722128 18 23 1000000.000000
17.855503 18 14 3000000.000000
17.941049 18 15 200000.000000
18.361708 18 8 20000.000000
19.257560 18 16 3000000.000000
19.289215 18 20 200000.000000
19.460739 18 15 10000.000000
19.672060 18 17 3000.000000
20.015666 18 12 10000.000000
21.224881 18 21 100000.000000
21.949902 18 15 1500.000000
22.182702 18 2 100000.000000
22.220242 18 2 10000.000000
22.491273 18 13 100000.000000
22.583999 18 15 1500.000000
23.146358 18 25 1500.000000
23.149647 18 13 3000000.000000
23.625003 18 10 200000.000000
23.859047 18 5 10000.000000
24.080515 18 25 1500.000000
24.590723 18 16 4000000.000000
24.626795 18 2 1500.000000
24.826730 18 16 4000000.000000
25.214139 18 21 1500.000000
25.667105 18 4 200000.000000
25.690620 18 26 1500.000000
25.750184 18 12 1500.000000
26.472793 18 18 1500.000000
26.960679 18 25 1500.000000
27.120157 18 10 10000.000000
27.591386 18 14 3000000.000000
27.836738 18 14 3000000.000000
28.050131 18 9 1500.000000
28.320339 18 7 1500.000000
28.383461 18 10 1000000.000000
29.005927 18 25 3000000.000000
29.030187 18 2 100000.000000
29.280493 18 19 1500.000000
29.420503 18 24 20000.000000
29.581235 18 25 10000.000000
29.589896 18 22 100000.000000
29.596079 18 9 1500.000000
29.754116 18 4 3000000.000000
29.947825 18 21 4000000.000000
0.116599 19 20 4000000.000000
0.362612 19 4 1500.000000
0.693661 19 17 1500.000000
0.881693 19 12 100000.000000
0.898341 19 21 100000.000000
1.023019 19 3 3000.000000
1.088052 19 3 3000000.000000
1.403715 19 19 1500.000000
1.783285 19 6 1500.000000
1.942397 19 1 1500.000000
2.146264 19 2 4000000.000000
2.287642 19 4 200000.000000
2.715519 19 13 200000.000000
3.178622 19 4 3000000.000000
3.234011 19 18 200000.000000
3.483499 19 24 1500.000000
3.640454 19 23 1500.000000
3.681455 19 23 100000.000000
3.718438 19 9 200000.000000
3.898151 19 2 1500.000000
4.331404 19 6 200000.000000
4.971037 19 13 1500.000000
5.004771 19 11 4000000.000000
5.897013 19 3 100000.000000
6.117101 19 6 1500.000000
6.304881 19 20 1500.000000
6.379251 19 20 4000000.000000
6.461141 19 22 1500.000000
6.609417 19 15 1500.000000
6.635004 19 12 200000.000000
6.795834 19 19 1500.000000
7.908206 19 6 20000.000000
8.020594 19 26 100000.000000
8.042505 19 18 10000.000000
8.713001 19 4 1500.000000
8.831451 19 7 4000000.000000
8.871191 19 14 4000000.000000
9.236046 19 8 10000.000000
9.253722 19 15 200000.000000
9.297751 19 15 4000000.000000
9.824167 19 5 20000.000000
9.891701 19 9 1500.000000
9.988242 19 21 1500.000000
10.124052 19 20 1500.000000
11.413720 19 9 3000000.000000
11.814682 19 15 1500.000000
11.823629 19 8 1500.000000
12.723205 19 7 1500.000000
12.808847 19 1 1500.000000
13.049977 19 21 10000.000000
13.532521 19 8 4000000.000000
13.925398 19 5 1000000.000000
14.178150 19 0 4000000.000000
14.495340 19 21 10000.000000
14.606555 19 3 200000.000000
14.656996 19 15 1500.000000
15.667765 19 7 3000000.000000
16.042733 19 11 200000.000000
16.158939 19 7 1500.000000
16.373243 19 0 3000000.000000
17.000462 19 3 1500.000000
17.065777 19 23 1500.000000
17.081216 19 15 4000000.000000
17.347892 19 8 100000.000000
17.417069 19 7 1000000.000000
18.365082 19 0 10000.000000
18.882660 19 9 10000.000000
18.936135 19 10 1000000.000000
19.164531 19 25 3000000.000000
19.540102 19 13 100000.000000
19.641313 19 19 1500.000000
20.354637 19 15 1500.000000
20.613294 19 4 3000.000000
20.788686 19 5 1500.000000
20.829635 19 9 1500.000000
20.867222 19 17 20000.000000
21.451003 19 26 10000.000000
21.745478 19 24 1500.000000
21.853962 19 22 1500.000000
21.909081 19 8 1500.000000
22.107142 19 12 1500.000000
22.256349 19 17 2000000.000000
22.709180 19 15 1500.000000
23.160239 19 19 100000.000000
23.165275 19 10 1000000.000000
23.307272 19 3 3000000.000000
23.391814 19 13 3000000.000000
23.621133 19 6 1500.000000
24.228136 19 7 3000.000000
24.238514 19 7 1000000.000000
24.265080 19 22 1500.000000
24.275236 19 17 3000000.000000
24.338423 19 15 1500.000000
25.222148 19 24 1500.000000
25.528756 19 24 1500.000000
25.609420 19 12 3000000.000000
25.772648 19 3 1500.000000
26.061542 19 20 1500.000000
26.461050 19 8 1000000.000000
26.714761 19 9 100000.000000
27.524141 19 24 100000.000000
28.115936 19 25 1000000.000000
28.122786 19 20 4000000.000000
28.278577 19 16 200000.000000
28.336190 19 9 2000000.000000
28.425550 19 21 3000.000000
28.427984 19 9 200000.000000
29.223326 19 14 3000.000000
29.362523 19 4 1500.000000
29.364136 19 24 4000000.000000
29.576646 19 22 1500.000000
0.039051 20 17 1500.000000
0.103191 20 17 20000.000000
0.194119 20 22 3000000.000000
0.379628 20 12 3000.000000
0.467654 20 10 200000.000000
0.512563 20 22 1000000.000000
0.551616 20 8 3000000.000000
0.607576 20 17 3000.000000
0.739748 20 21 1500.000000
0.936488 20 26 1500.000000
0.949984 20 20 3000000.000000
1.002807 20 17 1000000.000000
1.662841 20 12 1500.000000
1.843766 20 24 1500.000000
2.295667 20 1 3000000.000000
2.326712 20 8 4000000.000000
2.620526 20 23 1500.000000
3.016372 20 2 4000000.000000
3.359880 20 18 1000000.000000
3.840910 20 0 1500.000000
4.219595 20 2 1500.000000
4.288755 20 26 3000000.000000
4.318927 20 1 3000.000000
4.337069 20 24 1500.000000
4.352075 20 22 4000000.000000
4.499784 20 16 10000.000000
5.067900 20 22 3000000.000000
5.479640 20 1 4000000.000000
5.676028 20 6 200000.000000
5.716013 20 5 1500.000000
5.860214 20 12 100000.000000
5.894677 20 26 4000000.000000
5.936240 20 18 1500.000000
5.990874 20 4 200000.000000
6.030549 20 20 1500.000000
6.058149 20 0 200000.000000
6.705415 20 17 200000.000000
6.770482 20 6 1500.000000
6.984007 20 22 1500.000000
7.395163 20 7 4000000.000000
7.433759 20 16 200000.000000
7.755573 20 26 3000000.000000
7.802802 20 8 1500.000000
8.052023 20 7 4000000.000000
8.279975 20 5 1500.000000
8.462725 20 22 1500.000000
8.627750 20 5 200000.000000
8.920930 20 15 3000000.000000
8.931949 20 0 1500.000000
9.705964 20 10 3000.000000
9.983781 20 13 1500.000000
10.472955 20 5 20000.000000
11.084161 20 16 100000.000000
11.474153 20 15 1500.000000
11.478945 20 19 1500.000000
11.604142 20 22 1500.000000
11.658429 20 9 200000.000000
11.869104 20 25 1500.000000
12.325146 20 11 200000.000000
12.605673 20 21 20000.000000
13.079974 20 24 200000.000000
13.641648 20 23 3000.000000
13.911219 20 15 3000000.000000
14.045533 20 14 10000.000000
14.050897 20 19 1500.000000
14.141886 20 24 10000.000000
14.507419 20 13 3000000.000000
14.940386 20 3 100000.000000
15.005021 20 2 1500.000000
15.066303 20 7 1500.000000
15.235758 20 20 1500.000000
15.416191 20 20 10000.000000
15.598295 20 24 1500.000000
15.780464 20 8 200000.000000
15.897524 20 2 1000000.000000
16.348688 20 3 4000000.000000
16.364743 20 23 3000000.000000
16.506315 20 17 3000000.000000
16.981968 20 26 1500.000000
17.005329 20 26 1500.000000
17.619084 20 7 200000.000000
17.659636 20 18 1500.000000
17.969498 20 26 1000000.000000
19.433328 20 1 3000000.000000
19.488178 20 19 1500.000000
19.514465 20 13 1500.000000
19.533917 20 0 3000.000000
19.620660 20 3 1500.000000
19.675340 20 2 1000000.000000
19.882840 20 10 2000000.000000
20.831464 20 19 100000.000000
20.984425 20 9 100000.000000
21.263865 20 12 200000.000000
21.296084 20 16 1500.000000
21.391320 20 9 1500.000000
21.484616 20 8 1000000.000000
21.878255 20 1 4000000.000000
22.125615 20 15 1000000.000000
22.792727 20 10 100000.000000
23.279037 20 19 200000.000000
23.491524 20 13 1500.000000
23.901136 20 3 1000000.000000
24.050539 20 16 1500.000000
24.070371 20 15 1500.000000
24.086474 20 23 10000.000000
24.593464 20 1 3000000.000000
24.760547 20 1 1500.000000
25.574714 20 19 100000.000000
25.790394 20 0 1000000.000000
26.348267 20 3 1500.000000
26.709842 20 13 4000000.000000
26.915896 20 4 200000.000000
27.081736 20 16 100000.000000
27.108732 20 4 200000.000000
27.332347 20 13 200000.000000
27.343109 20 18 3000000.000000
27.351321 20 6 2000000.000000
27.786786 20 2 3000.000000
27.852079 20 17 200000.000000
27.870048 20 3 1500.000000
28.491474 20 5 3000.000000
28.496461 20 17 1500.000000
28.515956 20 4 100000.000000
29.166675 20 10 4000000.000000
29.512105 20 7 100000.000000
29.538340 20 3 1500.000000
29.553836 20 14 100000.000000
29.838514 20 23 100000.000000
29.855727 20 4 10000.000000
29.904064 20 7 1500.000000
29.985949 20 13 100000.000000
0.043671 21 5 3000000.000000
0.418465 21 9 3000000.000000
0.580056 21 4 1000000.000000
0.608494 21 14 1500.000000
0.661931 21 17 1000000.000000
0.740978 21 1 1500.000000
0.969885 21 26 1000000.000000
1.789183 21 5 200000.000000
1.947239 21 26 100000.000000
2.258750 21 12 4000000.000000
2.740449 21 21 3000000.000000
2.849656 21 14 1500.000000
3.007182 21 7 1500.000000
3.189589 21 8 1500.000000
3.524617 21 24 3000.000000
3.529914 21 2 1500.000000
3.791763 21 3 4000000.000000
4.041828 21 26 1500.000000
4.260843 21 15 200000.000000
4.408359 21 20 100000.000000
4.463628 21 21 100000.000000
4.635316 21 1 1500.000000
5.445125 21 5 3000.000000
5.949864 21 8 1500.000000
6.336018 21 24 1500.000000
6.553437 21 11 1500.000000
6.630146 21 24 1500.000000
6.656136 21 14 1500.000000
6.726092 21 21 20000.000000
7.359081 21 8 1500.000000
7.619477 21 17 200000.000000
8.167080 21 9 1500.000000
8.194888 21 26 1500.000000
8.959366 21 6 1500.000000
9.187219 21 26 1000000.000000
9.955608 21 24 1500.000000
10.804444 21 10 1500.000000
10.984182 21 4 1500.000000
11.077036 21 9 10000.000000
11.704394 21 8 4000000.000000
11.716869 21 11 100000.000000
12.019070 21 3 4000000.000000
12.368781 21 6 10000.000000
12.954980 21 2 1500.000000
13.089595 21 13 1500.000000
13.108511 21 7 1500.000000
13.512220 21 9 3000000.000000
13.712963 21 1 1000000.000000
13.848097 21 14 3000.000000
14.891392 21 0 1500.000000
15.133941 21 13 1000000.000000
15.440487 21 24 4000000.000000
15.529776 21 0 20000.000000
15.558029 21 1 1500.000000
15.575920 21 18 1000000.000000
15.997020 21 21 1500.000000
16.124017 21 18 3000.000000
16.159457 21 11 4000000.000000
16.166595 21 14 1500.000000
16.683927 21 14 1000000.000000
17.031158 21 12 1500.000000
17.031780 21 8 1000000.000000
17.035870 21 11 200000.000000
17.590244 21 7 20000.000000
17.669889 21 23 10000.000000
17.701413 21 18 200000.000000
17.782874 21 20 200000.000000
18.429190 21 21 4000000.000000
18.613165 21 5 20000.000000
18.625420 21 18 100000.000000
19.025613 21 21 3000000.000000
19.146475 21 15 20000.000000
19.315806 21 25 1500.000000
19.541567 21 14 1500.000000
19.852734 21 17 10000.000000
20.847251 21 2 3000000.000000
21.166645 21 23 10000.000000
21.260104 21 1 3000.000000
21.600741 21 26 1500.000000
21.752808 21 11 200000.000000
21.830173 21 4 4000000.000000
21.861353 21 20 200000.000000
21.885330 21 6 1500.000000
22.055328 21 6 1500.000000
22.252267 21 15 3000000.000000
22.536262 21 13 1500.000000
22.757153 21 15 4000000.000000
22.849997 21 26 10000.000000
23.132915 21 5 200000.000000
23.215918 21 4 1500.000000
23.424565 21 4 1500.000000
23.732684 21 2 10000.000000
23.744119 21 7 1500.000000
23.869585 21 23 1500.000000
23.875659 21 0 1500.000000
23.954547 21 6 1000000.000000
23.983123 21 15 1000000.000000
24.063907 21 17 1000000.000000
24.090622 21 18 100000.000000
24.256837 21 22 1500.000000
24.283423 21 25 200000.000000
24.648168 21 4 200000.000000
25.050603 21 25 200000.000000
25.079269 21 5 3000000.000000
25.404088 21 22 1500.000000
25.477247 21 14 100000.000000
25.734521 21 5 3000000.000000
25.781854 21 15 1500.000000
26.249480 21 19 1500.000000
26.327386 21 23 200000.000000
26.739660 21 24 4000000.000000
26.794673 21 12 200000.000000
27.227947 21 6 3000000.000000
27.337408 21 24 10000.000000
27.441425 21 14 3000.000000
27.686398 21 20 3000.000000
27.833451 21 1 1500.000000
27.875627 21 20 1500.000000
28.291104 21 6 200000.000000
28.305212 21 3 1500.000000
28.435317 21 24 1500.000000
28.489573 21 16 1000000.000000
28.676991 21 23 1500.000000
28.831698 21 20 4000000.000000
29.220781 21 5 1500.000000
0.305407 22 24 1500.000000
0.336995 22 24 4000000.000000
0.650956 22 4 1500.000000
0.865581 22 1 1500.000000
0.894313 22 6 1000000.000000
0.896428 22 10 10000.000000
1.066574 22 6 1500.000000
1.267292 22 3 1500.000000
1.901810 22 26 20000.000000
1.961967 22 14 200000.000000
2.103226 22 16 1000000.000000
2.362380 22 25 1500.000000
2.398589 22 19 200000.000000
2.439519 22 26 4000000.000000
2.639387 22 25 4000000.000000
2.897473 22 6 1500.000000
3.170794 22 11 1500.000000
4.308902 22 21 4000000.000000
4.747257 22 12 1500.000000
5.039740 22 6 4000000.000000
5.074919 22 26 4000000.000000
5.127587 22 7 4000000.000000
5.309599 22 16 1500.000000
5.653554 22 22 3000000.000000
6.091608 22 25 1500.000000
6.417940 22 7 1500.000000
6.427678 22 10 3000000.000000
6.745783 22 8 3000.000000
7.044719 22 15 1500.000000
7.634826 22 3 1500.000000
7.722835 22 16 3000.000000
8.260108 22 14 1500.000000
8.546738 22 18 100000.000000
9.197045 22 6 1500.000000
10.816898 22 19 20000.000000
10.914817 22 26 3000000.000000
11.285783 22 7 200000.000000
11.647489 22 14 3000000.000000
11.752458 22 22 1500.000000
13.008102 22 1 1500.000000
13.236875 22 7 3000.000000
13.342591 22 23 100000.000000
13.392965 22 19 3000000.000000
13.539693 22 19 1500.000000
13.883217 22 6 3000000.000000
13.943373 22 0 1500.000000
14.058288 22 21 1500.000000
14.205779 22 2 1000000.000000
14.387061 22 12 1500.000000
14.528165 22 4 1500.000000
14.724254 22 25 1500.000000
14.857072 22 12 1000000.000000
15.100281 22 26 10000.000000
15.164713 22 18 10000.000000
15.342947 22 13 3000.000000
15.417587 22 4 1000000.000000
16.127614 22 17 200000.000000
16.344584 22 0 4000000.000000
17.502799 22 0 10000.000000
17.544975 22 23 100000.000000
17.665262 22 4 3000000.000000
18.318278 22 18 200000.000000
18.351836 22 26 3000000.000000
18.486466 22 26 100000.000000
18.795148 22 6 3000.000000
19.049629 22 16 1500.000000
19.111083 22 23 1500.000000
19.400800 22 26 3000000.000000
19.435170 22 6 200000.000000
19.728282 22 22 3000000.000000
19.739767 22 26 4000000.000000
19.805982 22 18 2000000.000000
20.041562 22 6 1500.000000
20.202464 22 15 1500.000000
20.854856 22 1 3000000.000000
20.873330 22 12 1500.000000
20.941114 22 23 4000000.000000
21.183389 22 25 200000.000000
21.576343 22 2 1000000.000000
21.865265 22 7 1000000.000000
21.972347 22 6 10000.000000
22.191689 22 3 1500.000000
22.222059 22 3 200000.000000
22.344409 22 13 1500.000000
22.401579 22 25 10000.000000
22.641392 22 6 10000.000000
22.773390 22 25 100000.000000
23.683763 22 2 10000.000000
23.689455 22 6 20000.000000
23.942863 22 26 20000.000000
23.950215 22 7 200000.000000
24.080785 22 6 100000.000000
24.242204 22 4 200000.000000
24.304276 22 16 2000000.000000
24.361948 22 18 3000000.000000
24.689855 22 5 200000.000000
24.758572 22 25 1500.000000
25.027450 22 26 1500.000000
25.362923 22 15 20000.000000
25.681002 22 15 1000000.000000
25.888453 22 26 100000.000000
25.968582 22 26 3000000.000000
26.417205 22 8 3000.000000
27.745974 22 6 1500.000000
27.996488 22 14 3000000.000000
28.325450 22 15 200000.000000
28.576187 22 6 3000.000000
29.072187 22 3 1500.000000
29.401383 22 26 10000.000000
29.690069 22 22 20000.000000
29.822554 22 5 4000000.000000
0.029391 23 3 1500.000000
0.235936 23 13 20000.000000
0.491818 23 20 100000.000000
0.645185 23 20 4000000.000000
1.201094 23 20 3000.000000
1.354087 23 18 4000000.000000
1.684275 23 11 100000.000000
1.767114 23 0 1500.000000
2.033559 23 8 1500.000000
2.036939 23 12 1500.000000
2.148249 23 13 10000.000000
2.658026 23 8 1500.000000
2.744812 23 6 1000000.000000
3.652922 23 25 4000000.000000
4.016303 23 3 4000000.000000
4.244900 23 7 1500.000000
5.088655 23 11 200000.000000
5.132313 23 25 4000000.000000
5.304544 23 1 1500.000000
6.666288 23 17 10000.000000
7.304736 23 4 10000.000000
7.744350 23 3 4000000.000000
8.521298 23 14 1500.000000
8.540299 23 22 200000.000000
8.663454 23 22 10000.000000
9.012558 23 8 3000000.000000
9.266908 23 19 200000.000000
9.378429 23 15 10000.000000
9.399592 23 13 100000.000000
9.472558 23 5 100000.000000
9.698272 23 22 3000000.000000
10.075730 23 11 1000000.000000
10.220464 23 12 1500.000000
10.335609 23 0 200000.000000
10.632772 23 5 200000.000000
10.909078 23 23 1500.000000
11.227245 23 15 4000000.000000
11.346872 23 14 1500.000000
12.274761 23 19 4000000.000000
12.425924 23 3 1500.000000
12.807521 23 10 1000000.000000
13.147121 23 2 1500.000000
13.316762 23 17 10000.000000
13.726438 23 17 1500.000000
13.869754 23 24 1000000.000000
14.193329 23 8 1500.000000
14.328551 23 2 1000000.000000
14.653015 23 15 100000.000000
14.765863 23 18 200000.000000
14.821322 23 16 1500.000000
14.868508 23 10 2000000.000000
15.002733 23 22 3000000.000000
15.141148 23 2 1500.000000
15.179339 23 6 10000.000000
15.237474 23 8 1000000.000000
15.433730 23 3 2000000.000000
15.875527 23 10 100000.000000
15.879654 23 10 10000.000000
16.066463 23 0 10000.000000
16.208014 23 19 1500.000000
16.252233 23 17 1500.000000
16.404346 23 22 1000000.000000
16.418942 23 8 1500.000000
17.460507 23 23 3000000.000000
17.613877 23 3 1500.000000
18.025049 23 12 4000000.000000
18.354620 23 3 4000000.000000
18.420379 23 18 1500.000000
18.508381 23 6 3000.000000
18.766443 23 21 200000.000000
18.788072 23 12 200000.000000
19.190390 23 12 1500.000000
19.542641 23 8 1500.000000
19.678268 23 0 1000000.000000
20.012431 23 17 10000.000000
20.097934 23 11 1500.000000
20.888946 23 8 10000.000000
20.934123 23 15 1500.000000
21.680951 23 6 3000.000000
21.851765 23 21 1500.000000
22.133672 23 18 100000.000000
22.202285 23 13 1500.000000
22.283195 23 18 200000.000000
22.378778 23 5 1500.000000
22.773028 23 22 1500.000000
22.780729 23 18 200000.000000
23.276118 23 1 10000.000000
23.521754 23 7 4000000.000000
23.640294 23 3 100000.000000
24.016743 23 23 1500.000000
24.072588 23 15 4000000.000000
24.126155 23 16 200000.000000
24.320888 23 14 4000000.000000
24.392704 23 7 10000.000000
24.990406 23 10 200000.000000
25.233961 23 20 2000000.000000
25.586658 23 12 4000000.000000
25.815709 23 12 1000000.000000
25.926312 23 15 4000000.000000
25.954221 23 6 1500.000000
26.066504 23 10 1500.000000
26.114736 23 7 1500.000000
26.272250 23 16 100000.000000
26.284391 23 10 100000.000000
26.503530 23 11 3000000.000000
26.943122 23 18 100000.000000
27.062351 23 2 1500.000000
27.110792 23 1 1500.000000
27.189537 23 18 10000.000000
27.491771 23 16 20000.000000
27.592628 23 25 20000.000000
27.647520 23 8 3000000.000000
27.653261 23 4 3000000.000000
28.369530 23 18 20000.000000
29.203896 23 15 1500.000000
29.797849 23 7 3000.000000
0.327015 24 0 1000000.000000
0.359615 24 25 1000000.000000
0.392507 24 7 3000000.000000
0.443280 24 26 10000.000000
0.450969 24 19 1500.000000
0.512265 24 6 200000.000000
1.173868 24 3 1000000.000000
1.603429 24 1 3000000.000000
1.792584 24 4 1000000.000000
1.913536 24 1 3000000.000000
2.016279 24 15 1500.000000
2.034480 24 6 1500.000000
2.181940 24 18 1500.000000
2.208462 24 5 1500.000000
2.516027 24 1 1500.000000
2.776072 24 9 1500.000000
3.017261 24 16 3000000.000000
3.167178 24 7 4000000.000000
3.230316 24 21 1500.000000
3.274708 24 3 20000.000000
3.633648 24 2 3000000.000000
3.946801 24 13 100000.000000
4.306740 24 22 1500.000000
4.417096 24 16 3000000.000000
4.424041 24 9 1500.000000
4.498642 24 7 200000.000000
5.125864 24 15 4000000.000000
5.538374 24 21 1500.000000
5.783387 24 16 1500.000000
5.857684 24 17 1500.000000
6.112535 24 1 1500.000000
6.635656 24 8 100000.000000
7.112535 24 22 1500.000000
7.162514 24 2 10000.000000
7.174773 24 11 3000000.000000
7.399169 24 8 100000.000000
7.520613 24 19 1500.000000
7.817402 24 7 10000.000000
8.039197 24 14 1500.000000
8.466433 24 3 1500.000000
8.569641 24 18 1500.000000
8.570752 24 10 1500.000000
8.974069 24 12 1500.000000
9.476398 24 6 1500.000000
9.540803 24 9 20000.000000
9.596106 24 8 200000.000000
10.258269 24 22 200000.000000
10.449068 24 16 100000.000000
11.370175 24 21 1500.000000
12.031731 24 12 1500.000000
12.105556 24 1 10000.000000
12.458459 24 23 1500.000000
13.324919 24 20 1500.000000
13.384154 24 8 200000.000000
13.557969 24 5 1500.000000
13.791638 24 19 100000.000000
15.051322 24 10 100000.000000
15.337035 24 24 200000.000000
15.470599 24 1 1500.000000
15.627608 24 2 4000000.000000
15.700669 24 0 1500.000000
15.728727 24 9 3000000.000000
15.804543 24 16 1500.000000
16.281135 24 18 3000000.000000
16.363758 24 21 20000.000000
16.565466 24 4 4000000.000000
16.722692 24 13 200000.000000
16.949552 24 15 4000000.000000
16.978915 24 20 20000.000000
17.577439 24 2 1500.000000
17.711923 24 12 10000.000000
17.877931 24 26 200000.000000
18.042096 24 18 3000.000000
18.075482 24 23 200000.000000
19.109205 24 0 1500.000000
19.123274 24 2 4000000.000000
19.523672 24 25 200000.000000
19.619552 24 0 3000000.000000
19.933954 24 25 2000000.000000
20.638860 24 14 20000.000000
20.738035 24 12 2000000.000000
20.800409 24 3 1500.000000
21.512522 24 8 1000000.000000
21.613576 24 10 1500.000000
21.869471 24 20 3000.000000
22.047233 24 15 1500.000000
22.115989 24 12 1000000.000000
22.160874 24 17 1500.000000
22.293207 24 0 3000000.000000
22.886605 24 12 1500.000000
23.224146 24 17 1500.000000
23.984360 24 16 20000.000000
24.097933 24 15 3000000.000000
24.459916 24 8 1000000.000000
24.744833 24 9 1500.000000
24.848026 24 22 4000000.000000
24.943324 24 20 1000000.000000
25.228327 24 24 3000000.000000
25.286646 24 7 3000.000000
26.225950 24 8 2000000.000000
26.228299 24 9 1500.000000
26.557624 24 22 1500.000000
27.097902 24 16 200000.000000
27.225737 24 3 1500.000000
27.808171 24 20 1500.000000
27.814708 24 17 200000.000000
27.997095 24 20 100000.000000
28.041051 24 15 1500.000000
28.597603 24 13 100000.000000
29.008339 24 11 1500.000000
29.030124 24 8 1500.000000
29.369895 24 21 200000.000000
29.473465 24 22 1500.000000
0.163043 25 8 4000000.000000
0.481848 25 26 1500.000000
0.771595 25 18 3000000.000000
0.887826 25 17 20000.000000
0.961488 25 23 3000.000000
1.424034 25 21 3000000.000000
1.614962 25 13 2000000.000000
1.837528 25 21 100000.000000
2.005442 25 25 200000.000000
2.419187 25 15 1500.000000
2.728494 25 11 200000.000000
3.054515 25 25 1500.000000
3.883533 25 12 4000000.000000
3.916567 25 8 1000000.000000
4.430412 25 24 3000.000000
4.528654 25 25 1500.000000
4.805956 25 21 1500.000000
5.058372 25 10 1500.000000
5.242406 25 26 1500.000000
5.602119 25 4 1500.000000
5.916641 25 13 3000000.000000
6.276219 25 16 1500.000000
6.526632 25 13 10000.000000
6.654492 25 18 200000.000000
6.917912 25 13 100000.000000
7.378271 25 2 3000000.000000
7.398081 25 24 100000.000000
7.425973 25 26 3000.000000
7.851730 25 23 200000.000000
8.127707 25 5 200000.000000
8.145333 25 26 1500.000000
8.245155 25 4 10000.000000
8.310934 25 21 200000.000000
8.722833 25 21 100000.000000
9.010326 25 21 3000.000000
9.029963 25 21 1500.000000
9.283051 25 13 100000.000000
9.465959 25 22 20000.000000
9.609419 25 10 1500.000000
9.859917 25 15 1500.000000
10.214911 25 9 100000.000000
10.256677 25 10 3000000.000000
10.332171 25 7 1500.000000
10.338348 25 22 1000000.000000
10.610625 25 5 3000.000000
11.340186 25 2 4000000.000000
11.899493 25 20 200000.000000
12.146955 25 24 200000.000000
12.480183 25 11 100000.000000
12.588755 25 13 1500.000000
12.630804 25 7 100000.000000
12.734851 25 1 1500.000000
12.742871 25 22 1000000.000000
12.845382 25 9 1500.000000
13.045905 25 25 4000000.000000
13.202404 25 2 1500.000000
13.347469 25 20 4000000.000000
13.435982 25 9 1500.000000
13.708183 25 11 1500.000000
14.145646 25 8 1500.000000
14.213065 25 4 4000000.000000
15.223035 25 10 200000.000000
15.425153 25 18 4000000.000000
15.827232 25 17 20000.000000
15.917838 25 15 3000000.000000
16.109094 25 12 20000.000000
16.265808 25 15 200000.000000
16.627302 25 5 1500.000000
17.563436 25 25 10000.000000
17.933574 25 5 1000000.000000
18.419389 25 0 1500.000000
18.621016 25 25 4000000.000000
18.809334 25 8 1500.000000
18.877092 25 9 1500.000000
19.132419 25 0 1500.000000
19.219639 25 25 1500.000000
19.336399 25 2 2000000.000000
19.476494 25 7 20000.000000
19.941954 25 4 1500.000000
20.021286 25 16 3000000.000000
20.695106 25 5 1000000.000000
20.981188 25 20 1500.000000
21.024031 25 3 1500.000000
21.169148 25 20 1500.000000
21.207723 25 1 2000000.000000
21.582425 25 18 100000.000000
21.819158 25 21 10000.000000
21.848313 25 11 3000000.000000
22.115390 25 2 1000000.000000
22.276419 25 0 1500.000000
22.801372 25 1 100000.000000
23.175358 25 24 4000000.000000
23.244727 25 22 200000.000000
23.370565 25 17 1500.000000
23.466985 25 7 10000.000000
24.250015 25 24 200000.000000
24.419627 25 23 4000000.000000
24.475986 25 22 200000.000000
24.632655 25 5 4000000.000000
24.673418 25 21 200000.000000
24.849078 25 18 1500.000000
24.896210 25 25 3000.000000
25.139072 25 7 1500.000000
25.254099 25 19 1000000.000000
25.464011 25 8 1500.000000
26.055572 25 2 100000.000000
26.323470 25 6 1500.000000
26.670378 25 6 100000.000000
27.028210 25 8 4000000.000000
27.075722 25 22 4000000.000000
27.200779 25 18 4000000.000000
27.319959 25 17 1500.000000
27.350555 25 15 100000.000000
27.494910 25 18 4000000.000000
27.718251 25 21 1500.000000
28.557738 25 17 3000000.000000
28.599689 25 14 1500.000000
29.285258 25 2 3000000.000000
29.518205 25 2 3000.000000
0.095674 26 20 3000000.000000
0.329787 26 3 200000.000000
0.500721 26 25 1500.000000
0.762134 26 10 3000000.000000
1.446190 26 5 4000000.000000
1.540476 26 17 200000.000000
1.552776 26 12 200000.000000
1.632252 26 8 1500.000000
1.828976 26 1 4000000.000000
2.005526 26 8 1500.000000
2.578119 26 7 1500.000000
2.679618 26 10 100000.000000
2.789347 26 3 1500.000000
3.077345 26 1 1500.000000
3.241004 26 8 1500.000000
3.521323 26 16 200000.000000
3.564637 26 3 1500.000000
4.142033 26 13 1500.000000
4.322219 26 17 100000.000000
4.812830 26 23 200000.000000
4.834866 26 20 1500.000000
4.852131 26 11 10000.000000
4.978025 26 11 1500.000000
5.257459 26 24 1500.000000
5.768142 26 6 1500.000000
5.862246 26 0 1500.000000
5.863917 26 24 1500.000000
5.922796 26 10 1000000.000000
6.075096 26 13 100000.000000
6.258841 26 22 1000000.000000
6.682971 26 3 100000.000000
6.714667 26 0 1500.000000
7.140814 26 19 1500.000000
7.454674 26 25 1500.000000
7.537119 26 15 200000.000000
7.756282 26 21 10000.000000
7.815680 26 7 1500.000000
7.852631 26 3 4000000.000000
8.406763 26 15 3000.000000
8.477075 26 26 1000000.000000
8.562546 26 12 1500.000000
8.700862 26 23 1500.000000
9.046573 26 14 1000000.000000
9.079066 26 15 3000000.000000
9.213962 26 22 20000.000000
9.295535 26 26 4000000.000000
9.562753 26 0 10000.000000
9.625949 26 21 1500.000000
9.827733 26 2 100000.000000
9.842277 26 19 1500.000000
9.957584 26 13 1500.000000
10.204091 26 15 20000.000000
10.379929 26 8 10000.000000
10.709916 26 18 1500.000000
10.823964 26 13 3000000.000000
11.092646 26 6 3000000.000000
11.596386 26 5 1500.000000
11.698116 26 13 1500.000000
12.249665 26 13 1500.000000
12.285214 26 20 1000000.000000
12.370514 26 17 200000.000000
12.594178 26 12 1500.000000
13.082127 26 8 1000000.000000
13.101444 26 16 1500.000000
13.361984 26 26 10000.000000
13.419142 26 6 1500.000000
13.774575 26 26 10000.000000
14.105193 26 11 1500.000000
14.112415 26 7 4000000.000000
14.477700 26 9 1000000.000000
14.661636 26 8 1500.000000
15.886791 26 8 3000000.000000
15.971677 26 7 200000.000000
16.468337 26 6 2000000.000000
16.743265 26 11 200000.000000
16.786419 26 7 4000000.000000
17.158961 26 23 1000000.000000
17.507286 26 14 3000000.000000
17.622887 26 15 1500.000000
17.874392 26 21 3000.000000
18.814539 26 16 1500.000000
19.376578 26 4 1500.000000
19.764393 26 16 20000.000000
20.034510 26 1 10000.000000
20.449916 26 7 1500.000000
20.585873 26 16 2000000.000000
21.134957 26 16 1000000.000000
21.348595 26 18 100000.000000
21.351748 26 7 1500.000000
21.398509 26 11 3000000.000000
21.788441 26 1 10000.000000
22.623708 26 15 3000000.000000
22.712896 26 0 4000000.000000
22.808762 26 8 2000000.000000
24.334145 26 5 3000.000000
25.400630 26 18 2000000.000000
26.017767 26 23 200000.000000
26.213724 26 14 1500.000000
26.313028 26 1 3000.000000
26.350940 26 8 1500.000000
26.501006 26 16 1500.000000
26.578416 26 2 1500.000000
26.636474 26 0 100000.000000
26.839628 26 6 1500.000000
27.203022 26 23 200000.000000
27.236670 26 5 4000000.000000
27.362679 26 26 4000000.000000
27.599872 26 1 3000.000000
27.687036 26 11 4000000.000000
28.143317 26 4 1500.000000
28.297813 26 5 3000.000000
28.355151 26 15 3000000.000000
28.382981 26 7 4000000.000000
28.949325 26 14 200000.000000
29.341719 26 7 3000000.000000
29.857383 26 22 4000000.000000
