0.425909 0 17 1500.000000
1.108513 0 9 1500.000000
1.917838 0 10 1500.000000
2.065125 0 6 1500.000000
2.094771 0 4 1500.000000
2.189801 0 23 3000000.000000
2.228530 0 9 3000000.000000
2.395568 0 21 3000000.000000
2.505377 0 24 1500.000000
2.900983 0 1 1500.000000
3.324564 0 11 200000.000000
3.807066 0 12 1500.000000
3.834746 0 12 1500.000000
4.348086 0 23 100000.000000
4.650040 0 7 200000.000000
4.730067 0 10 20000.000000
5.346666 0 1 1500.000000
5.372317 0 1 1500.000000
5.479517 0 11 1000000.000000
5.678725 0 21 100000.000000
5.805262 0 2 1000000.000000
5.894661 0 14 10000.000000
5.926237 0 12 200000.000000
5.944951 0 23 1500.000000
6.198541 0 11 1500.000000
6.289279 0 11 4000000.000000
6.755506 0 22 1500.000000
7.160722 0 10 100000.000000
7.174482 0 8 1500.000000
7.679283 0 20 1500.000000
7.970318 0 26 1500.000000
8.065509 0 18 100000.000000
8.141676 0 12 200000.000000
8.394759 0 1 1500.000000
8.469163 0 21 4000000.000000
8.888799 0 0 20000.000000
9.027418 0 19 100000.000000
9.300627 0 8 3000000.000000
9.336243 0 0 200000.000000
9.375637 0 19 100000.000000
9.421877 0 8 1500.000000
9.540468 0 13 1500.000000
9.612528 0 5 100000.000000
9.963357 0 15 1500.000000
9.976689 0 7 1500.000000
10.736077 0 6 1000000.000000
10.766532 0 12 1500.000000
11.591983 0 12 1500.000000
12.592800 0 22 1500.000000
12.829519 0 25 3000000.000000
13.498503 0 26 1500.000000
14.066713 0 2 100000.000000
14.198967 0 2 1500.000000
14.698046 0 0 1500.000000
15.130900 0 20 1500.000000
15.648713 0 20 1500.000000
15.843582 0 1 1500.000000
15.881223 0 9 1500.000000
15.886039 0 18 1500.000000
16.103671 0 24 4000000.000000
16.786313 0 7 1500.000000
16.872715 0 9 20000.000000
17.827110 0 17 100000.000000
18.431260 0 11 1500.000000
18.453581 0 14 1500.000000
18.757190 0 7 1500.000000
19.322721 0 24 10000.000000
19.392442 0 9 1500.000000
19.552670 0 9 100000.000000
19.567754 0 8 1500.000000
19.730494 0 23 1500.000000
20.567594 0 9 1000000.000000
20.781433 0 23 2000000.000000
20.867327 0 8 4000000.000000
20.995525 0 5 100000.000000
21.174910 0 17 1500.000000
21.217192 0 8 1500.000000
21.235548 0 26 4000000.000000
21.462058 0 26 10000.000000
21.696699 0 17 200000.000000
22.065913 0 19 1500.000000
22.117331 0 15 200000.000000
22.279492 0 23 4000000.000000
22.539741 0 6 1000000.000000
23.049854 0 1 3000.000000
24.132663 0 12 1500.000000
24.146574 0 4 3000000.000000
24.306055 0 10 1000000.000000
25.137985 0 18 10000.000000
25.407714 0 3 100000.000000
25.668480 0 12 1000000.000000
26.266937 0 14 3000000.000000
26.287928 0 8 3000.000000
26.439928 0 24 1500.000000
26.471327 0 23 3000.000000
26.718129 0 10 3000000.000000
26.766093 0 17 1500.000000
27.088635 0 10 10000.000000
27.525864 0 1 4000000.000000
28.005059 0 23 1500.000000
28.047185 0 8 200000.000000
28.084566 0 15 10000.000000
28.468738 0 8 1500.000000
28.507606 0 17 1000000.000000
28.616096 0 5 100000.000000
29.017421 0 22 200000.000000
29.257706 0 18 1500.000000
29.722078 0 16 1000000.000000
29.789760 0 11 3000.000000
0.768125 1 13 1000000.000000
1.040866 1 6 10000.000000
1.067163 1 17 1000000.000000
1.175467 1 0 200000.000000
1.215654 1 25 3000000.000000
1.257699 1 22 3000000.000000
1.447420 1 20 4000000.000000
1.525008 1 7 1500.000000
1.743517 1 10 4000000.000000
2.252487 1 23 1500.000000
2.311215 1 3 200000.000000
2.759036 1 26 1500.000000
3.099474 1 24 1500.000000
3.299812 1 13 10000.000000
3.387082 1 22 3000.000000
4.051466 1 16 1500.000000
4.643909 1 21 1500.000000
4.685373 1 10 1500.000000
5.386322 1 7 20000.000000
6.005234 1 1 1500.000000
6.009684 1 1 1500.000000
6.595114 1 4 1500.000000
6.647947 1 4 1500.000000
7.111041 1 20 1500.000000
7.615134 1 16 1500.000000
7.680800 1 20 4000000.000000
8.184080 1 23 1500.000000
8.321734 1 7 1000000.000000
8.901069 1 25 4000000.000000
9.494372 1 12 100000.000000
10.083801 1 19 100000.000000
10.108295 1 7 1500.000000
10.124710 1 1 200000.000000
10.473276 1 3 100000.000000
11.012044 1 17 200000.000000
11.258871 1 18 20000.000000
11.455276 1 5 4000000.000000
11.843094 1 13 1500.000000
11.961747 1 23 20000.000000
12.128740 1 2 20000.000000
12.769627 1 1 3000000.000000
12.890115 1 4 1500.000000
12.938285 1 3 10000.000000
13.061962 1 23 1500.000000
13.214071 1 22 10000.000000
13.229681 1 16 3000000.000000
13.745529 1 15 1500.000000
14.358250 1 5 200000.000000
14.946019 1 3 1500.000000
15.010098 1 3 1500.000000
15.205182 1 17 3000000.000000
15.616544 1 12 10000.000000
15.835139 1 17 4000000.000000
15.895126 1 21 10000.000000
15.924274 1 10 20000.000000
16.198974 1 14 200000.000000
16.345595 1 23 3000000.000000
16.425982 1 13 100000.000000
16.468344 1 20 3000.000000
16.487546 1 5 1000000.000000
16.623044 1 24 1000000.000000
16.808684 1 18 1500.000000
17.147501 1 19 4000000.000000
17.407979 1 7 3000.000000
17.581141 1 10 1500.000000
17.841168 1 5 3000000.000000
18.720776 1 6 200000.000000
19.409453 1 12 1500.000000
20.231502 1 4 4000000.000000
20.274997 1 15 100000.000000
20.455976 1 7 200000.000000
20.994650 1 3 1500.000000
21.005763 1 21 3000000.000000
21.678829 1 18 3000000.000000
22.563627 1 16 200000.000000
22.654387 1 7 1500.000000
23.139337 1 7 200000.000000
23.217018 1 14 3000000.000000
23.264568 1 0 4000000.000000
23.299828 1 11 1500.000000
23.644960 1 22 1500.000000
23.709583 1 26 1500.000000
24.936088 1 22 10000.000000
25.500764 1 2 4000000.000000
25.581532 1 22 1500.000000
26.005661 1 8 2000000.000000
26.369464 1 20 1000000.000000
26.394728 1 10 4000000.000000
27.071835 1 6 4000000.000000
27.356421 1 23 3000000.000000
27.874332 1 14 20000.000000
27.943202 1 24 1500.000000
28.098464 1 18 4000000.000000
28.994681 1 10 3000000.000000
29.410235 1 12 3000000.000000
0.220417 2 17 10000.000000
0.276203 2 15 1000000.000000
0.427235 2 13 100000.000000
0.681763 2 6 1500.000000
0.797298 2 14 100000.000000
0.979788 2 6 1500.000000
1.353140 2 20 20000.000000
1.373815 2 12 1500.000000
2.239521 2 7 4000000.000000
2.346065 2 21 1500.000000
2.474284 2 3 1000000.000000
2.732797 2 7 3000.000000
2.756199 2 18 10000.000000
3.052325 2 6 3000000.000000
3.107837 2 5 1500.000000
3.262228 2 0 4000000.000000
3.278445 2 3 3000.000000
3.415491 2 16 1000000.000000
3.475896 2 14 10000.000000
3.664840 2 5 1500.000000
3.770652 2 24 3000.000000
4.489461 2 2 4000000.000000
5.034499 2 4 1500.000000
5.288144 2 25 1500.000000
5.815950 2 22 1500.000000
5.852870 2 4 3000000.000000
6.892422 2 0 3000000.000000
6.982519 2 3 200000.000000
6.989014 2 25 100000.000000
7.424636 2 9 1500.000000
7.707159 2 17 3000000.000000
7.718093 2 3 3000000.000000
7.850316 2 14 3000000.000000
8.135991 2 26 200000.000000
9.115232 2 4 2000000.000000
9.237901 2 9 1500.000000
9.369228 2 9 3000.000000
9.488999 2 23 1500.000000
9.859410 2 15 1000000.000000
9.866363 2 14 10000.000000
9.885627 2 14 1500.000000
9.963876 2 24 1500.000000
10.114514 2 18 1500.000000
10.236146 2 11 3000000.000000
10.702088 2 26 3000000.000000
10.776190 2 24 3000000.000000
11.526543 2 9 200000.000000
11.660004 2 16 1500.000000
11.700312 2 24 3000000.000000
11.764899 2 14 1000000.000000
11.879284 2 25 10000.000000
12.681234 2 18 1500.000000
12.721790 2 24 2000000.000000
13.083106 2 21 1500.000000
13.539799 2 14 4000000.000000
13.736775 2 11 3000000.000000
13.880762 2 15 100000.000000
14.013751 2 20 100000.000000
14.722974 2 13 3000000.000000
14.922657 2 11 1000000.000000
15.114276 2 20 1500.000000
15.637739 2 8 100000.000000
15.689892 2 13 3000000.000000
15.883160 2 14 200000.000000
16.061468 2 17 1500.000000
16.215469 2 1 1500.000000
16.250844 2 14 100000.000000
16.429517 2 12 100000.000000
16.435833 2 12 1500.000000
16.613665 2 12 10000.000000
16.728812 2 19 100000.000000
17.003255 2 16 1000000.000000
17.035048 2 9 3000000.000000
17.111896 2 2 1500.000000
17.693837 2 19 1500.000000
17.773545 2 14 20000.000000
17.780618 2 26 200000.000000
17.806532 2 19 100000.000000
18.014771 2 24 100000.000000
18.084826 2 0 1000000.000000
18.274979 2 25 200000.000000
18.285129 2 8 100000.000000
18.328869 2 10 3000000.000000
18.339306 2 13 1500.000000
19.323758 2 15 4000000.000000
19.359374 2 10 200000.000000
20.529517 2 11 1500.000000
21.328118 2 19 100000.000000
23.217639 2 13 1000000.000000
23.521194 2 5 3000.000000
23.719619 2 12 1500.000000
24.516561 2 23 10000.000000
24.524510 2 19 4000000.000000
24.548668 2 17 4000000.000000
25.790128 2 23 1500.000000
26.044742 2 9 3000.000000
26.171764 2 19 1500.000000
26.179670 2 22 1000000.000000
26.383415 2 26 1500.000000
26.787021 2 2 1500.000000
26.844420 2 12 2000000.000000
27.122038 2 26 200000.000000
27.155114 2 16 1500.000000
27.209092 2 5 1500.000000
27.900133 2 1 200000.000000
28.341433 2 24 100000.000000
28.411172 2 8 200000.000000
29.099373 2 2 1500.000000
29.100598 2 10 100000.000000
29.323729 2 22 100000.000000
29.893552 2 9 100000.000000
0.061082 3 5 1500.000000
0.120649 3 26 10000.000000
0.220928 3 24 1500.000000
0.409245 3 14 1500.000000
0.481924 3 1 1500.000000
0.792601 3 16 100000.000000
1.729543 3 11 1500.000000
2.715755 3 7 1000000.000000
2.745411 3 8 1000000.000000
3.211380 3 5 2000000.000000
3.274929 3 26 1000000.000000
3.707125 3 26 1500.000000
3.726229 3 20 100000.000000
4.410231 3 9 3000000.000000
4.572555 3 20 200000.000000
4.584345 3 25 1500.000000
4.626430 3 14 1000000.000000
4.944818 3 4 4000000.000000
5.815354 3 12 200000.000000
5.978207 3 0 1500.000000
6.055256 3 6 3000.000000
6.287726 3 19 1500.000000
6.558937 3 11 3000000.000000
7.378414 3 11 200000.000000
7.383077 3 13 1500.000000
8.107909 3 14 10000.000000
8.236754 3 9 10000.000000
8.600910 3 3 1000000.000000
8.650211 3 1 200000.000000
8.881045 3 6 200000.000000
9.085018 3 9 20000.000000
9.459980 3 9 1500.000000
9.520180 3 7 10000.000000
10.064072 3 25 1500.000000
10.117108 3 20 20000.000000
11.086101 3 10 10000.000000
11.472293 3 20 1500.000000
11.954583 3 21 20000.000000
12.344278 3 7 1000000.000000
12.465458 3 24 3000000.000000
12.611569 3 11 1500.000000
13.084150 3 10 1500.000000
13.299572 3 14 20000.000000
14.666944 3 11 1500.000000
14.722788 3 4 100000.000000
15.180893 3 14 3000000.000000
15.727554 3 0 1000000.000000
15.753249 3 15 3000000.000000
15.978019 3 25 3000000.000000
16.169131 3 15 1000000.000000
16.281002 3 17 1500.000000
16.662615 3 22 1000000.000000
17.489145 3 17 4000000.000000
17.533370 3 4 200000.000000
17.616040 3 22 3000000.000000
17.807673 3 6 1500.000000
17.844653 3 2 1500.000000
18.431389 3 0 1500.000000
19.188050 3 8 4000000.000000
19.341086 3 9 3000000.000000
20.160802 3 18 2000000.000000
20.611727 3 4 1500.000000
21.213922 3 9 10000.000000
21.439864 3 15 200000.000000
21.655407 3 22 4000000.000000
21.703618 3 15 1500.000000
21.803467 3 19 1500.000000
22.715566 3 0 1500.000000
23.011621 3 16 1500.000000
23.347797 3 23 200000.000000
23.651961 3 23 3000.000000
24.145336 3 7 1000000.000000
24.295627 3 24 10000.000000
24.399675 3 20 4000000.000000
24.455501 3 23 4000000.000000
24.658423 3 7 4000000.000000
25.044453 3 15 1500.000000
25.126810 3 12 1000000.000000
25.616971 3 20 100000.000000
26.923400 3 22 3000000.000000
26.992002 3 9 3000000.000000
27.386747 3 5 1500.000000
27.539850 3 26 1500.000000
28.018102 3 16 4000000.000000
28.391481 3 26 1500.000000
28.467627 3 16 100000.000000
28.636063 3 19 1500.000000
28.692546 3 26 1500.000000
28.739471 3 8 1500.000000
28.836801 3 1 100000.000000
29.023423 3 10 3000000.000000
29.945471 3 9 20000.000000
0.611797 4 9 1500.000000
0.619649 4 2 4000000.000000
0.660492 4 15 1500.000000
0.885413 4 22 1000000.000000
1.614160 4 12 10000.000000
1.976829 4 4 20000.000000
2.060517 4 10 1500.000000
2.205755 4 6 20000.000000
2.898169 4 21 1500.000000
3.048988 4 10 3000000.000000
3.264195 4 24 3000.000000
3.477155 4 20 10000.000000
3.939068 4 17 1500.000000
4.245233 4 26 1500.000000
5.678315 4 18 100000.000000
5.947332 4 5 1500.000000
6.711682 4 7 1000000.000000
6.940491 4 7 3000000.000000
7.822225 4 9 1500.000000
8.753669 4 10 3000000.000000
8.940676 4 18 100000.000000
9.171754 4 11 100000.000000
9.718569 4 24 3000000.000000
11.336407 4 17 1500.000000
11.557348 4 2 1500.000000
11.787714 4 5 1500.000000
12.199729 4 26 10000.000000
12.368821 4 4 1000000.000000
12.454985 4 24 1000000.000000
12.775056 4 22 4000000.000000
12.920984 4 17 1000000.000000
13.000837 4 21 20000.000000
13.243955 4 12 1500.000000
13.391030 4 26 1500.000000
13.488114 4 9 4000000.000000
13.650366 4 5 1000000.000000
14.008857 4 12 100000.000000
14.394581 4 8 1500.000000
14.409933 4 7 3000.000000
14.420024 4 17 4000000.000000
14.492029 4 14 1000000.000000
14.721755 4 24 100000.000000
14.749756 4 26 1500.000000
14.772305 4 8 1000000.000000
14.974946 4 10 1500.000000
15.640892 4 1 1500.000000
15.719704 4 9 100000.000000
16.198864 4 15 2000000.000000
16.505418 4 3 1500.000000
16.608965 4 5 3000.000000
16.713963 4 12 4000000.000000
16.769131 4 2 200000.000000
16.806399 4 15 4000000.000000
17.021640 4 12 20000.000000
17.125782 4 24 1500.000000
17.529968 4 9 3000000.000000
17.790385 4 13 3000000.000000
17.830929 4 3 3000.000000
18.835917 4 24 200000.000000
18.859736 4 25 4000000.000000
19.766591 4 4 3000.000000
20.276752 4 24 200000.000000
20.357300 4 0 4000000.000000
20.853426 4 23 1500.000000
20.872644 4 4 1500.000000
21.397082 4 5 200000.000000
21.462755 4 16 200000.000000
21.558508 4 8 1500.000000
21.778952 4 23 1500.000000
22.257612 4 5 20000.000000
22.669318 4 11 1500.000000
23.011487 4 10 1000000.000000
23.036963 4 26 1500.000000
23.140010 4 10 20000.000000
23.980392 4 14 1500.000000
24.141216 4 20 1000000.000000
24.163321 4 23 1500.000000
24.439574 4 9 200000.000000
25.357207 4 8 3000000.000000
25.442139 4 5 1000000.000000
25.509091 4 12 10000.000000
25.989755 4 7 100000.000000
26.004871 4 23 1500.000000
26.090868 4 23 3000000.000000
26.203338 4 24 200000.000000
26.335331 4 6 1500.000000
26.729934 4 21 1500.000000
27.632702 4 5 1000000.000000
28.133778 4 9 200000.000000
28.308985 4 6 20000.000000
29.000041 4 1 1000000.000000
29.064950 4 20 1500.000000
29.094218 4 22 200000.000000
29.317062 4 0 200000.000000
29.411125 4 24 1500.000000
29.412690 4 20 100000.000000
29.451389 4 5 3000000.000000
0.103268 5 1 3000000.000000
0.359157 5 4 1500.000000
0.361337 5 25 1000000.000000
0.424556 5 19 1500.000000
0.613403 5 9 1000000.000000
0.756713 5 10 100000.000000
0.844250 5 13 1000000.000000
1.673753 5 8 1500.000000
1.926401 5 5 3000000.000000
2.267395 5 24 1500.000000
2.375949 5 13 200000.000000
2.878666 5 5 20000.000000
2.964061 5 0 3000000.000000
3.062039 5 23 1500.000000
3.228125 5 18 100000.000000
3.488282 5 26 1500.000000
3.964924 5 18 1500.000000
4.046246 5 10 1500.000000
4.468965 5 5 1500.000000
5.126298 5 10 10000.000000
5.214542 5 21 10000.000000
5.242611 5 7 1500.000000
5.362066 5 13 1500.000000
5.608645 5 16 4000000.000000
5.621965 5 4 1500.000000
6.402055 5 21 1500.000000
6.512214 5 10 1500.000000
6.696753 5 8 100000.000000
6.760746 5 7 1500.000000
6.792834 5 24 1500.000000
7.037032 5 22 1000000.000000
7.626100 5 11 1500.000000
8.443471 5 0 20000.000000
9.473680 5 19 3000.000000
9.634469 5 13 3000.000000
10.039416 5 24 4000000.000000
10.173955 5 22 3000000.000000
10.329462 5 15 100000.000000
10.959381 5 10 1500.000000
11.027829 5 20 10000.000000
11.989376 5 22 100000.000000
11.995354 5 20 200000.000000
12.438443 5 19 4000000.000000
12.819300 5 9 3000.000000
12.847162 5 10 1500.000000
12.935751 5 3 200000.000000
14.283813 5 3 1500.000000
14.436123 5 8 1500.000000
14.462653 5 25 4000000.000000
14.698589 5 13 3000.000000
14.751079 5 2 20000.000000
14.764586 5 18 200000.000000
14.944682 5 4 4000000.000000
15.867694 5 11 100000.000000
16.149839 5 4 1500.000000
16.981516 5 17 100000.000000
17.721271 5 8 1000000.000000
17.914964 5 25 1500.000000
18.058159 5 5 100000.000000
18.135547 5 4 3000000.000000
18.294222 5 3 10000.000000
18.508426 5 10 10000.000000
18.561002 5 0 1500.000000
18.663299 5 14 1500.000000
18.801779 5 18 3000000.000000
19.294419 5 25 1500.000000
19.970341 5 15 3000000.000000
20.144794 5 23 1000000.000000
20.247613 5 17 200000.000000
20.461983 5 23 4000000.000000
20.678199 5 16 4000000.000000
21.317767 5 10 200000.000000
21.517467 5 2 3000000.000000
21.518492 5 2 10000.000000
21.570477 5 21 200000.000000
21.682533 5 13 1500.000000
21.707493 5 19 3000000.000000
22.051556 5 8 1500.000000
22.109155 5 4 1000000.000000
22.225601 5 6 10000.000000
22.654424 5 0 200000.000000
23.114636 5 5 1500.000000
23.218552 5 10 1500.000000
23.376090 5 8 2000000.000000
23.798574 5 13 1500.000000
23.938488 5 10 100000.000000
24.043070 5 24 3000.000000
24.090371 5 5 1500.000000
24.355476 5 7 3000.000000
25.193881 5 12 1500.000000
25.910683 5 19 10000.000000
26.744068 5 25 1500.000000
27.208842 5 0 1000000.000000
27.383311 5 20 3000.000000
27.472523 5 17 1500.000000
27.578912 5 15 100000.000000
27.775611 5 20 100000.000000
28.451637 5 21 1000000.000000
28.615899 5 15 3000000.000000
28.772038 5 8 1500.000000
29.201378 5 24 3000000.000000
29.469645 5 9 1500.000000
0.014174 6 17 4000000.000000
0.633190 6 25 100000.000000
0.664195 6 10 20000.000000
0.786717 6 14 3000.000000
1.036814 6 14 1500.000000
1.075973 6 4 1000000.000000
1.449440 6 23 3000.000000
1.813498 6 7 1000000.000000
1.976210 6 2 100000.000000
2.129834 6 8 200000.000000
2.260375 6 21 4000000.000000
2.270961 6 20 1500.000000
2.591753 6 6 10000.000000
3.661218 6 0 1500.000000
3.804533 6 26 200000.000000
3.950049 6 2 1500.000000
4.171087 6 12 200000.000000
4.249097 6 19 10000.000000
4.770060 6 0 10000.000000
5.379233 6 4 1500.000000
5.485064 6 8 4000000.000000
5.527691 6 18 1500.000000
5.739591 6 10 100000.000000
6.050266 6 7 1000000.000000
6.181902 6 0 1500.000000
7.595264 6 14 1500.000000
8.102745 6 7 3000000.000000
8.163518 6 20 10000.000000
8.587235 6 25 100000.000000
8.722706 6 21 1500.000000
9.037505 6 8 1500.000000
9.040383 6 19 1500.000000
9.591425 6 13 10000.000000
9.729432 6 22 4000000.000000
9.876285 6 17 20000.000000
10.149111 6 6 3000000.000000
10.336254 6 12 4000000.000000
10.540301 6 19 1000000.000000
11.405646 6 13 100000.000000
11.466749 6 24 20000.000000
11.851268 6 19 4000000.000000
12.100597 6 23 20000.000000
12.142370 6 19 1500.000000
12.276408 6 18 100000.000000
13.753464 6 5 200000.000000
14.982756 6 20 20000.000000
15.576713 6 14 4000000.000000
15.952845 6 23 100000.000000
16.968234 6 12 4000000.000000
17.368304 6 19 1000000.000000
17.500131 6 22 1500.000000
17.932032 6 17 3000000.000000
18.320831 6 12 1500.000000
18.343284 6 3 20000.000000
18.386704 6 2 100000.000000
18.394355 6 0 100000.000000
18.513464 6 1 100000.000000
19.001109 6 26 3000000.000000
19.089194 6 8 1500.000000
20.287673 6 15 200000.000000
20.919965 6 20 1000000.000000
21.143432 6 15 100000.000000
21.248373 6 9 3000.000000
21.256484 6 24 200000.000000
21.656672 6 8 1500.000000
22.207644 6 13 1500.000000
22.632963 6 19 100000.000000
22.809542 6 0 1500.000000
22.861122 6 17 1500.000000
23.625676 6 19 100000.000000
24.561835 6 20 1500.000000
25.089920 6 18 3000.000000
25.733177 6 11 200000.000000
25.772449 6 3 1000000.000000
25.912243 6 25 1500.000000
25.975017 6 21 10000.000000
26.627324 6 5 100000.000000
26.641895 6 3 1500.000000
26.848189 6 10 1500.000000
27.116576 6 14 1500.000000
27.891713 6 21 10000.000000
28.316434 6 23 1500.000000
28.844165 6 8 1500.000000
29.061840 6 19 3000000.000000
29.172705 6 16 3000000.000000
29.409511 6 22 200000.000000
29.507954 6 9 1500.000000
29.657453 6 8 200000.000000
0.068592 7 9 3000.000000
0.087878 7 1 3000000.000000
0.505039 7 7 1000000.000000
0.513700 7 3 3000000.000000
0.673564 7 5 3000.000000
0.985461 7 16 1500.000000
1.510868 7 12 1500.000000
1.715581 7 23 10000.000000
2.592695 7 19 200000.000000
3.626677 7 10 1000000.000000
3.713462 7 21 200000.000000
4.040178 7 14 1500.000000
4.222043 7 18 4000000.000000
4.682469 7 24 1500.000000
4.761693 7 0 4000000.000000
4.916733 7 26 1500.000000
5.056555 7 5 1500.000000
5.212003 7 6 1500.000000
5.647759 7 23 4000000.000000
5.993356 7 25 3000000.000000
6.055295 7 22 100000.000000
6.149531 7 22 4000000.000000
6.200664 7 6 3000.000000
6.278609 7 3 3000000.000000
6.397765 7 16 100000.000000
6.933444 7 14 20000.000000
7.310793 7 9 1000000.000000
7.511051 7 9 1000000.000000
7.723845 7 26 100000.000000
7.752185 7 7 1000000.000000
8.560959 7 0 1500.000000
9.053122 7 9 1000000.000000
9.219935 7 7 100000.000000
9.452688 7 6 1500.000000
9.665682 7 4 200000.000000
9.882903 7 26 10000.000000
9.946481 7 23 1500.000000
11.198995 7 11 10000.000000
11.286831 7 18 3000000.000000
11.596736 7 5 1500.000000
12.024859 7 6 4000000.000000
12.251315 7 22 100000.000000
12.278408 7 20 1500.000000
12.318728 7 22 10000.000000
12.597075 7 15 1500.000000
12.758868 7 8 1500.000000
12.891607 7 24 200000.000000
12.905887 7 9 1500.000000
13.047993 7 11 1500.000000
13.645464 7 14 1500.000000
13.734943 7 25 1500.000000
14.142259 7 8 100000.000000
14.364137 7 2 1500.000000
14.597683 7 18 1500.000000
14.812028 7 24 1500.000000
14.831892 7 5 3000000.000000
15.387014 7 5 3000000.000000
15.823687 7 24 4000000.000000
15.873851 7 20 200000.000000
15.974105 7 23 4000000.000000
16.043828 7 10 1500.000000
16.390623 7 12 100000.000000
16.446730 7 26 3000000.000000
16.798933 7 2 20000.000000
17.507150 7 25 10000.000000
17.732068 7 20 3000.000000
17.858206 7 23 100000.000000
18.032473 7 12 1500.000000
18.476877 7 22 4000000.000000
18.839969 7 7 1500.000000
19.062924 7 26 1500.000000
19.271392 7 0 20000.000000
19.475415 7 1 1500.000000
19.508714 7 8 4000000.000000
19.949248 7 22 2000000.000000
20.514790 7 7 1000000.000000
20.813394 7 24 3000.000000
21.729927 7 3 1500.000000
21.928406 7 18 10000.000000
22.182913 7 12 1500.000000
22.294334 7 26 3000.000000
22.739321 7 18 100000.000000
22.829792 7 24 1500.000000
23.747445 7 21 1500.000000
23.973175 7 6 3000.000000
24.089169 7 5 1000000.000000
24.616776 7 3 1000000.000000
24.789505 7 4 1500.000000
25.094673 7 8 1500.000000
25.177947 7 20 200000.000000
25.265390 7 5 10000.000000
25.315706 7 26 3000.000000
25.508150 7 25 1500.000000
25.714503 7 4 100000.000000
26.109093 7 23 1500.000000
26.240506 7 22 10000.000000
26.408004 7 0 1500.000000
26.839402 7 6 4000000.000000
27.012362 7 22 1500.000000
27.268790 7 10 1500.000000
27.485324 7 18 3000000.000000
27.601884 7 13 2000000.000000
27.707272 7 10 3000000.000000
27.830826 7 19 4000000.000000
27.870336 7 19 3000.000000
28.039324 7 0 1500.000000
28.599065 7 18 20000.000000
28.664059 7 16 1500.000000
28.854315 7 6 1500.000000
28.914713 7 10 1500.000000
29.423897 7 25 1500.000000
29.569711 7 13 100000.000000
29.597434 7 25 1500.000000
0.215401 8 1 10000.000000
1.417948 8 9 200000.000000
1.605611 8 11 10000.000000
2.391851 8 16 1500.000000
2.890382 8 15 200000.000000
3.000647 8 20 200000.000000
3.524140 8 23 1500.000000
3.556290 8 25 1500.000000
3.780280 8 9 3000000.000000
4.793216 8 17 1500.000000
4.819676 8 10 3000.000000
4.900016 8 7 2000000.000000
4.965391 8 15 4000000.000000
5.120455 8 16 10000.000000
5.540353 8 21 1500.000000
6.513918 8 10 4000000.000000
6.822128 8 7 3000000.000000
7.825300 8 23 4000000.000000
7.974401 8 14 1500.000000
8.226652 8 21 1500.000000
8.414238 8 1 3000000.000000
8.416809 8 16 4000000.000000
8.585985 8 15 200000.000000
8.647582 8 26 10000.000000
8.948334 8 20 3000.000000
9.492084 8 1 1500.000000
10.047964 8 1 1500.000000
10.067450 8 13 10000.000000
10.364760 8 4 1500.000000
10.365529 8 7 200000.000000
11.248002 8 5 1500.000000
11.837082 8 9 1500.000000
12.196825 8 15 3000000.000000
12.212308 8 10 1000000.000000
12.294452 8 8 4000000.000000
12.618222 8 11 20000.000000
12.756485 8 24 1500.000000
13.002931 8 23 4000000.000000
13.561681 8 19 1500.000000
13.787947 8 26 3000000.000000
13.836631 8 16 1500.000000
14.105413 8 21 1500.000000
14.350054 8 26 3000000.000000
14.522179 8 23 1500.000000
14.542435 8 26 100000.000000
16.007064 8 17 1000000.000000
16.343525 8 20 1500.000000
16.423621 8 6 200000.000000
16.627976 8 10 1000000.000000
16.684780 8 17 100000.000000
16.742942 8 26 1000000.000000
17.579636 8 6 1500.000000
18.216756 8 6 100000.000000
18.219114 8 24 1500.000000
18.598889 8 2 4000000.000000
18.740689 8 16 1500.000000
18.866440 8 3 1500.000000
19.734906 8 13 1500.000000
20.243198 8 6 1500.000000
20.251428 8 21 1500.000000
20.256658 8 12 100000.000000
20.259371 8 26 1500.000000
20.388612 8 4 200000.000000
20.630751 8 20 100000.000000
20.643886 8 0 200000.000000
20.677147 8 11 200000.000000
20.926269 8 16 1000000.000000
20.983755 8 11 200000.000000
20.993532 8 8 3000000.000000
21.211909 8 25 100000.000000
21.334285 8 21 100000.000000
21.884625 8 22 3000000.000000
22.105700 8 24 10000.000000
22.192147 8 26 10000.000000
23.463574 8 18 1500.000000
24.317347 8 25 1500.000000
24.828390 8 25 3000000.000000
25.338587 8 15 3000.000000
26.526456 8 19 4000000.000000
27.034946 8 7 4000000.000000
27.112982 8 23 200000.000000
27.159296 8 7 1500.000000
27.418517 8 14 20000.000000
28.575237 8 12 1500.000000
28.647041 8 15 100000.000000
29.739220 8 11 1500.000000
29.896554 8 3 1500.000000
1.162682 9 7 20000.000000
1.612788 9 4 10000.000000
2.608426 9 20 4000000.000000
3.270501 9 21 1500.000000
3.348931 9 5 3000.000000
3.425798 9 21 10000.000000
3.793553 9 23 200000.000000
4.107674 9 17 1500.000000
4.155697 9 21 200000.000000
4.309580 9 15 3000000.000000
4.422416 9 3 1500.000000
4.573123 9 24 4000000.000000
4.724383 9 14 1000000.000000
4.840079 9 19 3000.000000
5.701058 9 23 200000.000000
6.447698 9 20 1500.000000
6.899113 9 12 2000000.000000
7.637992 9 15 200000.000000
8.077022 9 26 3000000.000000
8.259965 9 2 10000.000000
8.357106 9 3 100000.000000
8.648176 9 2 100000.000000
8.706183 9 26 3000000.000000
8.897136 9 23 10000.000000
9.274644 9 10 1000000.000000
9.393630 9 0 1000000.000000
9.426031 9 14 1000000.000000
9.625034 9 22 1500.000000
9.741197 9 0 1500.000000
9.954886 9 15 1000000.000000
10.912054 9 26 1500.000000
11.314440 9 4 1500.000000
12.177311 9 11 1000000.000000
12.357782 9 5 1500.000000
12.432506 9 19 1500.000000
12.451954 9 8 10000.000000
12.636061 9 10 200000.000000
12.674438 9 26 1500.000000
12.907959 9 7 10000.000000
13.117495 9 8 100000.000000
13.774254 9 22 3000000.000000
14.051664 9 8 3000000.000000
14.359879 9 12 1500.000000
14.455606 9 15 1500.000000
14.583829 9 7 100000.000000
14.614627 9 24 3000.000000
15.113273 9 17 3000000.000000
16.027536 9 6 200000.000000
16.137693 9 10 3000000.000000
16.817140 9 17 3000.000000
16.833638 9 24 200000.000000
17.369529 9 13 4000000.000000
17.935436 9 25 10000.000000
18.317127 9 6 1500.000000
18.576061 9 12 100000.000000
19.094839 9 12 200000.000000
19.698380 9 12 2000000.000000
20.064443 9 11 1500.000000
20.105391 9 2 10000.000000
20.138970 9 25 1500.000000
20.234854 9 19 1500.000000
20.297594 9 4 1500.000000
20.320649 9 2 1500.000000
21.006043 9 16 1000000.000000
21.317863 9 10 10000.000000
21.334853 9 4 3000.000000
21.402216 9 9 4000000.000000
21.405479 9 15 3000.000000
21.470314 9 8 3000000.000000
21.814907 9 2 2000000.000000
22.005792 9 25 1500.000000
22.010485 9 6 20000.000000
22.146778 9 12 3000000.000000
22.480541 9 24 3000.000000
23.310058 9 7 3000000.000000
23.365626 9 12 3000000.000000
24.317963 9 23 100000.000000
24.385671 9 14 1500.000000
24.450384 9 26 1500.000000
24.638342 9 26 1500.000000
24.965851 9 14 3000000.000000
25.096914 9 7 1500.000000
25.153193 9 10 1000000.000000
25.186114 9 20 1500.000000
25.202063 9 6 1500.000000
25.708880 9 0 1500.000000
25.811924 9 25 1500.000000
26.209347 9 3 1500.000000
26.388291 9 3 1500.000000
26.669849 9 14 3000.000000
26.892942 9 12 200000.000000
26.968915 9 14 1500.000000
27.795704 9 5 4000000.000000
27.974894 9 22 1500.000000
28.861847 9 20 1500.000000
28.913536 9 19 200000.000000
29.012728 9 25 200000.000000
29.258449 9 4 1500.000000
29.422202 9 11 10000.000000
0.030168 10 15 1500.000000
0.508687 10 8 3000000.000000
1.171957 10 10 3000000.000000
1.364505 10 11 4000000.000000
1.442696 10 21 10000.000000
1.947983 10 14 1000000.000000
1.962153 10 13 3000.000000
2.223859 10 13 1500.000000
2.536854 10 23 200000.000000
2.634652 10 18 1500.000000
2.896824 10 11 1000000.000000
3.161072 10 12 100000.000000
3.368801 10 8 1000000.000000
3.468938 10 19 3000000.000000
3.939863 10 23 200000.000000
5.460553 10 14 1000000.000000
5.854639 10 25 100000.000000
6.495786 10 16 1500.000000
6.498938 10 6 100000.000000
6.680012 10 22 1000000.000000
6.863310 10 4 1000000.000000
6.965358 10 14 3000000.000000
6.977422 10 13 10000.000000
7.403333 10 23 100000.000000
7.983897 10 7 1500.000000
8.101356 10 16 1500.000000
8.238353 10 5 1500.000000
8.361286 10 1 3000000.000000
8.927901 10 6 1500.000000
9.164325 10 4 4000000.000000
9.389478 10 2 4000000.000000
9.480062 10 3 1500.000000
9.607508 10 19 1500.000000
9.960154 10 9 10000.000000
10.004056 10 8 3000000.000000
10.787697 10 4 1500.000000
10.957576 10 18 1500.000000
11.442195 10 24 200000.000000
11.687065 10 24 1500.000000
12.142568 10 2 3000000.000000
12.484572 10 24 1500.000000
12.591733 10 13 1500.000000
12.641486 10 24 4000000.000000
12.723479 10 5 1500.000000
12.844813 10 12 3000.000000
13.295764 10 22 200000.000000
13.432152 10 5 4000000.000000
13.887131 10 4 4000000.000000
14.328123 10 17 1000000.000000
14.875965 10 1 100000.000000
15.266317 10 11 200000.000000
15.270354 10 16 1000000.000000
15.586673 10 18 100000.000000
15.650829 10 6 100000.000000
15.941104 10 6 200000.000000
15.997609 10 10 1500.000000
16.463765 10 15 3000.000000
16.972069 10 11 1500.000000
17.174655 10 15 200000.000000
17.276285 10 21 100000.000000
17.435681 10 14 200000.000000
17.868249 10 4 3000.000000
18.244541 10 14 100000.000000
18.383402 10 6 3000000.000000
18.436688 10 15 1500.000000
18.589449 10 7 1500.000000
18.616215 10 18 3000000.000000
19.078115 10 1 1500.000000
20.171641 10 9 200000.000000
21.143474 10 14 200000.000000
21.253163 10 20 1500.000000
21.506176 10 14 200000.000000
22.273007 10 25 1500.000000
22.386643 10 14 10000.000000
22.562950 10 15 1500.000000
22.701694 10 14 3000.000000
23.125724 10 24 200000.000000
23.274413 10 0 200000.000000
23.401159 10 20 1500.000000
23.655233 10 4 200000.000000
23.695382 10 19 1500.000000
23.971667 10 7 1000000.000000
24.075078 10 24 4000000.000000
24.188480 10 9 1500.000000
24.401057 10 9 1500.000000
24.993412 10 17 3000.000000
25.808528 10 26 200000.000000
27.126913 10 15 1500.000000
27.181877 10 18 4000000.000000
27.607951 10 11 1500.000000
27.648918 10 11 1500.000000
27.874969 10 14 3000000.000000
28.152805 10 10 10000.000000
28.183164 10 25 4000000.000000
28.918889 10 10 1500.000000
29.115367 10 11 4000000.000000
29.327481 10 3 1000000.000000
29.869657 10 2 100000.000000
29.926170 10 4 200000.000000
29.963555 10 13 1000000.000000
29.996414 10 13 1500.000000
0.089771 11 4 20000.000000
0.374993 11 23 1000000.000000
0.795898 11 9 1000000.000000
0.994399 11 10 2000000.000000
1.183022 11 10 100000.000000
1.376006 11 12 1000000.000000
1.836936 11 8 200000.000000
2.291082 11 0 1500.000000
2.946771 11 25 1000000.000000
3.071481 11 24 1500.000000
3.579509 11 14 1500.000000
3.727308 11 5 3000000.000000
3.826002 11 7 1500.000000
3.932172 11 17 3000.000000
3.945509 11 11 10000.000000
4.104995 11 12 200000.000000
4.241892 11 4 3000.000000
4.518208 11 12 200000.000000
4.837251 11 11 1500.000000
5.100263 11 12 1500.000000
5.261189 11 22 1500.000000
6.126401 11 7 100000.000000
6.384162 11 9 1500.000000
7.170919 11 25 100000.000000
7.247207 11 8 3000.000000
7.419949 11 6 1500.000000
7.763278 11 13 3000000.000000
8.048607 11 0 100000.000000
8.082997 11 10 3000000.000000
8.180109 11 2 100000.000000
8.445779 11 9 100000.000000
8.535232 11 15 1500.000000
9.009777 11 11 1000000.000000
9.131903 11 5 1500.000000
9.165988 11 12 3000000.000000
9.411367 11 6 200000.000000
9.828460 11 19 1500.000000
10.004058 11 0 1500.000000
10.315458 11 26 1500.000000
10.640653 11 25 4000000.000000
11.511772 11 11 1500.000000
11.696208 11 18 1500.000000
11.726347 11 4 3000.000000
12.739088 11 22 1500.000000
12.742445 11 14 1500.000000
13.067686 11 14 1500.000000
13.149713 11 16 100000.000000
13.260817 11 15 1500.000000
13.404026 11 18 1500.000000
13.475621 11 0 1500.000000
13.582350 11 26 3000000.000000
13.680648 11 1 200000.000000
13.724558 11 25 1500.000000
13.758016 11 9 1500.000000
13.810459 11 16 1500.000000
14.076081 11 10 4000000.000000
14.159020 11 0 1500.000000
14.512531 11 2 200000.000000
14.596136 11 25 1500.000000
15.121349 11 13 1000000.000000
15.595855 11 26 100000.000000
15.717408 11 15 100000.000000
15.792265 11 7 200000.000000
16.243770 11 20 1500.000000
16.888980 11 2 1000000.000000
17.034965 11 19 3000.000000
18.107437 11 5 1500.000000
18.236998 11 9 1500.000000
18.763987 11 26 10000.000000
19.147070 11 6 1500.000000
19.746613 11 4 1500.000000
19.850765 11 21 200000.000000
20.262803 11 6 1000000.000000
21.079716 11 4 3000000.000000
21.095794 11 26 1500.000000
21.267553 11 23 3000000.000000
21.828681 11 7 4000000.000000
21.998864 11 19 1000000.000000
22.668132 11 19 4000000.000000
22.942467 11 2 20000.000000
23.394144 11 23 200000.000000
23.729429 11 12 3000.000000
23.781593 11 19 4000000.000000
23.878986 11 21 1500.000000
24.887699 11 18 100000.000000
25.369839 11 24 3000.000000
26.185341 11 5 4000000.000000
26.330772 11 6 1500.000000
26.630817 11 20 10000.000000
26.748641 11 5 1500.000000
26.762618 11 16 200000.000000
27.083798 11 24 1000000.000000
27.408194 11 1 3000000.000000
27.888254 11 0 1500.000000
28.293801 11 7 100000.000000
28.967036 11 15 200000.000000
28.980747 11 13 1500.000000
29.068119 11 21 20000.000000
29.388237 11 11 1500.000000
29.984989 11 13 1500.000000
0.020193 12 20 1500.000000
0.100173 12 3 100000.000000
0.152737 12 23 20000.000000
0.341345 12 25 4000000.000000
0.449574 12 8 3000.000000
0.745617 12 14 100000.000000
1.536813 12 21 1000000.000000
2.167027 12 10 200000.000000
2.621469 12 22 3000000.000000
2.870663 12 22 100000.000000
2.967386 12 2 1500.000000
3.027350 12 22 1000000.000000
3.204365 12 0 4000000.000000
3.539355 12 25 20000.000000
3.669862 12 9 1500.000000
4.732434 12 7 1500.000000
4.892328 12 0 4000000.000000
4.892467 12 16 1000000.000000
4.905486 12 9 100000.000000
5.614720 12 18 4000000.000000
6.046166 12 7 3000.000000
6.423659 12 5 100000.000000
6.530501 12 22 1500.000000
6.562071 12 3 1000000.000000
6.953665 12 15 1500.000000
6.979089 12 8 1000000.000000
7.116874 12 24 1500.000000
7.219020 12 10 1000000.000000
7.219106 12 24 1500.000000
7.232563 12 2 100000.000000
7.428468 12 9 1000000.000000
7.537732 12 24 200000.000000
7.700277 12 10 100000.000000
8.166742 12 11 1500.000000
8.223427 12 17 200000.000000
9.215596 12 26 200000.000000
9.930119 12 13 1500.000000
10.009139 12 4 200000.000000
10.345041 12 25 10000.000000
10.443005 12 3 200000.000000
10.449980 12 10 1000000.000000
10.741324 12 19 100000.000000
11.976210 12 4 4000000.000000
12.040964 12 26 3000000.000000
12.770145 12 10 100000.000000
12.913376 12 24 1500.000000
13.171545 12 12 1500.000000
13.217335 12 8 1500.000000
13.253454 12 24 3000000.000000
13.954243 12 19 1500.000000
14.548021 12 0 3000000.000000
14.579749 12 0 1500.000000
14.923627 12 1 1500.000000
15.162730 12 26 1500.000000
15.708107 12 1 1500.000000
16.375570 12 12 200000.000000
16.568885 12 2 3000.000000
16.622792 12 25 1500.000000
17.480504 12 22 1500.000000
17.641663 12 13 1500.000000
17.977526 12 26 200000.000000
18.228196 12 4 10000.000000
18.306568 12 20 4000000.000000
19.495261 12 11 1000000.000000
19.782172 12 25 1500.000000
19.827579 12 20 10000.000000
19.925766 12 12 200000.000000
20.390652 12 16 10000.000000
20.693851 12 26 1000000.000000
20.897175 12 2 200000.000000
21.458031 12 22 1500.000000
22.018586 12 6 2000000.000000
22.049564 12 24 1500.000000
22.390094 12 9 100000.000000
22.483288 12 18 1500.000000
24.295133 12 19 2000000.000000
24.537643 12 21 1500.000000
24.623958 12 23 1500.000000
24.882620 12 13 1000000.000000
24.924700 12 21 3000000.000000
25.223955 12 16 3000.000000
25.244083 12 15 100000.000000
25.844734 12 25 1500.000000
26.806896 12 20 200000.000000
27.108529 12 25 3000000.000000
27.295248 12 2 10000.000000
27.317013 12 14 1500.000000
28.371177 12 8 3000000.000000
29.122271 12 2 3000000.000000
0.050506 13 25 4000000.000000
0.127236 13 2 4000000.000000
0.189410 13 16 1500.000000
0.369464 13 3 100000.000000
1.077899 13 16 100000.000000
1.359556 13 24 1500.000000
1.653389 13 6 1500.000000
3.185400 13 4 1500.000000
3.309858 13 4 10000.000000
3.720998 13 5 3000000.000000
3.783655 13 15 1500.000000
3.877155 13 8 4000000.000000
3.957831 13 2 3000.000000
4.392180 13 4 10000.000000
4.544734 13 12 1500.000000
5.001224 13 6 1500.000000
5.397584 13 5 4000000.000000
5.424994 13 17 3000000.000000
5.470312 13 9 200000.000000
5.760692 13 22 10000.000000
5.773741 13 14 1000000.000000
5.924307 13 26 1000000.000000
6.240963 13 7 3000.000000
6.558380 13 21 20000.000000
6.667447 13 21 1500.000000
6.866582 13 14 10000.000000
7.055655 13 7 1500.000000
7.165922 13 4 1500.000000
7.186439 13 7 200000.000000
7.664838 13 25 1500.000000
7.734661 13 5 3000000.000000
8.346423 13 8 1000000.000000
8.535926 13 1 1500.000000
8.562913 13 21 1500.000000
8.811385 13 7 20000.000000
8.917748 13 26 1500.000000
8.975543 13 25 1000000.000000
9.052644 13 5 3000000.000000
9.299060 13 6 100000.000000
9.313629 13 22 20000.000000
9.401662 13 3 1500.000000
9.454000 13 25 1000000.000000
9.937341 13 20 1500.000000
10.057009 13 25 3000000.000000
10.362778 13 0 10000.000000
10.413377 13 26 1500.000000
10.423410 13 17 3000000.000000
10.572641 13 5 1500.000000
10.734664 13 22 20000.000000
10.833202 13 8 1500.000000
10.916437 13 20 1500.000000
10.930211 13 24 1000000.000000
11.549664 13 10 1500.000000
11.686369 13 2 1000000.000000
12.710260 13 17 10000.000000
13.045424 13 21 1500.000000
13.286838 13 11 200000.000000
13.386676 13 9 1500.000000
13.451285 13 26 1500.000000
13.813693 13 11 3000000.000000
14.114919 13 9 100000.000000
14.147220 13 21 10000.000000
14.680939 13 6 10000.000000
15.243537 13 24 200000.000000
15.462576 13 19 4000000.000000
15.499696 13 4 10000.000000
15.549332 13 1 200000.000000
15.572608 13 21 1500.000000
15.595235 13 9 1500.000000
16.359054 13 5 1000000.000000
16.390489 13 26 1000000.000000
16.507931 13 25 3000.000000
16.747728 13 7 1500.000000
17.033692 13 20 1500.000000
17.070286 13 19 1500.000000
17.123168 13 22 4000000.000000
17.980735 13 3 1500.000000
18.473249 13 7 1500.000000
18.610573 13 10 3000000.000000
18.706425 13 0 200000.000000
18.739724 13 9 1000000.000000
19.355341 13 16 100000.000000
20.574172 13 11 1000000.000000
21.058973 13 10 4000000.000000
21.110220 13 11 3000000.000000
21.582081 13 24 1500.000000
21.867218 13 3 1500.000000
22.614693 13 26 10000.000000
22.774859 13 7 1500.000000
22.859507 13 5 100000.000000
23.433591 13 13 10000.000000
23.500734 13 7 1000000.000000
23.546955 13 23 3000.000000
23.659904 13 15 1500.000000
23.749463 13 7 10000.000000
24.108311 13 25 200000.000000
24.393043 13 25 100000.000000
24.397851 13 4 1500.000000
24.558964 13 2 200000.000000
24.604211 13 7 4000000.000000
24.639612 13 7 3000000.000000
25.175656 13 2 1500.000000
25.425814 13 16 3000.000000
26.098736 13 9 1500.000000
26.329070 13 15 4000000.000000
26.538179 13 13 1500.000000
26.796404 13 20 1000000.000000
27.000906 13 6 100000.000000
27.016166 13 12 100000.000000
27.042988 13 1 3000.000000
27.451215 13 16 3000.000000
28.360843 13 13 1000000.000000
28.523907 13 19 1500.000000
28.908684 13 2 3000000.000000
28.935242 13 9 1500.000000
29.046378 13 13 200000.000000
29.176083 13 19 100000.000000
29.525155 13 26 3000000.000000
29.593600 13 11 1500.000000
29.737206 13 6 1500.000000
29.952749 13 11 1500.000000
0.006174 14 16 1500.000000
0.463485 14 17 1000000.000000
0.638654 14 26 1500.000000
0.652504 14 7 4000000.000000
1.469984 14 10 3000000.000000
1.883565 14 5 20000.000000
2.230664 14 15 3000000.000000
2.429472 14 2 1500.000000
3.005200 14 23 4000000.000000
3.084330 14 21 100000.000000
3.116840 14 0 1500.000000
3.643797 14 4 100000.000000
3.778183 14 22 4000000.000000
3.930433 14 23 200000.000000
4.397212 14 4 3000000.000000
4.533771 14 14 1500.000000
4.643668 14 17 3000.000000
4.758320 14 16 20000.000000
4.851244 14 6 100000.000000
5.088767 14 22 3000000.000000
5.345742 14 24 1500.000000
5.462394 14 1 200000.000000
5.556890 14 13 1500.000000
5.658031 14 24 20000.000000
5.742631 14 3 1500.000000
6.142365 14 9 3000.000000
7.154587 14 5 1500.000000
7.181109 14 7 4000000.000000
7.373236 14 6 1000000.000000
7.623249 14 7 10000.000000
7.967782 14 0 1500.000000
8.143038 14 20 100000.000000
8.217886 14 15 1500.000000
8.262312 14 23 4000000.000000
8.671339 14 11 20000.000000
8.934867 14 16 3000000.000000
9.630815 14 8 1000000.000000
9.809595 14 15 1500.000000
10.636745 14 26 10000.000000
10.701355 14 10 1000000.000000
11.234316 14 4 1500.000000
11.291955 14 11 4000000.000000
11.471966 14 10 100000.000000
11.537020 14 15 1500.000000
11.600952 14 11 1500.000000
12.039819 14 16 4000000.000000
12.115617 14 5 1000000.000000
12.440514 14 6 100000.000000
12.522769 14 7 1500.000000
12.940225 14 4 10000.000000
13.538115 14 0 1500.000000
13.556502 14 21 1500.000000
13.696820 14 26 4000000.000000
14.138723 14 8 1500.000000
15.107787 14 11 4000000.000000
15.418016 14 6 10000.000000
15.747240 14 15 10000.000000
15.996052 14 14 200000.000000
16.817410 14 24 1500.000000
16.844023 14 20 3000000.000000
17.527557 14 13 1500.000000
17.600511 14 24 20000.000000
17.620072 14 23 3000000.000000
18.200254 14 1 1500.000000
18.427854 14 23 1500.000000
18.529931 14 16 10000.000000
18.663399 14 14 3000000.000000
18.963805 14 20 4000000.000000
19.070816 14 8 1500.000000
19.458461 14 1 1500.000000
19.509373 14 25 1000000.000000
19.637389 14 25 200000.000000
19.759517 14 13 100000.000000
20.411941 14 17 1500.000000
20.686228 14 20 1000000.000000
20.691839 14 8 1500.000000
21.443331 14 13 100000.000000
21.697359 14 14 4000000.000000
22.039797 14 15 3000000.000000
22.419974 14 18 3000.000000
22.454882 14 10 100000.000000
22.592485 14 12 1500.000000
22.602730 14 6 1500.000000
22.898789 14 1 1000000.000000
23.042689 14 12 1500.000000
24.442508 14 12 1500.000000
24.758392 14 26 200000.000000
24.811148 14 3 1000000.000000
24.905734 14 1 1500.000000
25.047453 14 12 1500.000000
25.689601 14 9 2000000.000000
25.704898 14 16 3000000.000000
25.740480 14 5 3000000.000000
25.970279 14 21 3000000.000000
26.361439 14 25 1500.000000
26.436369 14 9 200000.000000
26.455829 14 24 1500.000000
26.511477 14 22 3000000.000000
27.006884 14 15 1500.000000
27.054159 14 22 1500.000000
27.169471 14 15 1500.000000
27.502255 14 17 200000.000000
29.143162 14 7 1500.000000
29.223242 14 15 100000.000000
29.275931 14 2 4000000.000000
29.308592 14 7 1500.000000
29.348094 14 16 3000000.000000
29.475501 14 23 1500.000000
0.722153 15 6 1500.000000
1.074115 15 19 10000.000000
1.343187 15 7 1500.000000
1.397090 15 17 3000.000000
1.781976 15 22 1500.000000
2.752770 15 12 1500.000000
3.075849 15 9 1500.000000
3.096898 15 16 1500.000000
3.263102 15 20 3000000.000000
3.513472 15 16 1500.000000
3.544218 15 26 200000.000000
3.777389 15 14 200000.000000
3.778447 15 11 3000.000000
4.091693 15 2 4000000.000000
4.428776 15 8 1500.000000
5.100979 15 26 3000.000000
5.513392 15 20 1000000.000000
6.314895 15 23 1500.000000
6.755403 15 8 4000000.000000
6.923908 15 9 1500.000000
6.951191 15 15 3000.000000
6.961015 15 7 1500.000000
7.093305 15 7 1500.000000
7.150732 15 0 20000.000000
7.793309 15 19 100000.000000
7.964217 15 17 1500.000000
7.981146 15 11 200000.000000
8.407082 15 26 10000.000000
8.433607 15 16 3000.000000
9.030401 15 0 1000000.000000
9.460792 15 16 1500.000000
10.167247 15 16 1500.000000
10.527400 15 22 10000.000000
10.527983 15 4 10000.000000
10.822630 15 3 1500.000000
11.004267 15 0 1500.000000
11.211490 15 13 1500.000000
11.828510 15 11 200000.000000
11.879257 15 9 200000.000000
11.928164 15 25 200000.000000
12.423359 15 6 1500.000000
13.044901 15 10 1500.000000
13.265284 15 26 4000000.000000
13.394222 15 17 10000.000000
13.431919 15 26 10000.000000
13.551302 15 17 2000000.000000
13.633547 15 10 1000000.000000
13.899101 15 3 10000.000000
13.908739 15 12 3000000.000000
14.113542 15 2 100000.000000
14.329254 15 9 3000000.000000
14.515028 15 12 4000000.000000
14.966455 15 15 4000000.000000
14.966590 15 20 1500.000000
15.174138 15 13 200000.000000
16.050728 15 26 10000.000000
16.113200 15 13 4000000.000000
16.165979 15 26 1000000.000000
16.183658 15 23 10000.000000
16.355022 15 16 1500.000000
16.943672 15 1 2000000.000000
17.342270 15 0 10000.000000
17.764227 15 17 100000.000000
18.565874 15 22 1000000.000000
18.613322 15 26 1000000.000000
18.660357 15 22 4000000.000000
18.741448 15 16 100000.000000
19.163537 15 9 1500.000000
19.741731 15 9 4000000.000000
20.994469 15 17 1500.000000
21.797703 15 0 100000.000000
21.844370 15 4 1500.000000
22.688164 15 20 200000.000000
23.441888 15 14 20000.000000
23.677087 15 24 3000.000000
23.705089 15 13 1500.000000
23.815443 15 3 10000.000000
24.676354 15 26 1000000.000000
25.009331 15 22 3000.000000
25.054972 15 0 1500.000000
25.126298 15 7 3000000.000000
25.193706 15 8 1500.000000
26.575338 15 19 10000.000000
27.293323 15 5 1500.000000
27.307962 15 15 1000000.000000
27.476293 15 13 100000.000000
27.741918 15 18 4000000.000000
27.861746 15 17 3000000.000000
27.912779 15 9 3000000.000000
28.255781 15 17 200000.000000
28.362299 15 1 200000.000000
28.984859 15 21 10000.000000
29.070918 15 11 1500.000000
29.219775 15 2 200000.000000
29.548721 15 14 1500.000000
0.001761 16 16 1500.000000
0.621146 16 13 1500.000000
0.629875 16 7 1500.000000
1.084871 16 21 1500.000000
1.240765 16 24 1500.000000
1.975720 16 25 4000000.000000
2.221684 16 13 200000.000000
2.967937 16 6 1000000.000000
3.001104 16 21 20000.000000
3.025214 16 1 3000.000000
3.499232 16 11 3000000.000000
3.555205 16 20 3000000.000000
3.555383 16 22 1500.000000
3.758073 16 26 10000.000000
4.683700 16 26 1500.000000
4.771117 16 26 3000000.000000
5.215703 16 14 1500.000000
5.785128 16 19 4000000.000000
6.109283 16 7 1000000.000000
6.205460 16 23 1500.000000
7.040706 16 0 3000000.000000
7.210898 16 20 1500.000000
7.404383 16 4 100000.000000
7.635737 16 21 1500.000000
7.708505 16 3 3000000.000000
7.912812 16 0 1500.000000
8.686485 16 13 1500.000000
9.959499 16 21 20000.000000
10.017712 16 14 20000.000000
10.424561 16 21 3000000.000000
10.519028 16 12 1500.000000
10.628562 16 7 10000.000000
10.703263 16 10 3000000.000000
10.720200 16 10 1500.000000
11.013605 16 1 3000000.000000
11.039742 16 0 1500.000000
11.316516 16 6 1500.000000
11.384307 16 19 3000.000000
11.386858 16 24 3000.000000
11.506924 16 25 1500.000000
12.160577 16 13 4000000.000000
12.480861 16 5 1500.000000
12.673705 16 24 3000000.000000
13.646961 16 23 200000.000000
13.842982 16 24 4000000.000000
13.877116 16 2 4000000.000000
14.675516 16 15 2000000.000000
15.207830 16 25 10000.000000
15.435947 16 9 1000000.000000
15.731416 16 22 3000000.000000
15.811407 16 4 1000000.000000
16.398370 16 17 4000000.000000
17.197892 16 10 10000.000000
17.358132 16 25 1500.000000
17.537069 16 1 1500.000000
17.658721 16 13 1500.000000
17.833262 16 16 200000.000000
18.276735 16 3 3000000.000000
18.894860 16 22 1500.000000
19.186718 16 13 20000.000000
19.316012 16 22 100000.000000
19.449914 16 19 200000.000000
19.524420 16 15 3000000.000000
19.553374 16 15 100000.000000
19.744624 16 15 3000.000000
20.484686 16 13 1500.000000
20.640150 16 10 200000.000000
20.981454 16 7 1500.000000
21.037868 16 8 1500.000000
22.714654 16 6 4000000.000000
23.348449 16 23 100000.000000
23.374106 16 2 1000000.000000
23.443775 16 0 1500.000000
23.853187 16 15 3000000.000000
24.184161 16 11 1500.000000
24.777308 16 4 200000.000000
25.426542 16 23 3000000.000000
25.647499 16 22 1500.000000
26.078780 16 3 4000000.000000
26.248037 16 13 3000000.000000
26.306608 16 14 10000.000000
26.387356 16 15 100000.000000
26.466614 16 9 3000000.000000
26.483552 16 23 1500.000000
26.603113 16 21 4000000.000000
26.861926 16 15 1500.000000
26.970775 16 11 3000.000000
27.135968 16 20 1000000.000000
27.313484 16 13 200000.000000
27.409859 16 22 1000000.000000
27.664617 16 26 1500.000000
27.769875 16 8 4000000.000000
27.895894 16 12 1500.000000
28.074597 16 11 1500.000000
28.486436 16 19 100000.000000
28.632658 16 11 1000000.000000
29.140440 16 14 100000.000000
29.222704 16 10 1500.000000
29.368567 16 26 1500.000000
29.537875 16 2 2000000.000000
29.877891 16 25 1000000.000000
29.980139 16 12 100000.000000
0.258209 17 13 1500.000000
0.662308 17 9 3000000.000000
0.669103 17 18 1500.000000
0.670412 17 12 100000.000000
0.924641 17 4 200000.000000
1.115260 17 18 4000000.000000
1.785299 17 3 4000000.000000
2.175886 17 10 1000000.000000
2.936780 17 17 100000.000000
3.027449 17 7 200000.000000
3.560186 17 26 1500.000000
3.992041 17 0 20000.000000
4.256108 17 13 1500.000000
4.408105 17 9 10000.000000
4.442082 17 24 3000.000000
5.089768 17 25 1500.000000
5.152438 17 4 1500.000000
5.271118 17 15 1000000.000000
5.417419 17 11 1000000.000000
5.459176 17 2 3000000.000000
5.544833 17 0 1000000.000000
5.648386 17 11 1500.000000
5.671322 17 13 10000.000000
5.977457 17 14 1500.000000
6.043504 17 10 1500.000000
6.455642 17 7 1500.000000
6.456101 17 17 1500.000000
7.535961 17 25 1500.000000
7.674677 17 3 4000000.000000
7.837800 17 19 200000.000000
7.943358 17 6 1500.000000
8.611826 17 16 3000000.000000
8.660589 17 24 10000.000000
9.921940 17 21 1500.000000
10.708074 17 22 3000.000000
10.936547 17 3 20000.000000
12.566107 17 7 100000.000000
12.612780 17 14 3000.000000
12.821973 17 13 3000000.000000
12.989941 17 1 4000000.000000
13.679819 17 1 1500.000000
14.144083 17 12 1500.000000
14.203201 17 20 1500.000000
14.414150 17 11 200000.000000
14.695793 17 22 1000000.000000
16.715680 17 1 100000.000000
16.904483 17 26 1500.000000
16.916378 17 0 3000000.000000
17.191830 17 12 100000.000000
17.582350 17 22 1000000.000000
18.641368 17 7 3000000.000000
18.934882 17 18 1500.000000
19.261921 17 17 1500.000000
19.297293 17 1 3000000.000000
19.348879 17 11 1500.000000
19.425479 17 5 3000.000000
19.603209 17 26 4000000.000000
19.969395 17 21 1500.000000
20.234772 17 5 200000.000000
20.523717 17 4 3000000.000000
21.269153 17 3 200000.000000
21.815070 17 17 3000.000000
22.071053 17 13 3000.000000
22.329732 17 0 10000.000000
22.450094 17 17 3000000.000000
22.472722 17 10 10000.000000
22.520925 17 25 4000000.000000
22.748238 17 17 1500.000000
22.811219 17 11 1500.000000
23.089954 17 23 100000.000000
23.887109 17 10 1500.000000
24.464233 17 13 100000.000000
24.708046 17 8 1500.000000
24.959861 17 18 20000.000000
25.066293 17 18 10000.000000
25.097297 17 3 1500.000000
25.198658 17 6 3000000.000000
25.344816 17 13 3000.000000
26.100411 17 0 1500.000000
26.582787 17 22 200000.000000
26.688461 17 2 20000.000000
27.163338 17 20 20000.000000
27.565001 17 11 1500.000000
27.567254 17 4 1500.000000
27.788816 17 6 200000.000000
28.842491 17 23 4000000.000000
28.882431 17 19 4000000.000000
29.122076 17 26 1000000.000000
29.414498 17 22 1500.000000
0.559668 18 3 1500.000000
0.776156 18 17 1500.000000
1.032156 18 12 1000000.000000
1.249563 18 17 100000.000000
1.531024 18 5 1500.000000
1.553275 18 17 3000.000000
2.364007 18 13 200000.000000
2.833751 18 11 4000000.000000
3.469979 18 9 3000000.000000
3.488237 18 5 3000.000000
3.502010 18 23 200000.000000
3.664124 18 4 4000000.000000
3.723029 18 17 4000000.000000
4.081312 18 7 1500.000000
4.645369 18 1 10000.000000
5.137406 18 11 20000.000000
5.227214 18 9 1500.000000
5.362595 18 17 1500.000000
5.726991 18 14 100000.000000
6.104835 18 25 1500.000000
6.205218 18 13 1000000.000000
6.268932 18 26 100000.000000
6.376071 18 9 100000.000000
6.515073 18 21 200000.000000
7.472293 18 11 1500.000000
8.064799 18 10 1500.000000
8.806326 18 0 100000.000000
8.842742 18 5 200000.000000
8.991944 18 15 1500.000000
9.341086 18 22 2000000.000000
9.384962 18 19 1000000.000000
9.439332 18 0 3000.000000
9.531792 18 23 3000.000000
9.642981 18 1 1500.000000
9.693132 18 13 3000.000000
10.256782 18 20 1500.000000
10.264657 18 15 100000.000000
10.866922 18 15 1500.000000
10.969114 18 7 1500.000000
11.357792 18 21 100000.000000
12.044184 18 9 1500.000000
12.352607 18 16 200000.000000
12.640021 18 24 1500.000000
13.371160 18 15 3000.000000
13.883484 18 23 1000000.000000
13.974901 18 7 200000.000000
14.092937 18 21 20000.000000
14.893095 18 22 1000000.000000
14.989759 18 13 200000.000000
15.344206 18 6 1500.000000
15.835577 18 11 1500.000000
15.860772 18 15 1500.000000
16.056205 18 23 1000000.000000
16.176502 18 2 20000.000000
16.719001 18 1 1500.000000
16.743596 18 23 1500.000000
16.804395 18 6 1500.000000
17.125463 18 24 4000000.000000
17.509935 18 22 200000.000000
18.010364 18 20 1500.000000
18.289020 18 16 20000.000000
18.706106 18 12 3000.000000
18.842111 18 24 10000.000000
18.887512 18 6 3000.000000
18.941421 18 8 4000000.000000
18.965376 18 15 1500.000000
19.440646 18 1 1500.000000
19.529273 18 8 4000000.000000
19.751722 18 22 2000000.000000
19.757390 18 1 3000.000000
19.841575 18 1 1500.000000
19.940356 18 12 1000000.000000
20.009193 18 14 2000000.000000
20.687728 18 15 3000000.000000
20.867533 18 0 20000.000000
21.108288 18 6 1500.000000
21.307210 18 10 10000.000000
21.744572 18 16 20000.000000
21.933220 18 19 3000000.000000
22.258058 18 23 4000000.000000
23.305098 18 24 1500.000000
23.404392 18 9 1500.000000
23.440091 18 4 1500.000000
23.764283 18 11 200000.000000
23.900158 18 6 1500.000000
24.205590 18 2 1500.000000
24.467365 18 15 1500.000000
24.606978 18 20 1500.000000
24.948276 18 13 1500.000000
24.956277 18 18 1000000.000000
25.051052 18 7 1500.000000
25.180493 18 9 1500.000000
25.447949 18 21 1500.000000
26.287548 18 2 20000.000000
26.592631 18 26 1500.000000
27.551097 18 3 1500.000000
27.789327 18 0 10000.000000
27.849419 18 10 3000000.000000
28.221247 18 7 1500.000000
28.569086 18 20 200000.000000
28.849711 18 23 100000.000000
29.600857 18 0 3000000.000000
29.697189 18 26 1500.000000
29.758264 18 20 10000.000000
29.870979 18 7 1500.000000
0.113103 19 20 3000.000000
0.517217 19 24 1500.000000
0.578506 19 25 3000000.000000
0.815233 19 6 1500.000000
1.623529 19 21 1000000.000000
1.859199 19 5 1500.000000
1.945130 19 17 1000000.000000
2.303401 19 25 3000000.000000
2.507058 19 14 10000.000000
2.632325 19 10 200000.000000
2.842039 19 24 1000000.000000
3.002953 19 8 3000000.000000
3.073660 19 24 1000000.000000
3.285375 19 23 200000.000000
3.520426 19 9 1500.000000
3.544968 19 1 4000000.000000
3.953578 19 23 1500.000000
3.974513 19 21 1500.000000
4.024004 19 6 3000000.000000
4.867629 19 0 1500.000000
5.425780 19 21 1500.000000
5.715942 19 2 10000.000000
5.783713 19 15 3000000.000000
6.104407 19 0 10000.000000
6.354085 19 10 1500.000000
6.717024 19 16 3000.000000
6.926640 19 6 200000.000000
6.960184 19 21 200000.000000
7.012686 19 5 1500.000000
7.113456 19 9 1500.000000
7.124322 19 26 200000.000000
7.449937 19 21 3000.000000
8.046645 19 14 3000000.000000
8.050283 19 21 1500.000000
8.109122 19 4 100000.000000
8.320607 19 25 3000000.000000
8.369182 19 5 3000.000000
8.463721 19 25 3000000.000000
8.467403 19 5 100000.000000
8.593448 19 2 1500.000000
8.609767 19 25 1500.000000
9.155595 19 12 20000.000000
9.316396 19 15 1500.000000
9.410374 19 24 4000000.000000
10.093951 19 2 100000.000000
10.139586 19 12 1500.000000
10.506988 19 6 1500.000000
11.412233 19 12 4000000.000000
11.606598 19 0 200000.000000
12.019313 19 2 2000000.000000
12.414649 19 7 3000000.000000
12.530278 19 19 1000000.000000
13.074415 19 5 100000.000000
13.119706 19 22 100000.000000
13.425133 19 5 3000000.000000
13.515170 19 14 100000.000000
14.118488 19 4 100000.000000
14.735334 19 24 1000000.000000
14.936421 19 12 200000.000000
15.003541 19 2 2000000.000000
15.138806 19 5 1500.000000
15.796114 19 5 4000000.000000
15.967718 19 0 100000.000000
16.130082 19 9 100000.000000
16.433265 19 2 10000.000000
16.593224 19 21 10000.000000
16.715984 19 16 200000.000000
16.996460 19 11 1500.000000
17.456995 19 10 3000000.000000
17.494886 19 20 1500.000000
17.567304 19 9 3000.000000
17.776140 19 8 4000000.000000
17.878998 19 24 1500.000000
17.939480 19 6 1500.000000
18.049215 19 20 4000000.000000
18.155923 19 1 1500.000000
18.369994 19 2 1500.000000
18.537094 19 15 1500.000000
18.651478 19 13 1500.000000
18.806939 19 18 3000.000000
19.324050 19 25 3000000.000000
19.673093 19 3 20000.000000
19.853153 19 16 1500.000000
19.946916 19 25 100000.000000
20.440449 19 9 3000.000000
20.973832 19 3 1500.000000
21.155499 19 15 1500.000000
21.779583 19 5 1500.000000
22.230309 19 10 3000.000000
22.302245 19 26 20000.000000
22.544254 19 14 1500.000000
23.190001 19 18 1500.000000
23.800429 19 7 1500.000000
24.156726 19 7 1500.000000
24.292366 19 19 4000000.000000
24.658235 19 3 4000000.000000
24.977776 19 1 100000.000000
25.045913 19 10 200000.000000
25.166506 19 20 100000.000000
25.312969 19 21 1500.000000
25.604356 19 4 200000.000000
26.171580 19 10 1500.000000
26.349559 19 3 1000000.000000
26.357591 19 10 1500.000000
26.733307 19 4 4000000.000000
26.802275 19 6 4000000.000000
26.860840 19 11 200000.000000
27.014520 19 24 1000000.000000
27.574577 19 19 200000.000000
27.597478 19 6 1500.000000
27.659686 19 9 4000000.000000
28.128081 19 18 1000000.000000
28.787880 19 4 10000.000000
28.910640 19 21 200000.000000
29.539221 19 14 1000000.000000
29.721608 19 15 20000.000000
29.775555 19 1 1500.000000
29.994492 19 0 1000000.000000
0.007397 20 18 1000000.000000
0.099704 20 7 200000.000000
0.201363 20 10 3000000.000000
1.244146 20 20 1000000.000000
1.950732 20 10 1500.000000
1.956408 20 17 1000000.000000
2.745713 20 0 1000000.000000
2.859612 20 2 3000000.000000
3.259899 20 21 1500.000000
3.497414 20 24 1500.000000
3.684510 20 10 1500.000000
4.107575 20 11 1000000.000000
4.206824 20 22 100000.000000
4.369513 20 5 3000000.000000
4.418695 20 3 4000000.000000
5.136828 20 6 3000.000000
5.199106 20 21 200000.000000
6.061592 20 12 3000000.000000
6.330884 20 26 200000.000000
6.600381 20 14 200000.000000
7.210500 20 11 1500.000000
7.249963 20 16 1500.000000
9.297701 20 6 1500.000000
9.580109 20 26 1500.000000
10.057253 20 12 3000.000000
10.297278 20 4 1500.000000
10.817446 20 20 1500.000000
11.525320 20 9 4000000.000000
11.839026 20 21 1500.000000
12.227248 20 18 200000.000000
12.283818 20 14 1500.000000
12.593994 20 24 3000000.000000
12.736413 20 11 100000.000000
12.753975 20 18 3000000.000000
13.030171 20 3 3000000.000000
13.213502 20 25 1500.000000
13.330336 20 15 1500.000000
13.389493 20 5 100000.000000
13.558596 20 22 1500.000000
13.694913 20 12 20000.000000
14.013049 20 22 200000.000000
14.363864 20 20 100000.000000
14.866055 20 21 1500.000000
15.684248 20 10 200000.000000
15.756929 20 11 4000000.000000
15.805193 20 2 100000.000000
16.103720 20 14 4000000.000000
16.120820 20 22 200000.000000
16.401034 20 14 1500.000000
16.788718 20 14 3000000.000000
17.311703 20 8 20000.000000
17.757703 20 21 100000.000000
17.791880 20 4 1500.000000
17.809727 20 23 1500.000000
17.830731 20 9 4000000.000000
18.383102 20 24 1500.000000
18.956873 20 3 1500.000000
19.204453 20 9 20000.000000
19.265560 20 24 20000.000000
19.545673 20 2 100000.000000
20.065124 20 20 100000.000000
20.242582 20 22 10000.000000
20.294035 20 8 4000000.000000
20.735235 20 11 20000.000000
20.841587 20 20 1500.000000
21.249799 20 2 1500.000000
21.306130 20 15 3000000.000000
21.650513 20 3 20000.000000
21.912605 20 12 1500.000000
22.076961 20 9 200000.000000
22.780569 20 24 1500.000000
23.335533 20 14 1500.000000
23.727269 20 12 3000.000000
24.132548 20 24 20000.000000
24.154906 20 16 1500.000000
24.298827 20 7 3000000.000000
24.900929 20 8 1500.000000
24.948029 20 23 100000.000000
25.785326 20 9 4000000.000000
25.819280 20 1 1500.000000
26.079997 20 11 3000.000000
26.536321 20 20 1500.000000
26.545894 20 5 3000000.000000
26.748846 20 24 1500.000000
26.766392 20 12 100000.000000
27.054624 20 16 3000000.000000
27.441792 20 1 3000000.000000
27.984106 20 9 1500.000000
28.286681 20 0 100000.000000
28.333760 20 12 200000.000000
28.485372 20 11 1500.000000
29.818528 20 21 200000.000000
29.880705 20 10 1500.000000
0.042775 21 14 1500.000000
0.150820 21 2 200000.000000
0.292268 21 12 2000000.000000
0.314542 21 24 1500.000000
0.916652 21 2 3000000.000000
1.037284 21 18 3000000.000000
2.317549 21 8 1500.000000
2.382123 21 22 20000.000000
2.582565 21 12 1500.000000
2.743674 21 17 3000000.000000
3.117489 21 26 1500.000000
3.143173 21 5 1000000.000000
3.418914 21 1 20000.000000
3.578446 21 19 1500.000000
4.090445 21 3 3000000.000000
4.091728 21 1 2000000.000000
4.315387 21 0 200000.000000
4.432534 21 22 10000.000000
5.653151 21 17 1500.000000
6.368253 21 7 1500.000000
6.535204 21 0 3000000.000000
6.873431 21 24 1500.000000
7.048950 21 17 10000.000000
7.059386 21 11 3000.000000
7.385925 21 15 4000000.000000
8.189882 21 1 10000.000000
9.197598 21 24 1500.000000
9.349437 21 14 1000000.000000
9.694342 21 17 1500.000000
9.718908 21 21 3000000.000000
9.916977 21 14 10000.000000
10.227009 21 10 20000.000000
10.331036 21 15 200000.000000
10.929090 21 0 4000000.000000
11.453698 21 20 1500.000000
11.585817 21 19 1000000.000000
12.143187 21 21 4000000.000000
12.390786 21 7 1500.000000
12.400286 21 8 4000000.000000
13.020934 21 2 100000.000000
13.152381 21 9 1000000.000000
14.064220 21 16 4000000.000000
14.626690 21 14 2000000.000000
15.035748 21 21 200000.000000
15.066208 21 15 1000000.000000
15.274918 21 24 4000000.000000
15.322667 21 15 200000.000000
15.362608 21 6 1000000.000000
15.507082 21 8 3000000.000000
15.577628 21 15 1500.000000
16.457252 21 2 1500.000000
16.853106 21 10 4000000.000000
16.862821 21 13 3000000.000000
17.593933 21 23 1500.000000
18.088778 21 10 1500.000000
18.420287 21 23 200000.000000
18.501903 21 17 1500.000000
19.221519 21 4 3000000.000000
19.390546 21 22 10000.000000
19.433965 21 25 1500.000000
19.470523 21 18 1500.000000
19.838185 21 2 3000.000000
20.126246 21 8 100000.000000
20.151107 21 15 200000.000000
20.297791 21 3 1500.000000
20.563926 21 6 10000.000000
21.325754 21 16 1000000.000000
21.675792 21 17 2000000.000000
21.736745 21 24 100000.000000
21.806391 21 12 3000.000000
22.229287 21 11 1000000.000000
22.260193 21 4 100000.000000
22.306476 21 0 1500.000000
22.719905 21 10 200000.000000
23.190697 21 22 4000000.000000
23.645466 21 21 20000.000000
23.715368 21 20 3000.000000
23.753554 21 25 3000.000000
24.773274 21 20 20000.000000
24.790681 21 7 10000.000000
24.823468 21 22 3000000.000000
25.345530 21 17 3000.000000
26.220433 21 19 2000000.000000
26.355600 21 2 1500.000000
26.376300 21 20 1500.000000
26.488071 21 1 100000.000000
26.629150 21 1 1000000.000000
26.781826 21 26 4000000.000000
27.274245 21 3 100000.000000
27.571690 21 12 1000000.000000
28.872373 21 7 10000.000000
28.927324 21 17 1500.000000
29.324665 21 8 200000.000000
0.056852 22 7 3000000.000000
0.389405 22 18 1500.000000
0.459215 22 3 3000.000000
1.114634 22 5 1500.000000
1.670118 22 18 1500.000000
1.711721 22 17 10000.000000
1.940759 22 3 1500.000000
2.178747 22 23 200000.000000
2.948837 22 9 4000000.000000
3.040384 22 0 4000000.000000
3.335050 22 15 3000000.000000
3.995507 22 8 100000.000000
4.210734 22 18 1500.000000
4.273422 22 24 10000.000000
4.368540 22 5 3000000.000000
5.048354 22 13 3000000.000000
5.179445 22 23 200000.000000
5.377252 22 15 1500.000000
5.642621 22 11 1500.000000
5.847027 22 10 3000000.000000
5.986500 22 7 1500.000000
6.072772 22 11 1000000.000000
6.452293 22 16 4000000.000000
6.999626 22 21 10000.000000
7.317516 22 22 200000.000000
8.682591 22 24 3000000.000000
9.158349 22 13 4000000.000000
9.201513 22 0 1000000.000000
9.334957 22 20 1500.000000
9.408290 22 19 1500.000000
9.540924 22 19 2000000.000000
9.659280 22 26 1500.000000
9.725454 22 4 200000.000000
9.845953 22 4 200000.000000
9.854007 22 8 10000.000000
10.061134 22 7 10000.000000
10.219603 22 4 3000000.000000
10.637583 22 15 1500.000000
11.927596 22 15 1500.000000
12.490029 22 8 1500.000000
12.653140 22 8 1500.000000
13.572838 22 26 2000000.000000
13.680057 22 26 1500.000000
14.051885 22 5 1500.000000
15.555559 22 2 1500.000000
15.613255 22 23 1500.000000
15.677890 22 23 200000.000000
15.747920 22 9 200000.000000
15.917617 22 10 1500.000000
16.264954 22 5 100000.000000
16.568483 22 17 3000000.000000
17.270168 22 12 1000000.000000
17.653593 22 19 1500.000000
17.667276 22 20 200000.000000
18.244988 22 15 200000.000000
18.449873 22 23 3000.000000
18.615149 22 23 200000.000000
18.919711 22 7 1500.000000
19.032183 22 16 1500.000000
19.052209 22 20 1500.000000
19.137598 22 3 1000000.000000
19.249370 22 12 200000.000000
19.411856 22 2 1500.000000
19.447006 22 16 1000000.000000
19.735110 22 13 200000.000000
19.917841 22 9 1000000.000000
19.932870 22 6 1500.000000
20.017576 22 3 1500.000000
20.116983 22 26 20000.000000
20.222163 22 12 1500.000000
20.559467 22 14 3000.000000
21.026476 22 16 10000.000000
21.775027 22 25 1000000.000000
22.021418 22 10 4000000.000000
22.362453 22 3 100000.000000
22.411000 22 5 200000.000000
22.627171 22 10 3000000.000000
22.654600 22 22 1000000.000000
22.866446 22 16 200000.000000
22.919196 22 2 200000.000000
23.002645 22 6 1500.000000
23.115025 22 23 1500.000000
23.164930 22 10 3000000.000000
23.409535 22 17 100000.000000
23.511031 22 12 20000.000000
23.549660 22 2 100000.000000
23.710989 22 26 1500.000000
23.789042 22 14 1500.000000
23.926272 22 20 1500.000000
23.927682 22 0 200000.000000
24.244751 22 17 100000.000000
24.603124 22 2 200000.000000
24.746393 22 0 200000.000000
25.164583 22 17 3000.000000
26.062942 22 26 3000.000000
26.587875 22 9 1500.000000
26.883573 22 9 3000000.000000
27.370769 22 23 1500.000000
28.263614 22 20 100000.000000
28.555393 22 19 1500.000000
28.738740 22 20 1500.000000
29.016435 22 20 1500.000000
29.135830 22 18 1000000.000000
29.166932 22 22 4000000.000000
29.190928 22 21 1500.000000
29.438931 22 23 1500.000000
29.448697 22 17 10000.000000
29.562450 22 6 100000.000000
0.008663 23 1 1500.000000
0.203948 23 13 10000.000000
0.309761 23 21 1500.000000
0.643511 23 11 10000.000000
1.273198 23 16 200000.000000
1.394339 23 13 1500.000000
1.572378 23 26 100000.000000
1.802137 23 20 3000.000000
2.098544 23 20 200000.000000
2.581736 23 1 1500.000000
2.727765 23 26 10000.000000
3.189113 23 0 4000000.000000
3.252915 23 9 1500.000000
3.752780 23 25 100000.000000
3.753260 23 0 1000000.000000
3.809924 23 6 1500.000000
3.924154 23 6 1500.000000
4.139219 23 18 1500.000000
4.249538 23 3 1500.000000
4.346468 23 9 200000.000000
4.726008 23 25 1500.000000
4.793790 23 23 1500.000000
4.885209 23 5 1500.000000
5.458802 23 6 1000000.000000
5.720945 23 7 1500.000000
6.107524 23 15 4000000.000000
6.395743 23 20 1500.000000
6.822385 23 20 4000000.000000
6.975093 23 1 1000000.000000
7.248626 23 2 200000.000000
7.597983 23 1 1500.000000
7.785780 23 8 1500.000000
8.275961 23 6 1500.000000
8.911425 23 13 1500.000000
8.955248 23 6 1500.000000
9.400054 23 7 4000000.000000
10.243910 23 23 4000000.000000
10.494140 23 7 1500.000000
11.047465 23 24 3000000.000000
11.102397 23 5 1500.000000
11.489012 23 9 3000000.000000
11.534685 23 16 10000.000000
11.845664 23 10 1500.000000
12.094316 23 5 1500.000000
12.104276 23 17 1500.000000
12.936387 23 18 4000000.000000
13.098121 23 21 200000.000000
13.514623 23 4 3000000.000000
14.050970 23 3 4000000.000000
14.083803 23 14 200000.000000
14.358779 23 7 200000.000000
14.394613 23 2 1500.000000
14.445591 23 2 1000000.000000
14.788865 23 20 4000000.000000
14.927393 23 11 4000000.000000
15.797505 23 20 100000.000000
15.954401 23 9 1500.000000
16.037660 23 24 4000000.000000
16.759119 23 23 10000.000000
17.314900 23 8 3000.000000
17.529096 23 26 3000.000000
18.295251 23 11 2000000.000000
18.508034 23 3 4000000.000000
18.528093 23 25 1000000.000000
18.616281 23 11 3000000.000000
19.158720 23 4 200000.000000
19.304035 23 12 10000.000000
19.351966 23 10 1000000.000000
19.390985 23 5 1500.000000
19.446157 23 19 3000000.000000
19.920783 23 18 20000.000000
20.449041 23 11 3000000.000000
20.930749 23 15 1500.000000
21.512496 23 24 1500.000000
21.802994 23 26 20000.000000
22.072436 23 14 1500.000000
22.178421 23 10 1500.000000
22.204771 23 7 4000000.000000
23.372658 23 19 1000000.000000
23.465963 23 25 200000.000000
23.915416 23 7 1500.000000
24.047957 23 26 200000.000000
24.498643 23 10 1500.000000
24.579981 23 0 1500.000000
24.872692 23 1 200000.000000
24.889975 23 21 1000000.000000
25.096464 23 25 1500.000000
25.201155 23 25 1000000.000000
25.515924 23 2 4000000.000000
25.832867 23 25 1500.000000
25.901603 23 7 200000.000000
26.188707 23 16 3000000.000000
26.560631 23 16 100000.000000
26.851721 23 9 1500.000000
26.966383 23 18 1500.000000
27.412286 23 16 4000000.000000
27.732566 23 11 1500.000000
27.927324 23 11 10000.000000
28.141326 23 24 1500.000000
28.563604 23 25 3000000.000000
28.714645 23 9 4000000.000000
28.730962 23 12 3000000.000000
28.869012 23 3 1000000.000000
29.007110 23 21 3000.000000
29.582248 23 23 4000000.000000
29.874779 23 24 1000000.000000
0.030898 24 10 200000.000000
0.316873 24 25 100000.000000
0.388421 24 26 100000.000000
0.405741 24 23 20000.000000
1.316216 24 5 100000.000000
1.501377 24 21 10000.000000
1.777158 24 16 100000.000000
1.858756 24 26 4000000.000000
1.888922 24 7 1500.000000
2.098318 24 16 1500.000000
2.122123 24 22 1500.000000
2.141263 24 13 100000.000000
2.514757 24 2 1500.000000
2.583750 24 21 100000.000000
2.809589 24 16 1500.000000
2.824452 24 6 1500.000000
2.846550 24 9 20000.000000
3.161045 24 14 3000.000000
3.540276 24 1 200000.000000
3.556424 24 5 1500.000000
3.681609 24 0 2000000.000000
3.769341 24 11 3000000.000000
3.848766 24 10 4000000.000000
3.973734 24 18 4000000.000000
4.272691 24 13 1500.000000
4.542538 24 23 1500.000000
4.923957 24 15 1500.000000
5.003476 24 12 200000.000000
5.497197 24 22 100000.000000
6.249383 24 20 100000.000000
6.516346 24 2 1500.000000
6.657302 24 16 4000000.000000
6.737474 24 8 1500.000000
7.054781 24 26 1500.000000
7.182149 24 19 1500.000000
7.204581 24 21 100000.000000
7.410820 24 8 3000000.000000
7.633385 24 25 3000.000000
7.673310 24 5 3000000.000000
7.770402 24 14 1500.000000
8.244437 24 3 200000.000000
8.666095 24 5 100000.000000
8.783262 24 25 100000.000000
8.957546 24 24 1500.000000
9.364253 24 13 4000000.000000
9.874172 24 21 10000.000000
10.316551 24 10 20000.000000
10.653613 24 5 100000.000000
10.828582 24 4 200000.000000
10.921497 24 6 1500.000000
11.109558 24 13 3000000.000000
11.157103 24 21 1500.000000
12.191554 24 23 1500.000000
12.244018 24 3 20000.000000
12.454247 24 10 100000.000000
12.516103 24 25 1500.000000
13.500319 24 17 1000000.000000
14.271662 24 20 1500.000000
14.374874 24 25 4000000.000000
14.745481 24 24 100000.000000
15.158246 24 12 1500.000000
15.172397 24 5 4000000.000000
15.310659 24 3 1500.000000
16.389768 24 2 4000000.000000
17.482249 24 4 100000.000000
17.722758 24 8 3000000.000000
17.965022 24 15 3000.000000
18.195789 24 12 200000.000000
18.622165 24 12 10000.000000
18.662938 24 6 1000000.000000
19.168511 24 11 20000.000000
19.372874 24 13 4000000.000000
19.462356 24 12 3000000.000000
20.024608 24 21 200000.000000
20.386578 24 12 1500.000000
20.393317 24 11 1000000.000000
20.598792 24 26 1500.000000
20.867856 24 8 1500.000000
20.905795 24 0 1500.000000
20.955087 24 14 1500.000000
21.170846 24 24 200000.000000
21.288325 24 21 1000000.000000
21.356395 24 4 200000.000000
21.638120 24 17 200000.000000
21.921110 24 16 100000.000000
22.163675 24 0 1000000.000000
22.304075 24 17 1500.000000
22.433351 24 6 3000.000000
22.843165 24 8 200000.000000
22.985989 24 14 1500.000000
23.340039 24 24 1000000.000000
23.589851 24 6 1500.000000
24.232113 24 4 4000000.000000
24.325697 24 15 4000000.000000
24.599198 24 2 1500.000000
24.941891 24 24 10000.000000
25.157645 24 3 4000000.000000
25.653442 24 6 3000000.000000
25.789440 24 19 200000.000000
27.546100 24 12 3000000.000000
27.677364 24 10 3000.000000
28.449198 24 14 3000000.000000
28.769143 24 14 1500.000000
28.881845 24 8 4000000.000000
28.953130 24 26 1500.000000
29.181826 24 4 1500.000000
29.354042 24 26 1500.000000
29.670732 24 9 3000000.000000
29.925925 24 2 4000000.000000
29.950975 24 23 3000000.000000
0.165136 25 15 4000000.000000
0.197110 25 10 4000000.000000
0.236867 25 0 1500.000000
0.264360 25 15 1500.000000
0.759149 25 2 1500.000000
1.230630 25 18 3000.000000
1.267101 25 2 100000.000000
2.346161 25 7 1500.000000
2.378867 25 15 10000.000000
2.387953 25 17 3000.000000
2.732991 25 0 10000.000000
2.788037 25 16 1500.000000
3.253941 25 10 4000000.000000
3.929088 25 18 3000.000000
5.698867 25 22 3000000.000000
5.749235 25 23 20000.000000
6.258762 25 7 200000.000000
6.315325 25 19 1500.000000
6.975704 25 11 1500.000000
7.297029 25 5 3000000.000000
7.568402 25 24 4000000.000000
7.637462 25 4 4000000.000000
8.065675 25 7 4000000.000000
8.522427 25 22 10000.000000
8.884997 25 16 3000.000000
9.935206 25 15 20000.000000
9.949722 25 23 10000.000000
10.047590 25 4 4000000.000000
10.073096 25 19 100000.000000
10.305949 25 25 1000000.000000
11.208970 25 9 200000.000000
11.292972 25 4 3000000.000000
11.436469 25 0 1000000.000000
11.947134 25 17 4000000.000000
11.972829 25 19 1500.000000
12.000133 25 3 200000.000000
12.083080 25 24 20000.000000
12.281613 25 22 4000000.000000
12.460859 25 24 1500.000000
12.494872 25 16 3000000.000000
13.611230 25 18 1000000.000000
13.684575 25 2 1500.000000
14.164783 25 14 4000000.000000
14.263585 25 0 1500.000000
14.493842 25 17 100000.000000
14.529035 25 0 100000.000000
15.107828 25 8 1500.000000
15.355209 25 9 20000.000000
15.431983 25 16 4000000.000000
15.764421 25 24 3000000.000000
16.033715 25 1 1500.000000
16.108987 25 3 20000.000000
16.379361 25 14 1500.000000
16.819374 25 19 1500.000000
17.444105 25 15 10000.000000
17.506909 25 25 100000.000000
17.666134 25 6 1000000.000000
18.030728 25 0 10000.000000
18.423208 25 12 1500.000000
18.902075 25 22 1000000.000000
18.909888 25 14 10000.000000
19.171587 25 23 2000000.000000
19.526209 25 4 1500.000000
19.589318 25 19 4000000.000000
20.880502 25 10 1500.000000
21.175467 25 6 200000.000000
21.287745 25 22 3000000.000000
21.450332 25 15 1500.000000
21.529697 25 8 1500.000000
22.214424 25 21 1000000.000000
22.501391 25 9 200000.000000
23.350413 25 9 1500.000000
23.585766 25 24 1500.000000
23.714013 25 14 100000.000000
23.850200 25 25 1500.000000
24.012706 25 17 1500.000000
24.528694 25 9 200000.000000
24.905708 25 12 1500.000000
25.096559 25 23 10000.000000
25.467581 25 22 10000.000000
25.647730 25 25 100000.000000
25.701256 25 23 20000.000000
25.717992 25 1 1000000.000000
25.964973 25 19 4000000.000000
26.065723 25 23 1500.000000
26.142260 25 11 3000000.000000
26.495200 25 10 1500.000000
26.578926 25 10 1000000.000000
26.861712 25 18 10000.000000
26.892529 25 22 1500.000000
27.037872 25 12 200000.000000
27.124411 25 22 3000000.000000
27.276837 25 3 1500.000000
27.681496 25 24 200000.000000
27.764796 25 16 3000000.000000
27.894749 25 12 100000.000000
28.216608 25 26 200000.000000
28.441736 25 25 1500.000000
28.456448 25 25 1500.000000
28.605214 25 15 1500.000000
28.656774 25 20 1500.000000
28.712651 25 16 200000.000000
0.706473 26 9 1500.000000
1.150356 26 16 4000000.000000
2.285882 26 17 1000000.000000
2.711664 26 11 4000000.000000
4.006150 26 13 4000000.000000
4.050059 26 13 1000000.000000
4.214289 26 19 20000.000000
4.931463 26 22 3000.000000
4.945965 26 23 4000000.000000
5.093282 26 12 200000.000000
5.124260 26 20 20000.000000
5.195047 26 1 10000.000000
5.548310 26 6 200000.000000
6.554295 26 2 3000.000000
6.696074 26 5 1000000.000000
6.717107 26 7 3000000.000000
7.633876 26 22 4000000.000000
7.693545 26 8 1000000.000000
7.753374 26 9 3000000.000000
8.196946 26 15 1500.000000
8.200933 26 15 1500.000000
8.349620 26 1 1500.000000
8.741901 26 5 1500.000000
8.960898 26 4 3000000.000000
9.144425 26 19 1500.000000
9.981109 26 2 200000.000000
10.236651 26 5 4000000.000000
10.484350 26 20 200000.000000
10.530647 26 25 1000000.000000
10.717994 26 15 1500.000000
11.247114 26 2 100000.000000
11.364339 26 22 100000.000000
11.617011 26 20 1500.000000
11.663600 26 10 200000.000000
12.323717 26 1 100000.000000
12.438482 26 2 1500.000000
12.556707 26 20 1500.000000
12.561571 26 12 1500.000000
12.615980 26 16 200000.000000
12.707531 26 15 1500.000000
13.335901 26 12 100000.000000
13.395061 26 0 3000000.000000
13.493900 26 11 1500.000000
13.530331 26 7 1500.000000
13.738520 26 16 100000.000000
13.848104 26 18 2000000.000000
14.007923 26 18 1500.000000
14.425208 26 5 1500.000000
15.037988 26 22 1500.000000
15.041510 26 7 1500.000000
15.444644 26 2 200000.000000
15.962892 26 2 3000000.000000
16.517765 26 3 1500.000000
16.670071 26 9 10000.000000
16.895164 26 10 100000.000000
17.632975 26 22 1000000.000000
18.207716 26 20 1000000.000000
18.631784 26 17 1500.000000
19.813013 26 16 200000.000000
19.866815 26 3 1500.000000
19.975460 26 9 200000.000000
20.523761 26 12 4000000.000000
20.676101 26 23 1000000.000000
20.889805 26 17 3000000.000000
21.103495 26 21 200000.000000
22.133722 26 5 200000.000000
22.647744 26 12 200000.000000
23.180872 26 7 1500.000000
23.426214 26 11 100000.000000
23.427075 26 13 3000000.000000
23.723925 26 19 1500.000000
23.846351 26 5 1000000.000000
23.913060 26 20 1000000.000000
24.228738 26 6 2000000.000000
24.351187 26 25 200000.000000
24.537014 26 3 100000.000000
24.581278 26 8 1500.000000
24.582028 26 24 100000.000000
25.264464 26 11 200000.000000
25.457923 26 1 200000.000000
25.496542 26 16 3000.000000
25.804903 26 7 200000.000000
26.626519 26 14 3000.000000
26.819377 26 6 4000000.000000
26.840583 26 9 3000000.000000
26.963517 26 9 1500.000000
27.442415 26 6 4000000.000000
27.742538 26 2 1500.000000
27.884105 26 4 1000000.000000
28.347828 26 24 1500.000000
28.500966 26 11 4000000.000000
28.511056 26 10 1500.000000
28.604181 26 9 1000000.000000
29.146346 26 2 4000000.000000
29.231340 26 10 1500.000000
29.425132 26 4 2000000.000000
29.633951 26 15 3000000.000000
29.747842 26 2 1000000.000000
29.909274 26 14 3000000.000000
29.992128 26 5 200000.000000
