1.538954 0 17 1500.000000
1.962703 0 9 1500.000000
1.997800 0 10 1500.000000
3.810286 0 6 1500.000000
7.468100 0 4 1500.000000
7.478805 0 23 3000000.000000
9.714040 0 9 3000000.000000
10.020402 0 21 3000000.000000
11.597103 0 24 1500.000000
12.181447 0 1 1500.000000
13.054690 0 11 200000.000000
13.089621 0 12 1500.000000
13.511895 0 12 1500.000000
13.646765 0 23 100000.000000
14.117074 0 7 200000.000000
14.596257 0 10 20000.000000
15.344914 0 1 1500.000000
15.411543 0 1 1500.000000
16.063911 0 11 1000000.000000
16.477323 0 21 100000.000000
18.077322 0 2 1000000.000000
18.682657 0 14 10000.000000
20.500280 0 12 200000.000000
20.961772 0 23 1500.000000
21.109206 0 11 1500.000000
21.334716 0 11 4000000.000000
21.737049 0 22 1500.000000
21.757109 0 10 100000.000000
21.951238 0 8 1500.000000
22.195224 0 20 1500.000000
22.660320 0 26 1500.000000
22.960263 0 18 100000.000000
23.512165 0 12 200000.000000
23.617401 0 1 1500.000000
23.949526 0 21 4000000.000000
25.512724 0 0 20000.000000
26.355233 0 19 100000.000000
27.146665 0 8 3000000.000000
27.948138 0 0 200000.000000
1.483549 1 19 100000.000000
1.949771 1 8 1500.000000
3.022643 1 13 1500.000000
4.906338 1 5 100000.000000
6.029554 1 15 1500.000000
6.933706 1 7 1500.000000
7.557629 1 6 1000000.000000
9.676308 1 12 1500.000000
10.738134 1 12 1500.000000
11.540941 1 22 1500.000000
11.817086 1 25 3000000.000000
12.276432 1 26 1500.000000
12.386827 1 2 100000.000000
12.460238 1 2 1500.000000
12.725198 1 0 1500.000000
15.562525 1 20 1500.000000
16.520978 1 20 1500.000000
17.303027 1 1 1500.000000
17.397383 1 9 1500.000000
17.546733 1 18 1500.000000
18.008677 1 24 4000000.000000
18.398530 1 7 1500.000000
18.745502 1 9 20000.000000
18.919364 1 17 100000.000000
20.986430 1 11 1500.000000
21.275050 1 14 1500.000000
21.487637 1 7 1500.000000
22.642561 1 24 10000.000000
22.674669 1 9 1500.000000
23.837450 1 9 100000.000000
23.946844 1 8 1500.000000
24.646842 1 23 1500.000000
24.935244 1 9 1000000.000000
25.795456 1 23 2000000.000000
25.885125 1 8 4000000.000000
26.464665 1 5 100000.000000
27.620894 1 17 1500.000000
27.907590 1 8 1500.000000
29.433637 1 26 4000000.000000
29.762159 1 26 10000.000000
0.205590 2 17 200000.000000
1.307603 2 19 1500.000000
1.614274 2 15 200000.000000
3.380667 2 23 4000000.000000
3.882553 2 6 1000000.000000
3.988475 2 1 3000.000000
4.215266 2 12 1500.000000
6.157803 2 4 3000000.000000
11.358326 2 10 1000000.000000
12.969483 2 18 10000.000000
14.799763 2 3 100000.000000
15.213008 2 12 1000000.000000
15.719414 2 14 3000000.000000
16.102441 2 8 3000.000000
16.237561 2 24 1500.000000
17.805257 2 23 3000.000000
20.781959 2 10 3000000.000000
22.475276 2 17 1500.000000
23.304642 2 10 10000.000000
23.915584 2 1 4000000.000000
24.097520 2 23 1500.000000
24.386728 2 8 200000.000000
25.455249 2 15 10000.000000
27.598835 2 8 1500.000000
28.278464 2 17 1000000.000000
28.518706 2 5 100000.000000
29.249320 2 22 200000.000000
29.352722 2 18 1500.000000
29.708687 2 16 1000000.000000
29.860613 2 11 3000.000000
0.301803 3 13 1000000.000000
0.479556 3 6 10000.000000
1.409824 3 17 1000000.000000
2.111172 3 0 200000.000000
2.764511 3 25 3000000.000000
5.152934 3 22 3000000.000000
6.036971 3 20 4000000.000000
7.993474 3 7 1500.000000
8.066200 3 10 4000000.000000
9.470771 3 23 1500.000000
10.838830 3 3 200000.000000
11.206014 3 26 1500.000000
11.697800 3 24 1500.000000
11.886868 3 13 10000.000000
13.224618 3 22 3000.000000
13.355220 3 16 1500.000000
14.019795 3 21 1500.000000
14.884587 3 10 1500.000000
16.063925 3 7 20000.000000
16.149683 3 1 1500.000000
16.392325 3 1 1500.000000
16.725362 3 4 1500.000000
17.052974 3 4 1500.000000
19.436329 3 20 1500.000000
20.046196 3 16 1500.000000
20.902024 3 20 4000000.000000
21.081774 3 23 1500.000000
21.207127 3 7 1000000.000000
21.385575 3 25 4000000.000000
21.871286 3 12 100000.000000
21.999477 3 19 100000.000000
22.294520 3 7 1500.000000
24.047991 3 1 200000.000000
24.320256 3 3 100000.000000
24.340439 3 17 200000.000000
24.350884 3 18 20000.000000
24.827823 3 5 4000000.000000
25.215318 3 13 1500.000000
25.390119 3 23 20000.000000
26.759187 3 2 20000.000000
26.936145 3 1 3000000.000000
27.351060 3 4 1500.000000
27.418490 3 3 10000.000000
28.486986 3 23 1500.000000
29.198692 3 22 10000.000000
29.438346 3 16 3000000.000000
4.768980 4 15 1500.000000
5.690303 4 5 200000.000000
5.708871 4 3 1500.000000
6.383963 4 3 1500.000000
6.405602 4 17 3000000.000000
6.985184 4 12 10000.000000
7.869612 4 17 4000000.000000
8.635477 4 21 10000.000000
9.035898 4 10 20000.000000
9.917607 4 14 200000.000000
10.915851 4 23 3000000.000000
11.226794 4 13 100000.000000
11.444671 4 20 3000.000000
12.021777 4 5 1000000.000000
12.188207 4 24 1000000.000000
12.800419 4 18 1500.000000
13.427119 4 19 4000000.000000
13.534863 4 7 3000.000000
16.244417 4 10 1500.000000
16.611871 4 5 3000000.000000
16.939035 4 6 200000.000000
17.020710 4 12 1500.000000
17.536730 4 4 4000000.000000
19.898695 4 15 100000.000000
22.804620 4 7 200000.000000
23.310046 4 3 1500.000000
24.581249 4 21 3000000.000000
24.762514 4 18 3000000.000000
25.328309 4 16 200000.000000
25.390595 4 7 1500.000000
25.432313 4 7 200000.000000
26.538112 4 14 3000000.000000
26.896140 4 0 4000000.000000
27.403679 4 11 1500.000000
28.271476 4 22 1500.000000
28.361354 4 26 1500.000000
28.855011 4 22 10000.000000
29.147084 4 2 4000000.000000
29.433229 4 22 1500.000000
0.494730 5 8 2000000.000000
0.563454 5 20 1000000.000000
0.828685 5 10 4000000.000000
1.325376 5 6 4000000.000000
2.836848 5 23 3000000.000000
2.877637 5 14 20000.000000
3.396127 5 24 1500.000000
4.085863 5 18 4000000.000000
4.392302 5 10 3000000.000000
5.372483 5 12 3000000.000000
6.510296 5 17 10000.000000
6.860812 5 15 1000000.000000
7.378545 5 13 100000.000000
10.604897 5 6 1500.000000
11.192195 5 14 100000.000000
12.322963 5 6 1500.000000
12.344441 5 20 20000.000000
12.979394 5 12 1500.000000
14.374490 5 7 4000000.000000
14.658693 5 21 1500.000000
14.795547 5 3 1000000.000000
15.241671 5 7 3000.000000
16.052087 5 18 10000.000000
16.386643 5 6 3000000.000000
16.448217 5 5 1500.000000
16.751239 5 0 4000000.000000
16.949170 5 3 3000.000000
17.470052 5 16 1000000.000000
18.130871 5 14 10000.000000
18.865235 5 5 1500.000000
18.916413 5 24 3000.000000
19.024632 5 2 4000000.000000
19.113219 5 4 1500.000000
20.262259 5 25 1500.000000
21.290240 5 22 1500.000000
21.663105 5 4 3000000.000000
22.031497 5 0 3000000.000000
23.152385 5 3 200000.000000
23.898098 5 25 100000.000000
24.142142 5 9 1500.000000
24.616860 5 17 3000000.000000
26.723959 5 3 3000000.000000
26.777143 5 14 3000000.000000
29.654074 5 26 200000.000000
29.905622 5 4 2000000.000000
0.896876 6 9 1500.000000
1.154287 6 9 3000.000000
1.769670 6 23 1500.000000
2.392137 6 15 1000000.000000
2.527283 6 14 10000.000000
2.930411 6 14 1500.000000
3.307642 6 24 1500.000000
5.361975 6 18 1500.000000
5.720732 6 11 3000000.000000
6.359900 6 26 3000000.000000
6.965528 6 24 3000000.000000
7.357387 6 9 200000.000000
7.480227 6 16 1500.000000
8.751737 6 24 3000000.000000
8.991805 6 14 1000000.000000
11.077315 6 25 10000.000000
11.357838 6 18 1500.000000
12.430127 6 24 2000000.000000
12.485174 6 21 1500.000000
13.172134 6 14 4000000.000000
13.293931 6 11 3000000.000000
13.433433 6 15 100000.000000
13.598405 6 20 100000.000000
13.839907 6 13 3000000.000000
15.460883 6 11 1000000.000000
16.002536 6 20 1500.000000
16.301859 6 8 100000.000000
17.089146 6 13 3000000.000000
18.772269 6 14 200000.000000
18.817613 6 17 1500.000000
19.275749 6 1 1500.000000
22.979935 6 14 100000.000000
23.394006 6 12 100000.000000
23.768708 6 12 1500.000000
24.847095 6 12 10000.000000
25.779693 6 19 100000.000000
27.094031 6 16 1000000.000000
29.032920 6 9 3000000.000000
29.369932 6 2 1500.000000
0.410266 7 19 1500.000000
2.287740 7 14 20000.000000
3.431237 7 26 200000.000000
4.237503 7 19 100000.000000
4.476217 7 24 100000.000000
4.482709 7 0 1000000.000000
4.506610 7 25 200000.000000
4.589148 7 8 100000.000000
5.053143 7 10 3000000.000000
6.921420 7 13 1500.000000
7.682874 7 15 4000000.000000
8.113278 7 10 200000.000000
8.345691 7 11 1500.000000
8.711866 7 19 100000.000000
9.230686 7 13 1000000.000000
11.417450 7 5 3000.000000
15.216150 7 12 1500.000000
15.755793 7 23 10000.000000
17.775905 7 19 4000000.000000
20.223216 7 17 4000000.000000
20.687044 7 23 1500.000000
21.294633 7 9 3000.000000
21.441987 7 19 1500.000000
22.090271 7 22 1000000.000000
22.912724 7 26 1500.000000
24.755235 7 2 1500.000000
24.819342 7 12 2000000.000000
24.873907 7 26 200000.000000
27.399511 7 16 1500.000000
28.869987 7 5 1500.000000
29.636948 7 1 200000.000000
29.953423 7 24 100000.000000
0.655475 8 8 200000.000000
0.873373 8 2 1500.000000
1.677225 8 10 100000.000000
1.900199 8 22 100000.000000
1.972028 8 9 100000.000000
3.486497 8 5 1500.000000
3.537617 8 26 10000.000000
4.212582 8 24 1500.000000
4.826941 8 14 1500.000000
5.126551 8 1 1500.000000
6.074270 8 16 100000.000000
6.949110 8 11 1500.000000
7.100642 8 7 1000000.000000
7.122891 8 8 1000000.000000
7.615826 8 5 2000000.000000
7.715673 8 26 1000000.000000
7.929904 8 26 1500.000000
9.258964 8 20 100000.000000
9.599007 8 9 3000000.000000
10.719613 8 20 200000.000000
10.928467 8 25 1500.000000
11.712193 8 14 1000000.000000
11.828493 8 4 4000000.000000
12.523473 8 12 200000.000000
13.251444 8 0 1500.000000
13.463231 8 6 3000.000000
14.005814 8 19 1500.000000
14.120890 8 11 3000000.000000
14.281738 8 11 200000.000000
14.348957 8 13 1500.000000
14.390611 8 14 10000.000000
15.556299 8 9 10000.000000
15.905173 8 3 1000000.000000
16.386244 8 1 200000.000000
17.650351 8 6 200000.000000
18.290846 8 9 20000.000000
18.389288 8 9 1500.000000
19.444522 8 7 10000.000000
19.456379 8 25 1500.000000
19.950079 8 20 20000.000000
22.972286 8 10 10000.000000
23.402392 8 20 1500.000000
23.461808 8 21 20000.000000
24.256998 8 7 1000000.000000
24.566751 8 24 3000000.000000
25.015778 8 11 1500.000000
26.966211 8 10 1500.000000
27.484723 8 14 20000.000000
27.517691 8 11 1500.000000
28.265086 8 4 100000.000000
28.501585 8 14 3000000.000000
29.530800 8 0 1000000.000000
0.213810 9 15 3000000.000000
0.487928 9 25 3000000.000000
0.679609 9 15 1000000.000000
1.153754 9 17 1500.000000
3.405313 9 22 1000000.000000
4.141474 9 17 4000000.000000
6.157938 9 4 200000.000000
6.943017 9 22 3000000.000000
7.067442 9 6 1500.000000
7.815866 9 2 1500.000000
8.729659 9 0 1500.000000
9.731305 9 8 4000000.000000
10.918826 9 9 3000000.000000
13.033546 9 18 2000000.000000
13.426956 9 4 1500.000000
14.079746 9 9 10000.000000
14.149706 9 15 200000.000000
15.297211 9 22 4000000.000000
15.946979 9 15 1500.000000
16.056252 9 19 1500.000000
16.921194 9 0 1500.000000
17.218873 9 16 1500.000000
17.269345 9 23 200000.000000
18.988321 9 23 3000.000000
20.344863 9 7 1000000.000000
20.409599 9 24 10000.000000
21.203747 9 20 4000000.000000
21.513936 9 23 4000000.000000
21.615792 9 7 4000000.000000
21.646207 9 15 1500.000000
21.796184 9 12 1000000.000000
23.601645 9 20 100000.000000
23.741080 9 22 3000000.000000
24.316779 9 9 3000000.000000
25.501541 9 5 1500.000000
26.835977 9 26 1500.000000
27.549334 9 16 4000000.000000
28.215058 9 26 1500.000000
28.445121 9 16 100000.000000
29.006969 9 19 1500.000000
29.126653 9 26 1500.000000
29.953557 9 8 1500.000000
0.719386 10 1 100000.000000
1.396852 10 10 3000000.000000
1.503962 10 9 20000.000000
1.567862 10 9 1500.000000
1.730589 10 2 4000000.000000
4.437742 10 15 1500.000000
5.283563 10 22 1000000.000000
5.670689 10 12 10000.000000
7.325251 10 4 20000.000000
7.682878 10 10 1500.000000
8.186548 10 6 20000.000000
8.696435 10 21 1500.000000
9.705865 10 10 3000000.000000
9.902557 10 24 3000.000000
11.332626 10 20 10000.000000
11.663820 10 17 1500.000000
13.002894 10 26 1500.000000
13.021710 10 18 100000.000000
13.236281 10 5 1500.000000
13.605272 10 7 1000000.000000
13.884135 10 7 3000000.000000
14.270640 10 9 1500.000000
14.521542 10 10 3000000.000000
16.892200 10 18 100000.000000
17.253931 10 11 100000.000000
17.378106 10 24 3000000.000000
17.409632 10 17 1500.000000
18.130250 10 2 1500.000000
19.259876 10 5 1500.000000
19.629111 10 26 10000.000000
20.469913 10 4 1000000.000000
20.960885 10 24 1000000.000000
21.787642 10 22 4000000.000000
22.101702 10 17 1000000.000000
22.158306 10 21 20000.000000
23.508336 10 12 1500.000000
24.627310 10 26 1500.000000
25.812032 10 9 4000000.000000
26.145287 10 5 1000000.000000
26.643528 10 12 100000.000000
27.226020 10 8 1500.000000
27.552849 10 7 3000.000000
27.848919 10 17 4000000.000000
28.952228 10 14 1000000.000000
0.067394 11 24 100000.000000
0.324869 11 26 1500.000000
0.539889 11 8 1000000.000000
0.768659 11 10 1500.000000
1.767686 11 1 1500.000000
2.011163 11 9 100000.000000
2.204029 11 15 2000000.000000
2.269023 11 3 1500.000000
2.747779 11 5 3000.000000
3.977002 11 12 4000000.000000
4.891762 11 2 200000.000000
5.615099 11 15 4000000.000000
6.139183 11 12 20000.000000
10.419189 11 24 1500.000000
10.757210 11 9 3000000.000000
10.851470 11 13 3000000.000000
11.311192 11 3 3000.000000
12.471749 11 24 200000.000000
12.612737 11 25 4000000.000000
13.827207 11 4 3000.000000
13.827654 11 24 200000.000000
14.278163 11 0 4000000.000000
14.573022 11 23 1500.000000
14.631075 11 4 1500.000000
15.285280 11 5 200000.000000
16.188820 11 16 200000.000000
16.267583 11 8 1500.000000
17.836093 11 23 1500.000000
17.839709 11 5 20000.000000
18.548483 11 11 1500.000000
18.585675 11 10 1000000.000000
18.690283 11 26 1500.000000
19.907431 11 10 20000.000000
20.550364 11 14 1500.000000
22.049582 11 20 1000000.000000
22.141756 11 23 1500.000000
22.195472 11 9 200000.000000
22.697003 11 8 3000000.000000
24.528144 11 5 1000000.000000
25.085355 11 12 10000.000000
26.158319 11 7 100000.000000
27.299761 11 23 1500.000000
27.332534 11 23 3000000.000000
27.838919 11 24 200000.000000
28.278925 11 6 1500.000000
28.803575 11 21 1500.000000
29.130290 11 5 1000000.000000
29.437875 11 9 200000.000000
0.026241 12 6 20000.000000
0.153536 12 1 1000000.000000
1.140354 12 20 1500.000000
1.240817 12 22 200000.000000
3.313966 12 0 200000.000000
3.838986 12 24 1500.000000
4.940034 12 20 100000.000000
5.255889 12 5 3000000.000000
5.327966 12 1 3000000.000000
5.763125 12 4 1500.000000
5.912542 12 25 1000000.000000
6.778223 12 19 1500.000000
7.202686 12 9 1000000.000000
7.906527 12 10 100000.000000
8.804465 12 13 1000000.000000
11.601444 12 8 1500.000000
11.660583 12 5 3000000.000000
11.848766 12 24 1500.000000
12.827398 12 13 200000.000000
14.204273 12 5 20000.000000
14.872796 12 0 3000000.000000
16.520956 12 23 1500.000000
17.671176 12 18 100000.000000
17.880891 12 26 1500.000000
18.440093 12 18 1500.000000
18.826436 12 10 1500.000000
18.848235 12 5 1500.000000
23.159742 12 10 10000.000000
23.199238 12 21 10000.000000
23.456691 12 7 1500.000000
25.706969 12 13 1500.000000
26.297954 12 16 4000000.000000
27.032085 12 4 1500.000000
29.312954 12 21 1500.000000
29.505877 12 10 1500.000000
29.808709 12 8 100000.000000
29.891253 12 7 1500.000000
29.943403 12 24 1500.000000
1.234355 13 22 1000000.000000
1.906831 13 11 1500.000000
1.961340 13 0 20000.000000
2.076742 13 19 3000.000000
3.029966 13 13 3000.000000
3.570286 13 24 4000000.000000
3.810917 13 22 3000000.000000
4.408809 13 15 100000.000000
4.876957 13 10 1500.000000
6.393142 13 20 10000.000000
7.595163 13 22 100000.000000
7.893974 13 20 200000.000000
8.278834 13 19 4000000.000000
8.823319 13 9 3000.000000
10.339607 13 10 1500.000000
10.467171 13 3 200000.000000
10.514427 13 3 1500.000000
11.441736 13 8 1500.000000
12.889275 13 25 4000000.000000
13.181738 13 13 3000.000000
13.275899 13 2 20000.000000
14.113466 13 18 200000.000000
14.643122 13 4 4000000.000000
14.769621 13 11 100000.000000
14.892380 13 4 1500.000000
18.997784 13 17 100000.000000
22.097748 13 8 1000000.000000
22.577706 13 25 1500.000000
24.295407 13 5 100000.000000
24.466856 13 4 3000000.000000
25.506512 13 3 10000.000000
27.022708 13 10 10000.000000
28.770375 13 0 1500.000000
29.131327 13 14 1500.000000
0.830030 14 18 3000000.000000
4.911663 14 25 1500.000000
5.198672 14 15 3000000.000000
5.344362 14 23 1000000.000000
5.531543 14 17 200000.000000
5.766355 14 23 4000000.000000
6.040180 14 16 4000000.000000
6.798428 14 10 200000.000000
7.299432 14 2 3000000.000000
7.540249 14 2 10000.000000
7.758169 14 21 200000.000000
8.389592 14 13 1500.000000
9.292536 14 19 3000000.000000
9.961903 14 8 1500.000000
10.853647 14 4 1000000.000000
11.956939 14 6 10000.000000
12.266244 14 0 200000.000000
12.432641 14 5 1500.000000
12.876236 14 10 1500.000000
14.116186 14 8 2000000.000000
17.663072 14 13 1500.000000
19.822115 14 10 100000.000000
19.887387 14 24 3000.000000
20.580086 14 5 1500.000000
21.988831 14 7 3000.000000
22.250390 14 12 1500.000000
22.757143 14 19 10000.000000
23.752829 14 25 1500.000000
25.752324 14 0 1000000.000000
26.177995 14 20 3000.000000
26.368513 14 17 1500.000000
27.149260 14 15 100000.000000
27.688797 14 20 100000.000000
27.708451 14 21 1000000.000000
27.996036 14 15 3000000.000000
29.318031 14 8 1500.000000
0.600263 15 24 3000000.000000
0.823947 15 9 1500.000000
1.287598 15 17 4000000.000000
1.360671 15 25 100000.000000
1.741154 15 10 20000.000000
2.103333 15 14 3000.000000
2.840857 15 14 1500.000000
3.291524 15 4 1000000.000000
4.078752 15 23 3000.000000
4.620511 15 7 1000000.000000
4.850172 15 2 100000.000000
4.988503 15 8 200000.000000
5.666888 15 21 4000000.000000
5.911649 15 20 1500.000000
6.495638 15 6 10000.000000
6.728295 15 0 1500.000000
6.815007 15 26 200000.000000
6.921939 15 2 1500.000000
7.087800 15 12 200000.000000
8.516950 15 19 10000.000000
8.900856 15 0 10000.000000
9.996421 15 4 1500.000000
10.885007 15 8 4000000.000000
11.794987 15 18 1500.000000
12.423860 15 10 100000.000000
15.344746 15 7 1000000.000000
15.551488 15 0 1500.000000
16.719007 15 14 1500.000000
17.003883 15 7 3000000.000000
18.349070 15 20 10000.000000
18.386611 15 25 100000.000000
18.439664 15 21 1500.000000
18.589009 15 8 1500.000000
20.567424 15 19 1500.000000
20.597706 15 13 10000.000000
22.204795 15 22 4000000.000000
23.042924 15 17 20000.000000
23.621819 15 6 3000000.000000
23.802627 15 12 4000000.000000
23.856085 15 19 1000000.000000
25.116297 15 13 100000.000000
25.372977 15 24 20000.000000
26.230280 15 19 4000000.000000
27.214704 15 23 20000.000000
27.380695 15 19 1500.000000
27.690693 15 18 100000.000000
27.770891 15 5 200000.000000
27.839754 15 20 20000.000000
28.149360 15 14 4000000.000000
28.525553 15 23 100000.000000
28.649423 15 12 4000000.000000
28.748437 15 19 1000000.000000
29.175360 15 22 1500.000000
0.537360 16 17 3000000.000000
2.143766 16 12 1500.000000
2.175579 16 3 20000.000000
3.305734 16 2 100000.000000
3.685737 16 0 100000.000000
3.811625 16 1 100000.000000
4.238829 16 26 3000000.000000
4.436638 16 8 1500.000000
5.468580 16 15 200000.000000
7.133954 16 20 1000000.000000
7.322465 16 15 100000.000000
7.649638 16 9 3000.000000
7.807044 16 24 200000.000000
9.717559 16 8 1500.000000
11.027695 16 13 1500.000000
11.119233 16 19 100000.000000
11.331460 16 0 1500.000000
12.263680 16 17 1500.000000
13.075271 16 19 100000.000000
15.742794 16 20 1500.000000
16.802857 16 18 3000.000000
17.421826 16 11 200000.000000
19.154729 16 3 1000000.000000
20.623249 16 25 1500.000000
20.726340 16 21 10000.000000
21.290579 16 5 100000.000000
21.396267 16 3 1500.000000
22.547218 16 10 1500.000000
23.140242 16 14 1500.000000
23.507628 16 21 10000.000000
24.549982 16 23 1500.000000
25.464737 16 8 1500.000000
26.877694 16 19 3000000.000000
27.855068 16 16 3000000.000000
28.432474 16 22 200000.000000
29.467765 16 9 1500.000000
29.486388 16 8 200000.000000
29.692149 16 9 3000.000000
0.094475 17 1 3000000.000000
0.146888 17 7 1000000.000000
1.101293 17 3 3000000.000000
1.711514 17 5 3000.000000
1.953108 17 16 1500.000000
2.681919 17 12 1500.000000
3.018573 17 23 10000.000000
3.030116 17 19 200000.000000
5.840150 17 10 1000000.000000
6.526104 17 21 200000.000000
6.727045 17 14 1500.000000
7.405451 17 18 4000000.000000
8.231195 17 24 1500.000000
11.289740 17 0 4000000.000000
11.399196 17 26 1500.000000
13.052103 17 5 1500.000000
13.063143 17 6 1500.000000
15.036395 17 23 4000000.000000
15.563481 17 25 3000000.000000
17.509210 17 22 100000.000000
18.537180 17 22 4000000.000000
18.800016 17 6 3000.000000
19.757827 17 3 3000000.000000
20.796714 17 16 100000.000000
20.819823 17 14 20000.000000
21.677128 17 9 1000000.000000
21.878268 17 9 1000000.000000
21.954643 17 26 100000.000000
22.795131 17 7 1000000.000000
22.985433 17 0 1500.000000
24.074144 17 9 1000000.000000
24.579139 17 7 100000.000000
25.097122 17 6 1500.000000
25.230949 17 4 200000.000000
27.931383 17 26 10000.000000
28.468289 17 23 1500.000000
28.986629 17 11 10000.000000
0.094205 18 18 3000000.000000
0.656315 18 5 1500.000000
1.725713 18 6 4000000.000000
1.957045 18 22 100000.000000
2.610777 18 20 1500.000000
3.335154 18 22 10000.000000
3.778571 18 15 1500.000000
4.475965 18 8 1500.000000
7.589065 18 24 200000.000000
8.238973 18 9 1500.000000
8.778170 18 11 1500.000000
9.179849 18 14 1500.000000
9.340441 18 25 1500.000000
9.407000 18 8 100000.000000
9.729009 18 2 1500.000000
10.802310 18 18 1500.000000
14.783852 18 24 1500.000000
15.669958 18 5 3000000.000000
17.796826 18 5 3000000.000000
18.224692 18 24 4000000.000000
18.358505 18 20 200000.000000
18.753958 18 23 4000000.000000
18.755381 18 10 1500.000000
18.871460 18 12 100000.000000
19.134040 18 26 3000000.000000
19.753165 18 2 20000.000000
19.973236 18 25 10000.000000
21.176426 18 20 3000.000000
21.215622 18 23 100000.000000
22.664891 18 12 1500.000000
24.247623 18 22 4000000.000000
25.242365 18 7 1500.000000
26.356455 18 26 1500.000000
28.130485 18 0 20000.000000
29.411396 18 1 1500.000000
0.498443 19 8 4000000.000000
0.881328 19 22 2000000.000000
0.899318 19 7 1000000.000000
1.635245 19 24 3000.000000
1.844444 19 3 1500.000000
3.010035 19 18 10000.000000
3.244691 19 12 1500.000000
3.885986 19 26 3000.000000
4.506994 19 18 100000.000000
5.063567 19 24 1500.000000
5.569367 19 21 1500.000000
6.743413 19 6 3000.000000
8.422284 19 5 1000000.000000
8.545122 19 3 1000000.000000
9.832538 19 4 1500.000000
10.738543 19 8 1500.000000
11.278354 19 20 200000.000000
11.927087 19 5 10000.000000
12.048263 19 26 3000.000000
13.506649 19 25 1500.000000
14.272651 19 4 100000.000000
16.514801 19 23 1500.000000
20.869154 19 22 10000.000000
22.057610 19 0 1500.000000
22.454129 19 6 4000000.000000
23.409564 19 22 1500.000000
26.247449 19 10 1500.000000
26.885932 19 18 3000000.000000
28.695567 19 13 2000000.000000
29.092553 19 10 3000000.000000
29.253444 19 19 4000000.000000
0.417492 20 19 3000.000000
0.462637 20 0 1500.000000
0.571684 20 18 20000.000000
0.632802 20 16 1500.000000
1.767502 20 6 1500.000000
1.926951 20 10 1500.000000
2.301336 20 25 1500.000000
2.312686 20 13 100000.000000
2.778203 20 25 1500.000000
3.423895 20 1 10000.000000
3.665318 20 9 200000.000000
4.751630 20 11 10000.000000
4.840152 20 16 1500.000000
6.086319 20 15 200000.000000
7.685523 20 20 200000.000000
7.886036 20 23 1500.000000
9.446522 20 25 1500.000000
10.356184 20 9 3000000.000000
11.008916 20 17 1500.000000
11.140310 20 10 3000.000000
11.450181 20 7 2000000.000000
11.748122 20 15 4000000.000000
14.391205 20 16 10000.000000
15.774809 20 21 1500.000000
16.273948 20 10 4000000.000000
17.654820 20 7 3000000.000000
18.660747 20 23 4000000.000000
19.363161 20 14 1500.000000
19.520942 20 21 1500.000000
20.763119 20 1 3000000.000000
21.581306 20 16 4000000.000000
23.020579 20 15 200000.000000
23.069648 20 26 10000.000000
23.312420 20 20 3000.000000
27.444061 20 1 1500.000000
29.793234 20 1 1500.000000
1.776350 21 13 10000.000000
2.200448 21 4 1500.000000
4.094858 21 7 200000.000000
4.166693 21 5 1500.000000
4.832540 21 9 1500.000000
7.424375 21 15 3000000.000000
8.370890 21 10 1000000.000000
8.918256 21 8 4000000.000000
9.343523 21 11 20000.000000
9.371271 21 24 1500.000000
9.426602 21 23 4000000.000000
10.097416 21 19 1500.000000
10.197907 21 26 3000000.000000
10.763343 21 16 1500.000000
11.079087 21 21 1500.000000
11.211084 21 26 3000000.000000
11.649796 21 23 1500.000000
11.742912 21 26 100000.000000
12.165742 21 17 1000000.000000
14.440471 21 20 1500.000000
14.903579 21 6 200000.000000
15.113214 21 10 1000000.000000
15.137087 21 17 100000.000000
15.398076 21 26 1000000.000000
15.466457 21 6 1500.000000
17.022746 21 6 100000.000000
17.309554 21 24 1500.000000
17.772962 21 2 4000000.000000
18.470687 21 16 1500.000000
19.442122 21 3 1500.000000
20.248221 21 13 1500.000000
20.720106 21 6 1500.000000
20.741820 21 21 1500.000000
20.895759 21 12 100000.000000
21.146642 21 26 1500.000000
21.606506 21 4 200000.000000
22.011906 21 20 100000.000000
22.344205 21 0 200000.000000
23.227476 21 11 200000.000000
23.423201 21 16 1000000.000000
24.370494 21 11 200000.000000
24.732903 21 8 3000000.000000
27.380989 21 25 100000.000000
28.562288 21 21 100000.000000
28.629894 21 22 3000000.000000
29.180132 21 24 10000.000000
29.953369 21 26 10000.000000
0.188738 22 18 1500.000000
0.205441 22 25 1500.000000
0.405274 22 25 3000000.000000
0.679643 22 15 3000.000000
1.136138 22 19 4000000.000000
1.406726 22 7 4000000.000000
3.302775 22 23 200000.000000
4.953457 22 7 1500.000000
6.593686 22 14 20000.000000
6.757807 22 12 1500.000000
7.325765 22 15 100000.000000
8.344502 22 11 1500.000000
8.394453 22 3 1500.000000
9.099038 22 7 20000.000000
11.326923 22 4 10000.000000
11.582608 22 20 4000000.000000
12.640436 22 21 1500.000000
13.117991 22 5 3000.000000
13.582589 22 21 10000.000000
13.615227 22 23 200000.000000
13.746096 22 17 1500.000000
14.596719 22 21 200000.000000
15.103349 22 15 3000000.000000
16.821698 22 3 1500.000000
17.131131 22 24 4000000.000000
18.457785 22 14 1000000.000000
18.542147 22 19 3000.000000
18.841485 22 23 200000.000000
20.041536 22 20 1500.000000
22.258891 22 12 2000000.000000
22.349131 22 15 200000.000000
23.018655 22 26 3000000.000000
24.788723 22 2 10000.000000
24.809508 22 3 100000.000000
25.404686 22 2 100000.000000
26.836757 22 26 3000000.000000
28.440783 22 23 10000.000000
28.837992 22 10 1000000.000000
29.493926 22 0 1000000.000000
29.820432 22 14 1000000.000000
0.610467 23 22 1500.000000
0.851497 23 0 1500.000000
1.446711 23 15 1000000.000000
2.645042 23 26 1500.000000
4.326848 23 4 1500.000000
5.806576 23 11 1000000.000000
7.401105 23 5 1500.000000
8.198181 23 19 1500.000000
8.411074 23 8 10000.000000
9.108586 23 10 200000.000000
9.169134 23 26 1500.000000
9.771171 23 7 10000.000000
12.106827 23 8 100000.000000
12.225860 23 22 3000000.000000
12.386252 23 8 3000000.000000
13.859607 23 12 1500.000000
13.899081 23 15 1500.000000
14.015459 23 7 100000.000000
17.840551 23 24 3000.000000
18.100743 23 17 3000000.000000
18.855578 23 6 200000.000000
18.977699 23 10 3000000.000000
19.123802 23 17 3000.000000
19.533943 23 24 200000.000000
19.781855 23 13 4000000.000000
20.132442 23 25 10000.000000
20.369378 23 6 1500.000000
22.855442 23 12 100000.000000
22.960956 23 12 200000.000000
23.352045 23 12 2000000.000000
23.719656 23 11 1500.000000
24.433580 23 2 10000.000000
24.709608 23 25 1500.000000
25.695028 23 19 1500.000000
26.952387 23 4 1500.000000
26.983492 23 2 1500.000000
28.419790 23 16 1000000.000000
29.186501 23 10 10000.000000
2.065836 24 4 3000.000000
2.244635 24 9 4000000.000000
2.493194 24 15 3000.000000
2.735114 24 8 3000000.000000
3.263922 24 2 2000000.000000
4.563414 24 25 1500.000000
4.671628 24 6 20000.000000
4.740753 24 12 3000000.000000
4.864274 24 24 3000.000000
5.167675 24 7 3000000.000000
5.876981 24 12 3000000.000000
7.289143 24 23 100000.000000
7.624597 24 14 1500.000000
8.021892 24 26 1500.000000
8.353733 24 26 1500.000000
8.570558 24 14 3000000.000000
9.437647 24 7 1500.000000
10.554537 24 10 1000000.000000
10.557035 24 20 1500.000000
11.420739 24 6 1500.000000
12.159851 24 0 1500.000000
12.648097 24 25 1500.000000
12.852607 24 3 1500.000000
13.286013 24 3 1500.000000
13.701100 24 14 3000.000000
14.457311 24 12 200000.000000
15.588490 24 14 1500.000000
16.650427 24 5 4000000.000000
17.540520 24 22 1500.000000
18.773134 24 20 1500.000000
19.290946 24 19 200000.000000
19.511258 24 25 200000.000000
22.090986 24 4 1500.000000
24.836367 24 11 10000.000000
24.970313 24 15 1500.000000
25.947661 24 8 3000000.000000
25.951537 24 10 3000000.000000
26.574655 24 11 4000000.000000
29.052499 24 21 10000.000000
29.568259 24 14 1000000.000000
0.337933 25 13 3000.000000
1.237876 25 13 1500.000000
1.284184 25 23 200000.000000
1.428068 25 18 1500.000000
2.160948 25 11 1000000.000000
3.738992 25 12 100000.000000
4.247861 25 8 1000000.000000
4.653601 25 19 3000000.000000
6.415986 25 23 200000.000000
6.627637 25 14 1000000.000000
6.677246 25 25 100000.000000
7.449408 25 16 1500.000000
7.934852 25 6 100000.000000
8.275578 25 22 1000000.000000
8.374848 25 4 1000000.000000
11.302561 25 14 3000000.000000
11.962970 25 13 10000.000000
12.363920 25 23 100000.000000
13.321605 25 7 1500.000000
13.506654 25 16 1500.000000
13.694126 25 5 1500.000000
14.083584 25 1 3000000.000000
14.154406 25 6 1500.000000
15.626561 25 4 4000000.000000
16.080206 25 2 4000000.000000
16.266172 25 3 1500.000000
16.338928 25 19 1500.000000
17.049048 25 9 10000.000000
18.289835 25 8 3000000.000000
18.494917 25 4 1500.000000
19.533030 25 18 1500.000000
21.432673 25 24 200000.000000
21.815640 25 24 1500.000000
22.983237 25 2 3000000.000000
24.148841 25 24 1500.000000
24.663004 25 13 1500.000000
25.566582 25 24 4000000.000000
26.804395 25 5 1500.000000
28.023430 25 12 3000.000000
28.040274 25 22 200000.000000
28.629808 25 5 4000000.000000
29.734847 25 4 4000000.000000
29.793184 25 17 1000000.000000
0.675600 26 1 100000.000000
2.042852 26 11 200000.000000
2.377587 26 16 1000000.000000
4.067214 26 18 100000.000000
4.557570 26 6 100000.000000
4.916847 26 6 200000.000000
5.234430 26 10 1500.000000
5.656716 26 15 3000.000000
6.593346 26 11 1500.000000
6.687736 26 15 200000.000000
7.546353 26 21 100000.000000
9.145144 26 14 200000.000000
9.544942 26 4 3000.000000
9.821291 26 14 100000.000000
10.344326 26 6 3000000.000000
10.508235 26 15 1500.000000
13.178815 26 7 1500.000000
13.329827 26 18 3000000.000000
13.357137 26 1 1500.000000
13.534224 26 9 200000.000000
15.681846 26 14 200000.000000
17.631434 26 20 1500.000000
17.805242 26 14 200000.000000
20.659727 26 25 1500.000000
21.244321 26 14 10000.000000
21.714495 26 15 1500.000000
21.937367 26 14 3000.000000
23.074284 26 24 200000.000000
23.107175 26 0 200000.000000
23.462046 26 20 1500.000000
23.472689 26 4 200000.000000
24.570619 26 19 1500.000000
28.947696 26 7 1000000.000000
