1.080299 0 17 1500.000000
1.801260 0 9 1500.000000
2.011266 0 10 1500.000000
2.220612 0 6 1500.000000
2.826885 0 4 1500.000000
2.992349 0 23 3000000.000000
3.244685 0 9 3000000.000000
3.483892 0 21 3000000.000000
3.757208 0 24 1500.000000
3.890913 0 1 1500.000000
3.937844 0 11 200000.000000
5.396113 0 12 1500.000000
6.267975 0 12 1500.000000
7.772308 0 23 100000.000000
9.331911 0 7 200000.000000
9.539596 0 10 20000.000000
9.608086 0 1 1500.000000
9.664652 0 1 1500.000000
10.304493 0 11 1000000.000000
10.432392 0 21 100000.000000
10.819115 0 2 1000000.000000
11.570787 0 14 10000.000000
11.592704 0 12 200000.000000
12.044756 0 23 1500.000000
12.071158 0 11 1500.000000
13.185052 0 11 4000000.000000
13.901945 0 22 1500.000000
14.147699 0 10 100000.000000
16.106337 0 8 1500.000000
17.781108 0 20 1500.000000
19.445235 0 26 1500.000000
19.464344 0 18 100000.000000
19.713386 0 12 200000.000000
20.457077 0 1 1500.000000
22.289626 0 21 4000000.000000
22.625401 0 0 20000.000000
22.929038 0 19 100000.000000
23.010037 0 8 3000000.000000
23.244681 0 0 200000.000000
23.607269 0 19 100000.000000
24.755316 0 8 1500.000000
25.159013 0 13 1500.000000
29.056333 0 5 100000.000000
29.058807 0 15 1500.000000
29.105158 0 7 1500.000000
29.517211 0 6 1000000.000000
29.680407 0 12 1500.000000
29.864111 0 12 1500.000000
0.383318 1 22 1500.000000
1.255619 1 25 3000000.000000
2.180951 1 26 1500.000000
2.874002 1 2 100000.000000
3.328107 1 2 1500.000000
4.168267 1 0 1500.000000
4.462748 1 20 1500.000000
4.988164 1 20 1500.000000
5.532342 1 1 1500.000000
6.037238 1 9 1500.000000
6.078689 1 18 1500.000000
6.245629 1 24 4000000.000000
6.638689 1 7 1500.000000
6.863037 1 9 20000.000000
6.893255 1 17 100000.000000
6.933865 1 11 1500.000000
7.128521 1 14 1500.000000
7.328009 1 7 1500.000000
9.311404 1 24 10000.000000
9.788616 1 9 1500.000000
9.834241 1 9 100000.000000
10.718200 1 8 1500.000000
10.870603 1 23 1500.000000
13.817289 1 9 1000000.000000
14.131525 1 23 2000000.000000
14.169084 1 8 4000000.000000
14.377890 1 5 100000.000000
14.415993 1 17 1500.000000
14.466349 1 8 1500.000000
15.317896 1 26 4000000.000000
15.576317 1 26 10000.000000
16.303836 1 17 200000.000000
16.794835 1 19 1500.000000
17.039912 1 15 200000.000000
17.774868 1 23 4000000.000000
17.823413 1 6 1000000.000000
18.503369 1 1 3000.000000
18.846191 1 12 1500.000000
19.502732 1 4 3000000.000000
20.310176 1 10 1000000.000000
20.546254 1 18 10000.000000
21.116533 1 3 100000.000000
21.124360 1 12 1000000.000000
21.344775 1 14 3000000.000000
21.411467 1 8 3000.000000
21.940484 1 24 1500.000000
23.051990 1 23 3000.000000
23.506890 1 10 3000000.000000
23.724107 1 17 1500.000000
25.759093 1 10 10000.000000
25.956012 1 1 4000000.000000
26.445283 1 23 1500.000000
26.706836 1 8 200000.000000
27.013255 1 15 10000.000000
27.208875 1 8 1500.000000
27.253031 1 17 1000000.000000
27.267909 1 5 100000.000000
27.279192 1 22 200000.000000
27.584280 1 18 1500.000000
27.696289 1 16 1000000.000000
28.287722 1 11 3000.000000
28.413418 1 13 1000000.000000
28.977740 1 6 10000.000000
0.271597 2 17 1000000.000000
0.633771 2 0 200000.000000
1.097464 2 25 3000000.000000
1.833516 2 22 3000000.000000
2.100547 2 20 4000000.000000
2.104627 2 7 1500.000000
2.449001 2 10 4000000.000000
2.634151 2 23 1500.000000
2.660492 2 3 200000.000000
3.021215 2 26 1500.000000
3.923805 2 24 1500.000000
4.418913 2 13 10000.000000
4.637169 2 22 3000.000000
4.899650 2 16 1500.000000
6.067287 2 21 1500.000000
6.517233 2 10 1500.000000
6.526588 2 7 20000.000000
7.906901 2 1 1500.000000
7.949730 2 1 1500.000000
9.064845 2 4 1500.000000
9.437431 2 4 1500.000000
9.704206 2 20 1500.000000
9.844647 2 16 1500.000000
10.082179 2 20 4000000.000000
10.671628 2 23 1500.000000
11.154190 2 7 1000000.000000
11.734316 2 25 4000000.000000
12.808418 2 12 100000.000000
12.861625 2 19 100000.000000
13.159519 2 7 1500.000000
13.255167 2 1 200000.000000
13.503848 2 3 100000.000000
13.793156 2 17 200000.000000
14.691297 2 18 20000.000000
15.328618 2 5 4000000.000000
16.121169 2 13 1500.000000
16.200141 2 23 20000.000000
16.301952 2 2 20000.000000
16.554766 2 1 3000000.000000
16.821280 2 4 1500.000000
17.118210 2 3 10000.000000
17.136365 2 23 1500.000000
17.172107 2 22 10000.000000
17.386938 2 16 3000000.000000
18.057659 2 15 1500.000000
18.340651 2 5 200000.000000
18.567526 2 3 1500.000000
19.291731 2 3 1500.000000
19.783741 2 17 3000000.000000
20.222222 2 12 10000.000000
20.236127 2 17 4000000.000000
20.398027 2 21 10000.000000
20.807190 2 10 20000.000000
20.919198 2 14 200000.000000
21.128533 2 23 3000000.000000
21.174584 2 13 100000.000000
21.766708 2 20 3000.000000
21.833890 2 5 1000000.000000
22.924875 2 24 1000000.000000
23.090242 2 18 1500.000000
23.814837 2 19 4000000.000000
23.845548 2 7 3000.000000
24.315843 2 10 1500.000000
24.840919 2 5 3000000.000000
25.096983 2 6 200000.000000
25.439809 2 12 1500.000000
27.223837 2 4 4000000.000000
27.567309 2 15 100000.000000
27.597229 2 7 200000.000000
28.036600 2 3 1500.000000
28.291461 2 21 3000000.000000
28.407771 2 18 3000000.000000
28.746568 2 16 200000.000000
29.143213 2 7 1500.000000
29.331082 2 7 200000.000000
2.020482 3 14 3000000.000000
2.402196 3 0 4000000.000000
2.451537 3 11 1500.000000
2.589255 3 22 1500.000000
4.191480 3 26 1500.000000
4.375200 3 22 10000.000000
4.398385 3 2 4000000.000000
5.183428 3 22 1500.000000
5.452968 3 8 2000000.000000
6.212289 3 20 1000000.000000
6.400286 3 10 4000000.000000
6.684583 3 6 4000000.000000
7.038146 3 23 3000000.000000
7.194663 3 14 20000.000000
7.498805 3 24 1500.000000
7.625985 3 18 4000000.000000
7.680509 3 10 3000000.000000
7.935907 3 12 3000000.000000
8.140143 3 17 10000.000000
8.592465 3 15 1000000.000000
9.470678 3 13 100000.000000
9.898715 3 6 1500.000000
10.284696 3 14 100000.000000
10.396588 3 6 1500.000000
10.539656 3 20 20000.000000
10.556667 3 12 1500.000000
10.937614 3 7 4000000.000000
10.980953 3 21 1500.000000
11.300284 3 3 1000000.000000
11.558309 3 7 3000.000000
11.934372 3 18 10000.000000
12.034528 3 6 3000000.000000
12.171746 3 5 1500.000000
12.280465 3 0 4000000.000000
13.810134 3 3 3000.000000
14.994390 3 16 1000000.000000
15.066669 3 14 10000.000000
15.080724 3 5 1500.000000
15.852466 3 24 3000.000000
16.911284 3 2 4000000.000000
17.121163 3 4 1500.000000
18.254695 3 25 1500.000000
19.347547 3 22 1500.000000
19.982582 3 4 3000000.000000
20.311292 3 0 3000000.000000
20.992335 3 3 200000.000000
21.135208 3 25 100000.000000
21.533661 3 9 1500.000000
21.836936 3 17 3000000.000000
22.056975 3 3 3000000.000000
22.762507 3 14 3000000.000000
22.953325 3 26 200000.000000
23.265204 3 4 2000000.000000
23.319438 3 9 1500.000000
24.316746 3 9 3000.000000
24.878416 3 23 1500.000000
25.290293 3 15 1000000.000000
27.621097 3 14 10000.000000
27.913016 3 14 1500.000000
27.934552 3 24 1500.000000
28.256795 3 18 1500.000000
28.278044 3 11 3000000.000000
28.349878 3 26 3000000.000000
28.537714 3 24 3000000.000000
28.636472 3 9 200000.000000
29.709380 3 16 1500.000000
29.929474 3 24 3000000.000000
0.813634 4 14 1000000.000000
1.002800 4 25 10000.000000
1.292820 4 18 1500.000000
1.492056 4 24 2000000.000000
2.132101 4 21 1500.000000
2.461363 4 14 4000000.000000
2.529557 4 11 3000000.000000
3.275919 4 15 100000.000000
3.559402 4 20 100000.000000
3.754261 4 13 3000000.000000
3.853209 4 11 1000000.000000
5.010558 4 20 1500.000000
5.081847 4 8 100000.000000
5.741212 4 13 3000000.000000
6.013895 4 14 200000.000000
7.849932 4 17 1500.000000
8.174762 4 1 1500.000000
8.231606 4 14 100000.000000
8.439153 4 12 100000.000000
8.647785 4 12 1500.000000
8.662526 4 12 10000.000000
8.804317 4 19 100000.000000
10.434610 4 16 1000000.000000
11.227040 4 9 3000000.000000
11.943770 4 2 1500.000000
11.951723 4 19 1500.000000
11.964669 4 14 20000.000000
12.024090 4 26 200000.000000
12.840687 4 19 100000.000000
13.468030 4 24 100000.000000
17.085268 4 0 1000000.000000
17.426169 4 25 200000.000000
17.936869 4 8 100000.000000
18.594943 4 10 3000000.000000
19.344760 4 13 1500.000000
19.485360 4 15 4000000.000000
20.448399 4 10 200000.000000
20.660744 4 11 1500.000000
21.295490 4 19 100000.000000
21.480637 4 13 1000000.000000
21.528961 4 5 3000.000000
22.273687 4 12 1500.000000
22.546299 4 23 10000.000000
23.332361 4 19 4000000.000000
23.351112 4 17 4000000.000000
23.487861 4 23 1500.000000
23.605599 4 9 3000.000000
24.266067 4 19 1500.000000
24.510232 4 22 1000000.000000
26.261279 4 26 1500.000000
26.802787 4 2 1500.000000
26.902662 4 12 2000000.000000
27.204424 4 26 200000.000000
27.802161 4 16 1500.000000
28.350607 4 5 1500.000000
28.417803 4 1 200000.000000
28.435998 4 24 100000.000000
28.691171 4 8 200000.000000
28.860494 4 2 1500.000000
29.121653 4 10 100000.000000
29.439143 4 22 100000.000000
29.759239 4 9 100000.000000
1.002652 5 5 1500.000000
1.546053 5 26 10000.000000
1.927713 5 24 1500.000000
3.041938 5 14 1500.000000
4.894350 5 1 1500.000000
4.929866 5 16 100000.000000
4.942673 5 11 1500.000000
5.232764 5 7 1000000.000000
6.343359 5 8 1000000.000000
6.463300 5 5 2000000.000000
8.241228 5 26 1000000.000000
8.862275 5 26 1500.000000
9.673550 5 20 100000.000000
9.693905 5 9 3000000.000000
10.513986 5 20 200000.000000
12.013609 5 25 1500.000000
12.015387 5 14 1000000.000000
12.712534 5 4 4000000.000000
13.013035 5 12 200000.000000
13.307272 5 0 1500.000000
14.055803 5 6 3000.000000
14.936732 5 19 1500.000000
16.962297 5 11 3000000.000000
17.666185 5 11 200000.000000
20.089192 5 13 1500.000000
20.587450 5 14 10000.000000
21.183308 5 9 10000.000000
22.740515 5 3 1000000.000000
24.205636 5 1 200000.000000
24.662882 5 6 200000.000000
24.796371 5 9 20000.000000
25.049022 5 9 1500.000000
25.212871 5 7 10000.000000
25.479656 5 25 1500.000000
26.204673 5 20 20000.000000
26.367837 5 10 10000.000000
27.125547 5 20 1500.000000
27.166822 5 21 20000.000000
27.516237 5 7 1000000.000000
27.587359 5 24 3000000.000000
28.364650 5 11 1500.000000
28.714213 5 10 1500.000000
28.801369 5 14 20000.000000
28.832523 5 11 1500.000000
28.910753 5 4 100000.000000
0.250865 6 14 3000000.000000
2.121258 6 0 1000000.000000
2.598410 6 15 3000000.000000
3.267955 6 25 3000000.000000
5.393163 6 15 1000000.000000
5.683642 6 17 1500.000000
5.748673 6 22 1000000.000000
7.265376 6 17 4000000.000000
7.273756 6 4 200000.000000
8.023260 6 22 3000000.000000
8.406844 6 6 1500.000000
8.693902 6 2 1500.000000
8.989979 6 0 1500.000000
9.049283 6 8 4000000.000000
9.288225 6 9 3000000.000000
9.461184 6 18 2000000.000000
9.979289 6 4 1500.000000
11.787506 6 9 10000.000000
11.910629 6 15 200000.000000
12.374171 6 22 4000000.000000
12.375467 6 15 1500.000000
12.700087 6 19 1500.000000
12.807489 6 0 1500.000000
13.759555 6 16 1500.000000
14.290272 6 23 200000.000000
14.611145 6 23 3000.000000
14.894950 6 7 1000000.000000
15.328582 6 24 10000.000000
16.357390 6 20 4000000.000000
16.826511 6 23 4000000.000000
17.061618 6 7 4000000.000000
17.198523 6 15 1500.000000
17.887287 6 12 1000000.000000
18.774032 6 20 100000.000000
19.125613 6 22 3000000.000000
19.344219 6 9 3000000.000000
19.556297 6 5 1500.000000
20.002193 6 26 1500.000000
20.033367 6 16 4000000.000000
21.372363 6 26 1500.000000
22.069011 6 16 100000.000000
22.148970 6 19 1500.000000
22.237878 6 26 1500.000000
22.260365 6 8 1500.000000
22.563403 6 1 100000.000000
23.089397 6 10 3000000.000000
23.669583 6 9 20000.000000
24.401673 6 9 1500.000000
25.148449 6 2 4000000.000000
25.412177 6 15 1500.000000
25.538716 6 22 1000000.000000
26.238511 6 12 10000.000000
27.589909 6 4 20000.000000
28.098211 6 10 1500.000000
29.732647 6 6 20000.000000
0.003082 7 21 1500.000000
0.543220 7 10 3000000.000000
1.393241 7 24 3000.000000
2.483154 7 20 10000.000000
4.846658 7 17 1500.000000
5.055301 7 26 1500.000000
5.375177 7 18 100000.000000
5.952499 7 5 1500.000000
6.940223 7 7 1000000.000000
7.031886 7 7 3000000.000000
7.103791 7 9 1500.000000
7.641161 7 10 3000000.000000
7.666555 7 18 100000.000000
8.780771 7 11 100000.000000
9.059737 7 24 3000000.000000
9.426952 7 17 1500.000000
10.380873 7 2 1500.000000
11.057404 7 5 1500.000000
11.955509 7 26 10000.000000
12.604710 7 4 1000000.000000
13.721002 7 24 1000000.000000
14.019933 7 22 4000000.000000
14.183814 7 17 1000000.000000
14.189081 7 21 20000.000000
14.886630 7 12 1500.000000
15.619506 7 26 1500.000000
16.274630 7 9 4000000.000000
17.933396 7 5 1000000.000000
18.064913 7 12 100000.000000
18.264940 7 8 1500.000000
18.697926 7 7 3000.000000
18.936606 7 17 4000000.000000
19.779055 7 14 1000000.000000
19.883080 7 24 100000.000000
19.982309 7 26 1500.000000
20.410094 7 8 1000000.000000
20.753485 7 10 1500.000000
20.801703 7 1 1500.000000
21.229509 7 9 100000.000000
21.479088 7 15 2000000.000000
21.608925 7 3 1500.000000
21.717932 7 5 3000.000000
21.755604 7 12 4000000.000000
21.917149 7 2 200000.000000
22.119107 7 15 4000000.000000
22.306655 7 12 20000.000000
22.395677 7 24 1500.000000
22.590667 7 9 3000000.000000
22.636877 7 13 3000000.000000
22.641499 7 3 3000.000000
22.990606 7 24 200000.000000
24.851290 7 25 4000000.000000
25.280933 7 4 3000.000000
25.391968 7 24 200000.000000
25.428926 7 0 4000000.000000
25.554124 7 23 1500.000000
25.640565 7 4 1500.000000
26.138880 7 5 200000.000000
26.193989 7 16 200000.000000
26.281679 7 8 1500.000000
26.365808 7 23 1500.000000
26.823950 7 5 20000.000000
27.011468 7 11 1500.000000
27.566532 7 10 1000000.000000
27.766282 7 26 1500.000000
27.852045 7 10 20000.000000
28.023164 7 14 1500.000000
28.074472 7 20 1000000.000000
28.244807 7 23 1500.000000
28.266735 7 9 200000.000000
28.605084 7 8 3000000.000000
28.639491 7 5 1000000.000000
29.476603 7 12 10000.000000
29.748515 7 7 100000.000000
0.064724 8 23 1500.000000
0.152935 8 23 3000000.000000
0.308689 8 24 200000.000000
0.495189 8 6 1500.000000
0.857709 8 21 1500.000000
2.417841 8 5 1000000.000000
2.814783 8 9 200000.000000
3.154829 8 6 20000.000000
3.948173 8 1 1000000.000000
3.980964 8 20 1500.000000
4.594770 8 22 200000.000000
4.741255 8 0 200000.000000
4.744142 8 24 1500.000000
4.776542 8 20 100000.000000
5.755554 8 5 3000000.000000
6.495812 8 1 3000000.000000
6.781467 8 4 1500.000000
7.092264 8 25 1000000.000000
7.967870 8 19 1500.000000
8.734568 8 9 1000000.000000
8.976402 8 10 100000.000000
9.790479 8 13 1000000.000000
10.945037 8 8 1500.000000
11.303256 8 5 3000000.000000
11.317625 8 24 1500.000000
11.339686 8 13 200000.000000
11.361739 8 5 20000.000000
12.348020 8 0 3000000.000000
12.376554 8 23 1500.000000
12.612812 8 18 100000.000000
12.960617 8 26 1500.000000
13.387002 8 18 1500.000000
14.000504 8 10 1500.000000
14.044930 8 5 1500.000000
14.227949 8 10 10000.000000
14.397073 8 21 10000.000000
15.784170 8 7 1500.000000
15.852752 8 13 1500.000000
15.959870 8 16 4000000.000000
16.351739 8 4 1500.000000
17.579216 8 21 1500.000000
18.103800 8 10 1500.000000
18.475875 8 8 100000.000000
18.777349 8 7 1500.000000
18.890193 8 24 1500.000000
19.023464 8 22 1000000.000000
20.806215 8 11 1500.000000
21.939488 8 0 20000.000000
21.961136 8 19 3000.000000
23.505594 8 13 3000.000000
23.602234 8 24 4000000.000000
23.781737 8 22 3000000.000000
24.198194 8 15 100000.000000
24.747215 8 10 1500.000000
25.289553 8 20 10000.000000
26.186690 8 22 100000.000000
26.499173 8 20 200000.000000
26.807080 8 19 4000000.000000
27.267840 8 9 3000.000000
28.448205 8 10 1500.000000
28.476462 8 3 200000.000000
0.584563 9 3 1500.000000
1.141658 9 8 1500.000000
1.846913 9 25 4000000.000000
2.123870 9 13 3000.000000
2.202374 9 2 20000.000000
3.949336 9 18 200000.000000
4.583489 9 4 4000000.000000
4.790458 9 11 100000.000000
4.832448 9 4 1500.000000
5.044729 9 17 100000.000000
5.658639 9 8 1000000.000000
6.620852 9 25 1500.000000
6.661922 9 5 100000.000000
7.965229 9 4 3000000.000000
9.067762 9 3 10000.000000
9.380849 9 10 10000.000000
10.502756 9 0 1500.000000
11.501060 9 14 1500.000000
11.677589 9 18 3000000.000000
12.765698 9 25 1500.000000
12.833200 9 15 3000000.000000
12.941130 9 23 1000000.000000
13.434419 9 17 200000.000000
14.817323 9 23 4000000.000000
14.965189 9 16 4000000.000000
15.329504 9 10 200000.000000
15.466029 9 2 3000000.000000
15.556777 9 2 10000.000000
15.718510 9 21 200000.000000
16.301372 9 13 1500.000000
16.359518 9 19 3000000.000000
16.832433 9 8 1500.000000
16.929939 9 4 1000000.000000
20.366496 9 6 10000.000000
20.446967 9 0 200000.000000
20.583136 9 5 1500.000000
22.600866 9 10 1500.000000
22.835928 9 8 2000000.000000
23.663647 9 13 1500.000000
24.206147 9 10 100000.000000
24.241611 9 24 3000.000000
24.377148 9 5 1500.000000
24.608566 9 7 3000.000000
26.016771 9 12 1500.000000
26.578689 9 19 10000.000000
26.736922 9 25 1500.000000
27.004404 9 0 1000000.000000
27.432507 9 20 3000.000000
27.461983 9 17 1500.000000
27.877803 9 15 100000.000000
28.254088 9 20 100000.000000
28.263933 9 21 1000000.000000
28.660114 9 15 3000000.000000
28.753574 9 8 1500.000000
29.659034 9 24 3000000.000000
0.857468 10 9 1500.000000
0.872685 10 17 4000000.000000
0.905403 10 25 100000.000000
2.869088 10 10 20000.000000
3.068503 10 14 3000.000000
3.314099 10 14 1500.000000
3.785517 10 4 1000000.000000
4.886700 10 23 3000.000000
5.310543 10 7 1000000.000000
5.854785 10 2 100000.000000
6.167390 10 8 200000.000000
6.925663 10 21 4000000.000000
7.925081 10 20 1500.000000
8.179525 10 6 10000.000000
8.306285 10 0 1500.000000
8.358689 10 26 200000.000000
8.982069 10 2 1500.000000
9.600451 10 12 200000.000000
10.315379 10 19 10000.000000
13.396242 10 0 10000.000000
14.465483 10 4 1500.000000
15.547978 10 8 4000000.000000
15.889524 10 18 1500.000000
16.104443 10 10 100000.000000
16.570207 10 7 1000000.000000
16.705395 10 0 1500.000000
16.728197 10 14 1500.000000
17.341902 10 7 3000000.000000
17.492793 10 20 10000.000000
17.597643 10 25 100000.000000
17.706034 10 21 1500.000000
17.847291 10 8 1500.000000
18.137566 10 19 1500.000000
18.414552 10 13 10000.000000
18.537706 10 22 4000000.000000
19.191646 10 17 20000.000000
19.238611 10 6 3000000.000000
19.320245 10 12 4000000.000000
20.049728 10 19 1000000.000000
20.864798 10 13 100000.000000
21.185809 10 24 20000.000000
21.385663 10 19 4000000.000000
21.542601 10 23 20000.000000
21.756307 10 19 1500.000000
21.876881 10 18 100000.000000
22.064078 10 5 200000.000000
23.927710 10 20 20000.000000
25.144158 10 14 4000000.000000
25.538070 10 23 100000.000000
25.834276 10 12 4000000.000000
26.099680 10 19 1000000.000000
26.933138 10 22 1500.000000
27.309114 10 17 3000000.000000
27.456144 10 12 1500.000000
28.724693 10 3 20000.000000
28.933100 10 2 100000.000000
29.202094 10 0 100000.000000
29.494261 10 1 100000.000000
1.058165 11 26 3000000.000000
1.363161 11 8 1500.000000
2.152309 11 15 200000.000000
2.306425 11 20 1000000.000000
2.957121 11 15 100000.000000
3.087399 11 9 3000.000000
4.140504 11 24 200000.000000
4.150538 11 8 1500.000000
4.424006 11 13 1500.000000
6.006645 11 19 100000.000000
6.020974 11 0 1500.000000
6.397118 11 17 1500.000000
6.472684 11 19 100000.000000
7.142724 11 20 1500.000000
7.829355 11 18 3000.000000
8.224743 11 11 200000.000000
8.382518 11 3 1000000.000000
8.802377 11 25 1500.000000
9.172445 11 21 10000.000000
9.389472 11 5 100000.000000
9.790191 11 3 1500.000000
10.521169 11 10 1500.000000
11.462649 11 14 1500.000000
11.895340 11 21 10000.000000
11.954804 11 23 1500.000000
11.964509 11 8 1500.000000
12.124866 11 19 3000000.000000
12.571110 11 16 3000000.000000
12.852368 11 22 200000.000000
13.165357 11 9 1500.000000
14.287771 11 8 200000.000000
15.495964 11 9 3000.000000
15.855653 11 1 3000000.000000
15.858023 11 7 1000000.000000
16.322595 11 3 3000000.000000
16.701138 11 5 3000.000000
17.218672 11 16 1500.000000
17.749805 11 12 1500.000000
18.746768 11 23 10000.000000
19.179388 11 19 200000.000000
19.503010 11 10 1000000.000000
19.518692 11 21 200000.000000
19.676534 11 14 1500.000000
21.602872 11 18 4000000.000000
21.619734 11 24 1500.000000
21.751759 11 0 4000000.000000
21.835442 11 26 1500.000000
21.899631 11 5 1500.000000
22.521415 11 6 1500.000000
22.642059 11 23 4000000.000000
23.003946 11 25 3000000.000000
23.198366 11 22 100000.000000
23.330247 11 22 4000000.000000
24.188055 11 6 3000.000000
24.625559 11 3 3000000.000000
24.868648 11 16 100000.000000
25.221227 11 14 20000.000000
25.238379 11 9 1000000.000000
26.705249 11 9 1000000.000000
26.857510 11 26 100000.000000
27.478639 11 7 1000000.000000
27.655283 11 0 1500.000000
27.879881 11 9 1000000.000000
28.032450 11 7 100000.000000
28.218602 11 6 1500.000000
28.246323 11 4 200000.000000
29.616142 11 26 10000.000000
29.898107 11 23 1500.000000
0.030335 12 11 10000.000000
1.209201 12 18 3000000.000000
3.219539 12 5 1500.000000
3.543847 12 6 4000000.000000
7.503364 12 22 100000.000000
7.582245 12 20 1500.000000
7.758176 12 22 10000.000000
7.865506 12 15 1500.000000
8.008094 12 8 1500.000000
9.022416 12 24 200000.000000
9.768440 12 9 1500.000000
10.055692 12 11 1500.000000
10.920470 12 14 1500.000000
10.958012 12 25 1500.000000
11.782306 12 8 100000.000000
11.784471 12 2 1500.000000
12.131341 12 18 1500.000000
12.715748 12 24 1500.000000
12.942910 12 5 3000000.000000
13.273149 12 5 3000000.000000
13.625694 12 24 4000000.000000
14.473002 12 20 200000.000000
14.889354 12 23 4000000.000000
15.144619 12 10 1500.000000
16.753634 12 12 100000.000000
17.228368 12 26 3000000.000000
17.248265 12 2 20000.000000
18.020232 12 25 10000.000000
18.448305 12 20 3000.000000
18.475638 12 23 100000.000000
19.919747 12 12 1500.000000
20.321514 12 22 4000000.000000
20.379269 12 7 1500.000000
20.570242 12 26 1500.000000
21.212246 12 0 20000.000000
22.935297 12 1 1500.000000
23.037640 12 8 4000000.000000
23.582299 12 22 2000000.000000
24.887752 12 7 1000000.000000
25.085579 12 24 3000.000000
25.406377 12 3 1500.000000
25.697431 12 18 10000.000000
25.775737 12 12 1500.000000
26.524957 12 26 3000.000000
26.890714 12 18 100000.000000
28.361876 12 24 1500.000000
28.545021 12 21 1500.000000
28.577841 12 6 3000.000000
28.756192 12 5 1000000.000000
29.601920 12 3 1000000.000000
29.869250 12 4 1500.000000
1.403350 13 8 1500.000000
1.443148 13 20 200000.000000
1.628448 13 5 10000.000000
1.725262 13 26 3000.000000
2.174892 13 25 1500.000000
2.711366 13 4 100000.000000
3.463814 13 23 1500.000000
4.200712 13 22 10000.000000
4.515351 13 0 1500.000000
5.335363 13 6 4000000.000000
5.629741 13 22 1500.000000
5.680747 13 10 1500.000000
7.055004 13 18 3000000.000000
7.344855 13 13 2000000.000000
9.179491 13 10 3000000.000000
9.290078 13 19 4000000.000000
9.768994 13 19 3000.000000
10.047360 13 0 1500.000000
10.513145 13 18 20000.000000
10.683287 13 16 1500.000000
11.088810 13 6 1500.000000
12.417459 13 10 1500.000000
13.169186 13 25 1500.000000
13.519816 13 13 100000.000000
14.300763 13 25 1500.000000
14.329963 13 1 10000.000000
14.370169 13 9 200000.000000
14.463825 13 11 10000.000000
15.557440 13 16 1500.000000
16.073328 13 15 200000.000000
16.171352 13 20 200000.000000
16.800372 13 23 1500.000000
17.186601 13 25 1500.000000
17.557579 13 9 3000000.000000
17.596351 13 17 1500.000000
17.783956 13 10 3000.000000
18.299114 13 7 2000000.000000
19.367108 13 15 4000000.000000
20.060141 13 16 10000.000000
21.457406 13 21 1500.000000
21.515594 13 10 4000000.000000
22.106675 13 7 3000000.000000
23.434753 13 23 4000000.000000
24.800368 13 14 1500.000000
25.634974 13 21 1500.000000
25.881105 13 1 3000000.000000
26.940600 13 16 4000000.000000
28.008360 13 15 200000.000000
28.520620 13 26 10000.000000
29.291967 13 20 3000.000000
29.421765 13 1 1500.000000
29.584927 13 1 1500.000000
1.214769 14 13 10000.000000
1.287750 14 4 1500.000000
1.373798 14 7 200000.000000
1.899587 14 5 1500.000000
2.147995 14 9 1500.000000
2.401724 14 15 3000000.000000
3.131239 14 10 1000000.000000
3.500518 14 8 4000000.000000
4.381874 14 11 20000.000000
4.657805 14 24 1500.000000
4.931088 14 23 4000000.000000
6.555555 14 19 1500.000000
7.213124 14 26 3000000.000000
7.330609 14 16 1500.000000
8.565350 14 21 1500.000000
8.914473 14 26 3000000.000000
9.523487 14 23 1500.000000
11.967925 14 26 100000.000000
11.980316 14 17 1000000.000000
13.112758 14 20 1500.000000
14.213553 14 6 200000.000000
14.361558 14 10 1000000.000000
15.542211 14 17 100000.000000
15.676451 14 26 1000000.000000
15.954143 14 6 1500.000000
16.718736 14 6 100000.000000
18.574852 14 24 1500.000000
18.690886 14 2 4000000.000000
19.129163 14 16 1500.000000
19.175355 14 3 1500.000000
19.224047 14 13 1500.000000
19.389254 14 6 1500.000000
21.150781 14 21 1500.000000
22.443687 14 12 100000.000000
22.497508 14 26 1500.000000
22.690222 14 4 200000.000000
22.832092 14 20 100000.000000
23.690705 14 0 200000.000000
25.007739 14 11 200000.000000
26.667708 14 16 1000000.000000
27.262296 14 11 200000.000000
27.440903 14 8 3000000.000000
27.951315 14 25 100000.000000
28.103619 14 21 100000.000000
28.565534 14 22 3000000.000000
28.923243 14 24 10000.000000
29.015840 14 26 10000.000000
29.401813 14 18 1500.000000
29.740295 14 25 1500.000000
29.892970 14 25 3000000.000000
0.638797 15 15 3000.000000
0.780954 15 19 4000000.000000
2.650053 15 7 4000000.000000
3.176444 15 23 200000.000000
3.359509 15 7 1500.000000
4.474852 15 14 20000.000000
4.512702 15 12 1500.000000
4.827072 15 15 100000.000000
5.105087 15 11 1500.000000
5.378599 15 3 1500.000000
6.549685 15 7 20000.000000
7.155404 15 4 10000.000000
7.518464 15 20 4000000.000000
8.112977 15 21 1500.000000
8.333189 15 5 3000.000000
8.602068 15 21 10000.000000
8.949767 15 23 200000.000000
9.569818 15 17 1500.000000
9.728997 15 21 200000.000000
10.417357 15 15 3000000.000000
11.287852 15 3 1500.000000
11.434411 15 24 4000000.000000
11.876964 15 14 1000000.000000
12.203913 15 19 3000.000000
12.317534 15 23 200000.000000
12.586657 15 20 1500.000000
12.802129 15 12 2000000.000000
12.868711 15 15 200000.000000
13.299259 15 26 3000000.000000
13.558657 15 2 10000.000000
14.624832 15 3 100000.000000
15.911060 15 2 100000.000000
16.448242 15 26 3000000.000000
17.416076 15 23 10000.000000
17.561912 15 10 1000000.000000
17.829557 15 0 1000000.000000
18.084268 15 14 1000000.000000
18.432816 15 22 1500.000000
18.961894 15 0 1500.000000
19.328030 15 15 1000000.000000
19.653653 15 26 1500.000000
19.849562 15 4 1500.000000
19.918729 15 11 1000000.000000
20.497488 15 5 1500.000000
20.716593 15 19 1500.000000
20.945613 15 8 10000.000000
21.091033 15 10 200000.000000
21.115122 15 26 1500.000000
21.267002 15 7 10000.000000
22.159507 15 8 100000.000000
22.312343 15 22 3000000.000000
22.390479 15 8 3000000.000000
22.453028 15 12 1500.000000
22.962170 15 15 1500.000000
23.728650 15 7 100000.000000
23.788090 15 24 3000.000000
24.084800 15 17 3000000.000000
24.314195 15 6 200000.000000
24.455363 15 10 3000000.000000
26.076748 15 17 3000.000000
26.211643 15 24 200000.000000
26.429813 15 13 4000000.000000
26.747963 15 25 10000.000000
26.948291 15 6 1500.000000
27.416059 15 12 100000.000000
27.506273 15 12 200000.000000
27.935326 15 12 2000000.000000
28.492146 15 11 1500.000000
28.976314 15 2 10000.000000
28.981003 15 25 1500.000000
29.951914 15 19 1500.000000
0.062879 16 4 1500.000000
0.667520 16 2 1500.000000
0.778238 16 16 1000000.000000
0.878094 16 10 10000.000000
1.381271 16 4 3000.000000
2.005111 16 9 4000000.000000
2.069011 16 15 3000.000000
2.861695 16 8 3000000.000000
3.103892 16 2 2000000.000000
3.365318 16 25 1500.000000
3.702716 16 6 20000.000000
4.132594 16 12 3000000.000000
4.344409 16 24 3000.000000
4.460522 16 7 3000000.000000
4.479872 16 12 3000000.000000
4.769955 16 23 100000.000000
4.888510 16 14 1500.000000
4.942778 16 26 1500.000000
5.333582 16 26 1500.000000
6.096901 16 14 3000000.000000
6.484283 16 7 1500.000000
7.271538 16 10 1000000.000000
7.861944 16 20 1500.000000
7.917953 16 6 1500.000000
8.349235 16 0 1500.000000
8.616734 16 25 1500.000000
8.721879 16 3 1500.000000
9.051218 16 3 1500.000000
9.468692 16 14 3000.000000
10.013955 16 12 200000.000000
10.066959 16 14 1500.000000
10.206750 16 5 4000000.000000
10.776674 16 22 1500.000000
10.954445 16 20 1500.000000
10.961107 16 19 200000.000000
11.161763 16 25 200000.000000
11.188697 16 4 1500.000000
12.065480 16 11 10000.000000
12.077619 16 15 1500.000000
12.348385 16 8 3000000.000000
12.693263 16 10 3000000.000000
13.480667 16 11 4000000.000000
15.358188 16 21 10000.000000
15.401562 16 14 1000000.000000
15.796345 16 13 3000.000000
16.406192 16 13 1500.000000
17.073563 16 23 200000.000000
17.204057 16 18 1500.000000
17.559776 16 11 1000000.000000
17.590180 16 12 100000.000000
17.666160 16 8 1000000.000000
17.723282 16 19 3000000.000000
18.558173 16 23 200000.000000
19.528695 16 14 1000000.000000
19.630166 16 25 100000.000000
19.747335 16 16 1500.000000
20.218572 16 6 100000.000000
20.280382 16 22 1000000.000000
20.431956 16 4 1000000.000000
21.158159 16 14 3000000.000000
22.382552 16 13 10000.000000
22.877110 16 23 100000.000000
23.732521 16 7 1500.000000
24.414031 16 16 1500.000000
25.043764 16 5 1500.000000
26.437490 16 1 3000000.000000
29.022195 16 6 1500.000000
29.479303 16 4 4000000.000000
0.312970 17 2 4000000.000000
0.604477 17 3 1500.000000
1.080935 17 19 1500.000000
2.816409 17 9 10000.000000
2.889014 17 8 3000000.000000
2.996302 17 4 1500.000000
3.909378 17 18 1500.000000
4.820679 17 24 200000.000000
5.533333 17 24 1500.000000
6.391112 17 2 3000000.000000
6.621736 17 24 1500.000000
7.635604 17 13 1500.000000
7.646118 17 24 4000000.000000
7.779734 17 5 1500.000000
9.404597 17 12 3000.000000
10.507079 17 22 200000.000000
11.102757 17 5 4000000.000000
11.120579 17 4 4000000.000000
11.879402 17 17 1000000.000000
11.897792 17 1 100000.000000
11.960954 17 11 200000.000000
12.564610 17 16 1000000.000000
12.703831 17 18 100000.000000
13.613684 17 6 100000.000000
13.623016 17 6 200000.000000
15.113663 17 10 1500.000000
15.270948 17 15 3000.000000
15.426336 17 11 1500.000000
15.611045 17 15 200000.000000
15.937330 17 21 100000.000000
16.070991 17 14 200000.000000
16.224718 17 4 3000.000000
16.400499 17 14 100000.000000
18.855541 17 6 3000000.000000
20.177781 17 15 1500.000000
21.140319 17 7 1500.000000
21.688810 17 18 3000000.000000
22.266348 17 1 1500.000000
23.661209 17 9 200000.000000
23.803276 17 14 200000.000000
24.909144 17 20 1500.000000
25.138708 17 14 200000.000000
26.780518 17 25 1500.000000
26.809111 17 14 10000.000000
27.323847 17 15 1500.000000
29.476723 17 14 3000.000000
29.863465 17 24 200000.000000
0.094155 18 0 200000.000000
1.023372 18 20 1500.000000
1.945214 18 4 200000.000000
2.007757 18 19 1500.000000
2.233622 18 7 1000000.000000
2.327244 18 24 4000000.000000
3.124163 18 9 1500.000000
7.007613 18 9 1500.000000
7.015318 18 17 3000.000000
7.093643 18 26 200000.000000
7.494311 18 15 1500.000000
7.848119 18 18 4000000.000000
8.161894 18 11 1500.000000
9.651557 18 11 1500.000000
9.780798 18 14 3000000.000000
11.296786 18 10 10000.000000
11.549547 18 25 4000000.000000
12.482361 18 10 1500.000000
12.494710 18 11 4000000.000000
12.497690 18 3 1000000.000000
13.116308 18 2 100000.000000
13.132519 18 4 200000.000000
13.153786 18 13 1000000.000000
14.102553 18 13 1500.000000
14.271637 18 4 20000.000000
14.619767 18 23 1000000.000000
14.978178 18 9 1000000.000000
15.012133 18 10 2000000.000000
16.411887 18 10 100000.000000
17.578478 18 12 1000000.000000
19.123644 18 8 200000.000000
20.394543 18 0 1500.000000
20.814320 18 25 1000000.000000
21.754858 18 24 1500.000000
21.949523 18 14 1500.000000
22.262710 18 5 3000000.000000
22.348462 18 7 1500.000000
22.823096 18 17 3000.000000
23.679124 18 11 10000.000000
23.734879 18 12 200000.000000
24.495502 18 4 3000.000000
24.573300 18 12 200000.000000
25.644513 18 11 1500.000000
26.600314 18 12 1500.000000
26.653879 18 22 1500.000000
26.762050 18 7 100000.000000
27.211764 18 9 1500.000000
27.293833 18 25 100000.000000
27.480440 18 8 3000.000000
27.653504 18 6 1500.000000
29.074078 18 13 3000000.000000
29.162260 18 0 100000.000000
29.964944 18 10 3000000.000000
1.409741 19 2 100000.000000
1.538534 19 9 100000.000000
1.641033 19 15 1500.000000
2.499098 19 11 1000000.000000
3.198945 19 5 1500.000000
3.238425 19 12 3000000.000000
3.947068 19 6 200000.000000
4.076841 19 19 1500.000000
4.473238 19 0 1500.000000
5.243908 19 26 1500.000000
6.133045 19 25 4000000.000000
6.619834 19 11 1500.000000
7.419995 19 18 1500.000000
7.723310 19 4 3000.000000
8.179973 19 22 1500.000000
8.598665 19 14 1500.000000
8.603632 19 14 1500.000000
9.341454 19 16 100000.000000
10.183351 19 15 1500.000000
11.157360 19 18 1500.000000
12.114944 19 0 1500.000000
12.534560 19 26 3000000.000000
12.767525 19 1 200000.000000
13.534043 19 25 1500.000000
13.805884 19 9 1500.000000
14.551411 19 16 1500.000000
16.624950 19 10 4000000.000000
17.059809 19 0 1500.000000
17.565047 19 2 200000.000000
17.756910 19 25 1500.000000
18.732918 19 13 1000000.000000
18.844244 19 26 100000.000000
19.238525 19 15 100000.000000
19.360413 19 7 200000.000000
19.432937 19 20 1500.000000
20.108312 19 2 1000000.000000
20.363942 19 19 3000.000000
21.308769 19 5 1500.000000
22.137384 19 9 1500.000000
23.558156 19 26 10000.000000
23.976767 19 6 1500.000000
24.158341 19 4 1500.000000
24.333481 19 21 200000.000000
26.307071 19 6 1000000.000000
27.000749 19 4 3000000.000000
27.149662 19 26 1500.000000
27.581739 19 23 3000000.000000
27.658439 19 7 4000000.000000
27.790228 19 19 1000000.000000
28.399730 19 19 4000000.000000
28.750748 19 2 20000.000000
29.220169 19 23 200000.000000
29.271686 19 12 3000.000000
0.802109 20 19 4000000.000000
2.131441 20 21 1500.000000
3.124356 20 18 100000.000000
3.155386 20 24 3000.000000
3.225131 20 5 4000000.000000
3.498346 20 6 1500.000000
3.637554 20 20 10000.000000
3.797938 20 5 1500.000000
3.963536 20 16 200000.000000
4.934093 20 24 1000000.000000
8.603714 20 1 3000000.000000
8.851185 20 0 1500.000000
9.551839 20 7 100000.000000
10.234168 20 15 200000.000000
11.372069 20 13 1500.000000
11.774253 20 21 20000.000000
12.637920 20 11 1500.000000
12.678625 20 13 1500.000000
12.820686 20 20 1500.000000
13.163220 20 3 100000.000000
13.368021 20 23 20000.000000
13.369064 20 25 4000000.000000
13.461054 20 8 3000.000000
14.034984 20 14 100000.000000
15.640795 20 21 1000000.000000
17.468920 20 10 200000.000000
17.810371 20 22 3000000.000000
18.911830 20 22 100000.000000
19.079681 20 2 1500.000000
19.768633 20 22 1000000.000000
20.174741 20 0 4000000.000000
20.443846 20 25 20000.000000
20.793536 20 9 1500.000000
22.827394 20 7 1500.000000
22.964307 20 0 4000000.000000
24.041045 20 16 1000000.000000
24.146856 20 9 100000.000000
24.244179 20 18 4000000.000000
24.467037 20 7 3000.000000
24.487199 20 5 100000.000000
24.952467 20 22 1500.000000
25.382559 20 3 1000000.000000
26.385101 20 15 1500.000000
27.234015 20 8 1000000.000000
27.635817 20 24 1500.000000
28.065636 20 10 1000000.000000
28.266330 20 24 1500.000000
29.080060 20 2 100000.000000
29.267790 20 9 1000000.000000
29.453390 20 24 200000.000000
29.559330 20 10 100000.000000
0.009100 21 11 1500.000000
0.420078 21 17 200000.000000
1.022363 21 26 200000.000000
1.283171 21 13 1500.000000
2.129347 21 4 200000.000000
2.552354 21 25 10000.000000
2.651119 21 3 200000.000000
2.913009 21 10 1000000.000000
2.996594 21 19 100000.000000
3.173891 21 4 4000000.000000
4.365973 21 26 3000000.000000
4.516425 21 10 100000.000000
5.530345 21 24 1500.000000
6.386043 21 12 1500.000000
7.481147 21 8 1500.000000
7.611314 21 24 3000000.000000
7.749418 21 19 1500.000000
8.165488 21 0 3000000.000000
8.449694 21 0 1500.000000
8.846946 21 1 1500.000000
8.871203 21 26 1500.000000
9.381445 21 1 1500.000000
9.842474 21 12 200000.000000
10.074520 21 2 3000.000000
10.884177 21 25 1500.000000
11.139105 21 22 1500.000000
11.530335 21 13 1500.000000
11.685963 21 26 200000.000000
11.798642 21 4 10000.000000
12.109691 21 20 4000000.000000
12.873074 21 11 1000000.000000
13.347593 21 25 1500.000000
14.254636 21 20 10000.000000
14.271737 21 12 200000.000000
14.447528 21 16 10000.000000
14.477837 21 26 1000000.000000
14.730860 21 2 200000.000000
14.889897 21 22 1500.000000
15.038982 21 6 2000000.000000
15.207325 21 24 1500.000000
15.745566 21 9 100000.000000
16.104754 21 18 1500.000000
16.154108 21 19 2000000.000000
16.341342 21 21 1500.000000
16.352867 21 23 1500.000000
16.760728 21 13 1000000.000000
16.864578 21 21 3000000.000000
17.093543 21 16 3000.000000
17.615297 21 15 100000.000000
17.621357 21 25 1500.000000
17.745010 21 20 200000.000000
18.354940 21 25 3000000.000000
19.069364 21 2 10000.000000
19.170323 21 14 1500.000000
19.176161 21 8 3000000.000000
19.456234 21 2 3000000.000000
20.225148 21 25 4000000.000000
21.309968 21 2 4000000.000000
21.341466 21 16 1500.000000
21.368410 21 3 100000.000000
23.059562 21 16 100000.000000
23.585554 21 24 1500.000000
24.099622 21 6 1500.000000
25.224481 21 4 1500.000000
25.521663 21 4 10000.000000
26.201395 21 5 3000000.000000
26.519703 21 15 1500.000000
26.609568 21 8 4000000.000000
26.969948 21 2 3000.000000
27.517728 21 4 10000.000000
28.144466 21 12 1500.000000
28.247174 21 6 1500.000000
28.427526 21 5 4000000.000000
28.454744 21 17 3000000.000000
28.905744 21 9 200000.000000
1.448472 22 22 10000.000000
2.146472 22 14 1000000.000000
2.491059 22 26 1000000.000000
2.798727 22 7 3000.000000
2.958583 22 21 20000.000000
3.565479 22 21 1500.000000
3.676057 22 14 10000.000000
3.684799 22 7 1500.000000
3.728127 22 4 1500.000000
6.341364 22 7 200000.000000
6.460335 22 25 1500.000000
7.170300 22 5 3000000.000000
7.610853 22 8 1000000.000000
7.736170 22 1 1500.000000
8.134722 22 21 1500.000000
8.193101 22 7 20000.000000
8.761647 22 26 1500.000000
9.515740 22 25 1000000.000000
9.733064 22 5 3000000.000000
10.121712 22 6 100000.000000
10.198681 22 22 20000.000000
10.778608 22 3 1500.000000
11.184617 22 25 1000000.000000
11.663193 22 20 1500.000000
11.969013 22 25 3000000.000000
13.264774 22 0 10000.000000
13.827473 22 26 1500.000000
14.640677 22 17 3000000.000000
15.007251 22 5 1500.000000
15.220157 22 22 20000.000000
15.789188 22 8 1500.000000
15.813595 22 20 1500.000000
16.197564 22 24 1000000.000000
16.546857 22 10 1500.000000
16.892664 22 2 1000000.000000
16.972377 22 17 10000.000000
17.491787 22 21 1500.000000
18.355848 22 11 200000.000000
18.721458 22 9 1500.000000
19.211868 22 26 1500.000000
19.915507 22 11 3000000.000000
20.389903 22 9 100000.000000
21.262383 22 21 10000.000000
21.509559 22 6 10000.000000
22.526576 22 24 200000.000000
22.865688 22 19 4000000.000000
23.267922 22 4 10000.000000
23.402424 22 1 200000.000000
23.990201 22 21 1500.000000
24.054584 22 9 1500.000000
24.890497 22 5 1000000.000000
25.505180 22 26 1000000.000000
26.345091 22 25 3000.000000
26.403733 22 7 1500.000000
26.454409 22 20 1500.000000
27.165584 22 19 1500.000000
27.236669 22 22 4000000.000000
27.743307 22 3 1500.000000
29.802536 22 7 1500.000000
29.892156 22 10 3000000.000000
0.054799 23 0 200000.000000
2.415992 23 9 1000000.000000
3.401967 23 16 100000.000000
3.534705 23 11 1000000.000000
4.533717 23 10 4000000.000000
4.554497 23 11 3000000.000000
4.571357 23 24 1500.000000
4.592440 23 3 1500.000000
6.693176 23 26 10000.000000
7.583324 23 7 1500.000000
8.475414 23 5 100000.000000
8.686230 23 13 10000.000000
8.861305 23 7 1000000.000000
9.838828 23 23 3000.000000
10.729827 23 15 1500.000000
10.753261 23 7 10000.000000
12.101185 23 25 200000.000000
12.186065 23 25 100000.000000
12.619869 23 4 1500.000000
12.903275 23 2 200000.000000
13.070887 23 7 4000000.000000
13.947991 23 7 3000000.000000
14.216123 23 2 1500.000000
14.256076 23 16 3000.000000
15.922776 23 9 1500.000000
16.179955 23 15 4000000.000000
16.473442 23 13 1500.000000
16.480548 23 20 1000000.000000
16.480657 23 6 100000.000000
17.767392 23 12 100000.000000
17.879604 23 1 3000.000000
19.847154 23 16 3000.000000
20.349361 23 13 1000000.000000
20.417947 23 19 1500.000000
20.539735 23 2 3000000.000000
21.153959 23 9 1500.000000
21.441660 23 13 200000.000000
21.617475 23 19 100000.000000
21.743680 23 26 3000000.000000
21.801716 23 11 1500.000000
22.043307 23 6 1500.000000
22.475138 23 11 1500.000000
22.814217 23 16 1500.000000
23.692459 23 17 1000000.000000
24.315155 23 26 1500.000000
24.762514 23 7 4000000.000000
24.907407 23 10 3000000.000000
25.232956 23 5 20000.000000
26.661730 23 15 3000000.000000
27.075364 23 2 1500.000000
27.118481 23 23 4000000.000000
27.727234 23 21 100000.000000
28.396465 23 0 1500.000000
29.174214 23 4 100000.000000
29.338032 23 22 4000000.000000
29.438131 23 23 200000.000000
29.832028 23 4 3000000.000000
29.931290 23 14 1500.000000
0.479276 24 17 3000.000000
0.496409 24 16 20000.000000
1.863095 24 6 100000.000000
2.401009 24 22 3000000.000000
3.536137 24 24 1500.000000
4.718095 24 1 200000.000000
4.767170 24 13 1500.000000
5.155352 24 24 20000.000000
5.243155 24 3 1500.000000
5.481005 24 9 3000.000000
6.585627 24 5 1500.000000
6.884028 24 7 4000000.000000
7.647429 24 6 1000000.000000
9.034571 24 7 10000.000000
9.053991 24 0 1500.000000
9.368629 24 20 100000.000000
9.756239 24 15 1500.000000
11.649849 24 23 4000000.000000
11.723313 24 11 20000.000000
12.548568 24 16 3000000.000000
13.395030 24 8 1000000.000000
13.933023 24 15 1500.000000
15.354808 24 26 10000.000000
15.780617 24 10 1000000.000000
15.855686 24 4 1500.000000
16.090756 24 11 4000000.000000
16.795697 24 10 100000.000000
16.975965 24 15 1500.000000
17.257256 24 11 1500.000000
17.650687 24 16 4000000.000000
19.067846 24 5 1000000.000000
19.209148 24 6 100000.000000
19.690798 24 7 1500.000000
19.834983 24 4 10000.000000
20.783269 24 0 1500.000000
21.033720 24 21 1500.000000
21.259430 24 26 4000000.000000
21.668137 24 8 1500.000000
21.798862 24 11 4000000.000000
22.504727 24 6 10000.000000
22.797071 24 15 10000.000000
24.705349 24 14 200000.000000
24.810660 24 24 1500.000000
25.956324 24 20 3000000.000000
27.047984 24 13 1500.000000
27.056187 24 24 20000.000000
28.316187 24 23 3000000.000000
28.578393 24 1 1500.000000
28.975848 24 23 1500.000000
29.224085 24 16 10000.000000
0.411318 25 14 3000000.000000
0.573137 25 20 4000000.000000
0.681205 25 8 1500.000000
0.750836 25 1 1500.000000
0.885000 25 25 1000000.000000
2.361509 25 25 200000.000000
2.630614 25 13 100000.000000
2.906676 25 17 1500.000000
3.366165 25 20 1000000.000000
4.737180 25 8 1500.000000
4.737234 25 13 100000.000000
5.108857 25 14 4000000.000000
5.524048 25 15 3000000.000000
5.793474 25 18 3000.000000
8.014093 25 10 100000.000000
8.378098 25 12 1500.000000
8.503998 25 6 1500.000000
8.517595 25 1 1000000.000000
8.803395 25 12 1500.000000
9.463390 25 12 1500.000000
10.213775 25 26 200000.000000
10.799401 25 3 1000000.000000
10.844579 25 1 1500.000000
11.296723 25 12 1500.000000
11.939194 25 9 2000000.000000
12.697410 25 16 3000000.000000
13.361735 25 5 3000000.000000
13.400695 25 21 3000000.000000
14.474234 25 25 1500.000000
15.863296 25 9 200000.000000
17.355497 25 24 1500.000000
17.525804 25 22 3000000.000000
19.923898 25 15 1500.000000
20.472640 25 22 1500.000000
22.755301 25 15 1500.000000
22.815049 25 17 200000.000000
22.902501 25 7 1500.000000
23.184583 25 15 100000.000000
23.349239 25 2 4000000.000000
23.516161 25 7 1500.000000
23.895427 25 16 3000000.000000
23.964956 25 23 1500.000000
24.165815 25 6 1500.000000
24.728727 25 19 10000.000000
25.496834 25 7 1500.000000
26.333235 25 17 3000.000000
26.822566 25 22 1500.000000
26.965792 25 12 1500.000000
27.117533 25 9 1500.000000
27.417260 25 16 1500.000000
27.698283 25 20 3000000.000000
28.860262 25 16 1500.000000
29.116774 25 26 200000.000000
29.509832 25 14 200000.000000
0.810534 26 11 3000.000000
1.354018 26 2 4000000.000000
1.602899 26 8 1500.000000
2.314667 26 26 3000.000000
3.194578 26 20 1000000.000000
3.195932 26 23 1500.000000
3.829983 26 8 4000000.000000
4.371676 26 9 1500.000000
4.445365 26 15 3000.000000
4.515800 26 7 1500.000000
4.643554 26 7 1500.000000
5.944755 26 0 20000.000000
6.097184 26 19 100000.000000
6.120786 26 17 1500.000000
7.294723 26 11 200000.000000
7.371961 26 26 10000.000000
7.431149 26 16 3000.000000
7.587344 26 0 1000000.000000
8.045245 26 16 1500.000000
8.485612 26 16 1500.000000
8.582409 26 22 10000.000000
8.717457 26 4 10000.000000
8.796950 26 3 1500.000000
8.920728 26 0 1500.000000
8.962067 26 13 1500.000000
9.297984 26 11 200000.000000
10.387079 26 9 200000.000000
10.514076 26 25 200000.000000
11.207337 26 6 1500.000000
11.615659 26 10 1500.000000
12.506044 26 26 4000000.000000
12.787509 26 17 10000.000000
13.205282 26 26 10000.000000
13.349444 26 17 2000000.000000
14.044813 26 10 1000000.000000
14.124050 26 3 10000.000000
15.456816 26 12 3000000.000000
15.699607 26 2 100000.000000
16.349710 26 9 3000000.000000
16.400568 26 12 4000000.000000
16.703723 26 15 4000000.000000
16.968313 26 20 1500.000000
17.361381 26 13 200000.000000
17.466536 26 26 10000.000000
17.629996 26 13 4000000.000000
18.026010 26 26 1000000.000000
18.644422 26 23 10000.000000
19.184316 26 16 1500.000000
19.672546 26 1 2000000.000000
19.699254 26 0 10000.000000
19.742714 26 17 100000.000000
20.218313 26 22 1000000.000000
20.227321 26 26 1000000.000000
20.535845 26 22 4000000.000000
20.543826 26 16 100000.000000
20.982717 26 9 1500.000000
21.182893 26 9 4000000.000000
21.882587 26 17 1500.000000
23.922614 26 0 100000.000000
24.306558 26 4 1500.000000
24.560816 26 20 200000.000000
25.500255 26 14 20000.000000
26.278823 26 24 3000.000000
26.738628 26 13 1500.000000
28.023128 26 3 10000.000000
28.404370 26 26 1000000.000000
29.204649 26 22 3000.000000
29.987903 26 0 1500.000000
