0.531991 0 10 1000000.000000
0.947587 0 16 1000000.000000
1.931017 0 3 200000.000000
2.892106 0 1 1500.000000
2.912806 0 2 20000.000000
3.065672 0 17 200000.000000
3.272097 0 23 200000.000000
3.331943 0 6 1500.000000
3.555339 0 4 200000.000000
3.939118 0 15 1500.000000
3.994856 0 7 4000000.000000
4.962623 0 12 200000.000000
6.098725 0 15 1000000.000000
6.473941 0 18 1500.000000
6.595989 0 16 1500.000000
6.732476 0 16 1000000.000000
6.886714 0 10 2000000.000000
6.895939 0 5 3000.000000
8.235387 0 1 100000.000000
8.287336 0 9 1500.000000
8.924334 0 0 1000000.000000
9.116704 0 21 1500.000000
9.257793 0 16 200000.000000
9.589038 0 20 2000000.000000
9.888648 0 16 100000.000000
10.134943 0 4 1500.000000
10.197259 0 8 1500.000000
10.883397 0 25 1500.000000
10.994095 0 15 20000.000000
12.415254 0 1 1500.000000
12.578986 0 9 3000.000000
13.066730 0 9 4000000.000000
13.075551 0 12 100000.000000
13.508370 0 21 1500.000000
14.588627 0 11 3000000.000000
15.245356 0 22 200000.000000
15.397869 0 19 1500.000000
15.543512 0 13 10000.000000
15.786209 0 21 4000000.000000
16.040489 0 6 1000000.000000
16.893773 0 3 2000000.000000
17.420667 0 23 100000.000000
17.477294 0 16 1500.000000
17.548020 0 13 4000000.000000
17.867442 0 15 200000.000000
17.910480 0 25 20000.000000
18.189262 0 21 1500.000000
18.559752 0 5 1500.000000
19.043347 0 23 1500.000000
19.251621 0 25 4000000.000000
19.278803 0 9 1500.000000
19.670394 0 23 2000000.000000
19.672557 0 25 3000.000000
19.767978 0 15 100000.000000
20.515969 0 21 100000.000000
20.529847 0 20 4000000.000000
21.002766 0 21 1500.000000
21.056612 0 25 1500.000000
21.403403 0 16 1000000.000000
23.113372 0 3 1500.000000
23.117421 0 4 100000.000000
23.499972 0 18 4000000.000000
23.729745 0 26 1000000.000000
24.314961 0 10 1500.000000
24.444286 0 17 1500.000000
24.514001 0 18 1500.000000
25.265529 0 7 1000000.000000
25.285323 0 17 200000.000000
25.810035 0 13 3000000.000000
25.864234 0 4 1500.000000
25.931546 0 4 4000000.000000
26.259978 0 22 1000000.000000
26.398847 0 18 1500.000000
26.481078 0 24 1500.000000
26.873150 0 26 20000.000000
27.431041 0 1 1500.000000
28.694216 0 3 1500.000000
28.711716 0 6 4000000.000000
28.713470 0 20 3000000.000000
29.279392 0 13 1500.000000
0.024219 1 4 1500.000000
0.510535 1 10 1500.000000
0.587299 1 23 1500.000000
0.982481 1 6 1500.000000
1.816136 1 26 100000.000000
2.322303 1 23 20000.000000
2.387557 1 12 200000.000000
2.772295 1 18 1500.000000
3.033298 1 5 10000.000000
3.168576 1 16 20000.000000
3.273747 1 17 3000000.000000
3.376942 1 23 20000.000000
3.736458 1 25 2000000.000000
4.830268 1 0 1500.000000
5.055717 1 9 1500.000000
5.219214 1 3 3000000.000000
5.358288 1 11 1500.000000
6.880230 1 13 1500.000000
6.974194 1 8 1500.000000
7.896793 1 22 20000.000000
7.974033 1 8 200000.000000
8.031939 1 0 200000.000000
8.211798 1 14 1500.000000
9.083767 1 3 1500.000000
9.364547 1 8 200000.000000
9.789857 1 2 200000.000000
10.051722 1 26 200000.000000
10.156887 1 7 100000.000000
10.282580 1 18 1500.000000
10.452123 1 5 1500.000000
10.782438 1 25 1500.000000
10.853009 1 2 3000000.000000
11.547936 1 16 200000.000000
11.630038 1 5 3000000.000000
11.713859 1 13 1500.000000
12.216259 1 20 1000000.000000
12.241967 1 24 1500.000000
12.973554 1 21 100000.000000
13.786150 1 13 1000000.000000
13.866142 1 10 1500.000000
14.037257 1 5 100000.000000
14.780358 1 8 3000000.000000
14.916072 1 0 1500.000000
15.010465 1 18 1500.000000
15.877694 1 0 3000000.000000
15.970678 1 12 200000.000000
16.021432 1 10 1500.000000
16.578690 1 12 3000.000000
17.271846 1 19 1500.000000
17.927607 1 12 3000.000000
18.005414 1 23 200000.000000
18.425872 1 16 3000000.000000
18.438993 1 15 200000.000000
18.681567 1 22 1500.000000
18.860120 1 23 10000.000000
19.153723 1 11 3000000.000000
19.375850 1 22 10000.000000
19.569581 1 22 1500.000000
20.100555 1 12 3000000.000000
21.824401 1 8 1500.000000
21.886066 1 15 1500.000000
22.444421 1 4 1500.000000
22.508341 1 24 1500.000000
22.549006 1 2 3000000.000000
24.500034 1 23 1500.000000
24.638601 1 11 1500.000000
25.998934 1 24 4000000.000000
26.019437 1 2 100000.000000
26.020546 1 0 4000000.000000
26.394687 1 19 200000.000000
26.949369 1 23 200000.000000
27.244706 1 14 10000.000000
27.295296 1 1 3000000.000000
27.486211 1 4 1500.000000
27.944087 1 1 1500.000000
28.093174 1 20 3000000.000000
28.152789 1 22 1500.000000
28.289485 1 19 3000000.000000
28.986156 1 3 1500.000000
29.294626 1 25 1000000.000000
29.382489 1 2 10000.000000
29.690165 1 24 4000000.000000
0.111547 2 15 3000000.000000
0.274867 2 2 200000.000000
0.599285 2 2 1000000.000000
0.868050 2 0 1500.000000
1.084457 2 3 3000000.000000
1.147765 2 17 100000.000000
1.643604 2 3 3000000.000000
2.780506 2 24 3000.000000
3.198196 2 12 4000000.000000
3.383761 2 26 3000000.000000
3.436658 2 4 3000000.000000
4.031133 2 16 10000.000000
4.124302 2 18 10000.000000
4.574732 2 23 3000.000000
4.622982 2 2 1500.000000
5.074917 2 9 1500.000000
5.088327 2 9 3000000.000000
5.197332 2 21 3000000.000000
6.030404 2 11 1000000.000000
6.120999 2 9 4000000.000000
7.077807 2 4 1500.000000
8.279642 2 8 1000000.000000
9.089797 2 15 1500.000000
9.107055 2 0 1500.000000
9.559164 2 12 100000.000000
9.848102 2 13 3000000.000000
10.334852 2 7 3000.000000
11.803866 2 13 3000000.000000
11.861033 2 22 1500.000000
11.906274 2 7 1000000.000000
12.809019 2 19 1500.000000
13.043576 2 4 1500.000000
13.060506 2 17 1500.000000
13.391142 2 1 200000.000000
13.709944 2 15 2000000.000000
13.926745 2 5 3000.000000
13.974432 2 5 1500.000000
14.098135 2 15 1500.000000
14.291241 2 8 3000000.000000
14.308798 2 10 1500.000000
14.493282 2 20 1500.000000
14.963828 2 14 1500.000000
15.806271 2 3 3000000.000000
16.004638 2 3 100000.000000
16.273014 2 16 20000.000000
16.815377 2 13 100000.000000
16.975085 2 16 3000.000000
17.130619 2 15 1500.000000
17.586417 2 21 10000.000000
18.158119 2 24 1500.000000
18.738294 2 5 20000.000000
19.489957 2 17 3000.000000
19.836709 2 5 3000.000000
19.957537 2 20 200000.000000
20.418731 2 15 3000000.000000
20.548556 2 11 200000.000000
20.604861 2 4 20000.000000
21.647923 2 24 10000.000000
21.705194 2 4 1500.000000
21.939671 2 11 1500.000000
21.998392 2 26 1500.000000
22.200909 2 18 3000.000000
22.322014 2 4 1500.000000
22.755967 2 12 1000000.000000
23.042873 2 0 20000.000000
23.116151 2 13 3000000.000000
23.148936 2 1 1500.000000
23.653663 2 21 1000000.000000
23.685292 2 14 10000.000000
23.976378 2 24 1500.000000
24.219376 2 22 3000000.000000
24.644984 2 26 100000.000000
24.964478 2 11 1500.000000
24.987270 2 1 1500.000000
25.633199 2 1 4000000.000000
26.317367 2 25 4000000.000000
26.735397 2 26 2000000.000000
27.623133 2 5 1500.000000
28.587209 2 0 4000000.000000
29.236011 2 17 1500.000000
29.883781 2 16 3000000.000000
29.926605 2 23 1500.000000
29.994879 2 12 1500.000000
0.225532 3 12 200000.000000
0.241432 3 21 1500.000000
1.343905 3 17 4000000.000000
1.709944 3 22 100000.000000
2.123982 3 21 3000.000000
2.265354 3 17 10000.000000
3.065398 3 11 2000000.000000
3.228772 3 7 1500.000000
3.540733 3 23 1500.000000
4.028457 3 15 1500.000000
4.311280 3 25 3000000.000000
4.362893 3 8 1500.000000
4.994276 3 17 1500.000000
5.585401 3 24 1500.000000
5.687969 3 19 4000000.000000
6.289540 3 3 1500.000000
6.458971 3 24 1500.000000
6.688599 3 18 200000.000000
6.937462 3 3 1500.000000
7.206473 3 8 100000.000000
8.344591 3 20 2000000.000000
9.118930 3 8 20000.000000
9.471417 3 21 3000.000000
10.087284 3 3 3000000.000000
11.298626 3 11 10000.000000
11.457326 3 9 4000000.000000
11.571697 3 8 4000000.000000
11.708945 3 3 200000.000000
12.299211 3 4 10000.000000
12.310317 3 0 1500.000000
12.956503 3 10 4000000.000000
13.005144 3 17 1500.000000
13.632406 3 6 1500.000000
13.845413 3 0 100000.000000
14.675631 3 11 3000000.000000
14.816028 3 11 1500.000000
14.990835 3 23 100000.000000
15.347788 3 13 1500.000000
15.448223 3 12 1500.000000
15.514933 3 9 100000.000000
15.855504 3 9 100000.000000
16.041075 3 22 100000.000000
16.217271 3 24 100000.000000
16.258975 3 20 100000.000000
16.645749 3 15 200000.000000
16.688110 3 3 3000.000000
17.008464 3 17 3000000.000000
17.147581 3 12 200000.000000
17.418745 3 6 100000.000000
18.888115 3 10 100000.000000
18.967990 3 21 200000.000000
19.975911 3 26 200000.000000
20.499737 3 18 100000.000000
21.031603 3 25 200000.000000
21.089538 3 3 100000.000000
21.158530 3 16 1500.000000
22.024642 3 3 1000000.000000
22.588262 3 23 1500.000000
22.926705 3 26 3000000.000000
22.964370 3 7 1500.000000
23.339870 3 14 2000000.000000
23.584673 3 2 1500.000000
24.734617 3 19 200000.000000
25.685759 3 6 10000.000000
26.040633 3 16 10000.000000
26.403299 3 5 1500.000000
27.011550 3 16 2000000.000000
27.577900 3 22 3000000.000000
27.633769 3 6 1500.000000
28.263218 3 0 3000000.000000
29.314524 3 5 1500.000000
29.491696 3 15 200000.000000
29.615757 3 17 1000000.000000
0.653617 4 14 3000.000000
1.439843 4 16 1500.000000
2.294930 4 20 200000.000000
2.546567 4 9 4000000.000000
2.672274 4 13 1500.000000
2.693461 4 15 100000.000000
2.720596 4 15 4000000.000000
3.763192 4 13 1500.000000
3.822806 4 8 200000.000000
4.480085 4 19 1500.000000
5.723114 4 26 1000000.000000
5.784737 4 13 200000.000000
6.456346 4 13 3000.000000
6.550403 4 5 200000.000000
6.660852 4 5 10000.000000
6.976819 4 13 10000.000000
7.033372 4 1 10000.000000
7.530348 4 18 100000.000000
7.702559 4 11 100000.000000
7.721884 4 6 4000000.000000
8.084888 4 17 1500.000000
8.497206 4 5 1000000.000000
9.304937 4 14 1500.000000
10.092416 4 4 1000000.000000
10.299590 4 26 200000.000000
10.757099 4 15 3000000.000000
10.858603 4 11 1500.000000
10.881093 4 2 1500.000000
11.123677 4 10 10000.000000
11.595249 4 14 200000.000000
12.298993 4 9 1500.000000
12.719566 4 24 1000000.000000
13.082011 4 8 200000.000000
13.226112 4 21 1500.000000
13.838911 4 16 3000000.000000
14.092010 4 21 1500.000000
14.341464 4 10 1500.000000
14.518331 4 1 1000000.000000
15.219724 4 22 3000.000000
16.065665 4 8 100000.000000
16.528973 4 7 3000000.000000
16.653945 4 8 20000.000000
16.966450 4 15 1500.000000
17.045834 4 4 1500.000000
17.587185 4 8 200000.000000
17.773302 4 13 3000000.000000
17.805911 4 24 3000.000000
18.730974 4 16 1500.000000
18.870234 4 15 4000000.000000
20.719534 4 2 1000000.000000
22.395136 4 10 1500.000000
23.626314 4 26 10000.000000
23.930303 4 11 1000000.000000
24.671581 4 6 1000000.000000
25.423147 4 12 1500.000000
25.656210 4 1 1500.000000
25.900855 4 17 1500.000000
27.376196 4 16 100000.000000
27.429011 4 21 1000000.000000
27.544724 4 19 1500.000000
28.008049 4 17 1500.000000
28.250855 4 24 1500.000000
28.328579 4 5 1500.000000
29.472080 4 9 1500.000000
0.678143 5 13 200000.000000
0.745610 5 13 200000.000000
1.159850 5 8 3000.000000
1.419364 5 22 10000.000000
1.463073 5 18 1000000.000000
1.571306 5 16 1000000.000000
1.676807 5 21 4000000.000000
2.230454 5 1 20000.000000
3.085642 5 16 1500.000000
3.377061 5 21 100000.000000
4.336610 5 26 1500.000000
4.810453 5 17 3000000.000000
4.830864 5 24 4000000.000000
5.637089 5 21 1000000.000000
6.097545 5 6 10000.000000
6.347782 5 11 100000.000000
6.480572 5 20 1500.000000
6.523855 5 20 1500.000000
6.612864 5 14 1500.000000
6.999517 5 11 1500.000000
8.815623 5 22 1000000.000000
8.829413 5 14 1500.000000
8.879556 5 6 1000000.000000
9.621427 5 6 10000.000000
10.168203 5 21 1500.000000
10.579490 5 22 3000000.000000
11.677254 5 19 1500.000000
12.229073 5 16 200000.000000
12.501164 5 5 1500.000000
13.126709 5 7 1500.000000
13.748976 5 18 1500.000000
14.220059 5 8 3000000.000000
14.544652 5 20 1000000.000000
15.043699 5 19 1500.000000
15.157388 5 6 4000000.000000
15.549623 5 2 1500.000000
15.630486 5 8 100000.000000
15.791580 5 7 1500.000000
16.075434 5 21 1500.000000
16.875430 5 26 1500.000000
17.403576 5 18 3000000.000000
17.819072 5 4 100000.000000
17.856720 5 13 3000.000000
18.234270 5 15 3000000.000000
18.264969 5 8 200000.000000
19.758083 5 8 4000000.000000
19.809216 5 2 1500.000000
20.299235 5 16 1500.000000
20.414163 5 18 1500.000000
20.434131 5 19 1000000.000000
20.558125 5 0 1500.000000
20.691728 5 15 200000.000000
20.738643 5 0 1500.000000
20.816575 5 12 3000.000000
20.851924 5 13 3000000.000000
20.904959 5 5 200000.000000
21.234704 5 22 1000000.000000
21.567624 5 4 1500.000000
22.837894 5 18 20000.000000
23.437174 5 5 3000000.000000
23.629943 5 4 200000.000000
24.008751 5 14 1500.000000
24.639600 5 18 100000.000000
24.664511 5 2 3000000.000000
24.805082 5 12 1500.000000
24.965144 5 13 1500.000000
25.576085 5 5 4000000.000000
26.291567 5 10 1000000.000000
26.363523 5 2 1500.000000
27.344183 5 21 1000000.000000
27.771832 5 12 1000000.000000
28.263443 5 9 100000.000000
28.420633 5 24 1500.000000
28.452345 5 21 200000.000000
0.038421 6 12 100000.000000
0.072461 6 3 3000000.000000
0.153661 6 17 3000.000000
1.032685 6 23 3000000.000000
1.864213 6 22 200000.000000
2.067545 6 7 1500.000000
2.091831 6 25 4000000.000000
2.230529 6 25 1000000.000000
2.556444 6 0 1500.000000
2.933951 6 25 1500.000000
3.163548 6 25 200000.000000
3.461210 6 6 1500.000000
3.646473 6 24 3000000.000000
3.747067 6 7 1500.000000
4.022655 6 8 20000.000000
4.818095 6 26 200000.000000
5.859961 6 16 1500.000000
6.224464 6 25 2000000.000000
6.253558 6 20 4000000.000000
6.306875 6 19 1500.000000
6.528109 6 26 4000000.000000
6.528971 6 17 1000000.000000
6.656940 6 25 2000000.000000
7.268643 6 17 1500.000000
7.426287 6 18 1500.000000
7.665079 6 0 4000000.000000
10.307605 6 12 1500.000000
10.709742 6 0 100000.000000
10.998216 6 1 100000.000000
11.051631 6 20 200000.000000
11.235863 6 24 3000000.000000
11.341297 6 7 1500.000000
11.676745 6 10 1500.000000
11.721542 6 24 1500.000000
12.737931 6 5 1500.000000
13.352260 6 13 1500.000000
13.357810 6 6 1000000.000000
13.688249 6 18 1500.000000
13.864490 6 24 100000.000000
14.354775 6 19 10000.000000
14.397337 6 1 1500.000000
14.495594 6 5 1000000.000000
15.147489 6 4 1500.000000
15.606811 6 1 1500.000000
15.972134 6 2 4000000.000000
16.138622 6 19 3000000.000000
16.388887 6 18 200000.000000
16.393311 6 2 1500.000000
16.417911 6 21 3000000.000000
16.466658 6 26 1000000.000000
16.639284 6 6 3000000.000000
16.680542 6 9 1500.000000
16.898727 6 5 1000000.000000
17.000107 6 5 1500.000000
17.422508 6 13 200000.000000
17.603487 6 7 10000.000000
17.648047 6 6 20000.000000
17.787521 6 5 100000.000000
18.068031 6 18 1500.000000
18.301291 6 5 1500.000000
18.552404 6 16 200000.000000
18.557235 6 10 4000000.000000
19.613485 6 13 100000.000000
20.140840 6 25 10000.000000
20.142744 6 1 4000000.000000
20.989752 6 11 20000.000000
21.248001 6 26 1500.000000
21.414697 6 8 10000.000000
21.469198 6 25 10000.000000
21.516522 6 23 3000000.000000
21.623719 6 0 1500.000000
21.759771 6 14 4000000.000000
22.524646 6 5 1500.000000
22.774386 6 6 1500.000000
23.220727 6 15 3000.000000
23.266251 6 6 3000000.000000
23.285409 6 13 1000000.000000
23.327486 6 12 20000.000000
23.534447 6 18 1500.000000
23.828891 6 11 1000000.000000
24.867017 6 24 200000.000000
24.921070 6 16 100000.000000
25.575147 6 5 4000000.000000
25.790429 6 17 1500.000000
25.977467 6 16 200000.000000
26.588123 6 4 3000000.000000
28.263963 6 6 3000000.000000
28.509784 6 1 1000000.000000
28.751216 6 17 3000.000000
29.487765 6 24 200000.000000
29.609199 6 23 100000.000000
29.784990 6 26 3000000.000000
1.042189 7 25 1000000.000000
1.109057 7 25 1500.000000
1.217987 7 0 3000000.000000
1.220417 7 13 3000000.000000
1.496733 7 22 1000000.000000
1.960128 7 10 4000000.000000
2.588564 7 5 20000.000000
2.610034 7 20 1500.000000
3.023524 7 3 1500.000000
3.404213 7 0 200000.000000
3.600413 7 6 1500.000000
4.927873 7 10 3000000.000000
5.943880 7 25 1500.000000
6.210918 7 17 100000.000000
6.542590 7 16 4000000.000000
6.920062 7 10 200000.000000
10.180838 7 18 3000.000000
10.392318 7 8 3000000.000000
10.513811 7 23 1000000.000000
10.617950 7 5 1000000.000000
10.669372 7 13 1500.000000
11.102257 7 8 1000000.000000
11.275401 7 4 3000.000000
11.570460 7 17 10000.000000
11.677186 7 15 1000000.000000
11.713721 7 23 3000000.000000
11.763189 7 25 4000000.000000
11.810719 7 6 3000.000000
13.816783 7 19 1500.000000
13.847542 7 23 1500.000000
14.261943 7 14 10000.000000
15.110196 7 0 20000.000000
15.710216 7 20 4000000.000000
15.751035 7 23 1500.000000
16.103569 7 18 1500.000000
16.941001 7 24 1500.000000
17.483878 7 5 1500.000000
17.495090 7 0 1500.000000
18.028183 7 11 3000000.000000
18.120390 7 23 20000.000000
18.143019 7 14 3000000.000000
18.630911 7 10 1000000.000000
19.404329 7 14 1500.000000
19.489194 7 24 1500.000000
19.887367 7 3 100000.000000
20.204501 7 3 100000.000000
20.399617 7 5 1000000.000000
20.713608 7 11 1500.000000
20.900800 7 0 100000.000000
21.069338 7 20 1500.000000
21.167311 7 14 1000000.000000
21.632688 7 1 1000000.000000
21.978451 7 0 4000000.000000
22.366357 7 7 3000000.000000
22.504133 7 25 1000000.000000
23.544544 7 16 10000.000000
25.665333 7 11 1500.000000
25.891616 7 13 20000.000000
26.599333 7 22 1500.000000
27.239690 7 10 200000.000000
27.317211 7 25 1500.000000
28.494848 7 4 3000000.000000
29.106885 7 6 4000000.000000
29.925057 7 7 100000.000000
0.178544 8 0 100000.000000
0.213250 8 4 200000.000000
0.217142 8 22 100000.000000
0.731884 8 12 1500.000000
1.974600 8 12 4000000.000000
2.080435 8 23 1000000.000000
2.498917 8 12 3000000.000000
3.599948 8 0 10000.000000
3.721199 8 17 10000.000000
4.001992 8 0 3000.000000
5.304659 8 2 10000.000000
5.360281 8 10 200000.000000
5.454447 8 3 3000.000000
5.462902 8 9 4000000.000000
6.585566 8 7 1500.000000
6.598102 8 21 1500.000000
6.738275 8 6 200000.000000
7.251497 8 0 3000.000000
7.806156 8 9 10000.000000
8.123430 8 13 200000.000000
8.331239 8 21 1500.000000
8.349766 8 21 200000.000000
8.511611 8 0 200000.000000
9.174005 8 23 4000000.000000
9.555791 8 24 1500.000000
9.596747 8 3 3000000.000000
9.655561 8 13 3000000.000000
9.687065 8 15 1500.000000
9.976614 8 6 20000.000000
10.629036 8 14 1500.000000
11.481374 8 4 4000000.000000
11.511649 8 26 1500.000000
11.800492 8 12 1500.000000
12.082463 8 17 2000000.000000
12.713354 8 1 200000.000000
12.975610 8 5 1500.000000
13.015238 8 7 3000000.000000
13.225303 8 22 1500.000000
13.358871 8 25 1500.000000
13.395981 8 14 1500.000000
13.666298 8 5 3000000.000000
14.302775 8 26 100000.000000
14.749150 8 8 1500.000000
15.429831 8 23 1500.000000
15.478740 8 18 1500.000000
16.945236 8 6 1500.000000
17.317854 8 8 100000.000000
17.576413 8 10 200000.000000
17.803449 8 5 1500.000000
17.861624 8 4 1500.000000
18.256302 8 26 4000000.000000
18.859643 8 7 200000.000000
18.965001 8 24 1500.000000
19.538324 8 14 3000000.000000
19.607238 8 22 1500.000000
19.781680 8 23 1000000.000000
19.816915 8 7 1500.000000
20.250808 8 23 4000000.000000
20.883403 8 0 3000000.000000
22.925678 8 8 3000.000000
23.361885 8 18 1000000.000000
23.365416 8 2 4000000.000000
24.026968 8 19 1500.000000
24.387045 8 10 200000.000000
24.443776 8 18 1500.000000
24.526979 8 10 3000.000000
24.611190 8 13 1500.000000
25.075012 8 24 1500.000000
25.449250 8 20 1500.000000
25.842525 8 11 1500.000000
26.860767 8 1 1500.000000
26.928426 8 20 1000000.000000
28.755972 8 20 100000.000000
29.290246 8 1 1500.000000
29.439253 8 8 1000000.000000
29.736109 8 11 3000.000000
29.896020 8 23 1500.000000
0.208001 9 5 1500.000000
0.330315 9 3 3000.000000
0.457453 9 19 3000000.000000
0.831841 9 7 200000.000000
1.453683 9 1 4000000.000000
2.577149 9 8 2000000.000000
2.828376 9 25 100000.000000
3.431674 9 25 3000.000000
5.149152 9 22 1500.000000
5.485469 9 22 3000000.000000
6.585860 9 1 4000000.000000
6.633827 9 21 1500.000000
6.674196 9 8 3000.000000
7.241532 9 1 1500.000000
7.361354 9 8 3000000.000000
7.507264 9 10 1500.000000
7.667243 9 19 1500.000000
7.729985 9 17 3000.000000
8.226125 9 25 3000.000000
8.662924 9 7 1500.000000
8.743529 9 23 1000000.000000
9.117418 9 25 100000.000000
9.311788 9 22 200000.000000
9.361911 9 8 1500.000000
9.878359 9 17 1500.000000
10.183856 9 12 1500.000000
10.203403 9 19 200000.000000
10.758153 9 26 200000.000000
10.985519 9 14 1500.000000
11.552924 9 14 1500.000000
12.795769 9 4 100000.000000
13.186085 9 24 1500.000000
13.340686 9 1 1000000.000000
13.364926 9 12 100000.000000
13.681091 9 17 100000.000000
13.743955 9 25 4000000.000000
14.326725 9 12 1500.000000
14.342235 9 12 100000.000000
14.657321 9 25 4000000.000000
14.936260 9 15 1000000.000000
15.071747 9 13 200000.000000
15.282447 9 11 100000.000000
15.423833 9 11 1500.000000
15.467425 9 1 1500.000000
15.523665 9 1 1500.000000
16.245176 9 21 20000.000000
16.380135 9 13 4000000.000000
16.425220 9 17 1000000.000000
16.735675 9 11 100000.000000
16.822748 9 13 1000000.000000
16.987014 9 26 200000.000000
17.111807 9 19 10000.000000
18.565550 9 13 1500.000000
18.776173 9 8 1500.000000
19.370148 9 3 4000000.000000
20.027900 9 4 200000.000000
21.126694 9 1 20000.000000
21.597544 9 16 10000.000000
21.819609 9 16 100000.000000
22.052873 9 12 1000000.000000
22.377017 9 22 3000000.000000
22.884723 9 11 3000000.000000
23.316857 9 3 3000.000000
23.372058 9 12 100000.000000
23.572570 9 19 4000000.000000
24.226944 9 5 100000.000000
24.305346 9 4 1500.000000
24.376912 9 18 4000000.000000
24.407264 9 7 100000.000000
25.069810 9 18 3000000.000000
25.563843 9 1 3000000.000000
25.915121 9 16 1000000.000000
26.999093 9 17 3000000.000000
27.064524 9 5 200000.000000
27.213354 9 12 20000.000000
27.537313 9 1 200000.000000
28.450929 9 1 1000000.000000
28.835388 9 4 1500.000000
29.315974 9 13 200000.000000
0.319902 10 9 100000.000000
0.502073 10 9 1500.000000
0.747361 10 17 1500.000000
0.761831 10 17 200000.000000
1.282919 10 20 10000.000000
1.334671 10 24 4000000.000000
1.429039 10 24 1000000.000000
1.595185 10 24 3000.000000
1.879831 10 18 200000.000000
2.176197 10 24 200000.000000
2.690388 10 25 1500.000000
2.844102 10 2 1500.000000
3.419902 10 5 1500.000000
4.070908 10 11 3000000.000000
4.387088 10 13 100000.000000
5.190136 10 20 200000.000000
5.920522 10 23 1500.000000
6.342094 10 15 1500.000000
6.466141 10 4 10000.000000
6.499535 10 10 20000.000000
6.687206 10 19 200000.000000
6.920440 10 26 1500.000000
7.052330 10 12 1500.000000
7.155420 10 19 3000000.000000
7.842884 10 15 3000000.000000
8.026454 10 15 3000.000000
8.789562 10 14 1500.000000
9.069167 10 1 4000000.000000
9.084366 10 25 1000000.000000
9.141540 10 7 1000000.000000
9.202902 10 14 1500.000000
9.825442 10 23 10000.000000
10.039506 10 2 200000.000000
10.086617 10 1 1000000.000000
10.122912 10 22 200000.000000
10.263396 10 20 4000000.000000
10.695626 10 8 1500.000000
11.020944 10 20 200000.000000
11.051778 10 4 1000000.000000
11.315272 10 12 1500.000000
12.638655 10 18 1500.000000
13.247126 10 10 1000000.000000
13.249839 10 22 1500.000000
13.406700 10 14 1500.000000
13.420740 10 12 1500.000000
13.454203 10 22 3000000.000000
13.662784 10 10 3000000.000000
14.635099 10 3 3000.000000
14.795036 10 8 1500.000000
15.198319 10 24 1500.000000
15.262887 10 5 4000000.000000
15.304094 10 17 4000000.000000
15.507840 10 15 1500.000000
15.944135 10 12 4000000.000000
16.246784 10 13 1000000.000000
16.284083 10 17 200000.000000
16.328233 10 3 2000000.000000
16.892761 10 26 3000000.000000
17.052511 10 1 1500.000000
17.132975 10 24 200000.000000
17.404735 10 13 200000.000000
17.592575 10 7 1000000.000000
18.567539 10 16 3000.000000
18.854042 10 14 1500.000000
20.374010 10 4 3000000.000000
20.742235 10 16 100000.000000
21.577211 10 7 1500.000000
22.226575 10 11 1500.000000
22.459805 10 22 1500.000000
23.096392 10 3 1000000.000000
23.125073 10 10 1000000.000000
24.412085 10 18 1500.000000
24.826907 10 26 1000000.000000
25.067861 10 16 1500.000000
25.098969 10 9 2000000.000000
25.616759 10 7 1000000.000000
25.645776 10 11 20000.000000
26.441856 10 9 4000000.000000
27.066127 10 3 200000.000000
27.469993 10 13 2000000.000000
27.587491 10 24 1500.000000
28.281891 10 5 3000.000000
1.145288 11 14 10000.000000
1.556738 11 26 4000000.000000
1.647526 11 2 1500.000000
1.857837 11 7 100000.000000
3.198295 11 1 1500.000000
3.304093 11 19 100000.000000
3.310489 11 4 1500.000000
3.642527 11 16 3000000.000000
3.849730 11 0 1500.000000
4.192875 11 26 3000000.000000
4.426918 11 0 1500.000000
4.555248 11 17 200000.000000
5.044858 11 4 3000000.000000
6.313987 11 26 3000000.000000
6.370910 11 22 3000000.000000
6.408466 11 21 1500.000000
6.420184 11 9 1500.000000
6.967204 11 19 10000.000000
7.607066 11 12 1500.000000
7.624759 11 17 3000000.000000
8.940460 11 13 1500.000000
9.230363 11 2 1500.000000
9.557024 11 7 200000.000000
10.086285 11 9 200000.000000
10.318093 11 3 20000.000000
10.722904 11 24 100000.000000
10.745271 11 16 3000000.000000
10.873328 11 11 4000000.000000
11.007703 11 8 200000.000000
11.088983 11 11 200000.000000
11.142259 11 3 4000000.000000
11.968077 11 2 1000000.000000
12.318052 11 15 3000000.000000
13.049952 11 13 1500.000000
13.723444 11 25 200000.000000
13.855546 11 18 3000000.000000
14.090680 11 2 1000000.000000
14.339610 11 6 3000.000000
14.993690 11 16 1500.000000
15.215374 11 22 1000000.000000
15.344062 11 13 1500.000000
15.351007 11 17 3000000.000000
15.998065 11 7 100000.000000
16.698084 11 13 1000000.000000
16.992739 11 1 1500.000000
17.163630 11 8 100000.000000
17.845207 11 8 200000.000000
17.928691 11 7 3000000.000000
17.995971 11 9 20000.000000
18.034330 11 18 1500.000000
18.057656 11 2 3000000.000000
18.117255 11 23 4000000.000000
18.381204 11 8 3000000.000000
18.849815 11 3 1500.000000
19.807489 11 23 3000.000000
20.482362 11 23 3000000.000000
20.504415 11 7 1500.000000
20.551419 11 13 10000.000000
21.543530 11 15 1500.000000
21.657396 11 8 3000000.000000
21.736894 11 1 100000.000000
22.234594 11 11 3000000.000000
22.253214 11 15 1500.000000
22.852851 11 1 3000000.000000
23.437292 11 0 100000.000000
23.475656 11 20 4000000.000000
23.570887 11 18 1500.000000
23.683883 11 24 200000.000000
23.979529 11 23 1500.000000
25.748894 11 3 1500.000000
26.283702 11 15 10000.000000
26.309455 11 3 200000.000000
26.451448 11 1 1000000.000000
26.478622 11 25 1500.000000
26.617096 11 20 3000000.000000
26.792662 11 12 200000.000000
27.266834 11 11 20000.000000
27.517175 11 9 2000000.000000
27.749086 11 3 1500.000000
27.806962 11 1 20000.000000
28.258370 11 19 1500.000000
29.034170 11 11 2000000.000000
29.111570 11 15 3000000.000000
29.452426 11 15 1500.000000
29.642804 11 14 1500.000000
29.857459 11 5 10000.000000
0.069090 12 6 1500.000000
0.211224 12 2 1500.000000
0.219166 12 13 1500.000000
0.223597 12 14 4000000.000000
1.035228 12 12 20000.000000
1.317912 12 16 1500.000000
1.838565 12 11 1500.000000
1.949861 12 1 1500.000000
2.279109 12 25 1000000.000000
2.887737 12 11 1500.000000
3.117754 12 18 1500.000000
3.623724 12 17 3000.000000
3.823715 12 9 20000.000000
4.564336 12 18 3000000.000000
5.054976 12 13 20000.000000
5.254989 12 3 1500.000000
5.511028 12 20 3000000.000000
6.351044 12 16 3000000.000000
6.703802 12 22 1500.000000
6.956859 12 1 10000.000000
7.888475 12 18 20000.000000
8.807489 12 19 1500.000000
9.062512 12 22 1500.000000
9.491162 12 10 1500.000000
9.941923 12 17 1500.000000
10.077083 12 0 4000000.000000
10.430830 12 7 3000000.000000
10.637121 12 3 1500.000000
12.102700 12 11 10000.000000
12.444431 12 18 4000000.000000
12.567944 12 23 1500.000000
12.754134 12 22 1500.000000
12.941723 12 16 100000.000000
13.558399 12 1 3000000.000000
14.761250 12 4 4000000.000000
15.280418 12 7 1500.000000
17.024428 12 26 1500.000000
18.788337 12 3 100000.000000
19.014072 12 14 200000.000000
19.093441 12 3 1500.000000
19.422836 12 24 1500.000000
19.532082 12 1 4000000.000000
19.914690 12 9 1500.000000
20.798106 12 26 1000000.000000
20.955934 12 15 200000.000000
21.040852 12 12 200000.000000
22.126731 12 0 4000000.000000
22.438548 12 18 1500.000000
23.119112 12 8 1500.000000
23.450854 12 16 10000.000000
23.461220 12 11 3000000.000000
23.977635 12 23 3000000.000000
24.212234 12 1 1000000.000000
24.576864 12 9 100000.000000
24.982551 12 18 1500.000000
25.944013 12 8 3000.000000
26.312652 12 5 1500.000000
26.339466 12 9 200000.000000
26.366437 12 18 1500.000000
26.448368 12 14 1500.000000
26.591191 12 14 1500.000000
26.921938 12 8 200000.000000
26.928772 12 23 10000.000000
27.319476 12 9 200000.000000
27.371771 12 23 100000.000000
27.486059 12 5 10000.000000
28.273990 12 11 3000000.000000
28.998355 12 23 1000000.000000
29.008035 12 6 1500.000000
29.120775 12 16 1500.000000
29.487656 12 19 4000000.000000
29.754667 12 17 2000000.000000
0.145814 13 11 3000.000000
0.729652 13 1 1500.000000
0.737070 13 12 3000000.000000
0.767175 13 25 1000000.000000
1.678874 13 4 1500.000000
1.760351 13 19 1500.000000
2.113004 13 10 100000.000000
2.214164 13 20 20000.000000
2.687554 13 15 1500.000000
2.757019 13 4 1500.000000
3.028275 13 4 3000000.000000
3.421785 13 0 4000000.000000
3.451018 13 22 1000000.000000
4.671796 13 1 1500.000000
4.833547 13 7 100000.000000
5.015706 13 17 4000000.000000
5.245330 13 7 1500.000000
5.463081 13 10 4000000.000000
5.531486 13 12 200000.000000
5.634874 13 24 10000.000000
5.678717 13 9 1500.000000
6.199417 13 21 1000000.000000
7.741030 13 6 1500.000000
8.346536 13 15 3000000.000000
8.471056 13 6 1000000.000000
8.772105 13 10 100000.000000
8.900715 13 9 3000000.000000
8.981086 13 26 1500.000000
9.319388 13 5 200000.000000
9.341114 13 24 1500.000000
9.370461 13 19 1500.000000
9.544473 13 9 200000.000000
10.494474 13 10 3000000.000000
10.859056 13 25 10000.000000
10.989669 13 6 1500.000000
11.029317 13 16 1000000.000000
11.483900 13 1 1500.000000
11.593343 13 23 100000.000000
11.789524 13 18 1000000.000000
12.052800 13 18 10000.000000
12.225730 13 20 1500.000000
12.422652 13 24 1500.000000
12.629379 13 18 200000.000000
12.740754 13 12 1500.000000
14.270660 13 23 1500.000000
14.612471 13 14 20000.000000
15.301627 13 1 2000000.000000
15.663552 13 21 4000000.000000
15.690883 13 5 1500.000000
15.911646 13 12 1000000.000000
16.863830 13 3 3000000.000000
17.502181 13 4 3000.000000
17.902002 13 6 1500.000000
18.063057 13 17 1500.000000
18.294439 13 2 3000000.000000
18.637098 13 11 1500.000000
19.844133 13 15 2000000.000000
20.123309 13 3 4000000.000000
20.329309 13 4 1500.000000
20.944737 13 8 1500.000000
20.990843 13 13 1500.000000
21.145866 13 5 10000.000000
21.349501 13 8 4000000.000000
21.494460 13 3 1500.000000
21.886639 13 7 1500.000000
22.112495 13 19 200000.000000
23.675574 13 11 100000.000000
24.128624 13 20 1500.000000
24.429853 13 14 100000.000000
24.894946 13 3 4000000.000000
25.588181 13 24 1500.000000
25.798484 13 16 1500.000000
26.225169 13 11 1000000.000000
26.600585 13 24 3000000.000000
26.819907 13 7 3000000.000000
27.363220 13 5 1500.000000
27.445979 13 5 20000.000000
28.231408 13 1 200000.000000
28.303121 13 15 4000000.000000
28.315683 13 22 1500.000000
28.554845 13 25 4000000.000000
28.578902 13 11 4000000.000000
28.795775 13 0 20000.000000
29.698938 13 15 1500.000000
29.709600 13 9 10000.000000
29.852499 13 8 1500.000000
0.806391 14 6 1500.000000
0.821262 14 24 3000000.000000
1.274586 14 17 3000.000000
1.728333 14 22 100000.000000
1.775753 14 4 4000000.000000
2.915587 14 12 2000000.000000
3.211711 14 5 3000000.000000
3.258678 14 1 4000000.000000
3.598238 14 24 10000.000000
4.117582 14 20 100000.000000
4.278793 14 0 10000.000000
4.562545 14 10 3000.000000
4.643564 14 4 100000.000000
6.586053 14 4 4000000.000000
7.262077 14 17 10000.000000
7.670493 14 9 4000000.000000
7.771887 14 10 1500.000000
7.835349 14 20 1500.000000
7.954348 14 16 200000.000000
7.955346 14 20 1500.000000
8.276002 14 21 200000.000000
8.677417 14 7 1500.000000
8.830980 14 8 1500.000000
9.588809 14 8 1000000.000000
10.209380 14 10 100000.000000
10.300327 14 6 20000.000000
10.641980 14 11 1500.000000
11.047387 14 16 4000000.000000
12.015607 14 3 1500.000000
12.027687 14 18 4000000.000000
12.052890 14 21 20000.000000
12.122220 14 23 4000000.000000
12.213210 14 22 1500.000000
12.590944 14 11 10000.000000
13.306301 14 20 1500.000000
13.363278 14 9 200000.000000
13.853196 14 25 3000.000000
14.412065 14 2 1500.000000
14.612477 14 3 1500.000000
14.708321 14 17 200000.000000
14.804490 14 1 3000000.000000
16.663509 14 2 1500.000000
16.841910 14 17 4000000.000000
17.152086 14 6 1500.000000
17.818867 14 0 1000000.000000
18.079438 14 4 20000.000000
18.678153 14 2 1500.000000
18.741476 14 16 1500.000000
18.783333 14 5 1500.000000
18.989161 14 24 3000.000000
19.937385 14 9 1000000.000000
19.985260 14 2 1500.000000
20.387997 14 0 1000000.000000
20.530098 14 19 1500.000000
20.871995 14 15 1500.000000
20.923168 14 23 1500.000000
21.156684 14 11 10000.000000
22.052783 14 22 1500.000000
22.447728 14 22 1500.000000
22.659221 14 23 1500.000000
24.435321 14 3 1500.000000
24.974249 14 22 1500.000000
25.465925 14 16 200000.000000
25.901907 14 18 100000.000000
26.116315 14 16 1500.000000
26.230226 14 24 10000.000000
26.613934 14 26 1500.000000
27.131811 14 22 1000000.000000
28.046692 14 4 10000.000000
28.396570 14 9 1500.000000
28.526518 14 13 1500.000000
28.657661 14 2 1500.000000
29.189582 14 24 10000.000000
29.589683 14 16 1500.000000
29.746447 14 15 20000.000000
0.008000 15 20 3000000.000000
1.154675 15 1 1500.000000
1.654487 15 2 1500.000000
1.670964 15 5 1000000.000000
2.373241 15 5 1500.000000
2.751058 15 3 4000000.000000
3.141946 15 25 1500.000000
3.670641 15 2 1500.000000
4.144906 15 7 1500.000000
4.188113 15 12 1500.000000
4.880601 15 3 100000.000000
5.257488 15 26 3000000.000000
5.398515 15 2 2000000.000000
5.564649 15 18 1500.000000
6.126750 15 5 3000000.000000
6.782433 15 19 3000000.000000
6.908475 15 19 1500.000000
7.963568 15 19 1000000.000000
7.998100 15 15 1500.000000
8.123020 15 8 1500.000000
8.159626 15 12 10000.000000
8.364475 15 11 1500.000000
8.654715 15 3 100000.000000
8.788313 15 24 200000.000000
9.207357 15 8 3000000.000000
9.834422 15 5 1500.000000
10.032141 15 3 10000.000000
10.286263 15 21 1500.000000
10.567956 15 17 1500.000000
10.777065 15 12 1000000.000000
11.533262 15 24 3000000.000000
12.288469 15 26 3000000.000000
12.470865 15 2 1500.000000
12.547585 15 15 10000.000000
13.018311 15 20 1500.000000
13.075271 15 26 1500.000000
13.102163 15 8 200000.000000
14.307190 15 5 10000.000000
14.493729 15 13 3000000.000000
14.789666 15 0 1500.000000
14.815369 15 18 1500.000000
14.917707 15 11 100000.000000
15.927031 15 9 3000000.000000
16.071066 15 15 1000000.000000
16.801840 15 7 3000000.000000
16.808669 15 1 3000000.000000
17.398441 15 20 1500.000000
17.883738 15 26 4000000.000000
18.613395 15 8 3000.000000
19.671779 15 1 3000000.000000
19.769241 15 12 20000.000000
20.209323 15 23 4000000.000000
20.411435 15 26 10000.000000
20.894652 15 21 100000.000000
20.994838 15 10 100000.000000
21.481844 15 12 4000000.000000
21.700531 15 15 1500.000000
22.057816 15 11 1500.000000
22.550969 15 17 1500.000000
22.555571 15 2 1000000.000000
22.744007 15 15 4000000.000000
23.314960 15 8 200000.000000
23.457527 15 4 4000000.000000
23.816099 15 19 1500.000000
24.414906 15 11 100000.000000
24.438229 15 2 1500.000000
24.821054 15 25 3000000.000000
24.943494 15 6 1000000.000000
25.659374 15 17 1500.000000
25.723619 15 15 200000.000000
25.991873 15 10 1500.000000
26.188716 15 17 100000.000000
26.503376 15 12 1500.000000
26.560873 15 11 3000000.000000
27.658630 15 0 1500.000000
27.814338 15 5 1000000.000000
28.097743 15 6 3000000.000000
28.281996 15 12 4000000.000000
28.531437 15 26 100000.000000
28.697925 15 0 1500.000000
28.953691 15 2 3000000.000000
29.184295 15 7 1000000.000000
29.316780 15 2 10000.000000
29.873692 15 2 100000.000000
0.135077 16 2 3000000.000000
0.394080 16 8 1500.000000
0.495940 16 6 2000000.000000
0.568330 16 15 1500.000000
0.938248 16 15 10000.000000
0.971686 16 10 1500.000000
1.089016 16 18 3000.000000
1.557145 16 19 20000.000000
2.029895 16 23 4000000.000000
2.798671 16 13 1500.000000
3.456962 16 13 3000000.000000
3.486654 16 21 1500.000000
4.618543 16 6 1500.000000
4.656816 16 20 1500.000000
5.329685 16 3 20000.000000
5.452851 16 5 1500.000000
5.906496 16 2 100000.000000
6.146082 16 22 1500.000000
6.282110 16 16 10000.000000
6.789164 16 16 1500.000000
7.370749 16 15 3000000.000000
7.928858 16 8 1500.000000
7.928912 16 8 1500.000000
8.057646 16 20 100000.000000
8.058970 16 9 4000000.000000
8.123794 16 15 4000000.000000
8.309046 16 10 1500.000000
8.331395 16 15 4000000.000000
8.629974 16 0 1500.000000
9.073298 16 2 1500.000000
9.162574 16 19 1500.000000
9.266429 16 3 4000000.000000
9.269616 16 25 100000.000000
9.274967 16 3 20000.000000
10.407234 16 14 4000000.000000
10.980599 16 7 4000000.000000
11.333971 16 23 2000000.000000
11.437784 16 9 200000.000000
12.047418 16 20 200000.000000
12.685630 16 9 1500.000000
13.997061 16 25 1500.000000
14.713318 16 2 4000000.000000
15.201240 16 23 1500.000000
15.413706 16 2 1500.000000
15.681791 16 14 3000000.000000
15.752421 16 6 4000000.000000
16.072966 16 16 3000.000000
16.915397 16 1 200000.000000
17.068763 16 24 1000000.000000
17.103359 16 17 100000.000000
17.965095 16 1 100000.000000
18.010869 16 14 1500.000000
18.342600 16 17 1500.000000
18.522662 16 17 200000.000000
18.775563 16 4 1500.000000
18.860774 16 6 1500.000000
18.869836 16 2 100000.000000
19.073683 16 16 1500.000000
19.533255 16 14 100000.000000
19.655571 16 11 3000000.000000
19.881022 16 1 1000000.000000
20.244118 16 24 3000000.000000
20.644143 16 16 1500.000000
20.748362 16 21 200000.000000
20.897325 16 7 2000000.000000
21.508336 16 3 1500.000000
22.026571 16 25 1500.000000
22.373033 16 10 1500.000000
24.722999 16 19 1500.000000
25.093533 16 4 1500.000000
25.262662 16 5 1500.000000
25.473227 16 15 1500.000000
25.985448 16 8 4000000.000000
26.461784 16 10 1500.000000
26.502985 16 16 1500.000000
26.626078 16 2 1500.000000
27.185844 16 17 1000000.000000
27.231095 16 24 10000.000000
27.912246 16 13 1000000.000000
27.924155 16 25 20000.000000
28.442046 16 18 3000000.000000
28.571062 16 6 1500.000000
28.844426 16 8 1500.000000
28.975387 16 10 200000.000000
29.555731 16 21 1000000.000000
29.599683 16 13 3000000.000000
29.738458 16 13 3000000.000000
29.836062 16 0 1500.000000
0.236022 17 10 1000000.000000
0.385157 17 22 1500.000000
1.538540 17 22 1500.000000
3.071272 17 17 1500.000000
3.693034 17 12 1000000.000000
3.712219 17 24 3000000.000000
3.858961 17 10 1500.000000
3.985537 17 23 1500.000000
4.258898 17 1 20000.000000
4.322495 17 7 1500.000000
4.483425 17 23 4000000.000000
4.779966 17 0 1500.000000
4.824608 17 20 1500.000000
5.099393 17 11 1500.000000
5.324773 17 4 1500.000000
5.428345 17 22 1000000.000000
5.495078 17 22 4000000.000000
5.789167 17 14 1500.000000
6.865870 17 3 1500.000000
7.272846 17 8 3000000.000000
7.654998 17 13 10000.000000
7.935809 17 18 3000.000000
7.945048 17 5 1500.000000
8.439921 17 15 1500.000000
8.586620 17 21 3000.000000
8.987678 17 5 4000000.000000
9.608479 17 18 200000.000000
10.413450 17 13 100000.000000
10.779486 17 8 20000.000000
11.076778 17 12 1500.000000
12.487043 17 8 4000000.000000
12.534904 17 15 1500.000000
12.581970 17 14 100000.000000
13.081626 17 15 3000000.000000
13.676476 17 13 1500.000000
13.714171 17 22 200000.000000
13.764288 17 17 100000.000000
13.909535 17 12 4000000.000000
14.066363 17 17 20000.000000
14.461997 17 18 200000.000000
14.643259 17 17 10000.000000
15.091948 17 7 1500.000000
15.212875 17 18 1500.000000
16.135377 17 8 3000.000000
16.302682 17 6 4000000.000000
16.860752 17 16 3000000.000000
16.886897 17 18 1500.000000
16.941084 17 13 1000000.000000
17.027697 17 12 100000.000000
17.187473 17 23 4000000.000000
17.358545 17 14 10000.000000
18.240954 17 3 1000000.000000
19.555005 17 11 1500.000000
19.768270 17 5 1500.000000
20.138944 17 10 20000.000000
20.212408 17 18 10000.000000
21.271104 17 24 4000000.000000
21.531279 17 24 100000.000000
21.940941 17 24 4000000.000000
22.760435 17 19 1500.000000
22.820838 17 15 1500.000000
23.091305 17 24 1500.000000
23.299352 17 18 1000000.000000
23.580253 17 1 10000.000000
23.960264 17 0 1500.000000
24.030144 17 23 1500.000000
24.187398 17 21 4000000.000000
24.433514 17 24 1500.000000
24.516394 17 19 1500.000000
25.073774 17 23 100000.000000
25.452386 17 3 1500.000000
25.497268 17 18 1500.000000
25.890131 17 2 1500.000000
26.060994 17 5 1500.000000
26.697945 17 10 1500.000000
26.882613 17 20 100000.000000
26.890851 17 11 1500.000000
26.944390 17 10 3000000.000000
27.122807 17 5 100000.000000
27.960843 17 10 100000.000000
28.332655 17 13 1500.000000
28.446016 17 25 200000.000000
28.749288 17 21 1500.000000
28.889798 17 2 200000.000000
29.554074 17 2 1000000.000000
29.922460 17 10 100000.000000
0.049276 18 2 1500.000000
0.077747 18 10 1500.000000
0.487578 18 22 1000000.000000
0.732674 18 9 100000.000000
0.784928 18 18 200000.000000
0.826087 18 9 100000.000000
0.876139 18 24 1500.000000
1.059550 18 9 20000.000000
1.059889 18 8 1500.000000
1.219712 18 13 100000.000000
1.299366 18 15 1500.000000
1.661917 18 18 20000.000000
1.934283 18 0 200000.000000
1.995924 18 1 3000000.000000
2.134401 18 24 1500.000000
2.755269 18 12 3000000.000000
2.759394 18 19 100000.000000
2.772018 18 9 100000.000000
3.041305 18 0 1500.000000
3.618335 18 20 1500.000000
3.923868 18 10 1500.000000
4.436231 18 9 100000.000000
4.559882 18 26 1500.000000
4.923181 18 15 200000.000000
5.838194 18 26 100000.000000
6.313643 18 17 2000000.000000
6.502623 18 6 3000.000000
6.682394 18 13 10000.000000
6.885256 18 8 4000000.000000
7.100311 18 24 10000.000000
7.268473 18 4 1500.000000
8.203447 18 10 3000000.000000
8.689508 18 20 1000000.000000
8.795457 18 11 1500.000000
8.917865 18 26 1500.000000
10.068594 18 0 1500.000000
10.208753 18 0 1500.000000
10.805018 18 11 1500.000000
10.892786 18 16 20000.000000
11.055602 18 11 3000000.000000
11.840388 18 16 100000.000000
12.007409 18 19 20000.000000
12.659796 18 15 10000.000000
12.961775 18 17 1500.000000
13.314758 18 25 1500.000000
13.444179 18 18 1500.000000
13.720242 18 1 1000000.000000
13.743714 18 15 1500.000000
13.929543 18 9 4000000.000000
14.555225 18 4 4000000.000000
14.957831 18 24 100000.000000
15.584925 18 12 1500.000000
16.470446 18 19 1500.000000
17.043682 18 12 1000000.000000
17.763911 18 11 100000.000000
18.026216 18 2 1000000.000000
18.080286 18 13 1000000.000000
18.146643 18 0 1500.000000
18.168343 18 5 1500.000000
18.647202 18 14 1500.000000
19.079655 18 20 1500.000000
19.130225 18 11 10000.000000
19.592505 18 11 4000000.000000
19.809463 18 20 4000000.000000
20.446798 18 19 3000000.000000
20.727235 18 23 3000000.000000
21.550385 18 7 200000.000000
21.941183 18 2 1500.000000
22.620494 18 9 3000000.000000
22.797983 18 1 10000.000000
22.960643 18 26 200000.000000
23.117958 18 25 20000.000000
23.258879 18 4 20000.000000
23.345764 18 3 1500.000000
23.620724 18 4 3000000.000000
23.642028 18 7 1500.000000
23.910972 18 17 200000.000000
24.439341 18 23 1500.000000
24.567035 18 11 3000000.000000
24.745561 18 0 20000.000000
24.916853 18 3 3000000.000000
25.099252 18 8 200000.000000
25.447973 18 9 1500.000000
25.677520 18 14 1500.000000
25.873350 18 2 1500.000000
26.861036 18 16 1500.000000
27.103273 18 24 1500.000000
27.159068 18 2 200000.000000
27.367227 18 1 1500.000000
27.397438 18 5 1500.000000
27.411891 18 2 1500.000000
27.463894 18 7 10000.000000
27.513841 18 19 2000000.000000
28.127690 18 10 20000.000000
28.532593 18 25 3000000.000000
28.670203 18 11 3000.000000
28.715289 18 1 4000000.000000
29.187458 18 16 1500.000000
29.767334 18 7 100000.000000
29.780595 18 7 4000000.000000
29.919028 18 7 3000000.000000
29.928086 18 15 3000000.000000
29.971605 18 0 1500.000000
0.010506 19 11 3000.000000
0.361643 19 1 2000000.000000
0.589868 19 23 20000.000000
0.973068 19 17 3000.000000
1.051352 19 12 3000000.000000
1.156589 19 12 10000.000000
1.332434 19 17 1500.000000
1.363235 19 0 3000000.000000
1.469164 19 0 1500.000000
1.946586 19 25 1000000.000000
2.251802 19 2 1500.000000
2.675267 19 8 10000.000000
2.750574 19 3 4000000.000000
3.320969 19 22 100000.000000
4.193244 19 26 1500.000000
4.650105 19 25 1500.000000
5.278755 19 3 1500.000000
5.385936 19 16 200000.000000
5.776477 19 19 1500.000000
6.126321 19 8 1500.000000
6.226064 19 5 1000000.000000
6.343098 19 4 3000000.000000
6.499111 19 9 100000.000000
6.637925 19 2 3000000.000000
6.720749 19 23 20000.000000
7.674277 19 15 100000.000000
8.160169 19 22 4000000.000000
8.559426 19 12 100000.000000
8.842540 19 2 1000000.000000
8.995079 19 22 1500.000000
9.331934 19 9 1500.000000
9.372640 19 16 100000.000000
9.653032 19 8 1000000.000000
10.140281 19 0 2000000.000000
10.271092 19 1 3000000.000000
10.308187 19 9 1500.000000
10.717562 19 8 1500.000000
11.156482 19 6 1500.000000
11.437883 19 24 3000000.000000
12.088255 19 16 100000.000000
12.460974 19 9 200000.000000
12.578029 19 7 200000.000000
12.785301 19 18 1500.000000
13.076484 19 18 200000.000000
13.538836 19 16 3000.000000
13.647335 19 26 3000000.000000
14.482510 19 22 1500.000000
14.558405 19 26 200000.000000
15.246968 19 10 200000.000000
19.036150 19 9 1000000.000000
19.119785 19 14 1500.000000
19.240859 19 6 100000.000000
19.362572 19 11 1500.000000
19.628128 19 17 200000.000000
20.027399 19 10 2000000.000000
20.237732 19 17 200000.000000
20.537663 19 1 1500.000000
20.700535 19 12 200000.000000
20.928109 19 5 100000.000000
21.022455 19 6 1500.000000
21.909396 19 22 3000.000000
23.436090 19 9 1500.000000
24.213596 19 25 100000.000000
24.447343 19 26 10000.000000
24.459318 19 14 1000000.000000
24.666888 19 19 200000.000000
25.939353 19 22 1500.000000
26.215078 19 1 200000.000000
26.498864 19 16 1500.000000
26.549825 19 3 4000000.000000
27.170602 19 3 1500.000000
27.381016 19 7 3000000.000000
27.508921 19 6 3000.000000
27.936503 19 1 10000.000000
28.045354 19 16 3000000.000000
28.051255 19 22 3000000.000000
28.108917 19 17 4000000.000000
28.414300 19 7 1500.000000
28.503324 19 3 1000000.000000
28.786809 19 13 1500.000000
28.888074 19 20 10000.000000
29.098394 19 23 3000000.000000
29.947651 19 9 200000.000000
29.976182 19 10 20000.000000
0.505579 20 20 20000.000000
1.345148 20 13 100000.000000
1.595203 20 11 20000.000000
1.631266 20 6 200000.000000
1.968450 20 17 10000.000000
2.572308 20 18 2000000.000000
3.990086 20 20 3000000.000000
4.364725 20 7 1500.000000
4.462320 20 23 200000.000000
4.902998 20 16 1500.000000
4.978201 20 26 200000.000000
5.222475 20 5 100000.000000
5.402726 20 24 3000000.000000
5.709317 20 24 3000.000000
5.855404 20 3 20000.000000
7.270142 20 21 1500.000000
7.280135 20 26 1000000.000000
7.362248 20 26 200000.000000
7.665168 20 17 2000000.000000
7.850924 20 17 1500.000000
7.951572 20 2 3000000.000000
8.229066 20 4 1500.000000
8.671252 20 15 200000.000000
8.715725 20 12 10000.000000
8.999601 20 15 1500.000000
9.543223 20 0 3000.000000
10.137073 20 8 200000.000000
10.385360 20 22 3000000.000000
10.872262 20 23 1500.000000
11.186325 20 2 200000.000000
11.221540 20 5 100000.000000
11.870079 20 2 1500.000000
12.698802 20 9 3000000.000000
12.894949 20 19 200000.000000
14.921927 20 6 1500.000000
14.931947 20 24 3000.000000
15.059973 20 11 3000000.000000
15.618379 20 10 1000000.000000
16.987469 20 1 1000000.000000
17.214384 20 12 3000.000000
18.034383 20 1 1500.000000
18.110990 20 8 1000000.000000
18.341614 20 7 1500.000000
18.356470 20 4 100000.000000
18.646497 20 17 3000000.000000
18.904964 20 9 3000000.000000
19.140778 20 8 200000.000000
19.180974 20 4 3000000.000000
19.445182 20 12 1500.000000
19.934734 20 6 200000.000000
19.999063 20 22 10000.000000
20.119250 20 5 1500.000000
20.387890 20 9 20000.000000
20.462595 20 23 1500.000000
21.656692 20 26 20000.000000
22.698511 20 5 1500.000000
22.758204 20 9 4000000.000000
22.819823 20 10 3000000.000000
22.885950 20 12 100000.000000
23.366284 20 26 200000.000000
23.688965 20 26 1500.000000
23.742445 20 14 4000000.000000
23.818770 20 19 200000.000000
24.124452 20 2 1000000.000000
24.633484 20 4 4000000.000000
25.775709 20 0 1000000.000000
26.259804 20 17 1500.000000
26.756873 20 23 200000.000000
26.907160 20 10 200000.000000
27.218982 20 0 1500.000000
27.254760 20 16 1500.000000
27.339235 20 26 4000000.000000
27.665326 20 24 1500.000000
28.433421 20 4 3000000.000000
28.652783 20 2 1500.000000
28.794646 20 12 3000.000000
28.839136 20 0 1500.000000
29.284220 20 24 1500.000000
29.768765 20 6 1500.000000
29.786711 20 1 1500.000000
29.916401 20 24 200000.000000
0.392748 21 0 200000.000000
0.584266 21 24 3000000.000000
0.886866 21 4 4000000.000000
0.997210 21 4 3000.000000
1.369213 21 6 100000.000000
2.446075 21 14 10000.000000
2.546856 21 7 3000.000000
3.158804 21 20 3000.000000
4.240602 21 10 1500.000000
6.280874 21 4 3000.000000
6.333903 21 1 4000000.000000
6.412769 21 26 4000000.000000
7.151536 21 13 3000000.000000
7.204752 21 14 10000.000000
7.685989 21 22 4000000.000000
8.913009 21 22 1500.000000
8.961085 21 4 1500.000000
8.986126 21 7 4000000.000000
9.118037 21 15 4000000.000000
9.481883 21 1 1000000.000000
10.088834 21 9 4000000.000000
11.102789 21 22 1500.000000
11.402234 21 6 4000000.000000
11.514311 21 17 1500.000000
11.872007 21 16 1500.000000
12.181604 21 17 1500.000000
12.581767 21 16 1500.000000
12.583518 21 5 200000.000000
13.113601 21 16 1500.000000
13.993497 21 6 1500.000000
14.221330 21 8 200000.000000
14.315619 21 22 1500.000000
14.829576 21 9 1000000.000000
14.923420 21 10 10000.000000
15.896505 21 7 100000.000000
16.196148 21 14 1500.000000
16.344220 21 6 3000000.000000
16.656989 21 6 4000000.000000
17.963683 21 2 3000.000000
18.367776 21 1 1500.000000
18.377042 21 7 200000.000000
18.499652 21 25 100000.000000
19.277375 21 2 1500.000000
19.448680 21 15 200000.000000
19.586763 21 16 1500.000000
19.814978 21 19 3000000.000000
20.602803 21 1 4000000.000000
20.610916 21 26 1500.000000
21.206681 21 22 1500.000000
21.823991 21 2 20000.000000
22.013140 21 0 3000.000000
22.820811 21 19 20000.000000
24.258029 21 3 200000.000000
24.758295 21 18 1500.000000
25.067780 21 10 1500.000000
25.649156 21 13 100000.000000
25.759981 21 16 100000.000000
25.784860 21 19 3000000.000000
25.912122 21 19 1500.000000
27.324390 21 25 1500.000000
27.523024 21 18 1500.000000
28.038470 21 22 20000.000000
28.180005 21 5 200000.000000
28.279524 21 7 4000000.000000
28.344104 21 9 10000.000000
0.556799 22 18 3000000.000000
0.598180 22 15 1500.000000
0.692578 22 15 1500.000000
0.811106 22 13 2000000.000000
1.795054 22 14 100000.000000
2.086619 22 15 3000.000000
2.142524 22 20 1500.000000
2.567717 22 1 1500.000000
2.633808 22 11 1000000.000000
2.826553 22 20 10000.000000
2.895857 22 18 1000000.000000
2.929139 22 16 10000.000000
4.077826 22 8 3000000.000000
4.237481 22 12 4000000.000000
4.243362 22 26 100000.000000
4.849638 22 14 3000000.000000
5.070372 22 4 200000.000000
5.407618 22 17 1000000.000000
5.842894 22 11 1500.000000
5.895813 22 15 4000000.000000
6.124877 22 16 3000000.000000
6.239875 22 25 1500.000000
7.377216 22 12 1000000.000000
7.530330 22 11 1500.000000
7.582904 22 9 1000000.000000
7.694216 22 22 1500.000000
7.776793 22 20 4000000.000000
7.829110 22 18 1000000.000000
8.027411 22 10 100000.000000
8.135714 22 21 1000000.000000
8.657564 22 25 1500.000000
8.774249 22 26 4000000.000000
9.162351 22 12 1000000.000000
9.878897 22 1 200000.000000
10.036339 22 25 1500.000000
10.254218 22 10 20000.000000
10.342341 22 9 10000.000000
10.425616 22 13 1500.000000
10.646673 22 13 3000000.000000
10.664979 22 7 3000000.000000
10.678274 22 6 1500.000000
10.956542 22 0 100000.000000
11.079760 22 18 3000000.000000
11.724875 22 21 10000.000000
11.803734 22 10 1500.000000
12.227762 22 10 3000.000000
12.670625 22 24 1500.000000
12.856957 22 17 1000000.000000
13.231635 22 20 4000000.000000
13.242360 22 10 1500.000000
13.321617 22 23 100000.000000
13.522060 22 21 1000000.000000
14.316541 22 23 3000000.000000
14.479298 22 16 1500.000000
15.254818 22 9 1500.000000
15.402950 22 20 1500.000000
16.271702 22 14 4000000.000000
18.612400 22 19 1500.000000
18.830616 22 0 1000000.000000
19.162133 22 22 1500.000000
19.198203 22 18 1500.000000
20.007225 22 24 1000000.000000
20.086308 22 8 3000000.000000
20.224045 22 3 1000000.000000
20.922831 22 10 4000000.000000
21.392206 22 19 1500.000000
22.244021 22 1 3000000.000000
22.422225 22 1 20000.000000
22.974712 22 10 200000.000000
24.099123 22 6 3000000.000000
24.112564 22 2 3000.000000
24.198867 22 13 1500.000000
24.384875 22 8 4000000.000000
24.653080 22 26 1500.000000
24.670719 22 8 1500.000000
24.897273 22 7 100000.000000
25.015306 22 20 3000000.000000
25.646140 22 4 1500.000000
25.985033 22 8 1500.000000
26.406031 22 3 1500.000000
26.443541 22 25 1500.000000
27.282520 22 15 1500.000000
27.446243 22 15 4000000.000000
27.472270 22 23 1500.000000
27.492177 22 12 10000.000000
27.671687 22 23 1500.000000
28.340871 22 17 1500.000000
28.395812 22 9 200000.000000
28.928275 22 5 1500.000000
29.463566 22 22 1500.000000
29.648112 22 8 1500.000000
29.681970 22 18 1000000.000000
0.171221 23 13 200000.000000
0.312986 23 19 3000000.000000
0.472500 23 7 200000.000000
0.590491 23 18 1500.000000
1.235352 23 13 100000.000000
3.286269 23 21 1000000.000000
3.921108 23 1 100000.000000
4.352822 23 4 1500.000000
4.410615 23 9 1500.000000
4.481909 23 5 1500.000000
4.547090 23 0 200000.000000
4.600743 23 3 3000.000000
5.790817 23 12 3000.000000
6.054639 23 23 1500.000000
6.515027 23 6 3000.000000
6.971057 23 26 1500.000000
7.192738 23 25 1000000.000000
8.381453 23 3 4000000.000000
8.440633 23 4 3000.000000
9.346312 23 0 1000000.000000
9.502537 23 6 10000.000000
9.619092 23 7 20000.000000
9.918569 23 0 3000.000000
10.254393 23 25 100000.000000
10.561893 23 1 3000.000000
10.767068 23 14 1500.000000
10.882146 23 18 3000.000000
10.890266 23 22 20000.000000
10.983038 23 20 1500.000000
11.269017 23 17 1500.000000
11.374775 23 6 100000.000000
11.901057 23 8 1500.000000
12.309210 23 8 1500.000000
12.772844 23 15 1500.000000
15.052279 23 11 200000.000000
15.128317 23 7 200000.000000
15.246136 23 14 1500.000000
15.335271 23 13 200000.000000
15.365118 23 15 2000000.000000
15.504584 23 2 1500.000000
15.695558 23 3 20000.000000
16.373996 23 7 1500.000000
16.490834 23 11 1500.000000
16.765714 23 18 1500.000000
16.893426 23 10 10000.000000
17.201917 23 10 4000000.000000
17.754880 23 25 1000000.000000
17.809126 23 0 3000000.000000
18.087875 23 8 4000000.000000
18.614018 23 13 3000000.000000
18.702766 23 9 1500.000000
18.956358 23 25 1500.000000
19.559627 23 13 200000.000000
20.032533 23 0 3000.000000
20.080540 23 0 10000.000000
20.591445 23 22 1500.000000
20.931062 23 24 100000.000000
20.962410 23 3 1500.000000
21.197139 23 21 200000.000000
22.009971 23 19 3000.000000
22.334028 23 3 1500.000000
24.141603 23 10 1500.000000
24.364017 23 9 3000000.000000
24.445170 23 12 1000000.000000
25.000978 23 4 4000000.000000
25.205169 23 14 10000.000000
26.234303 23 8 200000.000000
26.324065 23 25 100000.000000
26.537850 23 17 20000.000000
26.589890 23 11 2000000.000000
27.104433 23 7 200000.000000
27.131288 23 10 3000000.000000
27.211446 23 9 3000000.000000
27.369294 23 18 1500.000000
27.902648 23 23 1500.000000
28.450377 23 23 1500.000000
28.570164 23 1 3000.000000
29.116244 23 16 1500.000000
29.981871 23 22 1500.000000
1.043510 24 6 1500.000000
1.143556 24 16 1500.000000
1.235239 24 1 1000000.000000
1.917140 24 11 200000.000000
2.178949 24 18 20000.000000
2.778834 24 4 1000000.000000
2.982377 24 8 1500.000000
3.682269 24 9 1000000.000000
3.725761 24 4 1500.000000
3.791093 24 9 1500.000000
3.839278 24 15 1000000.000000
4.056639 24 22 10000.000000
4.378373 24 21 1500.000000
5.208323 24 23 20000.000000
5.573189 24 2 100000.000000
5.686245 24 18 1500.000000
6.521635 24 7 1500.000000
6.554688 24 7 200000.000000
6.559452 24 21 3000000.000000
7.074572 24 14 200000.000000
7.105468 24 21 20000.000000
7.878235 24 20 200000.000000
8.188705 24 18 4000000.000000
8.868606 24 26 10000.000000
9.080538 24 14 1500.000000
9.122917 24 7 100000.000000
9.964910 24 14 1500.000000
10.352622 24 2 1500.000000
10.524884 24 5 4000000.000000
10.893399 24 25 3000.000000
10.905405 24 7 1000000.000000
11.026323 24 4 1000000.000000
11.095611 24 1 1500.000000
11.148086 24 1 1500.000000
11.501908 24 20 1500.000000
11.866722 24 2 1500.000000
12.252083 24 11 20000.000000
12.730522 24 21 1500.000000
13.643715 24 13 100000.000000
15.168004 24 14 1500.000000
15.383597 24 2 3000.000000
15.845141 24 18 1500.000000
17.877789 24 2 3000000.000000
18.168851 24 3 3000000.000000
18.170631 24 19 10000.000000
18.418078 24 3 3000.000000
18.729779 24 11 1000000.000000
20.053675 24 19 100000.000000
20.250774 24 25 1500.000000
20.795911 24 13 1500.000000
21.514920 24 14 1000000.000000
22.192472 24 10 1500.000000
22.345802 24 10 3000000.000000
24.632544 24 17 1500.000000
24.684905 24 14 3000.000000
25.216558 24 1 1000000.000000
25.228855 24 3 1500.000000
25.417938 24 10 100000.000000
25.524305 24 13 100000.000000
25.562448 24 13 3000.000000
26.037400 24 9 200000.000000
26.458529 24 10 1500.000000
26.529548 24 3 10000.000000
26.933259 24 7 4000000.000000
27.044300 24 0 20000.000000
27.381291 24 24 4000000.000000
27.389162 24 25 10000.000000
28.150973 24 2 1500.000000
28.708051 24 0 1500.000000
28.753112 24 10 1500.000000
28.885983 24 1 200000.000000
29.492945 24 24 1500.000000
29.810789 24 20 1500.000000
29.830559 24 26 3000.000000
0.222623 25 0 3000000.000000
0.834026 25 5 3000000.000000
1.011492 25 8 100000.000000
1.663529 25 3 1500.000000
1.967743 25 22 1500.000000
3.042334 25 17 100000.000000
4.028362 25 9 100000.000000
4.086748 25 26 3000.000000
4.245354 25 10 200000.000000
4.459411 25 20 1000000.000000
4.522926 25 25 1500.000000
4.582580 25 19 3000000.000000
4.726035 25 20 1500.000000
5.188737 25 9 1500.000000
6.754689 25 13 200000.000000
7.627620 25 13 3000.000000
7.897987 25 26 1500.000000
8.171557 25 23 10000.000000
8.232631 25 23 200000.000000
8.776303 25 12 3000000.000000
8.945143 25 15 1500.000000
9.414084 25 3 4000000.000000
9.457535 25 21 4000000.000000
10.063449 25 9 1500.000000
11.079804 25 20 200000.000000
11.128762 25 20 4000000.000000
11.258540 25 22 20000.000000
12.154955 25 23 1500.000000
13.044639 25 17 200000.000000
13.449623 25 22 1500.000000
13.772451 25 19 3000000.000000
14.233016 25 17 1500.000000
14.639337 25 15 1500.000000
14.709133 25 4 1500.000000
14.725425 25 18 1500.000000
15.138494 25 8 1500.000000
16.002105 25 24 20000.000000
16.148315 25 8 20000.000000
17.013445 25 14 10000.000000
17.814885 25 12 100000.000000
17.914944 25 8 1500.000000
18.221014 25 5 4000000.000000
18.237729 25 22 3000000.000000
18.313408 25 12 1500.000000
18.469793 25 12 1500.000000
18.973594 25 16 1500.000000
19.037762 25 15 1500.000000
20.042791 25 0 1500.000000
20.163744 25 25 1500.000000
20.353564 25 20 3000000.000000
20.629970 25 26 4000000.000000
20.715955 25 16 20000.000000
21.107109 25 13 1500.000000
21.633748 25 14 10000.000000
22.203284 25 19 1500.000000
22.204383 25 13 2000000.000000
22.988041 25 9 10000.000000
23.217177 25 20 1500.000000
23.742743 25 9 1500.000000
23.795129 25 6 1500.000000
23.892733 25 2 1500.000000
24.110752 25 3 1000000.000000
25.353798 25 7 1500.000000
25.552484 25 0 4000000.000000
25.583030 25 13 100000.000000
25.798511 25 0 20000.000000
26.444555 25 22 4000000.000000
27.570153 25 8 100000.000000
27.631505 25 19 10000.000000
28.273990 25 13 1500.000000
28.280842 25 16 100000.000000
28.379190 25 2 1500.000000
28.492819 25 7 3000000.000000
28.532767 25 19 3000000.000000
28.689551 25 6 1000000.000000
28.921605 25 4 2000000.000000
29.109077 25 9 1500.000000
29.242526 25 16 1500.000000
29.425888 25 0 200000.000000
29.567343 25 12 3000000.000000
29.619961 25 25 100000.000000
0.037748 26 14 1500.000000
0.505385 26 23 1500.000000
1.118072 26 6 1500.000000
1.988166 26 22 10000.000000
3.065934 26 17 3000000.000000
3.244752 26 9 1500.000000
3.285898 26 26 10000.000000
3.778853 26 19 1500.000000
3.927578 26 0 200000.000000
4.319450 26 21 10000.000000
4.681153 26 24 1000000.000000
4.839110 26 1 100000.000000
5.780654 26 9 1500.000000
6.227638 26 18 1500.000000
6.504349 26 3 100000.000000
7.111227 26 1 10000.000000
7.330795 26 26 1500.000000
7.493829 26 1 2000000.000000
7.751409 26 2 1500.000000
7.830557 26 14 1500.000000
7.835287 26 13 1500.000000
8.085320 26 16 200000.000000
8.429802 26 7 4000000.000000
8.816514 26 8 4000000.000000
8.890835 26 24 1500.000000
8.905960 26 0 1500.000000
9.127762 26 21 1500.000000
9.689033 26 23 10000.000000
10.713024 26 18 1500.000000
10.793604 26 3 10000.000000
11.075473 26 8 10000.000000
11.102409 26 0 1500.000000
11.130634 26 7 1500.000000
11.135230 26 2 100000.000000
11.492838 26 3 1500.000000
12.451068 26 23 200000.000000
12.548794 26 7 10000.000000
12.773307 26 6 1500.000000
12.783263 26 26 20000.000000
12.807486 26 10 1500.000000
13.093532 26 21 100000.000000
13.468256 26 22 10000.000000
13.506769 26 1 200000.000000
13.786601 26 8 1500.000000
14.241218 26 10 1500.000000
14.424729 26 3 10000.000000
15.352030 26 10 10000.000000
15.360020 26 15 1500.000000
15.887914 26 21 3000000.000000
15.924081 26 5 1500.000000
15.975629 26 1 3000000.000000
16.216389 26 18 10000.000000
16.329591 26 2 200000.000000
16.410542 26 11 1000000.000000
16.615414 26 16 200000.000000
16.896285 26 14 2000000.000000
17.503385 26 20 1500.000000
17.579963 26 14 3000000.000000
17.708647 26 17 200000.000000
17.840267 26 3 1500.000000
17.856240 26 2 20000.000000
18.061740 26 9 3000000.000000
18.411713 26 25 200000.000000
20.636804 26 19 100000.000000
20.755433 26 9 1500.000000
21.111874 26 5 1500.000000
21.187234 26 3 1000000.000000
21.497225 26 7 1000000.000000
21.693378 26 25 1500.000000
22.155480 26 23 200000.000000
22.502252 26 1 4000000.000000
22.552468 26 2 3000000.000000
22.881278 26 26 1000000.000000
23.537999 26 21 1500.000000
23.992706 26 18 200000.000000
24.597661 26 22 200000.000000
25.002917 26 19 100000.000000
25.148401 26 10 1500.000000
25.381655 26 7 1500.000000
25.746070 26 10 1500.000000
26.472587 26 4 1500.000000
26.889707 26 4 100000.000000
27.082096 26 17 1500.000000
27.585962 26 2 1500.000000
28.043659 26 7 1500.000000
28.103072 26 19 3000000.000000
28.589665 26 14 10000.000000
29.190237 26 18 1500.000000
29.777607 26 0 100000.000000
29.801231 26 19 1500.000000
