0.100825 0 3 1000000.000000
0.213738 0 2 1500.000000
0.258688 0 2 3000000.000000
0.450027 0 0 1000000.000000
0.998985 0 3 1500.000000
1.356737 0 0 1000000.000000
2.149130 0 3 1500.000000
2.427158 0 3 1500.000000
2.506248 0 0 1500.000000
2.609928 0 2 10000.000000
3.251469 0 2 4000000.000000
3.878599 0 0 4000000.000000
4.684461 0 3 1500.000000
4.758274 0 0 1500.000000
5.444593 0 1 1000000.000000
5.461384 0 1 1000000.000000
5.659806 0 0 100000.000000
5.776944 0 2 200000.000000
6.108306 0 0 4000000.000000
7.392771 0 0 3000.000000
7.625626 0 1 100000.000000
8.035887 0 2 3000.000000
8.275045 0 1 1000000.000000
8.445996 0 2 1500.000000
8.544190 0 1 200000.000000
9.818548 0 2 1000000.000000
11.174243 0 3 1500.000000
11.213010 0 3 1500.000000
11.585516 0 1 1000000.000000
11.723392 0 1 100000.000000
11.862597 0 0 4000000.000000
12.048026 0 2 1500.000000
12.452276 0 2 200000.000000
12.455283 0 3 1500.000000
12.929789 0 2 1500.000000
13.083779 0 1 1000000.000000
13.141483 0 0 3000000.000000
13.193776 0 0 10000.000000
13.261763 0 1 1500.000000
13.496269 0 3 20000.000000
13.674828 0 2 1000000.000000
14.236022 0 1 3000000.000000
14.609564 0 0 1500.000000
14.754744 0 1 1500.000000
14.765761 0 3 1500.000000
14.903470 0 0 2000000.000000
15.090365 0 1 10000.000000
15.204690 0 0 1500.000000
15.381643 0 3 200000.000000
15.555508 0 2 3000000.000000
15.850522 0 2 1000000.000000
16.645974 0 1 10000.000000
16.786833 0 3 200000.000000
17.031168 0 0 1000000.000000
17.045629 0 3 100000.000000
17.514066 0 2 100000.000000
17.788240 0 0 4000000.000000
17.947985 0 3 20000.000000
18.081277 0 3 4000000.000000
18.149156 0 2 1000000.000000
18.262792 0 3 1500.000000
18.366230 0 2 4000000.000000
18.877060 0 0 20000.000000
18.945776 0 0 1500.000000
19.338628 0 1 1500.000000
19.645471 0 1 3000.000000
19.904289 0 3 1500.000000
19.958468 0 2 4000000.000000
19.960435 0 3 3000000.000000
20.471850 0 3 1500.000000
20.510125 0 1 10000.000000
21.224039 0 3 3000000.000000
21.546025 0 1 1500.000000
22.149497 0 2 1500.000000
22.854571 0 3 3000.000000
23.042028 0 3 10000.000000
23.096985 0 2 3000000.000000
23.619024 0 3 1000000.000000
23.711756 0 3 100000.000000
24.358224 0 2 1500.000000
25.039670 0 2 1500.000000
25.360244 0 3 1500.000000
25.619082 0 1 3000000.000000
26.373794 0 0 200000.000000
26.571652 0 3 3000000.000000
26.612869 0 2 1500.000000
26.677740 0 0 1500.000000
26.844022 0 2 1000000.000000
26.913917 0 0 1000000.000000
27.232104 0 2 100000.000000
27.358952 0 0 100000.000000
27.458323 0 2 1500.000000
27.495052 0 2 3000.000000
27.776805 0 0 3000.000000
28.317211 0 1 200000.000000
28.732265 0 1 1500.000000
29.020669 0 1 3000000.000000
29.597239 0 1 1000000.000000
29.858020 0 2 3000.000000
29.929751 0 2 10000.000000
30.048795 0 0 1500.000000
30.788631 0 2 1500.000000
31.113576 0 2 1500.000000
31.291019 0 2 1000000.000000
31.300141 0 0 1500.000000
31.395883 0 2 1500.000000
31.553435 0 1 1000000.000000
31.591445 0 2 1500.000000
31.616028 0 2 10000.000000
31.730527 0 0 100000.000000
32.315269 0 1 20000.000000
32.809407 0 3 100000.000000
32.877191 0 1 1500.000000
33.245433 0 1 1500.000000
33.291565 0 1 1500.000000
33.299910 0 1 1500.000000
33.614786 0 0 1500.000000
34.628257 0 1 10000.000000
34.813943 0 3 4000000.000000
34.879492 0 0 1500.000000
34.962526 0 3 20000.000000
35.416095 0 3 200000.000000
35.487018 0 0 10000.000000
35.488038 0 3 3000000.000000
35.638223 0 3 4000000.000000
36.160604 0 2 20000.000000
36.612117 0 0 200000.000000
37.034524 0 3 1500.000000
37.173742 0 1 3000000.000000
37.238300 0 1 1500.000000
37.634783 0 3 1500.000000
37.801913 0 3 1500.000000
37.804250 0 1 1000000.000000
38.362016 0 1 1500.000000
38.377479 0 0 1500.000000
38.885914 0 3 1500.000000
39.142561 0 1 1500.000000
39.536163 0 0 1500.000000
39.670022 0 3 1500.000000
39.733247 0 3 20000.000000
39.888973 0 3 1000000.000000
39.913673 0 3 1500.000000
39.983125 0 2 1500.000000
40.540195 0 1 100000.000000
41.222620 0 2 3000.000000
41.392813 0 1 20000.000000
41.612962 0 1 1000000.000000
41.637612 0 1 1500.000000
41.714521 0 1 2000000.000000
42.022070 0 3 200000.000000
42.145978 0 1 4000000.000000
42.167717 0 0 10000.000000
42.252334 0 1 1500.000000
42.356218 0 3 3000000.000000
42.656119 0 0 3000000.000000
42.877081 0 0 2000000.000000
42.960219 0 0 1500.000000
43.259964 0 2 200000.000000
43.621928 0 2 3000000.000000
43.729069 0 2 1000000.000000
43.936119 0 3 1500.000000
43.994457 0 2 1000000.000000
44.090633 0 0 3000000.000000
44.101405 0 3 100000.000000
44.413389 0 3 1500.000000
44.415223 0 2 1500.000000
44.526526 0 2 1500.000000
44.767834 0 2 4000000.000000
44.852555 0 3 3000000.000000
44.900505 0 0 100000.000000
44.962693 0 3 1500.000000
45.007335 0 2 4000000.000000
45.028356 0 0 1500.000000
45.163295 0 2 1500.000000
45.351632 0 0 1000000.000000
45.420569 0 2 10000.000000
46.386353 0 3 1500.000000
46.584926 0 0 1500.000000
46.706671 0 1 200000.000000
46.879037 0 0 1500.000000
47.054667 0 2 1500.000000
47.102995 0 0 1500.000000
47.105490 0 1 3000000.000000
47.206323 0 0 1500.000000
47.476912 0 3 1500.000000
47.793803 0 3 4000000.000000
47.828839 0 1 20000.000000
47.946060 0 2 100000.000000
47.964463 0 1 1500.000000
48.019583 0 3 20000.000000
48.065682 0 0 1500.000000
48.185052 0 1 3000000.000000
48.200315 0 2 1500.000000
48.941139 0 3 4000000.000000
49.456821 0 1 1500.000000
49.621649 0 3 2000000.000000
49.839599 0 2 2000000.000000
49.908881 0 0 4000000.000000
51.048691 0 1 3000000.000000
51.162804 0 3 3000.000000
51.940462 0 0 20000.000000
51.973220 0 3 1500.000000
52.495359 0 3 1500.000000
52.540079 0 2 2000000.000000
53.305930 0 1 3000000.000000
53.508222 0 2 100000.000000
53.524618 0 3 1500.000000
54.089813 0 0 4000000.000000
54.133061 0 1 2000000.000000
54.199992 0 1 1500.000000
54.380513 0 3 1500.000000
54.388600 0 2 1500.000000
54.703438 0 0 100000.000000
55.030840 0 0 1500.000000
55.326524 0 2 1500.000000
55.571146 0 2 1000000.000000
55.603205 0 1 3000000.000000
55.609999 0 0 1500.000000
55.751375 0 2 4000000.000000
55.936493 0 0 3000000.000000
56.089299 0 0 1500.000000
56.117566 0 0 4000000.000000
56.723643 0 3 2000000.000000
56.841314 0 0 3000000.000000
56.957702 0 0 1500.000000
57.579203 0 3 20000.000000
57.595891 0 2 10000.000000
57.762884 0 0 20000.000000
57.990126 0 3 3000.000000
58.282372 0 3 3000000.000000
58.328857 0 3 1500.000000
58.544772 0 3 1500.000000
58.970193 0 2 1500.000000
59.042122 0 0 1500.000000
59.080634 0 2 1500.000000
59.904122 0 3 1500.000000
59.986145 0 3 20000.000000
61.558620 0 1 3000000.000000
61.620996 0 0 200000.000000
61.720789 0 3 4000000.000000
61.796634 0 3 1500.000000
61.889430 0 3 100000.000000
62.006929 0 3 1500.000000
62.022326 0 3 1500.000000
62.600424 0 3 1500.000000
62.672297 0 3 100000.000000
62.709228 0 0 1500.000000
63.569394 0 2 10000.000000
63.605532 0 2 3000000.000000
63.782814 0 3 2000000.000000
64.959514 0 2 200000.000000
65.399890 0 2 1500.000000
65.542263 0 2 3000.000000
65.650499 0 0 4000000.000000
66.179833 0 0 1500.000000
66.187860 0 2 1500.000000
66.351825 0 1 1500.000000
66.615646 0 0 200000.000000
67.046751 0 0 200000.000000
67.160725 0 2 1500.000000
67.214579 0 2 3000000.000000
67.267024 0 1 1500.000000
67.387877 0 0 2000000.000000
67.422862 0 0 1500.000000
67.625629 0 1 1500.000000
67.708349 0 2 200000.000000
68.325125 0 2 2000000.000000
69.311922 0 1 200000.000000
69.527422 0 3 100000.000000
69.719791 0 2 1500.000000
69.907529 0 1 20000.000000
70.333048 0 3 4000000.000000
71.346409 0 1 4000000.000000
71.586137 0 3 1500.000000
72.004183 0 3 3000000.000000
72.054587 0 0 1500.000000
72.509711 0 3 4000000.000000
72.784458 0 3 1000000.000000
72.854705 0 0 1500.000000
73.000639 0 1 10000.000000
73.107283 0 3 1500.000000
73.178422 0 0 3000000.000000
73.286584 0 3 1500.000000
73.421468 0 1 1500.000000
73.444180 0 0 100000.000000
73.607246 0 2 100000.000000
73.758350 0 3 4000000.000000
74.142986 0 0 3000.000000
74.268056 0 0 100000.000000
74.589268 0 1 1500.000000
74.603784 0 2 10000.000000
74.809665 0 0 100000.000000
75.077692 0 2 100000.000000
75.101180 0 1 100000.000000
76.039725 0 3 4000000.000000
76.313921 0 3 4000000.000000
77.318471 0 2 1500.000000
77.564728 0 3 3000000.000000
77.613255 0 1 1500.000000
77.640911 0 0 1000000.000000
77.666091 0 3 1000000.000000
77.728574 0 3 10000.000000
77.740751 0 3 1500.000000
77.903314 0 2 1500.000000
77.904585 0 3 10000.000000
78.170671 0 3 200000.000000
78.674003 0 0 200000.000000
78.713149 0 3 200000.000000
78.860304 0 3 100000.000000
79.145892 0 0 1500.000000
79.386225 0 2 1500.000000
79.446074 0 0 3000.000000
79.663853 0 2 100000.000000
79.865796 0 2 1500.000000
80.415000 0 3 4000000.000000
80.468368 0 1 1000000.000000
80.921196 0 0 1500.000000
80.962561 0 0 4000000.000000
81.269616 0 0 100000.000000
81.315038 0 2 100000.000000
81.587268 0 1 200000.000000
82.362717 0 1 1500.000000
82.875780 0 1 10000.000000
83.163185 0 3 1500.000000
83.851700 0 0 1500.000000
83.921499 0 2 1500.000000
84.567383 0 2 1500.000000
85.088485 0 3 1500.000000
85.456728 0 1 1500.000000
85.466563 0 0 4000000.000000
85.524486 0 3 1000000.000000
85.565312 0 2 4000000.000000
85.919789 0 2 10000.000000
86.270789 0 2 1500.000000
86.587106 0 0 200000.000000
86.764337 0 2 10000.000000
86.843275 0 2 1500.000000
87.119851 0 2 1500.000000
87.379686 0 3 3000000.000000
87.429141 0 3 1500.000000
87.543646 0 0 20000.000000
87.624777 0 1 3000000.000000
87.889271 0 3 4000000.000000
88.078453 0 2 1500.000000
88.151442 0 1 4000000.000000
88.350039 0 0 20000.000000
88.593543 0 1 1500.000000
88.735100 0 3 100000.000000
88.991763 0 0 10000.000000
89.000514 0 2 1500.000000
89.220822 0 2 1000000.000000
89.228162 0 1 20000.000000
89.827859 0 3 4000000.000000
89.991585 0 3 1000000.000000
90.185922 0 0 3000000.000000
90.199836 0 1 1500.000000
90.253004 0 3 4000000.000000
90.260549 0 2 3000000.000000
90.558100 0 3 3000.000000
91.025483 0 2 1500.000000
91.159070 0 3 1500.000000
91.708362 0 1 1500.000000
91.711669 0 0 1500.000000
91.813152 0 0 1500.000000
92.385469 0 2 10000.000000
93.147413 0 0 1500.000000
93.676955 0 2 1000000.000000
93.938539 0 0 1000000.000000
94.147165 0 0 2000000.000000
95.540997 0 3 1500.000000
95.745982 0 1 1500.000000
95.988334 0 0 4000000.000000
96.599574 0 2 1500.000000
96.849877 0 2 10000.000000
96.905269 0 2 3000000.000000
97.106411 0 2 1500.000000
97.347805 0 2 1500.000000
97.497517 0 2 200000.000000
97.519101 0 3 1500.000000
97.597328 0 2 10000.000000
98.254209 0 0 1500.000000
98.512580 0 1 4000000.000000
98.516215 0 3 1000000.000000
99.280476 0 3 1500.000000
99.311579 0 0 1000000.000000
99.511518 0 3 1500.000000
99.759432 0 2 3000000.000000
100.237588 0 1 3000000.000000
100.403503 0 1 100000.000000
100.498196 0 2 4000000.000000
100.672798 0 3 3000000.000000
101.152862 0 1 4000000.000000
101.616052 0 3 1500.000000
101.808914 0 3 1500.000000
102.065843 0 2 1500.000000
102.260598 0 0 3000.000000
102.391026 0 3 200000.000000
102.458097 0 1 3000000.000000
102.775559 0 3 1500.000000
102.818587 0 1 1500.000000
102.994332 0 3 1500.000000
103.143212 0 1 1500.000000
103.380882 0 3 4000000.000000
103.605360 0 3 20000.000000
103.615874 0 2 4000000.000000
103.658223 0 0 3000000.000000
103.664881 0 2 1500.000000
103.712131 0 3 100000.000000
103.738925 0 1 4000000.000000
104.342094 0 0 1500.000000
104.425470 0 0 200000.000000
104.600802 0 3 1500.000000
104.806504 0 3 100000.000000
104.865131 0 2 1500.000000
105.351948 0 1 4000000.000000
105.402269 0 2 1500.000000
105.917935 0 0 100000.000000
106.271506 0 3 1500.000000
106.857147 0 3 1500.000000
106.885351 0 0 3000000.000000
106.931841 0 3 100000.000000
106.968105 0 3 200000.000000
106.996094 0 2 1500.000000
107.024753 0 3 1500.000000
107.382868 0 2 1500.000000
107.445687 0 3 100000.000000
107.526259 0 0 200000.000000
107.557196 0 2 1500.000000
107.702883 0 3 200000.000000
107.814879 0 2 4000000.000000
108.052162 0 1 1500.000000
108.069026 0 1 200000.000000
108.795079 0 0 1500.000000
108.801763 0 1 2000000.000000
108.827808 0 2 3000000.000000
109.063621 0 1 1000000.000000
109.342302 0 2 4000000.000000
109.515687 0 3 1500.000000
109.712788 0 3 1500.000000
110.330848 0 0 200000.000000
110.458845 0 2 100000.000000
110.734166 0 0 1500.000000
110.822398 0 2 4000000.000000
110.899253 0 2 1500.000000
110.957174 0 3 1500.000000
111.068120 0 1 1500.000000
111.404888 0 0 1500.000000
111.441173 0 2 1000000.000000
111.773716 0 3 100000.000000
111.984651 0 0 20000.000000
112.022536 0 1 1500.000000
112.735124 0 0 1500.000000
112.930103 0 2 1500.000000
113.009710 0 0 3000000.000000
113.207489 0 2 4000000.000000
113.306780 0 3 20000.000000
113.371192 0 0 2000000.000000
113.512964 0 2 1500.000000
113.619372 0 1 1500.000000
113.947531 0 3 3000000.000000
114.107956 0 0 10000.000000
114.305707 0 1 3000000.000000
114.648368 0 3 4000000.000000
114.684803 0 2 200000.000000
114.729739 0 3 1500.000000
114.791680 0 1 4000000.000000
114.940486 0 0 4000000.000000
114.974298 0 0 1500.000000
115.039918 0 0 1500.000000
115.180604 0 3 1500.000000
115.512495 0 1 200000.000000
115.774867 0 2 1500.000000
115.821108 0 1 4000000.000000
115.845052 0 3 1500.000000
115.942181 0 1 3000.000000
115.949950 0 0 1500.000000
116.191813 0 3 1500.000000
116.565116 0 3 1500.000000
116.666931 0 1 100000.000000
116.730526 0 1 100000.000000
116.868961 0 3 3000.000000
116.929727 0 0 2000000.000000
117.003990 0 3 1500.000000
117.516502 0 1 3000.000000
118.246992 0 2 1000000.000000
118.253262 0 2 1500.000000
118.407279 0 3 3000000.000000
119.040171 0 1 4000000.000000
119.890182 0 2 1500.000000
120.198578 0 0 100000.000000
120.356715 0 3 1500.000000
120.470384 0 1 10000.000000
120.639398 0 1 1000000.000000
120.719416 0 0 100000.000000
120.904490 0 1 200000.000000
121.294574 0 2 1500.000000
121.636737 0 0 1000000.000000
122.050889 0 0 3000.000000
122.067265 0 0 4000000.000000
122.133372 0 0 200000.000000
122.488107 0 3 4000000.000000
122.505047 0 1 1000000.000000
122.929474 0 3 1500.000000
122.947490 0 3 200000.000000
123.045161 0 3 4000000.000000
123.067460 0 1 3000000.000000
123.068867 0 3 100000.000000
123.097983 0 0 1000000.000000
123.133794 0 3 3000000.000000
123.431737 0 3 100000.000000
124.012597 0 2 20000.000000
124.323134 0 1 200000.000000
124.365446 0 1 200000.000000
124.552030 0 3 3000000.000000
125.397196 0 0 4000000.000000
125.815751 0 3 3000.000000
126.299722 0 1 1500.000000
126.589087 0 1 1500.000000
126.600139 0 3 3000000.000000
126.656933 0 2 1500.000000
126.919927 0 0 1500.000000
127.148320 0 0 1500.000000
127.521054 0 2 3000.000000
127.681558 0 1 20000.000000
127.882538 0 0 1000000.000000
128.122927 0 1 3000.000000
128.224465 0 2 3000000.000000
128.265469 0 2 100000.000000
128.287250 0 1 200000.000000
128.441252 0 0 100000.000000
128.851104 0 0 20000.000000
128.852632 0 0 20000.000000
129.016227 0 0 200000.000000
129.092752 0 2 1500.000000
129.104760 0 2 1500.000000
129.163643 0 1 3000.000000
129.301149 0 0 1500.000000
129.370667 0 3 4000000.000000
129.388976 0 1 1500.000000
129.532297 0 3 4000000.000000
129.580289 0 0 1500.000000
129.624052 0 0 1500.000000
129.697887 0 0 10000.000000
129.870963 0 2 3000000.000000
130.095288 0 3 100000.000000
130.125194 0 2 1500.000000
130.226086 0 2 3000000.000000
130.657197 0 1 3000000.000000
130.696669 0 3 20000.000000
130.726142 0 1 100000.000000
130.903910 0 0 200000.000000
131.013749 0 1 1500.000000
131.305789 0 3 1500.000000
131.328152 0 3 1500.000000
131.924277 0 0 1500.000000
132.044330 0 2 2000000.000000
132.456114 0 0 1500.000000
132.495603 0 3 1500.000000
132.530614 0 1 1500.000000
132.823839 0 1 1500.000000
133.044047 0 1 4000000.000000
133.301614 0 0 1000000.000000
133.473657 0 1 1000000.000000
133.588235 0 2 4000000.000000
133.601553 0 0 1500.000000
133.811841 0 2 1500.000000
134.141859 0 2 4000000.000000
134.215761 0 2 1000000.000000
134.281081 0 3 10000.000000
134.367787 0 2 10000.000000
134.751376 0 0 100000.000000
134.915699 0 0 20000.000000
134.962652 0 2 200000.000000
135.009542 0 0 1500.000000
135.067789 0 1 1000000.000000
135.142019 0 0 3000000.000000
135.400322 0 0 1500.000000
135.482218 0 2 200000.000000
136.054951 0 1 200000.000000
136.083242 0 2 1000000.000000
136.286086 0 3 100000.000000
136.466849 0 2 100000.000000
136.782844 0 0 200000.000000
137.156417 0 3 20000.000000
137.473787 0 2 1500.000000
137.626792 0 3 1500.000000
138.190189 0 1 1500.000000
138.244567 0 3 100000.000000
138.272035 0 2 100000.000000
138.292102 0 3 100000.000000
138.440041 0 1 100000.000000
138.451695 0 2 1500.000000
138.720685 0 3 3000.000000
138.833229 0 3 3000000.000000
139.101812 0 0 4000000.000000
139.584144 0 1 2000000.000000
140.165436 0 1 200000.000000
140.330962 0 1 200000.000000
140.793040 0 0 200000.000000
140.965258 0 1 20000.000000
141.107070 0 1 100000.000000
141.170634 0 1 3000.000000
141.185639 0 3 200000.000000
141.379269 0 2 1500.000000
141.927213 0 3 1500.000000
141.958507 0 1 20000.000000
142.082236 0 0 4000000.000000
143.269491 0 2 100000.000000
143.315888 0 0 3000000.000000
143.399884 0 3 4000000.000000
143.643042 0 2 100000.000000
143.750282 0 1 4000000.000000
144.583504 0 0 100000.000000
144.876122 0 1 200000.000000
145.018793 0 3 1500.000000
145.131800 0 3 1500.000000
145.272421 0 2 1500.000000
145.357485 0 3 3000000.000000
145.693127 0 0 200000.000000
145.706236 0 2 3000.000000
145.886747 0 2 1500.000000
145.944641 0 0 100000.000000
145.955604 0 0 4000000.000000
145.966596 0 1 3000.000000
146.216242 0 3 1500.000000
146.257313 0 1 1500.000000
146.451435 0 0 1500.000000
146.772843 0 1 100000.000000
146.812850 0 1 1500.000000
146.924847 0 2 20000.000000
147.091718 0 0 4000000.000000
147.111283 0 0 20000.000000
147.142689 0 2 4000000.000000
147.284193 0 3 1500.000000
147.461502 0 0 3000.000000
147.714476 0 2 10000.000000
148.063561 0 1 10000.000000
148.985110 0 0 20000.000000
149.249343 0 1 1000000.000000
149.350852 0 2 1500.000000
149.590906 0 1 1500.000000
149.617373 0 2 1500.000000
149.912536 0 2 100000.000000
0.002611 1 3 100000.000000
0.081459 1 1 1500.000000
0.092956 1 3 200000.000000
0.108091 1 2 3000000.000000
0.173803 1 3 100000.000000
0.450661 1 3 1500.000000
0.696233 1 3 20000.000000
0.960633 1 0 3000000.000000
1.133186 1 2 3000000.000000
1.285846 1 0 4000000.000000
1.473952 1 3 1000000.000000
1.612245 1 0 3000000.000000
1.908910 1 3 1500.000000
2.112748 1 0 4000000.000000
2.242055 1 3 20000.000000
2.265982 1 1 1500.000000
2.365814 1 1 3000.000000
3.223449 1 3 1500.000000
3.712784 1 0 1500.000000
3.755551 1 0 200000.000000
3.834134 1 2 4000000.000000
3.901339 1 2 200000.000000
4.443091 1 2 1500.000000
4.790825 1 3 3000000.000000
5.068488 1 3 3000000.000000
5.322964 1 3 3000000.000000
5.819981 1 1 1500.000000
6.241323 1 3 1500.000000
6.393554 1 0 1500.000000
6.885849 1 2 100000.000000
7.010096 1 2 1000000.000000
7.012374 1 2 3000000.000000
7.142461 1 1 3000000.000000
7.668996 1 0 200000.000000
7.794943 1 0 200000.000000
8.090713 1 1 10000.000000
8.186859 1 3 4000000.000000
8.224520 1 0 100000.000000
8.276674 1 1 100000.000000
8.727686 1 2 4000000.000000
9.538665 1 2 3000000.000000
9.889477 1 3 100000.000000
9.980727 1 0 3000000.000000
10.450867 1 0 1000000.000000
10.628127 1 2 1500.000000
11.310317 1 1 10000.000000
11.395130 1 1 1500.000000
11.413892 1 1 200000.000000
11.619139 1 1 3000000.000000
11.814934 1 0 1500.000000
11.882503 1 2 1500.000000
12.978730 1 0 1500.000000
13.021042 1 0 100000.000000
13.664542 1 3 4000000.000000
13.861773 1 3 1500.000000
14.266578 1 2 200000.000000
14.466106 1 3 1500.000000
14.502886 1 1 1000000.000000
15.013229 1 3 3000000.000000
15.086195 1 1 1500.000000
15.105719 1 0 3000000.000000
15.462231 1 3 1000000.000000
15.501561 1 1 4000000.000000
15.977783 1 1 1500.000000
16.109252 1 1 1500.000000
16.148093 1 0 20000.000000
16.844413 1 3 1500.000000
16.978156 1 1 100000.000000
17.032126 1 0 100000.000000
17.260581 1 1 100000.000000
17.640098 1 2 4000000.000000
17.950506 1 1 200000.000000
18.363378 1 0 3000000.000000
18.808137 1 2 1500.000000
18.848587 1 0 10000.000000
18.882013 1 1 20000.000000
19.035632 1 1 20000.000000
19.194586 1 3 3000000.000000
19.233705 1 0 200000.000000
19.518072 1 1 3000000.000000
19.753905 1 1 1500.000000
19.893009 1 1 10000.000000
19.893202 1 2 1500.000000
19.967572 1 0 1000000.000000
20.241219 1 3 1500.000000
20.483240 1 2 200000.000000
20.528764 1 0 4000000.000000
20.649564 1 3 100000.000000
20.730189 1 2 1500.000000
20.960703 1 3 200000.000000
21.141366 1 0 100000.000000
21.145175 1 3 100000.000000
21.470844 1 1 10000.000000
21.502782 1 0 4000000.000000
21.662861 1 2 3000.000000
21.757441 1 0 3000.000000
21.868205 1 3 200000.000000
22.273055 1 0 3000000.000000
22.481292 1 0 3000.000000
22.546342 1 1 3000.000000
22.612981 1 1 4000000.000000
22.657615 1 0 4000000.000000
22.791552 1 3 4000000.000000
22.795211 1 1 1500.000000
23.394984 1 1 1500.000000
23.530178 1 3 4000000.000000
23.531274 1 2 1500.000000
24.435967 1 3 1500.000000
24.763337 1 1 100000.000000
24.866688 1 1 200000.000000
25.109195 1 1 200000.000000
25.114477 1 0 3000.000000
25.522344 1 3 3000000.000000
25.764565 1 2 20000.000000
25.885506 1 1 1500.000000
27.477399 1 2 200000.000000
27.858446 1 3 10000.000000
28.110398 1 0 200000.000000
28.625967 1 2 1500.000000
29.577411 1 3 100000.000000
29.809062 1 2 4000000.000000
30.131233 1 2 1500.000000
30.241029 1 1 200000.000000
30.629028 1 0 1000000.000000
30.786948 1 1 4000000.000000
31.313284 1 3 100000.000000
31.970670 1 3 3000.000000
31.999337 1 2 3000.000000
32.077877 1 3 1500.000000
32.157406 1 1 4000000.000000
32.456332 1 0 1000000.000000
32.460406 1 3 3000000.000000
32.637600 1 1 3000000.000000
32.693841 1 1 100000.000000
32.892676 1 0 100000.000000
32.924756 1 0 1500.000000
33.049328 1 3 1000000.000000
33.399298 1 3 1500.000000
33.461890 1 3 1500.000000
33.520938 1 3 1500.000000
33.879516 1 1 1500.000000
34.058578 1 2 2000000.000000
34.154140 1 1 200000.000000
34.248503 1 2 4000000.000000
34.685312 1 2 100000.000000
35.196482 1 1 10000.000000
35.494848 1 2 1500.000000
35.772637 1 2 4000000.000000
35.942535 1 3 3000000.000000
35.997083 1 3 200000.000000
36.037749 1 0 200000.000000
36.104911 1 3 4000000.000000
36.357292 1 1 10000.000000
36.521820 1 3 1500.000000
37.434326 1 2 1500.000000
37.593799 1 1 3000000.000000
38.082097 1 1 1500.000000
38.490983 1 3 1000000.000000
38.669781 1 1 3000000.000000
38.794404 1 0 100000.000000
39.139006 1 0 1500.000000
39.509936 1 1 200000.000000
39.717039 1 2 1500.000000
40.050037 1 1 3000000.000000
40.624245 1 3 200000.000000
40.659365 1 1 100000.000000
40.703150 1 0 3000.000000
40.767068 1 2 1500.000000
40.896459 1 3 3000000.000000
41.321561 1 3 4000000.000000
41.324307 1 0 3000000.000000
41.388784 1 0 4000000.000000
41.416648 1 0 10000.000000
42.016832 1 1 1500.000000
42.092067 1 0 3000000.000000
42.120552 1 0 1500.000000
42.139933 1 2 1500.000000
42.158355 1 2 1500.000000
42.617219 1 1 1500.000000
42.894623 1 2 3000000.000000
42.995383 1 0 200000.000000
43.000277 1 3 100000.000000
43.195505 1 0 100000.000000
43.439473 1 3 3000.000000
43.596651 1 3 1000000.000000
44.075092 1 0 3000000.000000
44.100382 1 2 1500.000000
44.256423 1 1 200000.000000
44.738373 1 3 10000.000000
45.032118 1 0 4000000.000000
45.428037 1 3 1500.000000
46.467488 1 3 1500.000000
47.416883 1 3 1500.000000
47.632539 1 2 200000.000000
47.721223 1 0 1000000.000000
47.973443 1 1 3000.000000
48.033522 1 0 20000.000000
48.054602 1 2 4000000.000000
48.407017 1 2 1500.000000
48.440578 1 3 10000.000000
48.639704 1 3 1000000.000000
49.294173 1 0 100000.000000
50.050791 1 3 100000.000000
50.475209 1 0 20000.000000
50.609794 1 0 100000.000000
50.851150 1 1 3000000.000000
51.301734 1 2 1500.000000
51.369036 1 2 1000000.000000
51.904919 1 1 1500.000000
51.930091 1 1 1000000.000000
51.952042 1 1 1500.000000
52.605314 1 2 100000.000000
52.762306 1 3 1500.000000
52.989548 1 1 100000.000000
53.180619 1 1 3000.000000
53.218804 1 2 200000.000000
53.264360 1 3 1500.000000
53.288513 1 2 4000000.000000
53.312240 1 0 4000000.000000
53.605216 1 0 1500.000000
53.856450 1 3 10000.000000
54.140417 1 1 1000000.000000
54.259058 1 1 1500.000000
54.332314 1 2 100000.000000
54.359528 1 3 1500.000000
54.644203 1 3 1500.000000
54.679832 1 2 10000.000000
54.831487 1 1 1500.000000
54.840970 1 2 1500.000000
55.064716 1 2 1500.000000
55.139034 1 2 200000.000000
55.720769 1 0 3000000.000000
55.834367 1 3 100000.000000
55.837517 1 3 200000.000000
56.053803 1 1 1500.000000
56.316106 1 0 100000.000000
56.367785 1 0 200000.000000
56.814612 1 2 200000.000000
57.091265 1 0 4000000.000000
57.399712 1 3 200000.000000
57.550537 1 0 100000.000000
57.613901 1 0 100000.000000
57.749411 1 1 3000000.000000
57.832568 1 0 10000.000000
57.977333 1 0 1500.000000
58.298424 1 3 4000000.000000
58.374331 1 3 100000.000000
58.377075 1 0 3000000.000000
58.401721 1 2 100000.000000
58.437392 1 2 1500.000000
58.507283 1 3 1500.000000
58.558403 1 0 200000.000000
58.720901 1 0 200000.000000
59.155485 1 1 1000000.000000
59.665208 1 2 1500.000000
59.740286 1 0 100000.000000
59.747505 1 0 4000000.000000
60.085726 1 2 1500.000000
60.146128 1 3 1000000.000000
60.175178 1 0 4000000.000000
60.242230 1 1 1500.000000
60.298576 1 2 200000.000000
60.465150 1 0 1500.000000
60.696856 1 3 3000000.000000
60.987321 1 3 1500.000000
61.410060 1 2 200000.000000
61.593014 1 0 1000000.000000
61.636325 1 2 100000.000000
61.649859 1 0 1500.000000
62.150452 1 0 4000000.000000
62.242831 1 1 1500.000000
62.456207 1 1 3000.000000
62.915911 1 2 1500.000000
63.149158 1 2 100000.000000
63.983271 1 2 100000.000000
64.371927 1 0 1500.000000
64.520720 1 2 4000000.000000
64.566518 1 0 1500.000000
64.933030 1 2 1500.000000
66.502762 1 1 10000.000000
66.611314 1 1 1500.000000
66.838608 1 3 1500.000000
67.051268 1 1 3000000.000000
67.143596 1 1 1500.000000
67.472639 1 2 200000.000000
67.597705 1 3 1500.000000
68.011775 1 3 1000000.000000
68.172535 1 0 1500.000000
68.318784 1 0 100000.000000
68.824419 1 2 3000.000000
68.919773 1 0 10000.000000
69.553536 1 2 1500.000000
69.861174 1 1 1500.000000
69.986182 1 1 200000.000000
70.354343 1 2 200000.000000
70.432110 1 0 100000.000000
70.509096 1 1 100000.000000
70.633330 1 1 4000000.000000
70.639132 1 2 1000000.000000
71.071528 1 3 3000.000000
71.236389 1 1 4000000.000000
71.549631 1 3 20000.000000
71.557233 1 0 1500.000000
71.932470 1 1 1500.000000
72.118333 1 1 1500.000000
72.504044 1 3 4000000.000000
72.645012 1 1 100000.000000
72.657451 1 0 100000.000000
72.837076 1 3 1500.000000
73.272768 1 2 3000000.000000
73.415885 1 0 2000000.000000
74.127481 1 2 20000.000000
74.713355 1 3 1500.000000
74.719479 1 0 3000000.000000
74.944523 1 2 1000000.000000
75.022790 1 1 100000.000000
75.391507 1 3 3000000.000000
75.550754 1 3 1500.000000
75.653401 1 3 2000000.000000
75.818698 1 3 3000.000000
76.149997 1 3 3000000.000000
76.309206 1 1 200000.000000
76.600322 1 3 3000000.000000
76.778622 1 0 1000000.000000
77.347296 1 0 4000000.000000
77.502592 1 1 4000000.000000
77.668767 1 1 100000.000000
78.004408 1 2 1500.000000
78.029643 1 2 10000.000000
78.309501 1 1 4000000.000000
78.656197 1 3 3000000.000000
78.867020 1 0 4000000.000000
78.929110 1 2 100000.000000
79.094077 1 1 1500.000000
79.161995 1 0 1500.000000
79.372718 1 1 3000000.000000
79.493311 1 3 1500.000000
79.586092 1 1 1500.000000
79.636994 1 1 200000.000000
79.647502 1 1 100000.000000
80.242398 1 3 4000000.000000
80.764667 1 1 4000000.000000
80.843037 1 1 3000.000000
81.084105 1 1 10000.000000
81.203861 1 3 200000.000000
81.844460 1 1 100000.000000
81.875151 1 1 10000.000000
82.058952 1 0 1500.000000
82.272212 1 1 1500.000000
82.285605 1 1 4000000.000000
82.322081 1 1 200000.000000
82.493129 1 2 100000.000000
82.768845 1 2 1500.000000
82.798857 1 3 1500.000000
82.941386 1 0 20000.000000
82.946792 1 0 1500.000000
82.958430 1 3 200000.000000
83.110995 1 0 100000.000000
83.192345 1 1 1500.000000
83.930650 1 0 3000.000000
84.464705 1 1 3000000.000000
84.614610 1 2 10000.000000
84.846640 1 3 20000.000000
84.938101 1 2 3000.000000
85.232117 1 3 1500.000000
85.339498 1 2 4000000.000000
85.347158 1 3 1500.000000
85.474225 1 1 100000.000000
85.846257 1 3 1500.000000
86.010059 1 0 4000000.000000
86.041097 1 1 4000000.000000
86.289669 1 3 100000.000000
86.768345 1 1 3000000.000000
87.537352 1 0 1500.000000
87.579484 1 1 100000.000000
87.672605 1 3 100000.000000
87.899949 1 2 100000.000000
88.064817 1 1 3000000.000000
88.357644 1 0 200000.000000
88.447228 1 2 1500.000000
88.859723 1 3 1500.000000
88.881364 1 1 200000.000000
89.245334 1 1 1500.000000
89.301513 1 3 1500.000000
89.992137 1 3 4000000.000000
90.013959 1 0 1500.000000
90.017410 1 3 4000000.000000
90.226288 1 0 100000.000000
90.442942 1 2 3000000.000000
90.551399 1 0 10000.000000
90.912831 1 1 1500.000000
91.141729 1 2 4000000.000000
91.549242 1 1 20000.000000
91.765336 1 1 3000.000000
91.900271 1 3 1500.000000
91.937628 1 2 4000000.000000
92.293820 1 0 100000.000000
92.488023 1 1 100000.000000
92.628885 1 1 3000000.000000
92.678566 1 1 1500.000000
93.022733 1 0 200000.000000
93.056886 1 0 1500.000000
93.114082 1 0 1500.000000
93.360409 1 0 4000000.000000
94.099611 1 1 100000.000000
94.130912 1 3 100000.000000
94.333355 1 0 3000000.000000
94.549100 1 2 1500.000000
94.571779 1 1 3000.000000
94.814770 1 3 100000.000000
95.258356 1 3 1500.000000
95.343877 1 2 1000000.000000
95.617140 1 0 100000.000000
95.687994 1 0 1000000.000000
95.699686 1 0 1500.000000
95.760608 1 2 3000000.000000
95.959701 1 3 3000000.000000
96.165751 1 3 3000000.000000
96.345038 1 3 1500.000000
96.388474 1 3 1500.000000
96.411260 1 0 1000000.000000
96.444964 1 3 1500.000000
96.742668 1 3 3000000.000000
96.942856 1 2 100000.000000
97.328322 1 1 1000000.000000
97.408475 1 0 1000000.000000
97.462766 1 3 1500.000000
97.734142 1 0 4000000.000000
97.739094 1 2 3000000.000000
97.997995 1 1 200000.000000
98.561237 1 3 200000.000000
98.848483 1 2 1500.000000
99.303566 1 3 1500.000000
99.410314 1 2 200000.000000
99.420017 1 2 100000.000000
99.500828 1 3 100000.000000
99.761996 1 3 1500.000000
100.039516 1 3 4000000.000000
100.348877 1 3 1500.000000
100.405536 1 3 1500.000000
100.452183 1 2 200000.000000
100.480520 1 2 10000.000000
100.898236 1 3 200000.000000
101.292797 1 1 10000.000000
101.551047 1 3 1500.000000
101.628041 1 0 4000000.000000
101.890456 1 2 200000.000000
102.025600 1 1 4000000.000000
102.143595 1 0 10000.000000
102.268357 1 0 3000000.000000
102.375530 1 1 100000.000000
102.432778 1 1 1500.000000
102.509793 1 1 100000.000000
102.518112 1 3 1500.000000
102.594925 1 1 3000.000000
102.747045 1 1 10000.000000
102.901009 1 3 200000.000000
103.077732 1 1 3000000.000000
103.393037 1 2 1000000.000000
103.652580 1 3 1500.000000
104.223335 1 0 4000000.000000
104.317315 1 0 2000000.000000
104.903885 1 2 100000.000000
105.185803 1 0 200000.000000
105.407655 1 0 3000.000000
105.533573 1 1 10000.000000
105.780919 1 3 1500.000000
105.824291 1 2 100000.000000
106.021370 1 2 100000.000000
106.025623 1 1 1500.000000
106.152986 1 0 3000000.000000
106.430380 1 2 1500.000000
106.703858 1 2 3000000.000000
106.886446 1 1 1500.000000
106.918331 1 1 1500.000000
107.185414 1 1 100000.000000
107.305273 1 0 3000000.000000
107.627367 1 1 4000000.000000
107.682184 1 2 200000.000000
107.692000 1 1 1500.000000
107.862134 1 2 1000000.000000
108.285923 1 0 3000.000000
108.367816 1 0 1500.000000
108.408613 1 2 1500.000000
108.430213 1 0 2000000.000000
108.588886 1 1 200000.000000
108.663379 1 1 1500.000000
108.664124 1 0 1500.000000
108.842873 1 3 1000000.000000
109.018358 1 3 1500.000000
109.086163 1 2 100000.000000
109.094073 1 2 1500.000000
109.105911 1 2 1500.000000
109.826574 1 1 1000000.000000
110.040236 1 1 10000.000000
110.417600 1 0 200000.000000
110.868172 1 0 10000.000000
110.946293 1 0 100000.000000
111.645484 1 3 20000.000000
112.112859 1 2 1500.000000
112.366799 1 1 1500.000000
112.521128 1 3 4000000.000000
112.590284 1 3 1500.000000
113.120345 1 2 1500.000000
113.252636 1 1 200000.000000
114.025078 1 2 100000.000000
114.530142 1 3 1500.000000
114.549559 1 2 100000.000000
114.634724 1 0 100000.000000
114.715272 1 2 1500.000000
114.952756 1 2 4000000.000000
114.971646 1 0 1500.000000
115.200049 1 3 4000000.000000
115.403131 1 3 4000000.000000
115.410422 1 3 100000.000000
115.487761 1 1 1000000.000000
115.655583 1 1 1500.000000
116.425212 1 0 1500.000000
117.002121 1 0 10000.000000
117.008043 1 2 20000.000000
117.052198 1 0 10000.000000
117.364570 1 0 1500.000000
117.591265 1 2 3000000.000000
117.651788 1 1 4000000.000000
117.817635 1 3 2000000.000000
118.086291 1 0 100000.000000
118.130790 1 2 1500.000000
118.639538 1 0 1500.000000
118.647304 1 1 1500.000000
119.171471 1 3 20000.000000
119.517946 1 2 4000000.000000
119.692991 1 2 200000.000000
119.836739 1 0 1500.000000
120.053458 1 0 1500.000000
120.053502 1 0 4000000.000000
120.419169 1 1 1500.000000
120.516335 1 3 1500.000000
120.755589 1 0 3000000.000000
121.430523 1 1 1500.000000
121.533742 1 0 1500.000000
122.103180 1 1 1500.000000
122.437661 1 1 100000.000000
122.999629 1 0 4000000.000000
123.294618 1 0 1500.000000
123.465487 1 2 20000.000000
123.468050 1 3 4000000.000000
124.002484 1 3 4000000.000000
124.091195 1 3 1500.000000
124.232538 1 3 1500.000000
124.280386 1 0 1500.000000
124.283522 1 2 100000.000000
124.601905 1 0 20000.000000
124.609513 1 3 3000000.000000
124.674036 1 3 4000000.000000
125.260791 1 2 1000000.000000
125.568648 1 0 200000.000000
125.725680 1 3 200000.000000
125.900302 1 2 10000.000000
126.179861 1 0 20000.000000
126.194201 1 1 1000000.000000
126.211862 1 1 2000000.000000
126.218692 1 2 4000000.000000
126.662057 1 1 3000000.000000
126.696870 1 0 1500.000000
126.746243 1 1 4000000.000000
127.132061 1 0 100000.000000
127.375220 1 1 1500.000000
127.554481 1 0 3000000.000000
127.942489 1 1 10000.000000
128.313382 1 1 2000000.000000
128.443874 1 2 1500.000000
128.975317 1 3 4000000.000000
129.026901 1 0 200000.000000
129.463434 1 1 100000.000000
129.575765 1 0 20000.000000
129.690599 1 2 1500.000000
129.942892 1 3 200000.000000
130.224959 1 2 200000.000000
130.459344 1 1 1500.000000
130.477808 1 1 20000.000000
130.544427 1 2 10000.000000
130.891563 1 1 1500.000000
131.031403 1 1 200000.000000
131.441918 1 1 1500.000000
131.474421 1 1 3000.000000
131.761425 1 3 1500.000000
131.832666 1 0 3000000.000000
132.374214 1 1 200000.000000
132.446511 1 0 100000.000000
132.589542 1 0 1500.000000
132.941169 1 1 1500.000000
133.038933 1 3 10000.000000
133.785525 1 2 1500.000000
134.306166 1 0 3000.000000
134.528152 1 0 1500.000000
134.675585 1 2 200000.000000
134.808670 1 2 4000000.000000
134.821724 1 2 100000.000000
135.377035 1 2 20000.000000
135.591456 1 3 200000.000000
135.805817 1 2 100000.000000
136.255045 1 3 100000.000000
136.294504 1 0 200000.000000
136.625532 1 3 100000.000000
137.102367 1 3 1500.000000
137.246580 1 2 2000000.000000
137.616769 1 2 3000000.000000
137.734022 1 0 100000.000000
137.981903 1 2 3000000.000000
138.460953 1 0 10000.000000
139.086655 1 2 1500.000000
139.187959 1 1 4000000.000000
139.781360 1 3 20000.000000
139.785613 1 1 10000.000000
139.959451 1 3 1500.000000
140.019352 1 0 1500.000000
142.281799 1 2 100000.000000
142.304440 1 3 1500.000000
142.366345 1 1 1500.000000
142.515708 1 3 1500.000000
142.921478 1 2 1000000.000000
143.154077 1 1 1500.000000
143.164336 1 2 3000000.000000
143.195015 1 0 1500.000000
143.377790 1 2 200000.000000
143.718084 1 3 1000000.000000
143.792461 1 0 1500.000000
144.017284 1 2 3000.000000
144.241835 1 0 1500.000000
144.629299 1 0 1500.000000
145.511613 1 3 3000.000000
145.630980 1 0 1500.000000
145.790620 1 0 10000.000000
146.050604 1 3 1500.000000
146.149775 1 2 1500.000000
146.384596 1 2 20000.000000
146.502662 1 0 1500.000000
147.360876 1 0 1500.000000
147.364576 1 0 1500.000000
147.430085 1 0 1500.000000
147.512739 1 1 3000000.000000
147.528731 1 0 100000.000000
147.569110 1 0 1500.000000
147.726844 1 0 2000000.000000
148.156083 1 1 1500.000000
148.511836 1 3 100000.000000
148.938236 1 1 20000.000000
148.943968 1 1 200000.000000
149.329785 1 2 1500.000000
149.511541 1 3 100000.000000
149.621971 1 3 1500.000000
0.273141 2 0 2000000.000000
0.745664 2 0 200000.000000
0.971500 2 3 100000.000000
1.346343 2 1 200000.000000
1.436035 2 3 10000.000000
1.555975 2 2 1500.000000
1.611035 2 0 200000.000000
2.099401 2 1 3000.000000
2.118725 2 2 3000000.000000
2.179710 2 1 4000000.000000
2.196308 2 2 1500.000000
2.285530 2 0 100000.000000
2.439163 2 3 3000000.000000
2.809529 2 0 200000.000000
3.037912 2 3 1500.000000
3.201705 2 3 20000.000000
3.912933 2 3 3000.000000
4.409811 2 0 100000.000000
6.194739 2 0 100000.000000
6.736221 2 1 1000000.000000
6.872920 2 0 1500.000000
7.053089 2 3 20000.000000
7.191437 2 2 1500.000000
7.624033 2 0 20000.000000
7.859003 2 3 100000.000000
8.251825 2 2 1500.000000
8.458274 2 3 1500.000000
8.692129 2 1 4000000.000000
8.707309 2 2 1500.000000
9.128240 2 1 200000.000000
9.214037 2 0 3000000.000000
9.240102 2 1 1500.000000
9.332932 2 0 1500.000000
9.617262 2 2 1500.000000
10.333296 2 3 100000.000000
10.542650 2 0 1500.000000
10.588243 2 0 3000.000000
11.054080 2 3 4000000.000000
11.436214 2 3 1000000.000000
11.903980 2 3 1500.000000
12.403922 2 1 3000.000000
13.625121 2 0 1500.000000
14.067588 2 1 1500.000000
14.560772 2 0 4000000.000000
15.509042 2 2 1500.000000
16.221982 2 0 1500.000000
16.526775 2 2 1500.000000
16.625838 2 2 3000000.000000
16.666567 2 0 10000.000000
16.708371 2 3 1500.000000
17.277342 2 1 1500.000000
17.568166 2 3 20000.000000
17.707043 2 2 3000000.000000
17.747590 2 3 200000.000000
17.835113 2 2 4000000.000000
18.103349 2 0 3000.000000
18.586514 2 1 2000000.000000
18.616058 2 1 1500.000000
19.392569 2 1 1500.000000
19.907017 2 1 100000.000000
19.949180 2 2 200000.000000
20.700977 2 2 200000.000000
21.107973 2 3 10000.000000
21.192635 2 0 1500.000000
21.565327 2 1 1500.000000
21.839061 2 3 3000000.000000
22.129758 2 3 100000.000000
22.212391 2 3 200000.000000
23.055655 2 0 3000000.000000
23.969069 2 3 100000.000000
24.672700 2 2 1000000.000000
25.282143 2 3 100000.000000
25.623482 2 0 100000.000000
25.802645 2 1 3000.000000
26.125604 2 1 1500.000000
26.224505 2 1 4000000.000000
26.301043 2 3 3000000.000000
26.595229 2 0 200000.000000
26.648023 2 0 1500.000000
27.396574 2 2 1500.000000
27.905397 2 0 3000000.000000
28.189623 2 0 200000.000000
28.613605 2 3 4000000.000000
29.434245 2 0 1500.000000
29.510880 2 2 200000.000000
29.735091 2 3 200000.000000
30.849245 2 0 1000000.000000
31.239139 2 3 4000000.000000
31.264615 2 2 3000.000000
31.653200 2 2 1500.000000
31.772399 2 2 1000000.000000
32.029349 2 2 10000.000000
32.458022 2 3 4000000.000000
32.544248 2 1 3000.000000
33.007288 2 3 4000000.000000
33.008167 2 1 1500.000000
33.123241 2 1 1500.000000
33.334605 2 2 1000000.000000
33.716477 2 0 1500.000000
33.805163 2 0 1500.000000
34.323251 2 3 3000.000000
34.450783 2 3 1500.000000
34.465205 2 1 4000000.000000
34.773250 2 3 4000000.000000
35.083631 2 3 1500.000000
35.619449 2 2 1500.000000
35.669773 2 2 20000.000000
35.687096 2 0 10000.000000
35.760318 2 0 100000.000000
35.919886 2 1 1500.000000
35.959579 2 0 3000000.000000
35.973199 2 3 3000000.000000
36.003325 2 3 1500.000000
36.275121 2 2 1500.000000
36.461879 2 0 1500.000000
36.493786 2 2 4000000.000000
36.689166 2 2 1500.000000
37.155161 2 2 1500.000000
37.427452 2 1 10000.000000
38.308758 2 3 20000.000000
38.415004 2 0 20000.000000
38.443937 2 2 1500.000000
38.735127 2 2 10000.000000
38.851059 2 3 10000.000000
38.935375 2 3 20000.000000
39.005039 2 2 100000.000000
39.309947 2 2 100000.000000
39.941059 2 1 20000.000000
40.101512 2 2 10000.000000
40.155096 2 1 4000000.000000
40.231665 2 2 1500.000000
40.587429 2 2 200000.000000
40.806208 2 1 1500.000000
40.986624 2 3 3000000.000000
40.992033 2 3 200000.000000
41.074670 2 3 4000000.000000
41.462602 2 0 3000.000000
41.693885 2 1 200000.000000
41.789468 2 0 3000.000000
41.843237 2 1 3000000.000000
43.439246 2 1 1500.000000
43.926516 2 3 1500.000000
43.998650 2 0 1000000.000000
44.556046 2 1 1500.000000
44.672045 2 0 100000.000000
44.880761 2 1 1000000.000000
45.755926 2 1 20000.000000
45.789295 2 2 1500.000000
45.931895 2 1 3000000.000000
46.496515 2 1 100000.000000
46.597911 2 0 1000000.000000
46.667465 2 3 1500.000000
46.897209 2 2 200000.000000
47.423653 2 3 1500.000000
47.463367 2 0 3000000.000000
47.690819 2 1 3000.000000
48.290110 2 3 1500.000000
48.295212 2 1 20000.000000
48.494430 2 2 4000000.000000
48.888283 2 1 1500.000000
48.898077 2 0 3000000.000000
48.974074 2 1 3000000.000000
48.998714 2 3 100000.000000
49.272472 2 0 4000000.000000
49.455729 2 1 1000000.000000
49.471594 2 0 1500.000000
49.615691 2 2 3000.000000
49.620869 2 2 1500.000000
50.046910 2 3 200000.000000
50.121436 2 2 100000.000000
50.283066 2 1 1500.000000
50.292197 2 1 1500.000000
50.313870 2 1 1500.000000
50.722327 2 3 100000.000000
50.826100 2 0 3000000.000000
51.420942 2 1 100000.000000
51.997724 2 0 4000000.000000
52.153790 2 1 1500.000000
52.219562 2 2 1500.000000
52.380533 2 3 4000000.000000
52.421972 2 0 4000000.000000
52.536006 2 1 100000.000000
52.631854 2 2 1500.000000
53.062676 2 3 10000.000000
53.345154 2 1 4000000.000000
53.408440 2 0 10000.000000
53.476559 2 1 10000.000000
53.479811 2 3 20000.000000
54.176229 2 3 1500.000000
54.664053 2 1 1500.000000
55.194436 2 0 4000000.000000
55.449511 2 3 1500.000000
55.704948 2 1 200000.000000
55.853489 2 3 100000.000000
55.899704 2 3 4000000.000000
56.073663 2 3 20000.000000
56.087802 2 1 2000000.000000
56.272326 2 1 1500.000000
56.387093 2 0 1000000.000000
56.623972 2 0 4000000.000000
56.637121 2 2 1500.000000
57.037356 2 1 1000000.000000
57.104194 2 2 1500.000000
57.331441 2 2 1500.000000
57.442583 2 3 1500.000000
57.859119 2 1 1500.000000
57.889367 2 2 200000.000000
58.198009 2 3 1500.000000
58.472886 2 1 4000000.000000
58.487725 2 3 1500.000000
59.024247 2 0 1500.000000
59.318082 2 3 3000000.000000
59.869900 2 3 1500.000000
60.475436 2 0 200000.000000
60.606378 2 1 100000.000000
61.058732 2 1 1000000.000000
61.114444 2 1 1500.000000
61.297033 2 3 1500.000000
61.500139 2 3 3000000.000000
61.653623 2 0 1500.000000
61.903730 2 0 1500.000000
62.228451 2 2 100000.000000
62.482280 2 2 1000000.000000
62.615335 2 3 1500.000000
62.777685 2 0 1500.000000
63.070770 2 0 1500.000000
63.155493 2 1 200000.000000
63.675472 2 2 100000.000000
64.028109 2 0 3000000.000000
64.077560 2 3 20000.000000
64.123654 2 3 4000000.000000
64.216510 2 1 2000000.000000
64.364298 2 3 2000000.000000
65.009037 2 3 1500.000000
65.134103 2 1 100000.000000
65.218660 2 1 3000000.000000
65.446927 2 1 1500.000000
65.519804 2 1 2000000.000000
65.603963 2 0 200000.000000
65.637173 2 2 1500.000000
66.148708 2 2 1500.000000
66.360922 2 1 1500.000000
66.533725 2 2 4000000.000000
67.043940 2 3 1500.000000
67.124285 2 1 1000000.000000
67.132101 2 0 1500.000000
67.178034 2 0 1500.000000
67.656071 2 0 2000000.000000
68.007470 2 2 100000.000000
68.093212 2 2 100000.000000
68.343407 2 3 1500.000000
68.379033 2 2 1500.000000
68.725519 2 2 2000000.000000
68.955655 2 3 3000000.000000
69.195234 2 3 3000000.000000
69.604490 2 3 3000000.000000
69.785149 2 0 10000.000000
69.924494 2 1 100000.000000
70.123390 2 3 1500.000000
70.203556 2 0 1500.000000
70.445772 2 3 1000000.000000
70.909868 2 1 20000.000000
71.360566 2 3 4000000.000000
71.604597 2 3 3000.000000
72.088618 2 1 3000000.000000
72.119925 2 1 100000.000000
72.329759 2 0 10000.000000
72.391024 2 0 1000000.000000
72.718375 2 2 1500.000000
73.309268 2 0 1500.000000
73.496444 2 0 200000.000000
73.925472 2 3 200000.000000
74.091324 2 3 200000.000000
74.116756 2 2 100000.000000
74.582124 2 0 1500.000000
74.857325 2 3 100000.000000
75.027138 2 0 200000.000000
75.088017 2 3 3000000.000000
75.117443 2 1 1500.000000
75.128453 2 0 1500.000000
75.385331 2 3 1500.000000
75.985633 2 2 100000.000000
76.127624 2 1 3000000.000000
76.712013 2 1 10000.000000
76.920675 2 1 4000000.000000
77.075158 2 1 1500.000000
77.099760 2 1 1500.000000
77.629881 2 2 3000000.000000
77.659175 2 0 1500.000000
77.688629 2 3 200000.000000
77.799444 2 0 200000.000000
77.831696 2 1 1500.000000
78.433307 2 2 1000000.000000
78.912522 2 3 10000.000000
78.935587 2 3 3000.000000
79.219048 2 2 200000.000000
79.279742 2 1 1000000.000000
79.496998 2 2 3000000.000000
79.742938 2 3 1500.000000
79.900282 2 3 1500.000000
79.965350 2 1 1500.000000
79.970400 2 3 1000000.000000
80.099806 2 1 1500.000000
80.526535 2 0 1500.000000
80.695449 2 2 4000000.000000
80.798670 2 2 1500.000000
81.010754 2 2 4000000.000000
81.155626 2 2 3000.000000
81.423601 2 0 200000.000000
81.514955 2 0 1500.000000
81.671527 2 1 4000000.000000
81.987753 2 1 200000.000000
82.014884 2 0 1500.000000
82.175251 2 1 2000000.000000
82.392896 2 3 4000000.000000
82.440176 2 0 2000000.000000
82.695753 2 1 100000.000000
82.896624 2 3 200000.000000
83.004184 2 1 1500.000000
83.032414 2 3 1500.000000
83.189466 2 3 1500.000000
83.401123 2 2 1500.000000
83.784487 2 1 100000.000000
84.265682 2 1 1500.000000
84.431104 2 2 20000.000000
84.492060 2 0 1500.000000
84.812082 2 1 100000.000000
84.842381 2 1 100000.000000
85.102417 2 1 1500.000000
85.207950 2 0 10000.000000
85.240675 2 3 10000.000000
85.274036 2 1 10000.000000
85.487632 2 0 1500.000000
85.936215 2 2 1500.000000
86.457157 2 0 10000.000000
86.462707 2 1 1500.000000
86.751312 2 0 1500.000000
86.951712 2 0 1500.000000
87.085188 2 3 4000000.000000
87.124791 2 3 200000.000000
87.426127 2 3 100000.000000
87.540014 2 0 3000.000000
87.697784 2 1 3000.000000
87.892975 2 1 3000000.000000
88.198643 2 1 3000.000000
88.285941 2 3 4000000.000000
88.514557 2 3 1500.000000
88.626770 2 1 3000000.000000
88.739138 2 1 1500.000000
88.797806 2 1 4000000.000000
88.832555 2 1 3000000.000000
89.162353 2 0 20000.000000
89.176174 2 1 4000000.000000
89.216140 2 3 1500.000000
89.363215 2 1 1500.000000
89.456294 2 2 3000000.000000
89.466226 2 1 100000.000000
89.493151 2 1 4000000.000000
89.543546 2 0 3000000.000000
89.653782 2 2 3000000.000000
89.753395 2 1 200000.000000
89.870860 2 2 1500.000000
91.292980 2 2 2000000.000000
91.451403 2 3 1500.000000
91.950927 2 2 100000.000000
91.972425 2 0 2000000.000000
92.020722 2 2 1500.000000
92.294678 2 1 100000.000000
92.506470 2 0 4000000.000000
92.787928 2 0 20000.000000
92.821136 2 2 1000000.000000
93.418003 2 2 3000.000000
93.500360 2 0 1500.000000
93.594882 2 3 1000000.000000
93.976104 2 3 1500.000000
94.187448 2 2 2000000.000000
94.657009 2 2 1500.000000
95.342446 2 0 10000.000000
95.414744 2 3 2000000.000000
96.273386 2 3 200000.000000
96.305855 2 0 1500.000000
96.722807 2 2 3000.000000
96.887633 2 3 3000000.000000
96.967578 2 2 4000000.000000
97.263510 2 0 200000.000000
97.507892 2 1 10000.000000
97.629323 2 0 3000.000000
98.034216 2 2 1500.000000
99.674766 2 3 1500.000000
100.663359 2 1 200000.000000
101.712493 2 2 1500.000000
102.134092 2 2 4000000.000000
102.458746 2 0 3000.000000
102.814469 2 1 200000.000000
102.827869 2 2 4000000.000000
103.270815 2 2 200000.000000
103.968196 2 0 3000000.000000
104.000338 2 0 100000.000000
104.199733 2 3 1500.000000
104.435491 2 3 100000.000000
104.853132 2 0 100000.000000
105.007392 2 2 1500.000000
105.156233 2 0 2000000.000000
105.525206 2 1 100000.000000
105.749260 2 2 3000.000000
106.118703 2 2 1500.000000
106.438644 2 2 1000000.000000
106.572516 2 1 3000000.000000
107.200949 2 3 4000000.000000
107.236178 2 3 3000000.000000
107.245340 2 0 3000.000000
107.612953 2 3 1500.000000
107.758744 2 1 1500.000000
108.752399 2 0 1500.000000
108.861814 2 2 1500.000000
108.950983 2 0 1500.000000
108.994666 2 0 1500.000000
109.140272 2 3 1500.000000
109.408961 2 2 200000.000000
110.368980 2 0 1500.000000
110.484029 2 2 100000.000000
110.849375 2 1 1500.000000
110.885214 2 2 100000.000000
110.949331 2 0 20000.000000
110.998383 2 1 1500.000000
111.278206 2 2 4000000.000000
111.668490 2 0 10000.000000
111.732210 2 2 1500.000000
111.905318 2 1 1000000.000000
111.959854 2 1 100000.000000
112.083920 2 2 3000000.000000
112.456840 2 1 3000000.000000
113.672399 2 3 100000.000000
113.703665 2 3 1000000.000000
113.918200 2 0 1500.000000
113.976464 2 2 3000000.000000
114.111962 2 1 100000.000000
114.530303 2 0 200000.000000
114.557235 2 2 1500.000000
115.043629 2 1 1500.000000
115.360876 2 3 100000.000000
115.397605 2 1 1500.000000
115.480910 2 1 1500.000000
115.485713 2 0 1500.000000
115.975851 2 1 1500.000000
116.204701 2 1 100000.000000
116.767546 2 3 3000000.000000
117.000926 2 3 1500.000000
117.075600 2 3 10000.000000
117.286075 2 0 2000000.000000
117.887066 2 2 1500.000000
118.221033 2 3 1500.000000
118.677596 2 2 1000000.000000
118.706588 2 3 4000000.000000
119.026955 2 3 1500.000000
119.122127 2 0 4000000.000000
119.833364 2 1 1000000.000000
119.857534 2 1 1500.000000
120.282484 2 0 10000.000000
120.460634 2 1 4000000.000000
121.108597 2 2 3000000.000000
121.184176 2 1 10000.000000
121.237688 2 1 4000000.000000
121.288291 2 0 1500.000000
121.732665 2 3 3000000.000000
122.166490 2 1 1500.000000
122.167464 2 3 200000.000000
123.295323 2 0 10000.000000
123.556215 2 3 1500.000000
124.055550 2 2 200000.000000
124.123471 2 1 1500.000000
124.351142 2 0 4000000.000000
124.678735 2 3 1500.000000
124.681118 2 0 1000000.000000
124.695354 2 2 10000.000000
124.963468 2 1 1500.000000
125.432173 2 0 1500.000000
125.607939 2 2 1500.000000
125.813444 2 3 100000.000000
126.276049 2 2 100000.000000
126.307833 2 2 1500.000000
126.353389 2 3 200000.000000
126.562221 2 3 1500.000000
126.564967 2 0 3000000.000000
126.610906 2 3 1500.000000
126.736319 2 0 1000000.000000
127.193626 2 1 1000000.000000
127.208928 2 2 4000000.000000
127.256140 2 1 10000.000000
127.373120 2 0 1500.000000
127.629454 2 0 10000.000000
128.511032 2 0 1500.000000
129.095339 2 3 4000000.000000
129.439334 2 2 3000000.000000
129.601050 2 0 4000000.000000
129.798770 2 0 1500.000000
129.998178 2 0 1500.000000
130.151686 2 0 200000.000000
130.183246 2 3 1000000.000000
130.389392 2 2 1000000.000000
130.475283 2 3 4000000.000000
130.859328 2 3 3000.000000
131.080335 2 3 1000000.000000
131.167212 2 0 1500.000000
131.820708 2 0 20000.000000
132.216784 2 0 1500.000000
132.255522 2 1 1000000.000000
132.407808 2 1 1500.000000
132.815579 2 2 100000.000000
132.909914 2 3 1500.000000
132.959454 2 0 2000000.000000
133.043655 2 0 1500.000000
133.073595 2 3 10000.000000
133.093075 2 3 3000.000000
134.188826 2 1 1500.000000
134.847428 2 1 4000000.000000
134.851571 2 0 1500.000000
135.054862 2 0 100000.000000
135.112683 2 1 1500.000000
135.178869 2 3 200000.000000
135.928020 2 1 4000000.000000
136.213710 2 3 100000.000000
136.290784 2 3 1500.000000
136.448858 2 0 4000000.000000
136.499988 2 0 4000000.000000
136.588414 2 3 200000.000000
136.763351 2 3 1500.000000
136.774424 2 0 1500.000000
136.861999 2 1 1500.000000
137.049249 2 1 1500.000000
137.215496 2 1 3000.000000
137.680793 2 3 100000.000000
139.008260 2 2 4000000.000000
139.188016 2 0 1500.000000
139.327240 2 0 100000.000000
139.385216 2 2 1000000.000000
139.588205 2 3 20000.000000
139.605765 2 1 1000000.000000
139.628114 2 1 10000.000000
140.351858 2 0 1500.000000
140.463758 2 0 100000.000000
140.579845 2 1 1000000.000000
140.607453 2 3 3000.000000
140.796589 2 3 1500.000000
140.921311 2 1 1500.000000
141.098832 2 3 3000000.000000
141.285264 2 3 4000000.000000
141.370385 2 3 1500.000000
141.818188 2 1 100000.000000
141.855444 2 1 1500.000000
141.858254 2 2 1500.000000
141.907501 2 0 200000.000000
142.150148 2 0 1000000.000000
142.223228 2 0 1500.000000
142.674979 2 2 200000.000000
142.966985 2 3 1500.000000
143.536960 2 3 4000000.000000
143.681859 2 2 2000000.000000
144.284610 2 2 1500.000000
144.341653 2 3 100000.000000
144.350003 2 2 200000.000000
144.364993 2 1 1500.000000
144.398349 2 0 3000000.000000
145.438801 2 2 100000.000000
145.449249 2 3 1500.000000
145.534040 2 0 1500.000000
145.808291 2 3 1500.000000
145.847239 2 3 4000000.000000
145.926047 2 1 1500.000000
145.958834 2 2 100000.000000
146.190127 2 3 200000.000000
146.499789 2 1 4000000.000000
146.571305 2 2 100000.000000
146.806108 2 2 4000000.000000
146.844227 2 1 200000.000000
146.900644 2 0 4000000.000000
147.020337 2 0 20000.000000
147.057387 2 0 20000.000000
147.700588 2 2 2000000.000000
148.138014 2 2 3000000.000000
148.186917 2 3 1500.000000
148.300802 2 0 3000000.000000
148.695372 2 2 1500.000000
149.073433 2 2 1500.000000
149.134184 2 3 1500.000000
149.740997 2 2 4000000.000000
149.956590 2 2 3000.000000
0.016448 3 1 3000.000000
0.195366 3 0 2000000.000000
0.236606 3 1 200000.000000
0.646513 3 1 3000.000000
1.160464 3 1 3000000.000000
1.934852 3 0 200000.000000
1.968883 3 1 1500.000000
1.975998 3 0 10000.000000
2.070654 3 0 10000.000000
2.244417 3 2 1500.000000
2.881820 3 2 1500.000000
3.037164 3 0 1500.000000
3.248196 3 0 4000000.000000
3.412012 3 1 100000.000000
3.642396 3 1 3000000.000000
3.722545 3 3 4000000.000000
3.950210 3 3 10000.000000
4.209387 3 2 1500.000000
4.499150 3 0 1500.000000
4.825303 3 3 1000000.000000
4.854645 3 0 1500.000000
4.880526 3 3 4000000.000000
4.998253 3 1 2000000.000000
5.130708 3 2 3000000.000000
5.836129 3 3 200000.000000
6.046258 3 2 100000.000000
6.339448 3 1 1000000.000000
6.500152 3 1 100000.000000
6.586094 3 1 1000000.000000
6.592419 3 1 200000.000000
6.928315 3 1 1500.000000
7.008448 3 2 3000000.000000
7.033465 3 3 3000000.000000
7.256195 3 2 100000.000000
7.633201 3 0 1500.000000
8.116093 3 1 1500.000000
8.120757 3 0 200000.000000
8.145403 3 2 3000000.000000
8.175341 3 3 200000.000000
8.527118 3 3 1500.000000
8.645450 3 1 1500.000000
8.865720 3 3 100000.000000
9.394496 3 0 3000000.000000
9.709708 3 0 1500.000000
10.070743 3 3 1500.000000
10.304730 3 1 1500.000000
10.735861 3 1 1500.000000
11.788171 3 2 1500.000000
12.285847 3 3 10000.000000
12.310198 3 0 100000.000000
12.489937 3 1 100000.000000
12.540262 3 0 1500.000000
12.735516 3 1 100000.000000
12.890310 3 2 1000000.000000
13.159228 3 3 1500.000000
13.487102 3 3 100000.000000
14.067846 3 0 1500.000000
14.257517 3 2 20000.000000
15.012728 3 3 2000000.000000
15.127837 3 2 2000000.000000
15.203099 3 0 1500.000000
15.280677 3 0 1000000.000000
15.309351 3 2 200000.000000
15.313219 3 2 1500.000000
15.395890 3 2 1500.000000
15.425611 3 1 3000000.000000
15.845937 3 3 1500.000000
16.030528 3 0 10000.000000
16.288781 3 0 1500.000000
16.512861 3 1 100000.000000
16.526735 3 0 200000.000000
17.220335 3 3 10000.000000
17.617212 3 2 1500.000000
17.715863 3 1 1500.000000
17.957122 3 0 1000000.000000
18.059217 3 1 1500.000000
18.636994 3 3 3000.000000
18.906554 3 3 1500.000000
19.143167 3 3 3000000.000000
19.366880 3 3 100000.000000
19.373288 3 0 3000000.000000
19.576189 3 0 1500.000000
20.013578 3 2 3000.000000
20.101789 3 0 3000.000000
20.526569 3 2 3000000.000000
20.899436 3 1 200000.000000
20.939460 3 1 1500.000000
22.021486 3 3 3000000.000000
22.068017 3 2 1500.000000
22.369954 3 1 1500.000000
22.559883 3 0 200000.000000
22.840185 3 3 1500.000000
23.473065 3 3 1500.000000
23.487452 3 0 100000.000000
23.825258 3 0 10000.000000
23.849811 3 3 3000.000000
23.870208 3 1 200000.000000
24.259163 3 3 1500.000000
25.203452 3 3 1500.000000
25.486223 3 2 200000.000000
25.495205 3 0 1000000.000000
25.860714 3 1 1500.000000
25.969150 3 0 100000.000000
26.005874 3 1 1500.000000
26.076088 3 1 1000000.000000
26.854677 3 0 4000000.000000
26.971361 3 1 4000000.000000
27.261026 3 0 1500.000000
27.560580 3 2 1500.000000
27.670965 3 3 10000.000000
27.709231 3 0 3000000.000000
27.871508 3 2 3000.000000
27.947490 3 2 10000.000000
28.056082 3 1 4000000.000000
28.169573 3 1 4000000.000000
28.212374 3 3 1000000.000000
28.944279 3 2 100000.000000
29.048420 3 3 100000.000000
29.181462 3 1 200000.000000
29.321328 3 0 1500.000000
29.921110 3 3 100000.000000
30.104660 3 3 3000000.000000
30.886296 3 1 3000000.000000
31.201667 3 0 4000000.000000
31.240360 3 3 1500.000000
31.734798 3 2 100000.000000
32.320474 3 2 1500.000000
32.554821 3 1 3000000.000000
32.842638 3 2 1500.000000
32.899936 3 1 3000000.000000
33.238983 3 1 100000.000000
33.479805 3 2 4000000.000000
33.591675 3 1 3000000.000000
33.608298 3 2 1000000.000000
33.665891 3 2 1500.000000
33.719432 3 0 20000.000000
33.723879 3 0 200000.000000
33.750281 3 1 1500.000000
34.298543 3 2 3000000.000000
34.428500 3 0 4000000.000000
34.481163 3 1 1500.000000
34.906144 3 2 3000000.000000
35.486778 3 3 4000000.000000
35.784917 3 3 200000.000000
36.367608 3 2 100000.000000
36.393128 3 1 3000.000000
36.497592 3 1 1500.000000
36.893158 3 3 3000000.000000
36.973111 3 1 1000000.000000
36.988941 3 1 200000.000000
37.084134 3 1 1500.000000
37.118266 3 0 3000000.000000
37.425402 3 1 1500.000000
37.461184 3 2 1500.000000
37.631386 3 2 1500.000000
37.638622 3 2 1500.000000
37.644333 3 1 1500.000000
37.797665 3 2 1500.000000
37.832091 3 3 3000000.000000
38.668122 3 1 10000.000000
38.726791 3 2 1500.000000
38.782190 3 1 200000.000000
38.886461 3 2 1500.000000
38.989230 3 2 10000.000000
39.039576 3 2 1500.000000
39.380823 3 2 4000000.000000
39.402000 3 2 200000.000000
40.316972 3 0 4000000.000000
40.507279 3 3 10000.000000
40.879673 3 3 100000.000000
40.913996 3 1 3000000.000000
40.955339 3 1 1500.000000
40.985866 3 1 1500.000000
41.119219 3 2 1500.000000
41.225803 3 1 100000.000000
41.473385 3 2 1500.000000
41.663807 3 2 1500.000000
41.685150 3 3 1500.000000
42.435509 3 0 100000.000000
42.577284 3 0 1500.000000
42.707617 3 1 1500.000000
42.853877 3 2 3000000.000000
43.244226 3 1 1500.000000
43.309324 3 3 100000.000000
43.403455 3 1 4000000.000000
43.616372 3 3 3000.000000
44.340839 3 0 100000.000000
44.809926 3 0 3000000.000000
44.836151 3 0 1500.000000
45.257468 3 2 10000.000000
45.261474 3 1 1500.000000
46.155441 3 1 3000000.000000
46.519783 3 0 3000000.000000
47.167343 3 1 1500.000000
47.209906 3 2 1500.000000
47.580589 3 3 1500.000000
47.638974 3 0 200000.000000
47.676647 3 3 20000.000000
47.699083 3 3 3000000.000000
47.798196 3 3 3000.000000
47.870766 3 0 1000000.000000
48.013300 3 2 1500.000000
48.086407 3 2 100000.000000
48.221389 3 2 10000.000000
48.247090 3 0 1500.000000
48.427525 3 1 1500.000000
48.739686 3 1 1000000.000000
48.867671 3 2 3000000.000000
49.169587 3 3 200000.000000
49.267720 3 2 1500.000000
49.385994 3 0 1500.000000
49.530400 3 0 3000.000000
49.647211 3 2 1500.000000
49.674473 3 3 200000.000000
50.091273 3 1 4000000.000000
50.141087 3 2 20000.000000
50.401802 3 0 4000000.000000
50.880688 3 2 200000.000000
51.205477 3 3 1500.000000
51.265890 3 1 1500.000000
51.479195 3 1 10000.000000
51.779067 3 2 10000.000000
51.780827 3 1 200000.000000
51.976662 3 0 3000.000000
52.210049 3 3 1500.000000
52.491570 3 1 1500.000000
52.794373 3 0 1000000.000000
52.842104 3 0 1500.000000
53.035125 3 1 1500.000000
53.085359 3 1 1000000.000000
53.178030 3 1 1500.000000
53.374187 3 0 200000.000000
53.738139 3 0 3000.000000
53.917304 3 0 1500.000000
53.958118 3 3 3000000.000000
54.101583 3 0 1500.000000
54.220551 3 0 1000000.000000
54.233054 3 3 100000.000000
54.244329 3 2 100000.000000
54.405456 3 1 1500.000000
54.614601 3 2 3000.000000
54.657021 3 0 1500.000000
54.887785 3 3 3000000.000000
55.124130 3 2 1500.000000
55.809836 3 0 1000000.000000
55.848615 3 3 200000.000000
55.864333 3 2 1500.000000
56.025426 3 3 100000.000000
56.223164 3 2 4000000.000000
56.429306 3 3 200000.000000
56.587524 3 1 4000000.000000
57.060972 3 2 1500.000000
57.512323 3 1 100000.000000
57.829217 3 2 1000000.000000
58.013532 3 1 1500.000000
58.069641 3 0 10000.000000
58.219908 3 1 100000.000000
58.949925 3 2 200000.000000
59.423681 3 1 3000000.000000
59.551177 3 1 200000.000000
59.649900 3 3 1500.000000
59.743016 3 0 4000000.000000
59.919671 3 3 1500.000000
60.212609 3 1 1500.000000
60.535824 3 3 1500.000000
60.587560 3 0 10000.000000
60.609353 3 3 200000.000000
60.886463 3 1 1500.000000
60.927580 3 0 1500.000000
61.120124 3 3 4000000.000000
61.242923 3 2 4000000.000000
61.247621 3 0 3000.000000
61.620898 3 3 100000.000000
62.318602 3 3 3000000.000000
62.521071 3 3 3000.000000
62.539659 3 3 100000.000000
62.679829 3 0 4000000.000000
62.747103 3 1 2000000.000000
62.991904 3 2 100000.000000
63.009419 3 2 1500.000000
63.458529 3 2 3000.000000
63.780845 3 1 1500.000000
63.915239 3 0 200000.000000
63.947972 3 1 3000.000000
63.972823 3 1 4000000.000000
64.219167 3 1 1500.000000
64.711173 3 3 1000000.000000
64.806372 3 2 1500.000000
65.072046 3 1 1500.000000
65.185190 3 3 2000000.000000
65.282565 3 2 3000.000000
65.778805 3 3 4000000.000000
66.303533 3 1 3000000.000000
66.505295 3 3 3000000.000000
66.754978 3 2 3000000.000000
67.109642 3 1 1500.000000
67.179539 3 3 200000.000000
67.251045 3 1 1500.000000
67.493965 3 1 100000.000000
67.646416 3 0 2000000.000000
67.722979 3 2 200000.000000
67.752514 3 2 10000.000000
67.909209 3 3 10000.000000
68.148223 3 0 1000000.000000
68.761518 3 3 1500.000000
68.829194 3 1 10000.000000
69.278733 3 2 3000.000000
69.750380 3 0 1500.000000
69.923925 3 1 1500.000000
70.851327 3 3 200000.000000
70.853199 3 0 1500.000000
71.287261 3 0 1000000.000000
71.331700 3 0 3000000.000000
71.427037 3 3 1500.000000
71.643285 3 0 1500.000000
71.760318 3 0 10000.000000
72.138256 3 0 1500.000000
72.539490 3 0 1500.000000
72.553077 3 0 200000.000000
72.732870 3 0 2000000.000000
72.737311 3 3 1500.000000
73.032676 3 0 200000.000000
73.241658 3 2 1500.000000
73.407175 3 1 1000000.000000
73.431858 3 0 100000.000000
73.621918 3 2 3000000.000000
74.060376 3 1 3000000.000000
74.134164 3 0 1500.000000
74.492631 3 0 200000.000000
74.688763 3 3 1500.000000
74.885435 3 2 1500.000000
75.046046 3 2 4000000.000000
75.210524 3 2 4000000.000000
75.745976 3 3 10000.000000
75.755384 3 2 3000000.000000
75.914094 3 1 3000000.000000
75.921465 3 1 20000.000000
76.649905 3 3 10000.000000
76.831496 3 3 3000000.000000
77.150925 3 2 100000.000000
77.554763 3 1 1500.000000
77.555740 3 0 200000.000000
77.608638 3 3 100000.000000
78.322859 3 0 1500.000000
78.430671 3 0 200000.000000
78.432120 3 3 2000000.000000
78.590909 3 2 4000000.000000
78.937780 3 2 3000000.000000
78.971667 3 0 100000.000000
79.044647 3 3 1500.000000
79.272007 3 0 200000.000000
79.410710 3 0 1500.000000
79.616188 3 3 3000000.000000
79.870451 3 0 1500.000000
79.920357 3 0 3000000.000000
79.934073 3 1 1500.000000
80.103588 3 3 3000000.000000
80.726004 3 0 3000000.000000
80.794367 3 3 1000000.000000
80.852428 3 1 1500.000000
81.093822 3 3 20000.000000
81.337138 3 2 4000000.000000
81.349568 3 1 1500.000000
82.197756 3 2 10000.000000
82.571498 3 1 1500.000000
83.896614 3 0 1500.000000
84.001618 3 3 1500.000000
84.223667 3 3 10000.000000
84.265447 3 0 1500.000000
84.691040 3 0 200000.000000
85.016655 3 2 1500.000000
85.062038 3 2 200000.000000
85.486811 3 3 1000000.000000
85.819652 3 3 3000000.000000
86.224748 3 2 1000000.000000
86.600169 3 2 20000.000000
86.711022 3 0 100000.000000
86.816541 3 3 1500.000000
86.987505 3 1 1500.000000
87.212010 3 3 1500.000000
87.296348 3 3 1500.000000
87.655751 3 0 1000000.000000
88.201410 3 0 1500.000000
88.572339 3 0 100000.000000
88.848284 3 0 3000.000000
88.984947 3 1 3000000.000000
89.209260 3 2 1500.000000
89.237040 3 0 10000.000000
89.300333 3 2 200000.000000
89.496065 3 0 10000.000000
89.551445 3 0 3000000.000000
89.697065 3 2 1500.000000
89.775218 3 2 1500.000000
89.838764 3 2 2000000.000000
90.524309 3 3 3000000.000000
90.557310 3 2 100000.000000
90.610414 3 1 200000.000000
91.088921 3 1 1500.000000
91.176048 3 2 20000.000000
91.330680 3 2 200000.000000
92.061240 3 2 1500.000000
92.088222 3 1 10000.000000
92.497600 3 3 100000.000000
92.623340 3 1 1500.000000
93.419863 3 0 1500.000000
94.154879 3 3 100000.000000
94.234745 3 3 100000.000000
94.488878 3 1 200000.000000
94.603585 3 3 4000000.000000
94.837641 3 1 100000.000000
94.968649 3 1 1500.000000
95.411653 3 0 4000000.000000
95.793593 3 2 10000.000000
95.794543 3 0 100000.000000
96.217448 3 3 1500.000000
96.465913 3 3 1500.000000
96.567248 3 2 2000000.000000
97.101751 3 1 3000000.000000
98.141730 3 1 1500.000000
98.290349 3 3 100000.000000
98.687037 3 0 3000000.000000
98.997703 3 2 1500.000000
99.251905 3 0 2000000.000000
100.311945 3 1 3000000.000000
100.835019 3 2 1500.000000
100.973354 3 1 100000.000000
101.432567 3 2 4000000.000000
101.584435 3 3 1500.000000
101.646392 3 3 3000000.000000
101.894540 3 1 3000000.000000
102.724785 3 2 1500.000000
102.735303 3 3 1500.000000
102.958578 3 0 4000000.000000
103.106104 3 1 1500.000000
103.235741 3 2 1500.000000
103.262095 3 2 200000.000000
103.684567 3 3 3000000.000000
104.148064 3 2 10000.000000
104.363002 3 3 4000000.000000
104.392594 3 2 10000.000000
104.491934 3 2 200000.000000
104.543001 3 2 1000000.000000
104.603562 3 1 100000.000000
105.208199 3 1 1500.000000
105.403103 3 0 200000.000000
105.938073 3 2 4000000.000000
106.338153 3 2 1500.000000
106.410364 3 2 100000.000000
106.421815 3 1 1500.000000
106.781114 3 3 1000000.000000
106.856002 3 1 1500.000000
106.881762 3 2 3000.000000
107.210201 3 2 100000.000000
107.455232 3 0 200000.000000
107.809064 3 3 1500.000000
107.898877 3 0 3000000.000000
108.290071 3 2 100000.000000
108.798241 3 3 4000000.000000
109.083878 3 3 1500.000000
109.186039 3 3 4000000.000000
109.222228 3 3 4000000.000000
109.490730 3 2 3000000.000000
109.580699 3 2 1500.000000
109.684179 3 0 200000.000000
109.697546 3 0 2000000.000000
109.712732 3 2 200000.000000
110.044522 3 1 1000000.000000
110.394031 3 2 1500.000000
110.573467 3 0 1500.000000
111.863004 3 2 4000000.000000
112.028004 3 0 100000.000000
112.205466 3 2 1500.000000
112.383381 3 0 3000000.000000
112.462522 3 1 1500.000000
112.560145 3 1 1500.000000
112.835491 3 2 100000.000000
113.111878 3 1 3000000.000000
113.391875 3 2 2000000.000000
113.555960 3 1 20000.000000
114.008103 3 2 1000000.000000
114.227397 3 1 3000000.000000
114.830346 3 3 200000.000000
115.024660 3 1 4000000.000000
115.616341 3 3 3000.000000
115.973809 3 3 100000.000000
116.549270 3 2 1500.000000
116.809280 3 3 200000.000000
117.088854 3 2 1500.000000
117.354465 3 1 1000000.000000
117.546052 3 2 10000.000000
117.766079 3 0 20000.000000
117.897916 3 3 200000.000000
117.984780 3 1 1500.000000
117.988008 3 1 3000000.000000
118.156349 3 3 4000000.000000
118.513552 3 3 10000.000000
118.767433 3 0 1500.000000
119.040534 3 3 3000000.000000
119.065517 3 3 200000.000000
119.445484 3 0 3000000.000000
119.504745 3 3 100000.000000
119.619612 3 2 3000000.000000
119.680939 3 2 200000.000000
119.687260 3 1 2000000.000000
119.859768 3 3 1500.000000
120.073087 3 1 3000000.000000
120.352545 3 0 3000000.000000
120.421562 3 1 200000.000000
120.593921 3 1 1500.000000
120.985331 3 3 1500.000000
121.212105 3 1 100000.000000
121.866149 3 1 3000000.000000
121.876705 3 1 1500.000000
121.925330 3 0 1000000.000000
122.254666 3 3 4000000.000000
122.757209 3 3 1500.000000
122.795214 3 2 1000000.000000
122.893527 3 1 1500.000000
123.169380 3 1 1500.000000
123.632001 3 3 3000.000000
123.793604 3 2 2000000.000000
124.358696 3 0 200000.000000
124.478643 3 1 3000000.000000
124.600559 3 3 200000.000000
124.711687 3 3 1500.000000
125.243196 3 3 1500.000000
125.588846 3 0 1000000.000000
125.693168 3 2 100000.000000
125.998375 3 0 1500.000000
127.251982 3 2 1500.000000
127.260933 3 2 4000000.000000
127.313507 3 2 1500.000000
128.074367 3 2 1500.000000
128.865808 3 0 200000.000000
128.871758 3 1 3000000.000000
128.873253 3 3 100000.000000
128.875603 3 0 1500.000000
129.289451 3 1 3000000.000000
129.818739 3 0 100000.000000
130.545667 3 3 1500.000000
130.648777 3 2 200000.000000
130.723809 3 0 1500.000000
130.750927 3 2 200000.000000
130.788413 3 0 3000000.000000
130.895171 3 1 200000.000000
131.005187 3 2 2000000.000000
131.329756 3 3 4000000.000000
131.390229 3 0 3000000.000000
131.523032 3 3 1500.000000
131.875187 3 0 10000.000000
131.981869 3 0 1500.000000
132.928327 3 0 1500.000000
133.450709 3 3 1500.000000
133.543024 3 1 1500.000000
133.607137 3 2 10000.000000
133.662421 3 3 3000000.000000
133.671738 3 3 4000000.000000
133.714612 3 0 1500.000000
133.977857 3 2 1500.000000
134.398567 3 0 3000000.000000
134.519661 3 3 100000.000000
134.529053 3 2 3000000.000000
134.700613 3 3 1500.000000
135.000958 3 0 1000000.000000
135.255320 3 3 2000000.000000
135.349682 3 0 1000000.000000
135.652433 3 0 1500.000000
135.710393 3 3 2000000.000000
136.292267 3 2 3000.000000
136.645221 3 0 4000000.000000
136.728686 3 0 1500.000000
136.798180 3 2 10000.000000
137.702908 3 3 10000.000000
138.589414 3 1 1500.000000
138.735526 3 2 10000.000000
138.892134 3 0 1500.000000
138.977206 3 0 1000000.000000
139.960857 3 0 1500.000000
140.024069 3 1 3000.000000
140.232841 3 3 1500.000000
140.268706 3 0 1500.000000
140.284664 3 3 200000.000000
140.305172 3 3 1500.000000
140.344273 3 1 1500.000000
140.389537 3 2 1500.000000
141.188875 3 3 1500.000000
141.886480 3 0 100000.000000
141.924892 3 2 200000.000000
141.939461 3 3 2000000.000000
142.185697 3 0 4000000.000000
143.015423 3 0 1500.000000
143.258458 3 3 1500.000000
143.311778 3 3 3000000.000000
143.758936 3 1 200000.000000
144.245786 3 3 4000000.000000
144.294143 3 0 20000.000000
144.386287 3 3 20000.000000
144.800910 3 0 3000000.000000
144.843500 3 1 1500.000000
144.926683 3 0 1500.000000
145.340828 3 2 1500.000000
145.374918 3 1 1500.000000
145.599104 3 0 2000000.000000
145.726584 3 2 1500.000000
145.996866 3 2 3000.000000
146.068894 3 1 3000000.000000
146.171251 3 3 2000000.000000
146.362618 3 0 200000.000000
147.187669 3 3 1500.000000
147.317513 3 2 3000000.000000
147.556176 3 1 1500.000000
147.678645 3 1 1500.000000
148.027466 3 1 4000000.000000
149.498811 3 2 1500.000000
149.587429 3 3 2000000.000000
