0.550825 0 2 100000.000000
1.463081 0 1 1000000.000000
1.728135 0 3 200000.000000
1.731988 0 0 3000.000000
1.771593 0 1 20000.000000
2.119869 0 0 10000.000000
2.145162 0 3 100000.000000
2.297934 0 3 1000000.000000
2.787106 0 2 3000.000000
3.471671 0 2 1500.000000
4.211372 0 1 1000000.000000
4.451618 0 2 1500.000000
4.477601 0 3 20000.000000
4.594037 0 0 2000000.000000
4.852702 0 2 100000.000000
4.904869 0 1 1500.000000
5.378958 0 1 1500.000000
5.934566 0 3 200000.000000
7.140640 0 3 3000.000000
7.365116 0 0 1000000.000000
7.489502 0 3 100000.000000
7.628637 0 2 4000000.000000
7.655578 0 0 3000000.000000
7.663497 0 2 20000.000000
8.376525 0 2 3000.000000
8.737585 0 3 1500.000000
8.818791 0 0 1500.000000
8.828740 0 1 3000.000000
9.091493 0 2 200000.000000
10.331135 0 3 200000.000000
10.357511 0 0 3000000.000000
10.478784 0 0 4000000.000000
10.524695 0 3 4000000.000000
11.795415 0 2 1500.000000
13.123224 0 2 1500.000000
13.999196 0 3 1500.000000
14.077523 0 2 1500.000000
14.153225 0 3 1500.000000
14.224123 0 2 4000000.000000
14.288398 0 1 10000.000000
15.048954 0 3 200000.000000
15.374093 0 3 10000.000000
15.417899 0 1 4000000.000000
15.476716 0 3 1500.000000
15.513367 0 2 100000.000000
15.640093 0 0 10000.000000
15.726417 0 2 200000.000000
15.851473 0 1 3000000.000000
16.291071 0 0 4000000.000000
16.477829 0 0 3000000.000000
16.868306 0 2 1500.000000
17.186250 0 0 3000.000000
17.429356 0 0 2000000.000000
17.466641 0 3 4000000.000000
17.607057 0 2 1500.000000
17.920204 0 3 1500.000000
18.597343 0 1 100000.000000
18.837751 0 0 10000.000000
18.927895 0 0 3000000.000000
20.102539 0 3 1500.000000
20.365342 0 1 200000.000000
20.366542 0 1 3000.000000
20.768287 0 0 20000.000000
20.832680 0 2 3000000.000000
21.168463 0 2 3000000.000000
21.212438 0 0 1500.000000
21.375498 0 2 1500.000000
21.743705 0 0 10000.000000
22.290601 0 0 1500.000000
22.341971 0 1 10000.000000
23.415057 0 1 3000.000000
23.440676 0 3 20000.000000
23.717767 0 0 100000.000000
23.786324 0 1 4000000.000000
24.073929 0 3 200000.000000
24.221978 0 2 3000000.000000
24.299853 0 0 1000000.000000
25.286284 0 1 1500.000000
25.993644 0 2 100000.000000
26.326198 0 1 1500.000000
26.503223 0 1 1500.000000
26.525853 0 0 4000000.000000
26.779897 0 2 20000.000000
27.054868 0 2 1500.000000
27.255615 0 1 1500.000000
27.302196 0 1 100000.000000
27.828549 0 0 1000000.000000
28.119335 0 0 200000.000000
28.178644 0 0 100000.000000
28.729327 0 0 1000000.000000
29.207663 0 2 1500.000000
29.797608 0 1 100000.000000
29.860989 0 3 4000000.000000
30.019054 0 3 1500.000000
30.246450 0 1 2000000.000000
30.385386 0 2 3000.000000
30.587748 0 2 4000000.000000
31.124381 0 2 1500.000000
31.148632 0 3 1500.000000
31.450912 0 2 200000.000000
31.470522 0 3 1500.000000
31.890252 0 2 4000000.000000
32.473257 0 0 3000000.000000
33.197805 0 0 1500.000000
33.342105 0 1 1000000.000000
35.553376 0 0 100000.000000
35.772514 0 0 200000.000000
36.345906 0 2 100000.000000
36.474580 0 3 20000.000000
36.674342 0 0 100000.000000
36.785966 0 1 1500.000000
36.872582 0 3 3000.000000
36.888446 0 1 3000.000000
36.919609 0 3 1500.000000
37.731509 0 1 1500.000000
37.923196 0 1 3000000.000000
37.933551 0 1 1500.000000
38.009655 0 0 1500.000000
38.265323 0 2 4000000.000000
38.715277 0 2 4000000.000000
39.348680 0 2 1500.000000
39.375013 0 3 1500.000000
39.463869 0 0 1500.000000
39.622638 0 1 200000.000000
40.351285 0 2 200000.000000
40.482087 0 0 100000.000000
40.637696 0 0 1500.000000
40.876545 0 3 3000000.000000
41.784833 0 0 100000.000000
41.942167 0 1 1000000.000000
42.098923 0 0 1500.000000
42.227602 0 1 3000.000000
42.325295 0 2 4000000.000000
42.542114 0 3 1500.000000
42.553726 0 3 3000000.000000
42.647781 0 0 200000.000000
43.027179 0 0 1000000.000000
43.038112 0 3 1500.000000
43.133473 0 0 1500.000000
43.189906 0 3 1500.000000
43.250316 0 1 200000.000000
43.335933 0 1 10000.000000
43.545921 0 2 1500.000000
43.607585 0 2 10000.000000
43.644340 0 3 3000.000000
43.824012 0 3 4000000.000000
44.360189 0 2 3000.000000
44.546550 0 1 1500.000000
44.979272 0 3 10000.000000
45.027655 0 1 3000000.000000
45.287587 0 2 200000.000000
45.449109 0 3 1500.000000
46.407993 0 0 10000.000000
46.470693 0 2 10000.000000
46.898950 0 2 1000000.000000
47.390884 0 2 200000.000000
47.546755 0 1 100000.000000
47.573208 0 1 1000000.000000
47.751733 0 0 10000.000000
48.533475 0 2 1000000.000000
48.689123 0 3 3000000.000000
49.159107 0 2 1500.000000
49.251014 0 3 1500.000000
49.388942 0 2 200000.000000
49.674765 0 1 2000000.000000
49.789843 0 0 1500.000000
50.109403 0 0 20000.000000
50.257608 0 2 3000.000000
50.374810 0 1 1500.000000
50.771553 0 0 1500.000000
51.117236 0 2 100000.000000
52.084986 0 2 4000000.000000
52.107837 0 2 20000.000000
52.587994 0 0 20000.000000
53.513814 0 3 4000000.000000
53.869109 0 1 1500.000000
54.103636 0 0 10000.000000
54.197310 0 0 1500.000000
54.544761 0 3 1500.000000
54.561355 0 1 100000.000000
54.997898 0 2 3000000.000000
55.222403 0 0 200000.000000
55.260142 0 0 1000000.000000
56.384941 0 3 1500.000000
56.936323 0 2 3000.000000
56.979451 0 0 100000.000000
57.135385 0 2 1000000.000000
57.399471 0 1 1500.000000
57.700087 0 2 1000000.000000
58.199195 0 2 200000.000000
58.435148 0 3 3000.000000
58.444386 0 0 1500.000000
58.444979 0 3 4000000.000000
59.072650 0 3 3000000.000000
59.297346 0 3 100000.000000
59.387100 0 3 10000.000000
59.658699 0 2 1500.000000
60.145671 0 1 1500.000000
60.539302 0 1 200000.000000
60.765500 0 0 1500.000000
61.764383 0 0 1000000.000000
61.991439 0 0 100000.000000
62.959280 0 0 100000.000000
63.590102 0 3 200000.000000
64.177932 0 2 4000000.000000
64.484661 0 0 1500.000000
65.119939 0 1 2000000.000000
65.142586 0 2 200000.000000
65.331707 0 0 1000000.000000
66.945018 0 3 100000.000000
68.077216 0 2 20000.000000
68.419061 0 2 1500.000000
68.745723 0 1 1500.000000
69.050397 0 0 3000000.000000
69.273428 0 3 1000000.000000
69.323542 0 1 3000000.000000
69.734107 0 1 10000.000000
69.924041 0 3 1500.000000
69.930461 0 3 200000.000000
69.951924 0 0 3000.000000
69.968976 0 0 1500.000000
70.140354 0 0 20000.000000
70.145273 0 0 4000000.000000
70.183147 0 2 1500.000000
70.729076 0 3 1000000.000000
71.050660 0 0 100000.000000
71.119917 0 3 200000.000000
71.129232 0 3 100000.000000
71.865380 0 1 100000.000000
71.880517 0 2 200000.000000
72.600718 0 3 1500.000000
72.811388 0 1 3000.000000
72.992144 0 2 4000000.000000
73.110987 0 2 3000000.000000
73.249586 0 2 200000.000000
73.634129 0 3 2000000.000000
73.661802 0 2 200000.000000
73.859056 0 1 1500.000000
74.622133 0 1 4000000.000000
74.894365 0 3 10000.000000
75.393331 0 1 1500.000000
75.423968 0 3 100000.000000
77.079242 0 2 1000000.000000
78.251663 0 1 200000.000000
78.553474 0 1 100000.000000
78.659240 0 0 200000.000000
78.682501 0 3 1000000.000000
78.930797 0 1 200000.000000
79.150255 0 1 4000000.000000
79.358026 0 3 2000000.000000
79.504410 0 2 1500.000000
80.069971 0 3 3000.000000
80.578930 0 2 3000000.000000
80.807018 0 3 20000.000000
81.596297 0 3 4000000.000000
82.121900 0 0 1500.000000
82.518781 0 2 3000000.000000
82.689351 0 1 3000000.000000
82.743140 0 1 3000000.000000
83.084510 0 3 4000000.000000
83.298606 0 1 1500.000000
83.363985 0 3 1500.000000
83.649952 0 1 1000000.000000
83.880098 0 2 1500.000000
83.966731 0 0 10000.000000
84.119183 0 3 3000000.000000
84.570427 0 0 100000.000000
86.030246 0 0 10000.000000
86.038419 0 2 3000000.000000
86.115365 0 1 1500.000000
86.125153 0 2 3000000.000000
86.868088 0 2 1500.000000
87.650614 0 1 2000000.000000
88.139593 0 0 1500.000000
88.160772 0 1 1500.000000
88.585155 0 1 1500.000000
88.960579 0 3 100000.000000
89.445745 0 3 3000000.000000
89.552958 0 1 4000000.000000
89.566996 0 0 200000.000000
89.628662 0 3 4000000.000000
89.671094 0 0 1500.000000
89.851131 0 1 1500.000000
89.974930 0 1 100000.000000
90.089773 0 0 4000000.000000
90.183960 0 0 3000.000000
90.396702 0 1 3000000.000000
90.898495 0 2 20000.000000
91.261542 0 1 3000000.000000
91.333190 0 1 3000000.000000
91.670068 0 1 1500.000000
91.945768 0 1 4000000.000000
92.583293 0 3 1500.000000
92.857116 0 2 1500.000000
92.879234 0 2 10000.000000
92.895934 0 2 100000.000000
92.905551 0 1 1500.000000
93.135298 0 1 20000.000000
93.281446 0 3 1500.000000
95.155359 0 1 200000.000000
95.212830 0 2 3000000.000000
95.349945 0 1 1500.000000
95.445054 0 0 1000000.000000
95.528931 0 1 1500.000000
96.331016 0 1 1500.000000
96.701290 0 0 1000000.000000
96.781496 0 2 1500.000000
97.258303 0 3 1500.000000
97.403270 0 1 1500.000000
97.489923 0 2 2000000.000000
97.714765 0 3 1000000.000000
97.846638 0 2 4000000.000000
98.031547 0 2 4000000.000000
98.306998 0 2 100000.000000
98.949757 0 2 100000.000000
98.988328 0 0 200000.000000
99.388334 0 1 1000000.000000
99.547253 0 3 1500.000000
99.548916 0 0 3000.000000
99.683541 0 2 200000.000000
99.812728 0 0 1500.000000
100.005493 0 0 200000.000000
100.659732 0 3 200000.000000
101.556043 0 3 10000.000000
101.850922 0 1 3000000.000000
102.064224 0 1 1500.000000
102.076570 0 1 200000.000000
102.793246 0 1 1500.000000
102.878677 0 2 2000000.000000
104.467208 0 1 200000.000000
104.713817 0 3 20000.000000
104.786581 0 1 1000000.000000
105.076833 0 3 3000.000000
105.165742 0 1 1500.000000
105.256876 0 2 1500.000000
105.429430 0 1 3000000.000000
105.665471 0 2 10000.000000
105.677272 0 0 1500.000000
105.836998 0 1 10000.000000
106.129482 0 2 3000000.000000
106.299162 0 1 1500.000000
106.814345 0 2 20000.000000
108.020220 0 2 1500.000000
108.610476 0 2 3000000.000000
108.779439 0 3 1500.000000
109.240598 0 2 200000.000000
109.662559 0 2 3000.000000
109.710849 0 2 1000000.000000
109.719293 0 0 4000000.000000
111.006888 0 1 100000.000000
111.259821 0 2 1500.000000
111.764023 0 0 3000000.000000
111.991301 0 0 4000000.000000
112.027835 0 2 100000.000000
112.074826 0 0 100000.000000
112.949761 0 3 1000000.000000
113.108343 0 0 1500.000000
113.311927 0 3 3000000.000000
113.468915 0 1 1500.000000
113.573052 0 3 1500.000000
113.804538 0 2 1000000.000000
113.962459 0 2 1500.000000
114.227585 0 1 2000000.000000
114.588545 0 1 4000000.000000
114.841603 0 3 3000.000000
115.005273 0 0 1500.000000
115.569380 0 2 20000.000000
115.644353 0 2 10000.000000
115.757799 0 1 1000000.000000
116.969598 0 0 3000000.000000
117.443173 0 1 4000000.000000
117.780289 0 2 10000.000000
118.532375 0 1 4000000.000000
118.625778 0 3 4000000.000000
118.765185 0 3 100000.000000
119.452964 0 3 1500.000000
119.776435 0 0 4000000.000000
120.512013 0 1 1500.000000
121.245292 0 2 4000000.000000
121.294697 0 3 1500.000000
121.298963 0 2 1500.000000
121.490324 0 0 1500.000000
121.798614 0 3 1500.000000
122.346663 0 2 20000.000000
122.360859 0 3 1500.000000
122.520086 0 1 10000.000000
122.524844 0 2 1500.000000
123.187760 0 1 20000.000000
123.509789 0 1 1000000.000000
123.518533 0 2 1500.000000
123.575606 0 3 200000.000000
124.123064 0 2 1500.000000
124.685113 0 0 200000.000000
124.767720 0 1 4000000.000000
125.194993 0 2 1500.000000
125.395223 0 0 4000000.000000
125.544940 0 3 3000.000000
125.630004 0 0 1000000.000000
125.956546 0 3 10000.000000
126.015351 0 3 3000.000000
126.891996 0 1 200000.000000
127.369782 0 2 4000000.000000
127.523168 0 0 1000000.000000
127.671083 0 3 1500.000000
127.815907 0 3 3000000.000000
128.240381 0 2 1500.000000
128.575828 0 3 4000000.000000
128.612655 0 3 200000.000000
129.418964 0 3 100000.000000
130.067683 0 2 1500.000000
130.275685 0 1 1000000.000000
130.396461 0 2 4000000.000000
130.473379 0 3 10000.000000
130.769959 0 3 10000.000000
131.286990 0 2 4000000.000000
132.160973 0 0 100000.000000
132.937076 0 0 1500.000000
132.992764 0 3 3000.000000
133.031182 0 1 3000000.000000
133.421481 0 2 1500.000000
133.999133 0 3 1500.000000
134.349594 0 3 1500.000000
135.244740 0 0 4000000.000000
135.728933 0 2 200000.000000
136.274190 0 3 200000.000000
136.346899 0 1 1500.000000
136.474029 0 3 200000.000000
136.931208 0 0 1500.000000
137.007673 0 3 3000.000000
137.499122 0 0 4000000.000000
138.150823 0 3 1500.000000
138.435989 0 0 4000000.000000
138.507295 0 2 1500.000000
138.786818 0 3 1500.000000
139.959534 0 1 20000.000000
140.396238 0 3 1000000.000000
140.758228 0 1 2000000.000000
141.000158 0 0 100000.000000
141.152372 0 1 1500.000000
141.953681 0 1 1500.000000
142.945349 0 3 200000.000000
143.222516 0 0 1500.000000
143.245285 0 2 200000.000000
143.464474 0 0 4000000.000000
144.079767 0 1 2000000.000000
144.192867 0 2 2000000.000000
144.561526 0 0 4000000.000000
144.581092 0 3 1500.000000
144.606780 0 2 100000.000000
144.950298 0 1 4000000.000000
145.119309 0 0 200000.000000
145.336929 0 1 200000.000000
145.800776 0 3 3000.000000
145.888159 0 3 1000000.000000
145.938999 0 3 1500.000000
146.021077 0 1 1500.000000
146.085940 0 2 4000000.000000
146.357534 0 0 100000.000000
146.374265 0 3 3000000.000000
146.539225 0 2 100000.000000
146.732003 0 0 10000.000000
146.850915 0 0 1500.000000
146.858060 0 0 1500.000000
146.914296 0 2 10000.000000
147.042108 0 1 10000.000000
147.166273 0 2 1500.000000
147.251645 0 0 200000.000000
147.302854 0 3 100000.000000
147.824640 0 0 1000000.000000
148.813616 0 0 100000.000000
149.263517 0 2 3000000.000000
149.292421 0 2 20000.000000
0.042380 1 0 4000000.000000
0.127515 1 1 1500.000000
0.340131 1 3 1500.000000
0.490241 1 3 100000.000000
0.739548 1 1 1500.000000
0.997628 1 0 1500.000000
2.012656 1 2 1500.000000
2.046374 1 3 1000000.000000
2.531680 1 2 1500.000000
2.784007 1 1 3000000.000000
3.250510 1 1 100000.000000
3.326027 1 2 1500.000000
3.467525 1 2 3000000.000000
3.492928 1 2 1500.000000
3.532635 1 0 1500.000000
3.617325 1 0 4000000.000000
3.880227 1 3 200000.000000
3.961727 1 3 3000.000000
4.041704 1 2 1000000.000000
4.179356 1 3 4000000.000000
4.191579 1 1 3000000.000000
4.287277 1 0 100000.000000
4.769999 1 2 3000000.000000
5.021072 1 3 100000.000000
5.110565 1 1 3000000.000000
5.763690 1 3 1500.000000
5.949303 1 0 4000000.000000
6.245777 1 1 1500.000000
6.270428 1 0 1500.000000
6.963601 1 2 100000.000000
7.235052 1 3 100000.000000
7.723751 1 1 3000000.000000
7.781373 1 0 3000.000000
8.447185 1 2 1500.000000
8.870190 1 3 1000000.000000
9.074339 1 1 1000000.000000
9.652447 1 0 20000.000000
9.722521 1 0 1500.000000
10.099203 1 1 1500.000000
10.406576 1 0 1500.000000
10.490378 1 3 3000000.000000
10.527665 1 1 4000000.000000
10.580580 1 1 1500.000000
10.714547 1 1 200000.000000
11.020549 1 1 1000000.000000
11.122456 1 1 1500.000000
11.357622 1 1 1500.000000
11.381212 1 0 1500.000000
11.402282 1 3 4000000.000000
11.800371 1 0 3000000.000000
11.943696 1 3 3000000.000000
12.443538 1 2 1500.000000
12.537424 1 3 1500.000000
12.938253 1 2 1500.000000
12.963192 1 1 1500.000000
13.421622 1 3 3000.000000
13.434876 1 2 1500.000000
13.481462 1 3 2000000.000000
13.555450 1 3 200000.000000
13.770429 1 0 2000000.000000
13.778953 1 3 1500.000000
14.266272 1 1 1500.000000
14.432710 1 0 3000.000000
14.464455 1 3 1000000.000000
14.861463 1 3 2000000.000000
15.004375 1 1 100000.000000
15.323491 1 1 1500.000000
15.334837 1 2 200000.000000
15.633441 1 2 200000.000000
15.946096 1 1 10000.000000
15.971306 1 3 2000000.000000
16.473904 1 0 1000000.000000
16.547072 1 1 1500.000000
16.619972 1 0 4000000.000000
16.772121 1 0 1500.000000
17.227416 1 0 1500.000000
17.796602 1 1 3000000.000000
17.993186 1 0 10000.000000
18.000758 1 3 100000.000000
18.060884 1 0 1500.000000
18.356796 1 3 1000000.000000
18.880956 1 1 100000.000000
19.104418 1 1 1000000.000000
19.489374 1 1 4000000.000000
19.561308 1 0 1500.000000
19.767411 1 2 1000000.000000
20.482004 1 3 1500.000000
22.130702 1 0 1500.000000
22.361637 1 2 1500.000000
22.636678 1 0 1500.000000
23.086667 1 0 1500.000000
23.546121 1 1 1500.000000
24.086040 1 3 200000.000000
24.124905 1 3 3000.000000
24.360843 1 1 200000.000000
24.587791 1 1 1500.000000
24.598629 1 1 2000000.000000
25.139806 1 1 3000.000000
25.498157 1 2 3000000.000000
25.579900 1 1 4000000.000000
26.058257 1 1 1000000.000000
26.235374 1 1 4000000.000000
26.329701 1 2 200000.000000
27.289473 1 1 1500.000000
27.386919 1 1 10000.000000
27.575431 1 2 10000.000000
28.854217 1 3 20000.000000
28.874604 1 3 200000.000000
28.876444 1 1 3000000.000000
29.086032 1 0 20000.000000
29.568916 1 1 1500.000000
30.273089 1 3 4000000.000000
30.392131 1 1 2000000.000000
30.590728 1 0 20000.000000
31.145792 1 3 1500.000000
31.297297 1 2 1000000.000000
31.860806 1 1 100000.000000
32.341866 1 1 1500.000000
32.823127 1 1 1500.000000
33.019600 1 3 1500.000000
33.705588 1 1 3000000.000000
33.935218 1 0 1500.000000
34.537143 1 0 3000.000000
35.286971 1 2 100000.000000
35.508598 1 1 100000.000000
35.795020 1 1 1500.000000
36.134357 1 0 1500.000000
36.148674 1 1 1500.000000
36.591468 1 1 1500.000000
37.158943 1 1 1000000.000000
37.159938 1 3 100000.000000
37.375399 1 0 4000000.000000
37.376661 1 2 1500.000000
37.455340 1 3 20000.000000
37.473406 1 1 100000.000000
37.580788 1 2 200000.000000
38.243043 1 3 4000000.000000
38.305151 1 2 1500.000000
38.594312 1 1 10000.000000
39.705889 1 1 200000.000000
39.776870 1 2 1500.000000
40.058091 1 0 1500.000000
40.640688 1 3 3000000.000000
40.824418 1 0 1500.000000
40.873254 1 3 200000.000000
40.976299 1 0 1500.000000
41.129397 1 0 10000.000000
41.171486 1 2 10000.000000
41.242896 1 2 1500.000000
41.727472 1 2 1000000.000000
41.913929 1 3 3000.000000
41.940851 1 1 100000.000000
41.945990 1 2 3000000.000000
42.088335 1 1 1000000.000000
42.099765 1 3 1500.000000
42.369112 1 1 3000000.000000
43.013783 1 1 10000.000000
43.926401 1 1 100000.000000
44.552868 1 3 1500.000000
44.648601 1 0 3000.000000
44.896681 1 3 1000000.000000
45.007365 1 0 10000.000000
45.775550 1 1 4000000.000000
45.958731 1 2 4000000.000000
46.004427 1 3 1500.000000
46.010791 1 3 100000.000000
46.707575 1 1 1500.000000
46.756669 1 0 1500.000000
47.018487 1 0 100000.000000
47.730871 1 3 1500.000000
48.088731 1 1 1500.000000
48.229703 1 1 1500.000000
48.448739 1 3 1500.000000
48.490624 1 3 10000.000000
48.594453 1 0 1500.000000
49.457216 1 1 4000000.000000
49.620085 1 0 1000000.000000
49.913750 1 2 1000000.000000
50.296564 1 0 1000000.000000
50.345069 1 0 1500.000000
50.647881 1 2 1500.000000
50.679122 1 2 1500.000000
50.728014 1 0 20000.000000
50.741301 1 3 3000.000000
50.803631 1 0 1500.000000
51.108388 1 3 4000000.000000
51.293269 1 0 1500.000000
51.365111 1 0 100000.000000
51.465748 1 3 1000000.000000
52.248239 1 1 1500.000000
52.595986 1 2 1500.000000
53.009295 1 2 4000000.000000
53.061878 1 0 1500.000000
53.754416 1 3 3000.000000
54.589178 1 2 3000.000000
54.917309 1 3 3000.000000
55.116034 1 3 1500.000000
56.360013 1 3 1500.000000
56.746449 1 0 100000.000000
56.860311 1 3 1500.000000
56.963343 1 2 1000000.000000
56.990710 1 2 200000.000000
57.277217 1 0 3000000.000000
57.619000 1 1 3000000.000000
58.097333 1 1 200000.000000
59.173520 1 3 1500.000000
59.385610 1 1 200000.000000
59.389029 1 2 1500.000000
59.557833 1 2 1500.000000
59.747391 1 1 4000000.000000
60.346141 1 1 100000.000000
60.631250 1 0 3000000.000000
60.754042 1 2 100000.000000
61.339070 1 0 200000.000000
61.866326 1 3 200000.000000
61.877480 1 2 1500.000000
62.950432 1 3 10000.000000
63.036495 1 3 4000000.000000
63.040843 1 2 1500.000000
63.346214 1 2 20000.000000
63.432847 1 2 1500.000000
63.460936 1 3 4000000.000000
63.482312 1 3 200000.000000
63.614874 1 0 1500.000000
63.962843 1 2 100000.000000
63.967419 1 2 10000.000000
64.010832 1 2 20000.000000
64.218775 1 1 1500.000000
64.840117 1 2 3000.000000
65.200621 1 2 1500.000000
65.219911 1 1 3000.000000
65.267481 1 2 100000.000000
65.898508 1 1 20000.000000
66.781802 1 3 200000.000000
67.188887 1 1 1500.000000
67.189385 1 3 1500.000000
67.620549 1 3 1500.000000
67.823785 1 3 1500.000000
67.876763 1 3 1500.000000
68.087389 1 0 1500.000000
68.365504 1 1 10000.000000
68.399564 1 1 4000000.000000
68.430264 1 0 4000000.000000
68.487125 1 3 1500.000000
68.528757 1 0 3000000.000000
68.573420 1 0 10000.000000
69.111280 1 2 200000.000000
69.386136 1 2 100000.000000
69.936452 1 0 10000.000000
70.361095 1 2 4000000.000000
70.374472 1 3 3000000.000000
71.401251 1 2 3000000.000000
71.413003 1 3 3000000.000000
71.913794 1 1 100000.000000
72.084754 1 1 1500.000000
72.301446 1 0 1500.000000
72.540473 1 3 4000000.000000
72.911299 1 2 1500.000000
73.929150 1 0 200000.000000
74.153762 1 3 2000000.000000
74.205665 1 3 4000000.000000
74.310289 1 1 1500.000000
74.412811 1 2 1500.000000
74.664565 1 0 1500.000000
74.706980 1 1 3000000.000000
74.991627 1 1 4000000.000000
75.277315 1 0 4000000.000000
75.397313 1 3 4000000.000000
75.669700 1 0 1000000.000000
75.769533 1 2 1500.000000
75.962576 1 2 1500.000000
75.981867 1 1 1000000.000000
76.098766 1 0 4000000.000000
76.126869 1 2 200000.000000
76.599759 1 1 1000000.000000
76.620656 1 0 100000.000000
77.545045 1 0 1000000.000000
77.583286 1 2 1500.000000
77.631989 1 1 3000.000000
77.713348 1 2 1000000.000000
77.779299 1 2 4000000.000000
78.208014 1 2 1500.000000
78.419060 1 2 1500.000000
78.425651 1 2 100000.000000
80.485808 1 3 1500.000000
80.547491 1 0 3000000.000000
80.742499 1 3 1500.000000
81.457529 1 3 100000.000000
81.507781 1 1 100000.000000
81.599251 1 3 200000.000000
81.981370 1 2 200000.000000
82.461512 1 3 100000.000000
82.480429 1 1 1500.000000
83.132340 1 2 10000.000000
83.310675 1 1 20000.000000
83.389506 1 0 1500.000000
83.489602 1 3 20000.000000
83.649409 1 1 1000000.000000
84.717190 1 0 2000000.000000
84.878495 1 3 4000000.000000
85.148654 1 1 1500.000000
86.256206 1 1 200000.000000
86.514644 1 1 3000.000000
86.553554 1 0 3000000.000000
86.709067 1 2 20000.000000
86.989608 1 1 2000000.000000
87.076219 1 3 3000.000000
87.139651 1 3 100000.000000
87.649867 1 2 1500.000000
88.732856 1 2 1500.000000
88.759969 1 1 3000000.000000
88.855079 1 2 1500.000000
89.124516 1 0 1500.000000
89.608486 1 1 10000.000000
89.908603 1 0 1000000.000000
90.207843 1 0 20000.000000
90.321310 1 1 1500.000000
90.347462 1 1 1500.000000
90.355728 1 2 4000000.000000
91.191653 1 1 1500.000000
91.455335 1 1 3000000.000000
91.708890 1 0 1500.000000
93.450064 1 2 1500.000000
93.922749 1 0 200000.000000
94.060466 1 1 1500.000000
94.381659 1 0 1500.000000
94.720725 1 0 100000.000000
95.993514 1 3 20000.000000
96.153790 1 3 100000.000000
97.418499 1 1 1500.000000
97.497522 1 2 1500.000000
97.760438 1 0 1000000.000000
98.737935 1 3 1500.000000
98.798218 1 1 10000.000000
98.813160 1 3 1500.000000
98.903894 1 1 1000000.000000
98.981887 1 0 3000.000000
99.010329 1 0 1500.000000
99.034780 1 2 100000.000000
99.081013 1 0 20000.000000
99.842336 1 2 100000.000000
100.213055 1 2 1500.000000
100.338542 1 3 1500.000000
100.389399 1 2 1500.000000
100.958492 1 3 20000.000000
101.049837 1 1 1500.000000
101.243620 1 2 1500.000000
101.263007 1 0 1500.000000
101.531477 1 3 3000.000000
101.774207 1 3 3000000.000000
101.969435 1 0 100000.000000
102.085898 1 2 1000000.000000
102.342493 1 2 10000.000000
104.067400 1 3 1500.000000
104.183481 1 2 1500.000000
104.734971 1 0 20000.000000
104.969595 1 0 200000.000000
105.080676 1 2 1500.000000
105.133272 1 0 1500.000000
105.593121 1 2 200000.000000
105.893966 1 0 4000000.000000
106.352754 1 0 3000000.000000
107.382001 1 1 100000.000000
107.404679 1 0 1500.000000
107.473132 1 2 200000.000000
107.762289 1 2 100000.000000
107.925362 1 3 1500.000000
108.076913 1 2 1000000.000000
108.373073 1 2 20000.000000
108.478884 1 2 3000.000000
108.731361 1 1 10000.000000
109.329292 1 0 100000.000000
109.615251 1 1 10000.000000
110.073980 1 1 4000000.000000
110.193690 1 2 1500.000000
110.468746 1 1 1500.000000
110.773799 1 2 1500.000000
110.934113 1 1 4000000.000000
111.129380 1 2 100000.000000
111.391397 1 3 1500.000000
111.731783 1 0 10000.000000
112.041715 1 2 20000.000000
112.459370 1 1 200000.000000
112.768626 1 2 1500.000000
113.330547 1 2 1500.000000
113.377100 1 3 4000000.000000
113.482671 1 3 1500.000000
113.568609 1 1 1500.000000
113.893167 1 1 100000.000000
114.128369 1 1 3000000.000000
114.417850 1 1 200000.000000
114.632381 1 3 1500.000000
115.370740 1 0 100000.000000
115.506841 1 3 1500.000000
116.073222 1 2 200000.000000
116.565583 1 2 10000.000000
116.778339 1 0 3000.000000
116.898903 1 2 4000000.000000
117.397508 1 0 200000.000000
118.012468 1 1 1500.000000
118.113077 1 1 20000.000000
118.296899 1 3 1500.000000
118.820180 1 0 1500.000000
118.890763 1 0 1500.000000
119.377896 1 3 3000.000000
119.535898 1 2 100000.000000
119.542050 1 0 20000.000000
119.543309 1 0 4000000.000000
119.601371 1 1 4000000.000000
121.623839 1 2 1500.000000
121.639218 1 3 1000000.000000
121.889274 1 2 2000000.000000
122.033184 1 0 200000.000000
122.108710 1 1 200000.000000
122.450099 1 1 1500.000000
122.483570 1 3 100000.000000
122.616340 1 0 1500.000000
122.722625 1 2 100000.000000
123.333910 1 3 1500.000000
123.762731 1 2 100000.000000
123.828619 1 3 1500.000000
123.910156 1 2 100000.000000
124.334277 1 1 1500.000000
124.989996 1 3 2000000.000000
125.681143 1 3 1500.000000
127.841874 1 2 1500.000000
128.029828 1 1 3000000.000000
128.541455 1 1 1500.000000
128.592415 1 1 1000000.000000
129.154574 1 2 3000000.000000
129.243799 1 2 1500.000000
129.312837 1 0 3000000.000000
129.409196 1 0 200000.000000
129.928332 1 2 1500.000000
130.507779 1 0 1500.000000
130.792478 1 1 1500.000000
131.632826 1 1 3000.000000
131.811101 1 3 1500.000000
132.672538 1 2 10000.000000
133.013171 1 2 100000.000000
133.093375 1 0 10000.000000
133.228694 1 3 1000000.000000
133.423863 1 1 1500.000000
133.796464 1 3 3000000.000000
133.953101 1 0 1000000.000000
134.403228 1 0 1500.000000
134.541127 1 2 100000.000000
134.555315 1 0 4000000.000000
134.601046 1 2 4000000.000000
134.820824 1 1 1500.000000
134.832255 1 3 1500.000000
135.234261 1 1 20000.000000
135.238999 1 2 3000000.000000
135.390740 1 0 1500.000000
135.476946 1 3 3000.000000
135.838424 1 2 1500.000000
136.182933 1 2 10000.000000
136.380137 1 0 200000.000000
136.761247 1 2 1500.000000
136.804882 1 1 3000000.000000
136.812592 1 0 1500.000000
136.882598 1 0 20000.000000
136.983299 1 1 1500.000000
137.844371 1 1 3000000.000000
138.534308 1 3 1500.000000
138.584120 1 1 100000.000000
138.665327 1 1 2000000.000000
138.793569 1 3 1500.000000
139.052554 1 3 200000.000000
139.175567 1 0 4000000.000000
139.256400 1 1 4000000.000000
139.447166 1 1 3000000.000000
139.474764 1 3 1000000.000000
139.522149 1 3 200000.000000
139.745645 1 1 10000.000000
140.382741 1 0 10000.000000
140.406427 1 2 100000.000000
140.582558 1 1 1500.000000
140.872763 1 1 3000000.000000
141.798218 1 3 100000.000000
141.824229 1 1 4000000.000000
141.864412 1 3 4000000.000000
142.229969 1 0 1500.000000
142.506644 1 2 1500.000000
142.722281 1 2 200000.000000
142.790673 1 2 10000.000000
142.960323 1 0 1500.000000
143.011161 1 3 1500.000000
143.343790 1 1 2000000.000000
143.360959 1 2 1500.000000
143.884313 1 0 3000000.000000
144.034237 1 1 1500.000000
144.490414 1 3 4000000.000000
144.611381 1 2 1500.000000
144.644755 1 0 100000.000000
144.658951 1 1 10000.000000
145.037476 1 3 1500.000000
145.941526 1 1 1000000.000000
146.368929 1 3 1000000.000000
146.658057 1 2 10000.000000
147.066101 1 2 10000.000000
147.163276 1 0 200000.000000
148.253114 1 0 1500.000000
149.153043 1 2 3000000.000000
149.298100 1 3 1500.000000
149.380437 1 0 1500.000000
149.419069 1 3 1500.000000
149.439787 1 1 3000000.000000
149.484559 1 3 1500.000000
149.840075 1 3 1500.000000
0.182990 2 2 4000000.000000
0.360996 2 2 200000.000000
0.552486 2 1 1500.000000
0.731744 2 0 1000000.000000
0.966380 2 2 1500.000000
1.374344 2 1 2000000.000000
2.026063 2 3 100000.000000
2.174557 2 3 1500.000000
2.955545 2 2 1500.000000
3.506346 2 0 1500.000000
3.954404 2 2 1000000.000000
4.066320 2 0 200000.000000
4.426304 2 2 1500.000000
4.689885 2 3 3000000.000000
5.153663 2 1 1500.000000
5.363631 2 2 1500.000000
5.551505 2 0 10000.000000
5.590628 2 0 4000000.000000
5.967850 2 3 1500.000000
6.074997 2 2 4000000.000000
6.126237 2 3 4000000.000000
6.228355 2 2 1500.000000
6.493309 2 1 1500.000000
6.805925 2 1 1500.000000
7.400317 2 2 1500.000000
7.735122 2 0 1000000.000000
7.825604 2 2 1500.000000
8.060724 2 1 10000.000000
8.812265 2 2 4000000.000000
9.011693 2 3 20000.000000
9.103586 2 0 100000.000000
9.129923 2 3 200000.000000
9.273903 2 1 10000.000000
9.717476 2 1 1500.000000
10.242672 2 0 3000000.000000
11.072492 2 1 200000.000000
11.461197 2 3 3000000.000000
11.853211 2 1 2000000.000000
12.180756 2 0 10000.000000
12.264192 2 0 1500.000000
12.484203 2 3 1000000.000000
12.713032 2 3 3000.000000
12.853350 2 1 3000000.000000
12.959484 2 3 1000000.000000
13.198647 2 2 1500.000000
13.819042 2 2 200000.000000
14.404139 2 3 1500.000000
14.471851 2 2 1500.000000
14.914523 2 1 4000000.000000
15.012710 2 0 4000000.000000
15.168949 2 3 3000.000000
15.250879 2 0 1500.000000
15.422191 2 1 10000.000000
15.901889 2 2 3000000.000000
16.249393 2 3 1500.000000
16.396993 2 0 1500.000000
17.033561 2 3 3000.000000
17.695359 2 0 3000000.000000
17.898052 2 1 3000.000000
17.969394 2 3 1500.000000
18.402743 2 1 1500.000000
18.414941 2 1 2000000.000000
18.995252 2 3 200000.000000
19.203792 2 0 2000000.000000
19.290232 2 2 2000000.000000
19.799781 2 1 1500.000000
19.923413 2 2 3000000.000000
21.138830 2 3 20000.000000
21.371981 2 2 1000000.000000
21.545496 2 0 1500.000000
21.659523 2 0 3000000.000000
21.661299 2 3 2000000.000000
21.895273 2 1 4000000.000000
22.330543 2 3 100000.000000
23.068290 2 3 200000.000000
23.545543 2 1 10000.000000
23.564705 2 0 100000.000000
23.826405 2 1 1500.000000
23.990870 2 1 1500.000000
24.012495 2 3 3000.000000
24.984706 2 2 3000.000000
25.030199 2 1 1500.000000
25.813663 2 1 200000.000000
25.832927 2 3 200000.000000
26.035207 2 2 200000.000000
26.156515 2 0 1500.000000
26.948360 2 1 3000000.000000
27.208109 2 2 10000.000000
27.714534 2 3 1500.000000
28.574046 2 0 1500.000000
29.359914 2 0 1000000.000000
29.382657 2 0 4000000.000000
29.692232 2 3 4000000.000000
30.195462 2 3 1500.000000
30.210398 2 3 3000000.000000
30.292058 2 3 3000.000000
30.392892 2 2 3000.000000
30.506757 2 2 200000.000000
30.531208 2 1 1500.000000
31.297859 2 2 4000000.000000
31.407711 2 2 1000000.000000
32.163841 2 2 1500.000000
32.341817 2 2 4000000.000000
32.585961 2 1 3000000.000000
32.630674 2 3 1500.000000
33.412516 2 0 1000000.000000
33.631178 2 2 1000000.000000
33.895816 2 0 1500.000000
34.093322 2 2 20000.000000
34.535915 2 1 10000.000000
35.699335 2 2 1500.000000
35.985209 2 3 1500.000000
36.794495 2 1 1500.000000
37.017857 2 0 200000.000000
37.184641 2 0 200000.000000
37.425234 2 1 1500.000000
37.526160 2 1 10000.000000
37.605849 2 1 100000.000000
37.918485 2 1 3000000.000000
39.525741 2 0 1500.000000
39.530816 2 3 1500.000000
39.534946 2 3 1500.000000
39.816093 2 1 1500.000000
39.914129 2 2 1500.000000
40.768666 2 3 1500.000000
40.858349 2 1 10000.000000
41.952182 2 3 3000000.000000
42.036001 2 1 100000.000000
43.048188 2 2 1500.000000
43.909703 2 2 4000000.000000
44.173600 2 0 1500.000000
44.180592 2 0 1000000.000000
44.289270 2 0 4000000.000000
45.574806 2 0 200000.000000
45.723296 2 3 1000000.000000
46.024661 2 1 4000000.000000
46.102730 2 1 1500.000000
46.281402 2 3 200000.000000
47.341534 2 0 100000.000000
47.374675 2 2 1000000.000000
47.649168 2 0 1000000.000000
48.213658 2 0 1000000.000000
48.214890 2 0 3000.000000
48.243767 2 0 10000.000000
48.360454 2 3 4000000.000000
48.449503 2 1 1500.000000
48.773902 2 3 1000000.000000
48.809892 2 0 20000.000000
48.843143 2 3 3000.000000
49.393894 2 0 100000.000000
49.469818 2 0 10000.000000
50.055092 2 1 1500.000000
50.176511 2 1 1500.000000
50.213324 2 1 1000000.000000
50.236807 2 2 4000000.000000
50.347421 2 0 4000000.000000
50.918250 2 3 1500.000000
50.979392 2 2 1500.000000
51.178361 2 2 10000.000000
51.468242 2 1 1500.000000
51.782017 2 2 1500.000000
51.818385 2 0 100000.000000
52.105294 2 0 10000.000000
52.120829 2 0 200000.000000
53.081384 2 0 200000.000000
53.262601 2 1 1500.000000
53.294272 2 1 1000000.000000
53.505703 2 2 200000.000000
53.661566 2 3 2000000.000000
53.777877 2 0 1500.000000
53.876996 2 3 3000.000000
54.071566 2 3 1500.000000
54.617143 2 1 1500.000000
54.651911 2 1 1500.000000
55.348185 2 1 1500.000000
55.643366 2 0 20000.000000
56.117470 2 1 1500.000000
56.185886 2 0 3000000.000000
56.276964 2 0 100000.000000
56.875520 2 0 3000.000000
57.074472 2 0 1500.000000
57.188843 2 0 10000.000000
57.753390 2 0 100000.000000
57.792803 2 3 1500.000000
57.849829 2 2 100000.000000
58.061226 2 0 1500.000000
58.984051 2 0 3000.000000
59.247163 2 3 100000.000000
59.312358 2 1 4000000.000000
59.507178 2 0 1500.000000
59.581310 2 3 4000000.000000
59.593662 2 1 100000.000000
59.883970 2 0 1000000.000000
60.347700 2 1 100000.000000
60.560212 2 1 10000.000000
60.777177 2 0 1500.000000
60.918646 2 2 4000000.000000
61.182746 2 2 1500.000000
61.661044 2 3 200000.000000
61.676162 2 1 1500.000000
62.128229 2 1 3000.000000
62.231501 2 3 1500.000000
62.776927 2 1 1500.000000
62.899320 2 2 3000.000000
62.999808 2 3 10000.000000
63.049223 2 1 20000.000000
63.158181 2 2 3000000.000000
63.377601 2 2 3000000.000000
63.599862 2 0 1500.000000
63.745328 2 2 20000.000000
63.860588 2 0 3000000.000000
64.380616 2 3 100000.000000
64.388209 2 3 1500.000000
64.497558 2 1 1500.000000
64.903667 2 3 200000.000000
65.565138 2 0 1000000.000000
66.413129 2 0 1500.000000
66.661636 2 2 3000000.000000
67.030022 2 3 200000.000000
67.310632 2 0 1500.000000
67.472997 2 3 3000000.000000
67.759169 2 1 10000.000000
68.191157 2 3 3000000.000000
68.281010 2 0 1500.000000
68.413631 2 3 1500.000000
68.869561 2 1 3000000.000000
68.933788 2 1 1500.000000
69.000488 2 2 20000.000000
69.070661 2 1 1500.000000
69.225785 2 3 3000.000000
69.672340 2 3 1500.000000
70.092301 2 2 4000000.000000
70.146257 2 3 1500.000000
70.251403 2 1 100000.000000
70.844281 2 1 100000.000000
71.122637 2 1 1000000.000000
71.204028 2 2 100000.000000
71.246351 2 3 200000.000000
71.471453 2 1 100000.000000
71.741861 2 1 3000000.000000
71.812626 2 2 3000000.000000
71.837510 2 0 3000.000000
72.574907 2 2 1000000.000000
72.627329 2 0 1000000.000000
72.853217 2 2 1000000.000000
72.938463 2 0 3000.000000
73.220901 2 3 200000.000000
73.744682 2 1 4000000.000000
74.307067 2 3 1500.000000
74.404229 2 1 4000000.000000
75.081588 2 3 1500.000000
75.083884 2 1 1500.000000
75.110491 2 0 4000000.000000
75.457351 2 2 1000000.000000
75.504661 2 0 1500.000000
75.524243 2 2 1500.000000
75.620918 2 1 3000000.000000
75.630041 2 2 1500.000000
76.533893 2 0 100000.000000
76.761306 2 3 200000.000000
76.868348 2 2 3000000.000000
76.899267 2 0 1500.000000
77.030469 2 2 3000000.000000
77.305502 2 0 3000.000000
77.535826 2 3 200000.000000
77.874744 2 1 1500.000000
78.080566 2 3 100000.000000
78.743581 2 3 3000000.000000
78.776993 2 3 3000000.000000
78.957857 2 0 1500.000000
79.006626 2 1 1500.000000
79.068128 2 2 4000000.000000
79.384194 2 0 1500.000000
79.648991 2 2 1500.000000
79.661677 2 3 1000000.000000
79.716401 2 0 100000.000000
81.624455 2 1 4000000.000000
81.695732 2 3 1500.000000
82.938487 2 2 3000000.000000
83.637640 2 0 3000000.000000
83.791980 2 0 4000000.000000
84.483705 2 0 4000000.000000
84.750560 2 0 1500.000000
84.865457 2 2 1500.000000
85.083593 2 1 4000000.000000
85.175297 2 3 10000.000000
85.194956 2 1 1500.000000
85.387017 2 2 10000.000000
85.608712 2 2 3000000.000000
86.532805 2 3 3000000.000000
86.676264 2 2 1500.000000
86.781949 2 3 3000000.000000
87.062347 2 3 100000.000000
87.520083 2 2 1500.000000
87.971970 2 2 1000000.000000
88.305074 2 3 100000.000000
88.361210 2 3 200000.000000
88.484707 2 2 3000.000000
88.687572 2 2 3000.000000
88.820950 2 0 1500.000000
88.984943 2 0 1500.000000
89.244336 2 3 100000.000000
89.696040 2 1 10000.000000
89.758316 2 3 100000.000000
90.730923 2 1 1500.000000
91.235206 2 0 100000.000000
91.799839 2 1 1500.000000
91.938812 2 2 1500.000000
91.972569 2 3 100000.000000
92.125732 2 2 1500.000000
92.205741 2 2 1000000.000000
92.433658 2 0 200000.000000
92.822872 2 0 3000.000000
93.048803 2 2 1500.000000
93.074117 2 0 1500.000000
93.228447 2 3 1500.000000
93.448259 2 1 4000000.000000
93.525264 2 1 1500.000000
94.080973 2 3 1000000.000000
94.716583 2 1 1000000.000000
95.406727 2 3 200000.000000
95.572216 2 0 20000.000000
97.086327 2 2 200000.000000
97.334472 2 2 1500.000000
97.449709 2 3 1500.000000
97.604217 2 2 20000.000000
97.741853 2 2 4000000.000000
98.347686 2 3 1500.000000
98.405253 2 2 1500.000000
98.572835 2 1 1500.000000
99.133285 2 3 20000.000000
99.170760 2 2 4000000.000000
99.874553 2 2 4000000.000000
99.948845 2 3 3000.000000
99.982534 2 0 4000000.000000
100.042994 2 2 1000000.000000
100.297192 2 3 1500.000000
100.545518 2 1 10000.000000
100.575596 2 0 4000000.000000
100.594228 2 2 1500.000000
100.607519 2 3 2000000.000000
100.658990 2 1 1000000.000000
100.832697 2 3 1500.000000
101.406807 2 0 200000.000000
101.475269 2 2 4000000.000000
101.577720 2 3 200000.000000
101.737605 2 2 1500.000000
101.772252 2 2 10000.000000
102.016566 2 1 1000000.000000
102.146049 2 2 1000000.000000
102.320816 2 3 10000.000000
102.489603 2 1 1000000.000000
102.558407 2 2 1000000.000000
102.684875 2 3 1000000.000000
102.820874 2 1 10000.000000
103.022736 2 2 200000.000000
103.408021 2 1 1500.000000
103.713451 2 2 100000.000000
104.788985 2 3 3000000.000000
104.818874 2 2 4000000.000000
104.826461 2 0 4000000.000000
104.902180 2 3 3000000.000000
105.244808 2 3 1500.000000
105.286423 2 2 1500.000000
105.871124 2 3 100000.000000
105.956833 2 2 1500.000000
106.099526 2 0 1500.000000
106.876266 2 0 3000000.000000
106.932268 2 2 1000000.000000
107.028742 2 1 1500.000000
107.179031 2 0 1500.000000
107.272886 2 0 4000000.000000
107.830056 2 2 100000.000000
108.189655 2 3 1500.000000
108.570870 2 1 1500.000000
108.769065 2 3 1500.000000
108.910447 2 3 1500.000000
109.011252 2 3 100000.000000
110.307126 2 3 3000.000000
110.391145 2 3 4000000.000000
110.494096 2 2 20000.000000
111.008027 2 1 100000.000000
111.034019 2 1 100000.000000
111.325828 2 1 100000.000000
112.765752 2 1 1500.000000
112.812618 2 2 4000000.000000
112.922564 2 1 4000000.000000
113.039667 2 0 100000.000000
113.114819 2 2 10000.000000
113.139981 2 1 3000.000000
113.805301 2 0 20000.000000
114.938107 2 1 200000.000000
115.121294 2 2 1000000.000000
115.479578 2 3 200000.000000
115.854754 2 2 10000.000000
116.023126 2 0 200000.000000
116.079213 2 0 1500.000000
116.217318 2 0 1500.000000
116.276561 2 0 1000000.000000
117.065697 2 0 200000.000000
117.182390 2 0 1500.000000
117.489662 2 3 200000.000000
117.669117 2 1 100000.000000
118.414040 2 1 200000.000000
118.638708 2 2 10000.000000
119.608569 2 3 1500.000000
120.335608 2 2 1500.000000
120.343816 2 3 1500.000000
120.466209 2 0 100000.000000
120.820921 2 1 1500.000000
121.057659 2 0 20000.000000
121.099705 2 0 3000.000000
121.738332 2 0 1500.000000
121.843720 2 1 1500.000000
122.346011 2 1 100000.000000
122.526143 2 1 1000000.000000
122.548444 2 0 1000000.000000
123.596818 2 3 3000000.000000
123.644357 2 0 1500.000000
124.343141 2 1 3000000.000000
125.083506 2 2 1500.000000
125.203057 2 2 3000.000000
125.271618 2 0 1500.000000
125.304366 2 0 1500.000000
125.685923 2 3 10000.000000
125.724180 2 3 1000000.000000
125.915352 2 3 1500.000000
126.118872 2 0 1000000.000000
126.278935 2 3 3000.000000
126.625417 2 3 10000.000000
126.691843 2 3 10000.000000
126.726764 2 2 200000.000000
126.740444 2 2 1500.000000
126.769811 2 0 100000.000000
127.012718 2 1 1500.000000
127.968301 2 1 200000.000000
128.008357 2 1 3000000.000000
128.102015 2 3 1500.000000
128.272014 2 0 200000.000000
128.589242 2 2 1000000.000000
128.979460 2 1 1000000.000000
129.288183 2 3 1500.000000
129.471573 2 1 200000.000000
129.775222 2 0 100000.000000
129.783159 2 0 1500.000000
129.790989 2 1 10000.000000
130.291719 2 0 1000000.000000
130.401090 2 2 1000000.000000
130.629177 2 1 1000000.000000
130.951023 2 1 20000.000000
131.024060 2 0 1000000.000000
131.184573 2 2 1500.000000
131.875109 2 2 200000.000000
132.132820 2 3 200000.000000
132.683304 2 1 10000.000000
133.322289 2 2 4000000.000000
133.480454 2 3 4000000.000000
134.209525 2 3 1500.000000
134.355201 2 0 1500.000000
135.088288 2 0 100000.000000
135.674949 2 2 10000.000000
135.792946 2 0 20000.000000
135.975967 2 2 1500.000000
136.396162 2 1 100000.000000
136.677602 2 1 1500.000000
136.745059 2 2 1000000.000000
136.755947 2 1 200000.000000
136.785268 2 0 100000.000000
136.809191 2 3 4000000.000000
136.994568 2 1 1500.000000
137.144289 2 1 1000000.000000
137.562604 2 3 100000.000000
137.651973 2 0 1500.000000
137.798548 2 0 1000000.000000
137.887417 2 1 3000000.000000
138.822266 2 1 100000.000000
138.835167 2 2 10000.000000
139.175605 2 2 100000.000000
139.245129 2 3 1500.000000
139.553574 2 0 1500.000000
140.058883 2 2 100000.000000
140.766313 2 3 3000000.000000
140.822228 2 3 1500.000000
140.900196 2 2 200000.000000
141.074036 2 2 1000000.000000
141.115461 2 3 3000.000000
141.183535 2 3 100000.000000
141.651776 2 3 1500.000000
141.693790 2 0 3000000.000000
142.134416 2 0 3000000.000000
142.846348 2 0 3000000.000000
142.921209 2 0 1500.000000
143.205122 2 2 4000000.000000
144.424945 2 3 10000.000000
144.745561 2 3 1500.000000
144.848104 2 3 200000.000000
145.027260 2 1 1000000.000000
145.238122 2 1 1500.000000
145.411464 2 1 1500.000000
146.006849 2 3 4000000.000000
146.820825 2 3 100000.000000
146.914657 2 3 1500.000000
147.597349 2 0 1500.000000
147.883027 2 3 3000.000000
147.999614 2 2 3000000.000000
148.025675 2 1 4000000.000000
148.147913 2 1 200000.000000
148.188675 2 0 4000000.000000
148.790378 2 1 200000.000000
149.281744 2 1 1000000.000000
149.841503 2 2 3000.000000
149.954291 2 1 1500.000000
149.958743 2 2 10000.000000
0.499884 3 1 100000.000000
0.658027 3 2 4000000.000000
0.758861 3 3 3000000.000000
1.088239 3 3 3000000.000000
1.271681 3 0 100000.000000
1.512218 3 0 1500.000000
1.831519 3 0 20000.000000
1.912624 3 3 200000.000000
2.240411 3 0 1500.000000
2.417234 3 3 1500.000000
2.536615 3 3 3000.000000
2.581956 3 0 20000.000000
3.128613 3 0 100000.000000
3.268525 3 1 1500.000000
3.358158 3 3 100000.000000
3.359651 3 0 1500.000000
3.731308 3 3 100000.000000
4.192195 3 0 200000.000000
4.258371 3 0 3000.000000
4.314299 3 0 4000000.000000
4.631219 3 3 3000000.000000
4.938992 3 0 4000000.000000
4.971376 3 3 4000000.000000
5.257033 3 0 1500.000000
5.452074 3 3 3000.000000
5.691931 3 1 1500.000000
7.872159 3 0 200000.000000
8.199298 3 3 3000000.000000
8.327716 3 0 1500.000000
8.605694 3 3 4000000.000000
8.884237 3 1 4000000.000000
8.902158 3 3 1500.000000
9.173691 3 2 10000.000000
9.426454 3 3 4000000.000000
9.566755 3 3 3000000.000000
9.571841 3 2 1500.000000
9.723689 3 0 4000000.000000
10.097783 3 1 100000.000000
10.158691 3 1 1500.000000
10.167673 3 0 1500.000000
11.094202 3 2 1500.000000
11.117264 3 3 1500.000000
11.128794 3 2 3000000.000000
11.200991 3 3 100000.000000
11.441946 3 3 3000.000000
11.968294 3 2 20000.000000
12.253928 3 2 1500.000000
13.180960 3 1 20000.000000
13.747965 3 2 1500.000000
14.169050 3 2 10000.000000
15.428215 3 3 3000000.000000
15.476565 3 0 1500.000000
16.131078 3 3 100000.000000
16.274731 3 0 1000000.000000
16.418229 3 3 20000.000000
16.895327 3 1 200000.000000
17.098306 3 1 4000000.000000
17.497840 3 0 1500.000000
17.927176 3 2 1500.000000
18.154884 3 2 200000.000000
18.382027 3 2 3000000.000000
18.495193 3 2 10000.000000
18.500418 3 3 3000.000000
18.556301 3 0 20000.000000
18.786467 3 3 1500.000000
20.610759 3 2 1500.000000
20.911852 3 2 200000.000000
21.704074 3 3 20000.000000
21.839130 3 0 4000000.000000
21.853535 3 2 200000.000000
22.178748 3 3 20000.000000
22.793729 3 1 1500.000000
22.913458 3 3 20000.000000
23.699930 3 3 1500.000000
23.897763 3 0 100000.000000
24.091241 3 3 1500.000000
24.099968 3 3 1500.000000
24.484219 3 2 3000000.000000
24.602718 3 1 1500.000000
24.689078 3 3 10000.000000
24.810083 3 0 1500.000000
25.026510 3 0 1500.000000
25.361759 3 0 1500.000000
25.605536 3 0 1000000.000000
25.647367 3 2 3000000.000000
26.545353 3 3 100000.000000
26.551986 3 1 200000.000000
26.590775 3 1 1500.000000
27.130369 3 1 200000.000000
27.193163 3 2 1500.000000
28.577173 3 2 1000000.000000
28.907400 3 0 1500.000000
29.343563 3 3 100000.000000
29.406283 3 3 3000000.000000
29.509779 3 1 1500.000000
29.557855 3 2 20000.000000
29.569760 3 0 20000.000000
29.827968 3 1 100000.000000
30.021287 3 1 200000.000000
30.061475 3 0 200000.000000
30.446528 3 0 1000000.000000
30.758888 3 0 3000000.000000
30.878199 3 0 100000.000000
31.427963 3 2 200000.000000
31.479560 3 1 4000000.000000
31.894173 3 3 1500.000000
32.236125 3 1 4000000.000000
32.254688 3 1 1500.000000
32.297720 3 3 1000000.000000
33.418480 3 2 1500.000000
34.042223 3 3 3000.000000
34.049957 3 2 1000000.000000
34.387984 3 2 1500.000000
34.730098 3 3 20000.000000
34.756979 3 1 1500.000000
34.784289 3 2 1500.000000
34.804712 3 3 3000000.000000
35.420902 3 2 2000000.000000
35.757382 3 3 100000.000000
36.282712 3 0 1500.000000
36.431787 3 0 3000000.000000
36.909522 3 0 1000000.000000
36.935387 3 0 100000.000000
37.351804 3 3 10000.000000
37.506391 3 3 10000.000000
37.612761 3 3 3000.000000
37.725848 3 1 3000000.000000
37.816542 3 2 1000000.000000
38.178651 3 1 10000.000000
38.296638 3 2 1500.000000
38.318066 3 1 3000000.000000
39.168178 3 3 1500.000000
39.485143 3 2 1500.000000
39.654017 3 3 1500.000000
39.818644 3 2 1000000.000000
39.869958 3 1 1500.000000
40.167152 3 3 1500.000000
40.463585 3 1 20000.000000
40.528711 3 0 1500.000000
40.766642 3 2 1500.000000
41.551680 3 1 100000.000000
42.915947 3 1 1000000.000000
43.022034 3 0 1000000.000000
43.091187 3 1 200000.000000
43.397985 3 1 1500.000000
43.481121 3 0 1500.000000
43.490184 3 3 1500.000000
43.989157 3 2 1500.000000
44.061246 3 1 1500.000000
44.306759 3 2 3000.000000
45.433838 3 0 1500.000000
45.636195 3 3 10000.000000
45.933928 3 1 3000000.000000
46.005851 3 3 3000000.000000
46.383651 3 0 1500.000000
46.639329 3 0 1500.000000
46.649035 3 0 1500.000000
46.761370 3 3 1500.000000
46.945065 3 1 1500.000000
46.966863 3 1 1500.000000
47.047405 3 3 3000000.000000
47.310070 3 0 3000.000000
47.354103 3 1 200000.000000
47.411261 3 3 100000.000000
47.453291 3 3 3000000.000000
47.656734 3 2 1500.000000
48.176356 3 0 200000.000000
48.677880 3 0 3000.000000
48.824038 3 1 4000000.000000
48.980436 3 3 3000.000000
49.110597 3 1 1500.000000
49.171643 3 2 1500.000000
49.341108 3 2 1500.000000
49.512354 3 1 1500.000000
49.738866 3 1 100000.000000
49.949215 3 2 1500.000000
50.057876 3 0 1000000.000000
50.247370 3 2 3000000.000000
50.362113 3 1 3000000.000000
50.850966 3 0 1000000.000000
51.065624 3 2 3000000.000000
51.071789 3 0 1500.000000
51.609666 3 0 4000000.000000
51.663334 3 1 1500.000000
51.676405 3 0 1500.000000
51.761232 3 3 1500.000000
51.960071 3 0 200000.000000
52.124453 3 3 1500.000000
52.751460 3 3 1500.000000
53.391325 3 2 4000000.000000
53.927183 3 3 1500.000000
53.978337 3 1 100000.000000
54.022875 3 2 10000.000000
54.454103 3 1 10000.000000
55.127917 3 1 10000.000000
55.331445 3 0 1500.000000
55.647486 3 0 100000.000000
55.685683 3 2 3000.000000
55.798811 3 1 1000000.000000
56.037749 3 1 3000000.000000
57.649906 3 0 3000.000000
57.696291 3 2 200000.000000
57.879224 3 2 1000000.000000
57.945689 3 3 100000.000000
58.068478 3 2 100000.000000
58.235605 3 1 1500.000000
58.321490 3 1 1500.000000
58.547407 3 1 2000000.000000
58.773782 3 2 2000000.000000
58.789803 3 3 1500.000000
59.650866 3 0 10000.000000
60.175634 3 2 1500.000000
60.616824 3 3 3000000.000000
60.679378 3 0 4000000.000000
61.494733 3 0 10000.000000
61.951968 3 1 1000000.000000
62.396371 3 2 100000.000000
62.402390 3 1 1500.000000
62.431002 3 1 1500.000000
62.659587 3 1 1500.000000
63.226660 3 1 3000000.000000
63.613260 3 1 3000.000000
64.762390 3 1 1500.000000
65.118646 3 1 3000000.000000
65.130979 3 1 4000000.000000
65.401728 3 2 1500.000000
65.869737 3 3 200000.000000
66.226788 3 2 3000000.000000
66.362261 3 2 3000.000000
66.576962 3 3 200000.000000
66.832393 3 1 1500.000000
67.274077 3 3 1500.000000
67.317466 3 1 1500.000000
68.171492 3 0 3000000.000000
68.590859 3 0 1500.000000
68.832536 3 2 4000000.000000
69.666783 3 0 100000.000000
70.048584 3 3 3000000.000000
70.272635 3 1 1500.000000
71.515986 3 1 3000.000000
72.428653 3 1 1500.000000
72.746508 3 1 2000000.000000
73.235289 3 1 1500.000000
73.274958 3 3 3000000.000000
73.809591 3 2 10000.000000
73.824954 3 1 1500.000000
74.781983 3 0 4000000.000000
75.267839 3 3 200000.000000
75.933303 3 0 10000.000000
75.996548 3 3 1500.000000
75.999150 3 0 1500.000000
76.494508 3 1 20000.000000
76.923467 3 0 2000000.000000
77.109749 3 3 1500.000000
77.819706 3 1 100000.000000
77.970549 3 1 1000000.000000
78.671068 3 0 1500.000000
79.121697 3 2 200000.000000
80.056808 3 1 1500.000000
80.056875 3 0 4000000.000000
80.271599 3 1 1500.000000
80.660834 3 3 1500.000000
80.665596 3 2 1500.000000
80.939212 3 2 200000.000000
81.307367 3 1 10000.000000
81.718013 3 3 1500.000000
81.758981 3 3 1000000.000000
81.864390 3 3 1500.000000
82.099059 3 1 3000000.000000
82.607153 3 1 3000.000000
83.289939 3 2 3000000.000000
83.440682 3 0 1500.000000
83.502975 3 0 1500.000000
83.554296 3 0 1500.000000
83.720710 3 1 1500.000000
83.887576 3 2 1500.000000
84.391982 3 3 3000000.000000
84.506277 3 3 20000.000000
84.727016 3 0 4000000.000000
85.002791 3 0 10000.000000
85.022373 3 2 3000.000000
85.036600 3 3 1500.000000
85.817653 3 1 4000000.000000
85.852640 3 1 200000.000000
85.907573 3 0 3000000.000000
85.948824 3 1 4000000.000000
85.970063 3 1 1500.000000
86.088686 3 2 1500.000000
86.205219 3 0 3000000.000000
86.234516 3 3 1500.000000
86.479450 3 3 10000.000000
86.941248 3 3 3000000.000000
87.359254 3 3 4000000.000000
87.596132 3 0 4000000.000000
87.844660 3 3 100000.000000
87.876328 3 0 1500.000000
87.992318 3 0 3000.000000
88.252507 3 3 1500.000000
88.331251 3 2 1500.000000
88.540660 3 0 1500.000000
89.459390 3 3 4000000.000000
90.284871 3 2 1500.000000
90.375931 3 2 1500.000000
90.625242 3 1 1500.000000
90.929384 3 2 3000.000000
90.936922 3 0 1500.000000
91.221037 3 2 4000000.000000
91.493017 3 0 200000.000000
91.577171 3 2 1500.000000
91.657221 3 0 1000000.000000
91.741185 3 1 100000.000000
91.790948 3 0 200000.000000
92.394303 3 1 4000000.000000
92.798005 3 3 1500.000000
93.415685 3 0 200000.000000
93.596187 3 2 3000000.000000
94.037628 3 0 3000000.000000
94.507282 3 3 4000000.000000
94.639586 3 0 4000000.000000
95.387439 3 1 1500.000000
95.598454 3 1 1500.000000
95.626614 3 1 1500.000000
95.781731 3 2 1500.000000
95.906686 3 1 1500.000000
96.114112 3 2 4000000.000000
96.967155 3 2 1500.000000
96.998770 3 3 3000000.000000
97.723904 3 0 1500.000000
97.733417 3 2 100000.000000
98.135678 3 3 1500.000000
98.524100 3 2 4000000.000000
98.532027 3 1 3000.000000
98.957741 3 2 1500.000000
99.028752 3 1 1000000.000000
99.361848 3 0 1500.000000
99.589384 3 2 1500.000000
99.673177 3 0 1500.000000
99.758583 3 2 200000.000000
99.999063 3 0 3000000.000000
100.138478 3 3 1000000.000000
100.461625 3 1 1500.000000
100.604663 3 1 3000.000000
100.902563 3 0 20000.000000
101.356393 3 0 4000000.000000
101.736573 3 1 1000000.000000
102.013554 3 0 1500.000000
102.350740 3 2 3000.000000
102.798124 3 2 100000.000000
103.151237 3 1 20000.000000
103.346864 3 3 4000000.000000
103.365098 3 2 1000000.000000
103.801765 3 3 100000.000000
103.914527 3 0 3000000.000000
103.922148 3 1 1500.000000
104.081048 3 1 200000.000000
104.313471 3 3 100000.000000
104.359885 3 1 3000000.000000
104.423908 3 3 1500.000000
105.276893 3 3 3000.000000
106.547594 3 3 3000000.000000
106.615369 3 3 1000000.000000
106.959960 3 0 3000000.000000
107.147427 3 0 2000000.000000
107.478216 3 2 200000.000000
107.813850 3 2 1500.000000
108.094268 3 3 3000000.000000
108.213055 3 3 4000000.000000
108.354223 3 3 3000.000000
108.659825 3 0 2000000.000000
108.953431 3 0 100000.000000
109.260774 3 0 1000000.000000
109.402180 3 3 3000000.000000
109.636533 3 1 1500.000000
109.637301 3 3 4000000.000000
109.732762 3 2 3000000.000000
109.784759 3 0 1500.000000
109.845106 3 2 1500.000000
110.596543 3 3 1000000.000000
111.291107 3 0 4000000.000000
111.642097 3 0 100000.000000
111.850008 3 2 20000.000000
111.896328 3 3 200000.000000
112.155445 3 1 4000000.000000
112.458473 3 1 1500.000000
112.890561 3 2 1500.000000
113.000006 3 2 1000000.000000
113.065627 3 1 3000.000000
113.587484 3 3 1500.000000
114.010463 3 0 3000000.000000
114.107791 3 2 10000.000000
114.129399 3 1 20000.000000
114.898172 3 0 1500.000000
114.911918 3 0 1500.000000
114.931188 3 1 2000000.000000
115.075356 3 0 10000.000000
115.708969 3 2 1500.000000
115.892199 3 0 3000000.000000
115.941762 3 0 3000.000000
116.401421 3 3 20000.000000
116.858731 3 3 1500.000000
116.947605 3 2 4000000.000000
117.173400 3 3 1500.000000
118.123450 3 0 4000000.000000
118.492595 3 2 1500.000000
118.563155 3 1 100000.000000
118.576889 3 3 1500.000000
118.653749 3 0 2000000.000000
118.689285 3 1 100000.000000
118.971995 3 2 1500.000000
119.130722 3 0 20000.000000
119.384022 3 0 1000000.000000
119.439959 3 0 1500.000000
119.467040 3 0 1500.000000
119.493366 3 3 1500.000000
119.895791 3 1 100000.000000
120.120550 3 1 4000000.000000
120.527430 3 0 1500.000000
121.066642 3 0 3000.000000
121.830383 3 3 200000.000000
122.419257 3 1 200000.000000
122.881089 3 3 3000000.000000
123.033496 3 3 1500.000000
123.326723 3 3 1500.000000
123.995813 3 3 1500.000000
124.608314 3 0 2000000.000000
124.621007 3 3 100000.000000
124.836713 3 2 3000000.000000
124.927986 3 1 1000000.000000
125.546756 3 0 100000.000000
125.983252 3 1 3000000.000000
126.029967 3 3 200000.000000
126.470361 3 1 1500.000000
126.803806 3 3 1500.000000
127.176118 3 0 100000.000000
128.221573 3 0 1500.000000
128.706965 3 3 1500.000000
128.773764 3 1 4000000.000000
129.001350 3 3 1500.000000
129.025608 3 0 3000000.000000
129.240969 3 1 1500.000000
129.866830 3 2 10000.000000
129.986693 3 0 1000000.000000
130.992470 3 3 3000000.000000
131.115119 3 2 4000000.000000
131.400218 3 2 4000000.000000
132.424590 3 1 4000000.000000
132.564711 3 2 1500.000000
132.884843 3 1 3000000.000000
132.983877 3 0 1500.000000
133.613745 3 3 10000.000000
133.783121 3 2 200000.000000
134.453330 3 3 10000.000000
134.488329 3 2 10000.000000
135.148939 3 3 3000.000000
135.161477 3 1 100000.000000
135.916049 3 2 100000.000000
136.235832 3 0 3000000.000000
136.804249 3 3 1500.000000
137.060722 3 0 3000000.000000
137.213382 3 3 100000.000000
137.418561 3 0 1500.000000
137.428418 3 0 1500.000000
137.546034 3 2 200000.000000
137.741172 3 3 1000000.000000
138.277800 3 2 1000000.000000
138.587866 3 2 1500.000000
138.654913 3 2 1000000.000000
138.978517 3 3 4000000.000000
139.063924 3 0 1500.000000
139.482746 3 2 100000.000000
139.596404 3 2 10000.000000
139.669255 3 0 1500.000000
139.936638 3 2 3000.000000
140.143266 3 2 10000.000000
140.403204 3 0 10000.000000
140.636751 3 2 100000.000000
140.780237 3 1 10000.000000
141.311187 3 3 100000.000000
141.347490 3 0 200000.000000
141.406708 3 2 10000.000000
141.676017 3 2 100000.000000
141.682166 3 3 1000000.000000
141.970431 3 2 3000000.000000
142.602126 3 0 1500.000000
143.000704 3 1 100000.000000
143.051878 3 0 20000.000000
143.150259 3 2 1500.000000
143.885028 3 2 1500.000000
143.988861 3 0 10000.000000
144.308291 3 3 10000.000000
144.474468 3 1 200000.000000
144.929582 3 2 3000000.000000
145.048579 3 0 3000.000000
145.268782 3 1 2000000.000000
145.560652 3 0 3000000.000000
145.678782 3 2 3000.000000
146.100543 3 0 4000000.000000
146.166606 3 2 1500.000000
146.216263 3 0 1500.000000
146.728111 3 1 10000.000000
146.785720 3 0 200000.000000
146.959911 3 0 1500.000000
147.130576 3 3 1500.000000
147.620647 3 3 200000.000000
147.915496 3 2 3000000.000000
148.148675 3 0 1500.000000
148.175863 3 0 200000.000000
148.978621 3 1 1000000.000000
149.148090 3 0 1500.000000
149.181306 3 0 100000.000000
149.237956 3 2 3000000.000000
149.250100 3 3 1500.000000
149.315371 3 0 100000.000000
149.966044 3 1 1500.000000
