0.007463 0 2 100000.000000
0.018713 0 1 1000000.000000
0.283133 0 3 200000.000000
0.978653 0 0 3000.000000
1.500300 0 1 20000.000000
2.163194 0 0 10000.000000
2.403005 0 3 100000.000000
2.473955 0 3 1000000.000000
2.560133 0 2 3000.000000
3.407272 0 2 1500.000000
5.342000 0 1 1000000.000000
5.481248 0 2 1500.000000
5.744306 0 3 20000.000000
5.996133 0 0 2000000.000000
6.310522 0 2 100000.000000
6.434345 0 1 1500.000000
6.455916 0 1 1500.000000
6.860886 0 3 200000.000000
7.967466 0 3 3000.000000
8.410410 0 0 1000000.000000
8.433191 0 3 100000.000000
10.084933 0 2 4000000.000000
10.142728 0 0 3000000.000000
10.465075 0 2 20000.000000
10.475157 0 2 3000.000000
10.509621 0 3 1500.000000
11.607134 0 0 1500.000000
11.878091 0 1 3000.000000
12.023258 0 2 200000.000000
12.734753 0 3 200000.000000
12.779903 0 0 3000000.000000
13.448134 0 0 4000000.000000
13.679373 0 3 4000000.000000
13.736313 0 2 1500.000000
13.879059 0 2 1500.000000
14.281553 0 3 1500.000000
14.291509 0 2 1500.000000
14.572646 0 3 1500.000000
15.829084 0 2 4000000.000000
15.851868 0 1 10000.000000
16.035604 0 3 200000.000000
16.080817 0 3 10000.000000
16.106551 0 1 4000000.000000
16.463045 0 3 1500.000000
17.217400 0 2 100000.000000
17.223103 0 0 10000.000000
17.551281 0 2 200000.000000
17.906559 0 1 3000000.000000
17.990401 0 0 4000000.000000
18.255511 0 0 3000000.000000
18.391051 0 2 1500.000000
18.505323 0 0 3000.000000
18.800104 0 0 2000000.000000
19.515035 0 3 4000000.000000
19.949049 0 2 1500.000000
20.118238 0 3 1500.000000
20.196581 0 1 100000.000000
20.760804 0 0 10000.000000
20.912506 0 0 3000000.000000
22.687535 0 3 1500.000000
22.703957 0 1 200000.000000
22.855341 0 1 3000.000000
22.980102 0 0 20000.000000
23.241845 0 2 3000000.000000
23.451686 0 2 3000000.000000
24.276526 0 0 1500.000000
24.305664 0 2 1500.000000
24.415731 0 0 10000.000000
25.642095 0 0 1500.000000
25.656744 0 1 10000.000000
25.914927 0 1 3000.000000
26.195839 0 3 20000.000000
26.276624 0 0 100000.000000
26.428487 0 1 4000000.000000
26.431288 0 3 200000.000000
26.477667 0 2 3000000.000000
26.708042 0 0 1000000.000000
27.001179 0 1 1500.000000
27.111896 0 2 100000.000000
27.298721 0 1 1500.000000
27.461725 0 1 1500.000000
27.507063 0 0 4000000.000000
27.644215 0 2 20000.000000
28.372263 0 2 1500.000000
28.390123 0 1 1500.000000
28.571056 0 1 100000.000000
28.901312 0 0 1000000.000000
29.464228 0 0 200000.000000
29.567820 0 0 100000.000000
30.102864 0 0 1000000.000000
30.628227 0 2 1500.000000
31.051754 0 1 100000.000000
31.145869 0 3 4000000.000000
31.261623 0 3 1500.000000
31.817299 0 1 2000000.000000
31.959197 0 2 3000.000000
32.210699 0 2 4000000.000000
33.037038 0 2 1500.000000
33.541853 0 3 1500.000000
34.069447 0 2 200000.000000
34.507014 0 3 1500.000000
35.056960 0 2 4000000.000000
35.217402 0 0 3000000.000000
35.339920 0 0 1500.000000
35.377358 0 1 1000000.000000
36.333892 0 0 100000.000000
37.992867 0 0 200000.000000
38.334484 0 2 100000.000000
38.939209 0 3 20000.000000
39.539224 0 0 100000.000000
39.581508 0 1 1500.000000
39.953058 0 3 3000.000000
40.089506 0 1 3000.000000
40.503332 0 3 1500.000000
40.871862 0 1 1500.000000
41.463532 0 1 3000000.000000
41.682807 0 1 1500.000000
42.042636 0 0 1500.000000
42.490605 0 2 4000000.000000
42.620762 0 2 4000000.000000
44.187122 0 2 1500.000000
44.369135 0 3 1500.000000
44.661236 0 0 1500.000000
44.671741 0 1 200000.000000
44.848696 0 2 200000.000000
46.090416 0 0 100000.000000
46.386865 0 0 1500.000000
46.585824 0 3 3000000.000000
46.762981 0 0 100000.000000
47.453384 0 1 1000000.000000
47.634598 0 0 1500.000000
48.364149 0 1 3000.000000
49.693963 0 2 4000000.000000
49.968241 0 3 1500.000000
50.013714 0 3 3000000.000000
50.400150 0 0 200000.000000
50.535647 0 0 1000000.000000
50.696667 0 3 1500.000000
50.754994 0 0 1500.000000
51.520325 0 3 1500.000000
51.692411 0 1 200000.000000
51.946954 0 1 10000.000000
52.686835 0 2 1500.000000
53.280770 0 2 10000.000000
53.737982 0 3 3000.000000
53.848520 0 3 4000000.000000
54.131066 0 2 3000.000000
54.572180 0 1 1500.000000
54.743319 0 3 10000.000000
55.876393 0 1 3000000.000000
56.015524 0 2 200000.000000
56.528066 0 3 1500.000000
56.564268 0 0 10000.000000
56.834185 0 2 10000.000000
56.911091 0 2 1000000.000000
57.384040 0 2 200000.000000
57.474342 0 1 100000.000000
57.596542 0 1 1000000.000000
59.352976 0 0 10000.000000
59.740374 0 2 1000000.000000
60.017517 0 3 3000000.000000
60.550949 0 2 1500.000000
60.816861 0 3 1500.000000
61.898708 0 2 200000.000000
63.220962 0 1 2000000.000000
63.499004 0 0 1500.000000
63.918611 0 0 20000.000000
65.112020 0 2 3000.000000
65.202842 0 1 1500.000000
65.468033 0 0 1500.000000
65.599335 0 2 100000.000000
65.766480 0 2 4000000.000000
66.770643 0 2 20000.000000
67.245113 0 0 20000.000000
67.845111 0 3 4000000.000000
68.315716 0 1 1500.000000
68.819758 0 0 10000.000000
69.275314 0 0 1500.000000
69.353245 0 3 1500.000000
69.725008 0 1 100000.000000
69.854197 0 2 3000000.000000
69.962345 0 0 200000.000000
70.157043 0 0 1000000.000000
70.386128 0 3 1500.000000
70.879163 0 2 3000.000000
70.913297 0 0 100000.000000
70.959553 0 2 1000000.000000
71.217153 0 1 1500.000000
71.263642 0 2 1000000.000000
71.506069 0 2 200000.000000
71.898531 0 3 3000.000000
72.372944 0 0 1500.000000
72.699252 0 3 4000000.000000
72.817014 0 3 3000000.000000
73.014708 0 3 100000.000000
73.515720 0 3 10000.000000
73.819910 0 2 1500.000000
73.853639 0 1 1500.000000
74.143745 0 1 200000.000000
75.040672 0 0 1500.000000
75.964963 0 0 1000000.000000
75.968040 0 0 100000.000000
76.696761 0 0 100000.000000
76.886863 0 3 200000.000000
77.008308 0 2 4000000.000000
77.161473 0 0 1500.000000
77.811068 0 1 2000000.000000
78.347703 0 2 200000.000000
78.758622 0 0 1000000.000000
79.158178 0 3 100000.000000
79.434535 0 2 20000.000000
79.465730 0 2 1500.000000
79.678552 0 1 1500.000000
79.866759 0 0 3000000.000000
79.979377 0 3 1000000.000000
80.558691 0 1 3000000.000000
80.722538 0 1 10000.000000
80.914293 0 3 1500.000000
81.146707 0 3 200000.000000
81.263090 0 0 3000.000000
81.292280 0 0 1500.000000
82.949610 0 0 20000.000000
83.019179 0 0 4000000.000000
83.812857 0 2 1500.000000
84.414446 0 3 1000000.000000
84.479698 0 0 100000.000000
85.771369 0 3 200000.000000
85.831289 0 3 100000.000000
87.233865 0 1 100000.000000
87.329517 0 2 200000.000000
87.333571 0 3 1500.000000
87.730558 0 1 3000.000000
87.873932 0 2 4000000.000000
87.949950 0 2 3000000.000000
88.044181 0 2 200000.000000
88.202096 0 3 2000000.000000
88.418099 0 2 200000.000000
88.532225 0 1 1500.000000
88.553027 0 1 4000000.000000
89.280215 0 3 10000.000000
89.955499 0 1 1500.000000
90.697242 0 3 100000.000000
91.083142 0 2 1000000.000000
91.271844 0 1 200000.000000
91.615319 0 1 100000.000000
92.578873 0 0 200000.000000
92.637926 0 3 1000000.000000
92.894218 0 1 200000.000000
93.223056 0 1 4000000.000000
93.390986 0 3 2000000.000000
93.671408 0 2 1500.000000
94.189412 0 3 3000.000000
94.305019 0 2 3000000.000000
94.417624 0 3 20000.000000
94.681350 0 3 4000000.000000
95.280183 0 0 1500.000000
95.916459 0 2 3000000.000000
96.677635 0 1 3000000.000000
96.760819 0 1 3000000.000000
97.235989 0 3 4000000.000000
97.244062 0 1 1500.000000
97.911665 0 3 1500.000000
98.301872 0 1 1000000.000000
98.321970 0 2 1500.000000
98.631077 0 0 10000.000000
98.840285 0 3 3000000.000000
98.878709 0 0 100000.000000
98.927823 0 0 10000.000000
99.118517 0 2 3000000.000000
99.118973 0 1 1500.000000
99.682598 0 2 3000000.000000
99.902849 0 2 1500.000000
100.043384 0 1 2000000.000000
100.216239 0 0 1500.000000
100.314049 0 1 1500.000000
100.503103 0 1 1500.000000
100.760215 0 3 100000.000000
100.896587 0 3 3000000.000000
100.919249 0 1 4000000.000000
101.270567 0 0 200000.000000
102.034440 0 3 4000000.000000
104.236823 0 0 1500.000000
104.888298 0 1 1500.000000
104.956884 0 1 100000.000000
105.046945 0 0 4000000.000000
105.468428 0 0 3000.000000
105.570561 0 1 3000000.000000
105.686860 0 2 20000.000000
105.690726 0 1 3000000.000000
105.816422 0 1 3000000.000000
106.038916 0 1 1500.000000
106.100906 0 1 4000000.000000
106.955342 0 3 1500.000000
107.168415 0 2 1500.000000
107.368665 0 2 10000.000000
108.040107 0 2 100000.000000
108.285238 0 1 1500.000000
108.930945 0 1 20000.000000
109.215950 0 3 1500.000000
109.277747 0 1 200000.000000
109.979995 0 2 3000000.000000
110.022851 0 1 1500.000000
110.043842 0 0 1000000.000000
110.622989 0 1 1500.000000
110.655256 0 1 1500.000000
110.975427 0 0 1000000.000000
111.565503 0 2 1500.000000
111.748305 0 3 1500.000000
112.033611 0 1 1500.000000
112.466196 0 2 2000000.000000
112.502240 0 3 1000000.000000
112.566298 0 2 4000000.000000
112.821518 0 2 4000000.000000
114.064967 0 2 100000.000000
114.609328 0 2 100000.000000
114.725312 0 0 200000.000000
114.954303 0 1 1000000.000000
115.553149 0 3 1500.000000
116.177701 0 0 3000.000000
116.456399 0 2 200000.000000
116.456870 0 0 1500.000000
116.817100 0 0 200000.000000
117.238339 0 3 200000.000000
117.508336 0 3 10000.000000
117.520191 0 1 3000000.000000
119.224685 0 1 1500.000000
119.785084 0 1 200000.000000
120.081532 0 1 1500.000000
120.312002 0 2 2000000.000000
121.054679 0 1 200000.000000
121.257432 0 3 20000.000000
121.591358 0 1 1000000.000000
121.792491 0 3 3000.000000
122.487070 0 1 1500.000000
122.647441 0 2 1500.000000
122.841825 0 1 3000000.000000
122.842865 0 2 10000.000000
122.854743 0 0 1500.000000
122.972858 0 1 10000.000000
123.529184 0 2 3000000.000000
123.946765 0 1 1500.000000
124.022621 0 2 20000.000000
124.077823 0 2 1500.000000
124.139233 0 2 3000000.000000
124.151381 0 3 1500.000000
124.599426 0 2 200000.000000
124.743283 0 2 3000.000000
125.063442 0 2 1000000.000000
125.186582 0 0 4000000.000000
125.810545 0 1 100000.000000
126.305055 0 2 1500.000000
126.480887 0 0 3000000.000000
126.760553 0 0 4000000.000000
128.188150 0 2 100000.000000
128.308469 0 0 100000.000000
128.999357 0 3 1000000.000000
129.004992 0 0 1500.000000
129.098619 0 3 3000000.000000
129.920498 0 1 1500.000000
130.023541 0 3 1500.000000
130.408419 0 2 1000000.000000
131.209546 0 2 1500.000000
131.330499 0 1 2000000.000000
131.948255 0 1 4000000.000000
132.301709 0 3 3000.000000
132.702883 0 0 1500.000000
133.174468 0 2 20000.000000
133.350934 0 2 10000.000000
134.571952 0 1 1000000.000000
135.874987 0 0 3000000.000000
135.949178 0 1 4000000.000000
136.252754 0 2 10000.000000
136.555728 0 1 4000000.000000
136.647426 0 3 4000000.000000
136.874589 0 3 100000.000000
137.457554 0 3 1500.000000
137.672187 0 0 4000000.000000
137.696566 0 1 1500.000000
138.186193 0 2 4000000.000000
138.479753 0 3 1500.000000
138.510042 0 2 1500.000000
139.083290 0 0 1500.000000
139.286202 0 3 1500.000000
139.476685 0 2 20000.000000
139.477807 0 3 1500.000000
140.137712 0 1 10000.000000
140.623964 0 2 1500.000000
140.943443 0 1 20000.000000
141.044859 0 1 1000000.000000
141.691233 0 2 1500.000000
142.054158 0 3 200000.000000
142.858782 0 2 1500.000000
143.161459 0 0 200000.000000
143.204911 0 1 4000000.000000
143.929515 0 2 1500.000000
144.387469 0 0 4000000.000000
144.795602 0 3 3000.000000
145.386027 0 0 1000000.000000
145.395763 0 3 10000.000000
145.708088 0 3 3000.000000
146.038549 0 1 200000.000000
146.082811 0 2 4000000.000000
146.649488 0 0 1000000.000000
146.801688 0 3 1500.000000
147.879860 0 3 3000000.000000
148.466674 0 2 1500.000000
148.619704 0 3 4000000.000000
148.950255 0 3 200000.000000
149.332144 0 3 100000.000000
149.580259 0 2 1500.000000
149.939295 0 1 1000000.000000
0.424949 1 2 4000000.000000
1.097837 1 3 10000.000000
1.716230 1 3 10000.000000
1.760305 1 2 4000000.000000
2.036388 1 0 100000.000000
2.113550 1 0 1500.000000
2.209679 1 3 3000.000000
2.556209 1 1 3000000.000000
2.690740 1 2 1500.000000
2.953909 1 3 1500.000000
3.548939 1 3 1500.000000
4.599239 1 0 4000000.000000
4.729121 1 2 200000.000000
5.431937 1 3 200000.000000
5.455012 1 1 1500.000000
6.165481 1 3 200000.000000
6.332807 1 0 1500.000000
6.669800 1 3 3000.000000
6.690366 1 0 4000000.000000
7.676227 1 3 1500.000000
7.683138 1 0 4000000.000000
8.056047 1 2 1500.000000
8.094281 1 3 1500.000000
8.114637 1 1 20000.000000
8.419753 1 3 1000000.000000
8.638489 1 1 2000000.000000
11.158788 1 0 100000.000000
11.249247 1 1 1500.000000
11.351202 1 1 1500.000000
12.145014 1 3 200000.000000
12.317793 1 0 1500.000000
12.457465 1 2 200000.000000
13.661477 1 0 4000000.000000
13.718684 1 1 2000000.000000
13.855527 1 2 2000000.000000
13.858225 1 0 4000000.000000
14.045849 1 3 1500.000000
14.267585 1 2 100000.000000
14.747042 1 1 4000000.000000
15.021095 1 0 200000.000000
16.525220 1 1 200000.000000
17.334139 1 3 3000.000000
17.578845 1 3 1000000.000000
17.668257 1 3 1500.000000
17.815078 1 1 1500.000000
17.821203 1 2 4000000.000000
18.987443 1 0 100000.000000
20.339958 1 3 3000000.000000
20.810873 1 2 100000.000000
21.134850 1 0 10000.000000
21.271613 1 0 1500.000000
21.313959 1 0 1500.000000
21.824813 1 2 10000.000000
21.839722 1 1 10000.000000
22.100630 1 2 1500.000000
22.294490 1 0 200000.000000
22.539464 1 3 100000.000000
22.710557 1 0 1000000.000000
23.282674 1 0 100000.000000
23.393904 1 2 3000000.000000
24.211581 1 2 20000.000000
24.806498 1 0 4000000.000000
26.169295 1 1 1500.000000
26.969656 1 3 1500.000000
27.876940 1 3 100000.000000
27.926818 1 1 1500.000000
28.884057 1 0 1500.000000
29.529218 1 2 1500.000000
29.786882 1 3 1000000.000000
29.813346 1 2 1500.000000
30.095727 1 1 3000000.000000
30.326561 1 1 100000.000000
30.691911 1 2 1500.000000
31.028364 1 2 3000000.000000
31.390726 1 2 1500.000000
33.218629 1 0 1500.000000
33.671716 1 0 4000000.000000
33.813406 1 3 200000.000000
34.154361 1 3 3000.000000
34.787511 1 2 1000000.000000
35.112699 1 3 4000000.000000
35.784226 1 1 3000000.000000
36.877775 1 0 100000.000000
37.195324 1 2 3000000.000000
37.799725 1 3 100000.000000
38.099637 1 1 3000000.000000
38.985997 1 3 1500.000000
39.024076 1 0 4000000.000000
40.227837 1 1 1500.000000
40.338523 1 0 1500.000000
40.868483 1 2 100000.000000
41.118041 1 3 100000.000000
41.740559 1 1 3000000.000000
42.211647 1 0 3000.000000
42.292264 1 2 1500.000000
42.603738 1 3 1000000.000000
42.820376 1 1 1000000.000000
42.914424 1 0 20000.000000
43.203936 1 0 1500.000000
43.906775 1 1 1500.000000
44.131671 1 0 1500.000000
44.435689 1 3 3000000.000000
44.563116 1 1 4000000.000000
45.169093 1 1 1500.000000
45.543925 1 1 200000.000000
46.561116 1 1 1000000.000000
47.248679 1 1 1500.000000
47.395494 1 1 1500.000000
47.415606 1 0 1500.000000
48.720802 1 3 4000000.000000
48.787061 1 0 3000000.000000
49.743306 1 3 3000000.000000
49.753617 1 2 1500.000000
49.927312 1 3 1500.000000
49.942969 1 2 1500.000000
49.977525 1 1 1500.000000
50.016372 1 3 3000.000000
50.191418 1 2 1500.000000
50.591981 1 3 2000000.000000
50.964820 1 3 200000.000000
51.963864 1 0 2000000.000000
51.980508 1 3 1500.000000
51.983909 1 1 1500.000000
52.966232 1 0 3000.000000
53.391389 1 3 1000000.000000
53.450098 1 3 2000000.000000
53.538329 1 1 100000.000000
53.804736 1 1 1500.000000
53.831186 1 2 200000.000000
53.933009 1 2 200000.000000
53.958217 1 1 10000.000000
54.094672 1 3 2000000.000000
54.321242 1 0 1000000.000000
54.670747 1 1 1500.000000
55.347999 1 0 4000000.000000
55.387521 1 0 1500.000000
57.284768 1 0 1500.000000
57.541348 1 1 3000000.000000
58.497944 1 0 10000.000000
58.986442 1 3 100000.000000
59.087316 1 0 1500.000000
59.455493 1 3 1000000.000000
59.854215 1 1 100000.000000
60.673896 1 1 1000000.000000
60.705020 1 1 4000000.000000
60.948052 1 0 1500.000000
61.698128 1 2 1000000.000000
61.983623 1 3 1500.000000
62.011185 1 0 1500.000000
63.175105 1 2 1500.000000
63.752666 1 0 1500.000000
65.013911 1 0 1500.000000
65.479201 1 1 1500.000000
65.741240 1 3 200000.000000
65.888237 1 3 3000.000000
66.868293 1 1 200000.000000
67.272889 1 1 1500.000000
67.799033 1 1 2000000.000000
67.858683 1 1 3000.000000
68.101481 1 2 3000000.000000
68.141811 1 1 4000000.000000
68.663989 1 1 1000000.000000
68.730642 1 1 4000000.000000
69.245138 1 2 200000.000000
69.365388 1 1 1500.000000
69.702806 1 1 10000.000000
69.845626 1 2 10000.000000
69.930871 1 3 20000.000000
70.899217 1 3 200000.000000
71.372298 1 1 3000000.000000
72.216281 1 0 20000.000000
72.581916 1 1 1500.000000
73.008042 1 3 4000000.000000
73.777438 1 1 2000000.000000
74.453776 1 0 20000.000000
74.927480 1 3 1500.000000
75.019378 1 2 1000000.000000
75.745084 1 1 100000.000000
76.043678 1 1 1500.000000
76.111239 1 1 1500.000000
76.245901 1 3 1500.000000
77.534314 1 1 3000000.000000
77.559103 1 0 1500.000000
77.836465 1 0 3000.000000
77.853687 1 2 100000.000000
77.962263 1 1 100000.000000
78.727674 1 1 1500.000000
78.747953 1 0 1500.000000
78.872815 1 1 1500.000000
79.386475 1 1 1500.000000
80.344455 1 1 1000000.000000
80.704311 1 3 100000.000000
80.796592 1 0 4000000.000000
80.977288 1 2 1500.000000
81.471950 1 3 20000.000000
81.488551 1 1 100000.000000
81.624034 1 2 200000.000000
82.105878 1 3 4000000.000000
82.791666 1 2 1500.000000
83.103706 1 1 10000.000000
83.265684 1 1 200000.000000
83.323377 1 2 1500.000000
83.481148 1 0 1500.000000
84.458557 1 3 3000000.000000
85.084104 1 0 1500.000000
85.640482 1 3 200000.000000
85.738107 1 0 1500.000000
86.272893 1 0 10000.000000
87.409060 1 2 10000.000000
87.438459 1 2 1500.000000
87.793074 1 2 1000000.000000
87.862397 1 3 3000.000000
87.927124 1 1 100000.000000
87.977109 1 2 3000000.000000
88.152732 1 1 1000000.000000
88.215147 1 3 1500.000000
88.509753 1 1 3000000.000000
88.562269 1 1 10000.000000
89.349712 1 1 100000.000000
90.287428 1 3 1500.000000
91.386736 1 0 3000.000000
91.502302 1 3 1000000.000000
91.710713 1 0 10000.000000
93.761326 1 1 4000000.000000
94.417778 1 2 4000000.000000
94.570782 1 3 1500.000000
94.803709 1 3 100000.000000
94.804354 1 1 1500.000000
95.391072 1 0 1500.000000
95.486042 1 0 100000.000000
95.555653 1 3 1500.000000
96.005433 1 1 1500.000000
96.389729 1 1 1500.000000
97.223764 1 3 1500.000000
97.651723 1 3 10000.000000
97.984736 1 0 1500.000000
98.262535 1 1 4000000.000000
98.465931 1 0 1000000.000000
98.781931 1 2 1000000.000000
98.855875 1 0 1000000.000000
99.610074 1 0 1500.000000
99.634216 1 2 1500.000000
99.999024 1 2 1500.000000
100.403309 1 0 20000.000000
100.565091 1 3 3000.000000
100.715482 1 0 1500.000000
101.421179 1 3 4000000.000000
101.510465 1 0 1500.000000
102.251397 1 0 100000.000000
102.464731 1 3 1000000.000000
102.737446 1 1 1500.000000
102.752076 1 2 1500.000000
102.923216 1 2 4000000.000000
102.960105 1 0 1500.000000
103.622892 1 3 3000.000000
104.067318 1 2 3000.000000
104.287307 1 3 3000.000000
104.549289 1 3 1500.000000
104.674924 1 3 1500.000000
104.726844 1 0 100000.000000
105.754020 1 3 1500.000000
106.971083 1 2 1000000.000000
107.251636 1 2 200000.000000
107.317664 1 0 3000000.000000
107.815762 1 1 3000000.000000
107.861472 1 1 200000.000000
108.169122 1 3 1500.000000
108.493125 1 1 200000.000000
108.996811 1 2 1500.000000
109.295878 1 2 1500.000000
109.666087 1 1 4000000.000000
109.878874 1 1 100000.000000
110.069056 1 0 3000000.000000
110.276597 1 2 100000.000000
110.801846 1 0 200000.000000
110.946005 1 3 200000.000000
110.987072 1 2 1500.000000
111.050345 1 3 10000.000000
111.110557 1 3 4000000.000000
111.183295 1 2 1500.000000
111.270081 1 2 20000.000000
111.632640 1 2 1500.000000
111.768401 1 3 4000000.000000
112.042121 1 3 200000.000000
112.085979 1 0 1500.000000
113.010364 1 2 100000.000000
113.650217 1 2 10000.000000
114.384499 1 2 20000.000000
114.426719 1 1 1500.000000
114.477050 1 2 3000.000000
115.585859 1 2 1500.000000
115.876871 1 1 3000.000000
115.998081 1 2 100000.000000
116.215784 1 1 20000.000000
116.227732 1 3 200000.000000
116.793943 1 1 1500.000000
117.512019 1 3 1500.000000
117.656540 1 3 1500.000000
117.668558 1 3 1500.000000
118.155141 1 3 1500.000000
118.715108 1 0 1500.000000
118.728877 1 1 10000.000000
119.180468 1 1 4000000.000000
119.650473 1 0 4000000.000000
119.936341 1 3 1500.000000
119.975477 1 0 3000000.000000
120.545203 1 0 10000.000000
120.740840 1 2 200000.000000
120.782494 1 2 100000.000000
120.949431 1 0 10000.000000
122.627743 1 2 4000000.000000
122.852745 1 3 3000000.000000
122.964361 1 2 3000000.000000
123.146386 1 3 3000000.000000
123.208869 1 1 100000.000000
123.495904 1 1 1500.000000
123.761988 1 0 1500.000000
124.334715 1 3 4000000.000000
124.349471 1 2 1500.000000
125.034301 1 0 200000.000000
126.235644 1 3 2000000.000000
126.360794 1 3 4000000.000000
126.879451 1 1 1500.000000
127.568451 1 2 1500.000000
127.746855 1 0 1500.000000
128.717072 1 1 3000000.000000
129.223966 1 1 4000000.000000
131.544864 1 0 4000000.000000
131.758628 1 3 4000000.000000
131.759485 1 0 1000000.000000
131.950381 1 2 1500.000000
131.980689 1 2 1500.000000
132.357982 1 1 1000000.000000
132.691105 1 0 4000000.000000
133.474740 1 2 200000.000000
134.073038 1 1 1000000.000000
134.364113 1 0 100000.000000
134.782293 1 0 1000000.000000
135.086915 1 2 1500.000000
136.006447 1 1 3000.000000
136.370797 1 2 1000000.000000
136.722289 1 2 4000000.000000
137.565410 1 2 1500.000000
138.149880 1 2 1500.000000
138.981156 1 2 100000.000000
139.108143 1 3 1500.000000
139.323118 1 0 3000000.000000
139.909088 1 3 1500.000000
140.477859 1 3 100000.000000
141.220540 1 1 100000.000000
142.178586 1 3 200000.000000
143.027851 1 2 200000.000000
143.948476 1 3 100000.000000
144.098478 1 1 1500.000000
144.736786 1 2 10000.000000
144.874991 1 1 20000.000000
145.830563 1 0 1500.000000
145.955205 1 3 20000.000000
147.370041 1 1 1000000.000000
147.380878 1 0 2000000.000000
147.771413 1 3 4000000.000000
148.340048 1 1 1500.000000
148.361041 1 1 200000.000000
148.718406 1 1 3000.000000
149.271154 1 0 3000000.000000
0.249677 2 2 20000.000000
0.253088 2 1 2000000.000000
0.748247 2 3 3000.000000
0.759702 2 3 100000.000000
0.773103 2 2 1500.000000
0.848386 2 2 1500.000000
2.652915 2 1 3000000.000000
2.898299 2 2 1500.000000
3.259878 2 0 1500.000000
3.288968 2 1 10000.000000
3.356228 2 0 1000000.000000
3.789639 2 0 20000.000000
3.997533 2 1 1500.000000
4.043982 2 1 1500.000000
4.572991 2 2 4000000.000000
4.930590 2 1 1500.000000
4.980303 2 1 3000000.000000
5.167743 2 0 1500.000000
5.696094 2 2 1500.000000
6.500617 2 0 200000.000000
6.697100 2 1 1500.000000
6.873823 2 0 1500.000000
7.574844 2 0 100000.000000
7.722218 2 3 20000.000000
8.068535 2 3 100000.000000
8.181803 2 1 1500.000000
8.269340 2 2 1500.000000
8.730799 2 0 1000000.000000
9.057643 2 3 1500.000000
9.477965 2 1 10000.000000
9.585886 2 3 1500.000000
9.686681 2 1 1000000.000000
10.696402 2 0 3000.000000
10.793739 2 0 1500.000000
11.338804 2 2 100000.000000
12.515702 2 0 20000.000000
12.887300 2 2 100000.000000
13.000690 2 2 1500.000000
13.074187 2 3 1500.000000
13.424389 2 2 1500.000000
13.648738 2 3 20000.000000
13.692575 2 1 1500.000000
14.467601 2 2 1500.000000
14.567269 2 0 1500.000000
14.788220 2 3 3000.000000
15.681209 2 3 3000000.000000
15.900109 2 0 100000.000000
16.192007 2 2 1000000.000000
16.252961 2 2 10000.000000
16.586205 2 3 1500.000000
17.317956 2 2 1500.000000
17.575337 2 0 20000.000000
18.071808 2 0 200000.000000
18.121454 2 2 1500.000000
19.119641 2 0 1500.000000
19.812915 2 2 200000.000000
19.817891 2 0 4000000.000000
20.073718 2 0 3000000.000000
20.122999 2 1 100000.000000
20.659564 2 0 1500.000000
20.726636 2 2 200000.000000
20.928555 2 2 100000.000000
21.987790 2 3 1500.000000
23.001960 2 2 1000000.000000
23.965037 2 2 20000.000000
24.805705 2 2 3000.000000
25.174564 2 1 10000.000000
25.529737 2 0 100000.000000
25.794037 2 1 10000.000000
26.348957 2 1 4000000.000000
26.515068 2 2 1500.000000
26.992224 2 1 1500.000000
27.276776 2 2 1500.000000
27.912942 2 1 4000000.000000
27.975852 2 2 100000.000000
28.223869 2 3 1500.000000
28.460315 2 0 10000.000000
29.300705 2 2 20000.000000
29.430176 2 1 200000.000000
29.714639 2 2 1500.000000
29.958757 2 2 1500.000000
30.107977 2 3 4000000.000000
30.234550 2 3 1500.000000
30.286519 2 1 1500.000000
30.624104 2 1 100000.000000
30.634479 2 1 3000000.000000
30.730677 2 1 200000.000000
30.782193 2 3 1500.000000
31.342803 2 0 100000.000000
31.506179 2 3 1500.000000
31.524657 2 2 200000.000000
31.788906 2 2 10000.000000
32.184050 2 0 3000.000000
32.366852 2 2 4000000.000000
32.372806 2 0 200000.000000
32.650278 2 1 1500.000000
33.704626 2 1 20000.000000
33.781109 2 3 1500.000000
34.294555 2 0 1500.000000
34.745921 2 0 1500.000000
35.183640 2 3 3000.000000
36.789152 2 2 100000.000000
37.214796 2 0 20000.000000
37.291649 2 0 4000000.000000
37.417087 2 1 4000000.000000
37.515531 2 2 1500.000000
38.051494 2 3 1000000.000000
38.052817 2 2 2000000.000000
38.349240 2 0 200000.000000
38.641040 2 1 200000.000000
39.121858 2 1 1500.000000
39.415442 2 3 100000.000000
39.780215 2 0 1500.000000
40.268592 2 2 100000.000000
40.917717 2 3 1500.000000
41.139134 2 2 100000.000000
41.157071 2 3 1500.000000
41.385938 2 2 100000.000000
41.647701 2 1 1500.000000
41.671342 2 3 2000000.000000
42.785280 2 3 1500.000000
42.885441 2 2 1500.000000
43.335641 2 1 3000000.000000
43.804040 2 1 1500.000000
43.843930 2 1 1000000.000000
44.104105 2 2 3000000.000000
44.206537 2 2 1500.000000
44.240273 2 0 3000000.000000
45.106348 2 0 200000.000000
45.307094 2 2 1500.000000
46.993800 2 0 1500.000000
47.478446 2 1 1500.000000
48.097672 2 1 3000.000000
48.159982 2 3 1500.000000
48.229987 2 2 10000.000000
48.261800 2 2 100000.000000
48.295287 2 0 10000.000000
48.340967 2 3 1000000.000000
48.616801 2 1 1500.000000
48.668777 2 3 3000000.000000
48.893368 2 0 1000000.000000
49.054847 2 0 1500.000000
49.571143 2 2 100000.000000
50.314476 2 0 4000000.000000
50.681063 2 2 4000000.000000
51.125058 2 1 1500.000000
51.194683 2 3 1500.000000
51.270704 2 1 20000.000000
51.666746 2 2 3000000.000000
53.229257 2 0 1500.000000
54.168611 2 3 3000.000000
55.337291 2 2 1500.000000
56.360174 2 2 10000.000000
56.777665 2 0 200000.000000
56.871541 2 2 1500.000000
57.084849 2 1 3000000.000000
57.201172 2 0 1500.000000
57.768509 2 0 20000.000000
58.203419 2 1 1500.000000
58.561604 2 1 3000000.000000
58.614914 2 3 1500.000000
59.408539 2 1 100000.000000
59.409175 2 1 2000000.000000
59.464695 2 3 1500.000000
59.506773 2 3 200000.000000
60.055942 2 0 4000000.000000
60.438891 2 1 4000000.000000
60.476509 2 1 3000000.000000
60.538240 2 3 1000000.000000
61.244510 2 3 200000.000000
61.402111 2 1 10000.000000
62.221360 2 0 10000.000000
62.337231 2 2 100000.000000
62.447953 2 1 1500.000000
62.473722 2 1 3000000.000000
63.312111 2 3 100000.000000
63.662704 2 1 4000000.000000
63.971639 2 3 4000000.000000
64.519895 2 0 1500.000000
66.025022 2 2 1500.000000
66.057774 2 2 200000.000000
66.876871 2 2 10000.000000
68.088791 2 0 1500.000000
68.112631 2 3 1500.000000
68.144756 2 1 2000000.000000
68.482276 2 2 1500.000000
68.721104 2 0 3000000.000000
69.407219 2 1 1500.000000
69.480721 2 3 4000000.000000
69.925143 2 2 1500.000000
69.964399 2 0 100000.000000
70.201417 2 1 10000.000000
70.241076 2 3 1500.000000
70.410073 2 1 1000000.000000
70.749507 2 3 1000000.000000
71.351454 2 2 10000.000000
71.700567 2 2 10000.000000
72.287808 2 0 200000.000000
72.367161 2 0 1500.000000
72.933412 2 2 3000000.000000
73.330600 2 3 1500.000000
73.682725 2 0 1500.000000
73.903976 2 3 1500.000000
74.160822 2 1 3000000.000000
74.189455 2 3 1500.000000
75.123526 2 3 1500.000000
75.334409 2 2 4000000.000000
75.419975 2 2 200000.000000
75.528895 2 1 1500.000000
76.469924 2 0 1000000.000000
77.089486 2 2 1500.000000
77.897042 2 1 2000000.000000
78.071431 2 3 100000.000000
79.515877 2 3 1500.000000
79.648418 2 2 1500.000000
79.886285 2 0 1500.000000
80.266278 2 2 1000000.000000
80.364823 2 0 200000.000000
80.578178 2 2 1500.000000
80.724555 2 3 3000000.000000
81.681519 2 1 1500.000000
82.037684 2 2 1500.000000
82.237691 2 0 10000.000000
82.278026 2 0 4000000.000000
82.311928 2 3 1500.000000
82.368134 2 2 4000000.000000
82.812551 2 3 4000000.000000
82.962741 2 2 1500.000000
83.020374 2 1 1500.000000
83.195768 2 1 1500.000000
83.419183 2 2 1500.000000
83.779115 2 0 1000000.000000
83.942595 2 2 1500.000000
85.245825 2 1 10000.000000
85.322083 2 2 4000000.000000
85.551719 2 3 20000.000000
85.661535 2 0 100000.000000
85.671165 2 3 200000.000000
86.370619 2 1 10000.000000
86.379418 2 1 1500.000000
86.497305 2 0 3000000.000000
86.592659 2 1 200000.000000
87.008138 2 3 3000000.000000
88.607034 2 1 2000000.000000
88.625212 2 0 10000.000000
89.059016 2 0 1500.000000
89.142214 2 3 1000000.000000
89.561575 2 3 3000.000000
89.635158 2 1 3000000.000000
90.013634 2 3 1000000.000000
90.129355 2 2 1500.000000
90.161893 2 2 200000.000000
90.899474 2 3 1500.000000
91.042652 2 2 1500.000000
91.070402 2 1 4000000.000000
91.248059 2 0 4000000.000000
91.292486 2 3 3000.000000
91.371420 2 0 1500.000000
91.556827 2 1 10000.000000
91.702414 2 2 3000000.000000
92.432341 2 3 1500.000000
92.568694 2 0 1500.000000
93.109775 2 3 3000.000000
94.214962 2 0 3000000.000000
94.320836 2 1 3000.000000
95.436384 2 3 1500.000000
95.682268 2 1 1500.000000
97.917491 2 1 2000000.000000
97.953646 2 3 200000.000000
98.162511 2 0 2000000.000000
98.283743 2 2 2000000.000000
99.436660 2 1 1500.000000
99.586503 2 2 3000000.000000
100.282685 2 3 20000.000000
100.362298 2 2 1000000.000000
100.471560 2 0 1500.000000
100.647405 2 0 3000000.000000
100.830504 2 3 2000000.000000
101.012301 2 1 4000000.000000
101.433903 2 3 100000.000000
101.877298 2 3 200000.000000
102.073022 2 1 10000.000000
102.709161 2 0 100000.000000
102.977362 2 1 1500.000000
103.010049 2 1 1500.000000
103.050388 2 3 3000.000000
103.217107 2 2 3000.000000
104.396033 2 1 1500.000000
105.083089 2 1 200000.000000
105.331542 2 3 200000.000000
105.714532 2 2 200000.000000
106.900285 2 0 1500.000000
107.386804 2 1 3000000.000000
107.910002 2 2 10000.000000
109.125772 2 3 1500.000000
109.384333 2 0 1500.000000
109.530566 2 0 1000000.000000
109.593679 2 0 4000000.000000
109.909000 2 3 4000000.000000
110.408443 2 3 1500.000000
110.983859 2 3 3000000.000000
111.519427 2 3 3000.000000
111.795956 2 2 3000.000000
111.868214 2 2 200000.000000
112.274680 2 1 1500.000000
112.292593 2 2 4000000.000000
114.209319 2 2 1000000.000000
115.323245 2 2 1500.000000
115.710734 2 2 4000000.000000
115.854364 2 1 3000000.000000
115.865627 2 3 1500.000000
116.167864 2 0 1000000.000000
116.557972 2 2 1000000.000000
117.517486 2 0 1500.000000
117.925398 2 2 20000.000000
118.693181 2 1 10000.000000
119.702692 2 2 1500.000000
119.870992 2 3 1500.000000
120.973979 2 1 1500.000000
121.035040 2 0 200000.000000
121.041698 2 0 200000.000000
121.468022 2 1 1500.000000
122.133543 2 1 10000.000000
122.148271 2 1 100000.000000
122.559338 2 1 3000000.000000
123.042871 2 0 1500.000000
123.553158 2 3 1500.000000
123.633035 2 3 1500.000000
124.021601 2 1 1500.000000
124.138345 2 2 1500.000000
124.313754 2 3 1500.000000
124.406770 2 1 10000.000000
124.864855 2 3 3000000.000000
125.276788 2 1 100000.000000
125.821014 2 2 1500.000000
125.915069 2 2 4000000.000000
126.077260 2 0 1500.000000
126.532972 2 0 1000000.000000
127.152985 2 0 4000000.000000
128.789556 2 0 200000.000000
128.861776 2 3 1000000.000000
128.998169 2 1 4000000.000000
129.059103 2 1 1500.000000
129.851626 2 3 200000.000000
130.076818 2 0 100000.000000
130.434600 2 2 1000000.000000
131.068470 2 0 1000000.000000
131.329780 2 0 1000000.000000
131.477235 2 0 3000.000000
131.568437 2 0 10000.000000
131.980945 2 3 4000000.000000
132.163190 2 1 1500.000000
132.476159 2 3 1000000.000000
132.503977 2 0 20000.000000
132.965336 2 3 3000.000000
135.271074 2 0 100000.000000
135.669916 2 0 10000.000000
135.851793 2 1 1500.000000
136.057579 2 1 1500.000000
136.436169 2 1 1000000.000000
136.658841 2 2 4000000.000000
136.683848 2 0 4000000.000000
136.827927 2 3 1500.000000
136.913010 2 2 1500.000000
137.284266 2 2 10000.000000
137.719566 2 1 1500.000000
137.949600 2 2 1500.000000
138.179149 2 0 100000.000000
138.529864 2 0 10000.000000
139.546083 2 0 200000.000000
139.548248 2 0 200000.000000
139.891812 2 1 1500.000000
141.320861 2 1 1000000.000000
141.685175 2 2 200000.000000
141.898271 2 3 2000000.000000
144.434167 2 0 1500.000000
144.434990 2 3 3000.000000
144.622736 2 3 1500.000000
145.026106 2 1 1500.000000
145.109371 2 1 1500.000000
145.135032 2 1 1500.000000
146.027834 2 0 20000.000000
146.635544 2 1 1500.000000
146.892649 2 0 3000000.000000
147.294821 2 0 100000.000000
147.745623 2 0 3000.000000
148.355327 2 0 1500.000000
148.785752 2 0 10000.000000
149.301858 2 0 100000.000000
149.993915 2 3 1500.000000
0.085939 3 2 100000.000000
0.356703 3 0 1500.000000
1.542730 3 0 3000.000000
1.658446 3 3 100000.000000
1.899127 3 1 4000000.000000
2.262613 3 0 1500.000000
3.844216 3 3 4000000.000000
3.893663 3 1 100000.000000
4.138528 3 0 1000000.000000
4.210051 3 1 100000.000000
4.873454 3 1 10000.000000
5.058210 3 0 1500.000000
5.385896 3 2 4000000.000000
5.647083 3 2 1500.000000
5.735614 3 3 200000.000000
5.865737 3 1 1500.000000
5.937371 3 1 3000.000000
6.134207 3 3 1500.000000
7.156343 3 1 1500.000000
7.607911 3 2 3000.000000
8.154729 3 3 10000.000000
8.984209 3 1 20000.000000
9.088589 3 2 3000000.000000
9.356500 3 2 3000000.000000
9.674587 3 0 1500.000000
9.821043 3 2 20000.000000
10.289461 3 0 3000000.000000
10.545039 3 3 100000.000000
10.652484 3 3 1500.000000
10.750556 3 1 1500.000000
11.088085 3 3 200000.000000
11.114638 3 0 1000000.000000
12.047294 3 0 1500.000000
12.148850 3 2 3000000.000000
12.328497 3 3 200000.000000
13.352500 3 0 1500.000000
13.376236 3 3 3000000.000000
13.952400 3 1 10000.000000
14.328679 3 3 3000000.000000
14.613603 3 0 1500.000000
15.009394 3 3 1500.000000
15.680863 3 1 3000000.000000
15.774160 3 1 1500.000000
16.159734 3 2 20000.000000
16.171668 3 1 1500.000000
16.295436 3 3 3000.000000
16.312941 3 3 1500.000000
16.334145 3 2 4000000.000000
16.673950 3 3 1500.000000
16.934688 3 1 100000.000000
17.054887 3 1 100000.000000
17.311915 3 1 1000000.000000
17.653137 3 2 100000.000000
17.811041 3 3 200000.000000
18.446676 3 1 100000.000000
19.175335 3 1 3000000.000000
19.636042 3 2 3000000.000000
19.720999 3 0 3000.000000
21.174669 3 2 1000000.000000
21.344886 3 0 1000000.000000
21.647524 3 2 1000000.000000
21.834143 3 0 3000.000000
22.031224 3 3 200000.000000
22.554375 3 1 4000000.000000
22.782964 3 3 1500.000000
22.941843 3 1 4000000.000000
23.297464 3 3 1500.000000
23.352934 3 1 1500.000000
23.523363 3 0 4000000.000000
23.597464 3 2 1000000.000000
23.719487 3 0 1500.000000
24.401099 3 2 1500.000000
24.647375 3 1 3000000.000000
24.887124 3 2 1500.000000
25.178117 3 0 100000.000000
25.246388 3 3 200000.000000
25.957277 3 2 3000000.000000
26.016039 3 0 1500.000000
26.029216 3 2 3000000.000000
26.083633 3 0 3000.000000
26.213626 3 3 200000.000000
26.665400 3 1 1500.000000
26.873721 3 3 100000.000000
27.496311 3 3 3000000.000000
27.680002 3 3 3000000.000000
27.881562 3 0 1500.000000
28.146359 3 1 1500.000000
29.025423 3 2 4000000.000000
29.320415 3 0 1500.000000
30.112074 3 2 1500.000000
31.023799 3 3 1000000.000000
31.037611 3 0 100000.000000
31.192867 3 1 4000000.000000
31.262356 3 3 1500.000000
31.506270 3 2 3000000.000000
31.922439 3 0 3000000.000000
32.190277 3 0 4000000.000000
32.191521 3 0 4000000.000000
33.315818 3 0 1500.000000
33.746043 3 2 1500.000000
34.033238 3 1 4000000.000000
34.339328 3 3 10000.000000
34.515938 3 1 1500.000000
35.075473 3 2 10000.000000
35.084496 3 2 3000000.000000
35.223130 3 3 3000000.000000
35.512291 3 2 1500.000000
35.726741 3 3 3000000.000000
35.839156 3 3 100000.000000
35.842827 3 2 1500.000000
36.025456 3 2 1000000.000000
36.587919 3 3 100000.000000
36.735597 3 3 200000.000000
36.878296 3 2 3000.000000
36.909196 3 2 3000.000000
37.248641 3 0 1500.000000
37.513763 3 0 1500.000000
38.075627 3 3 100000.000000
38.163536 3 1 10000.000000
38.231790 3 3 100000.000000
39.563868 3 1 1500.000000
39.604183 3 0 100000.000000
41.099934 3 1 1500.000000
41.103908 3 2 1500.000000
42.376209 3 3 100000.000000
42.490559 3 2 1500.000000
42.841929 3 2 1000000.000000
42.927324 3 0 200000.000000
43.170389 3 0 3000.000000
43.456482 3 2 1500.000000
43.490273 3 0 1500.000000
43.615503 3 3 1500.000000
43.951191 3 1 4000000.000000
44.759310 3 1 1500.000000
45.284005 3 3 1000000.000000
45.540193 3 1 1000000.000000
45.620272 3 3 200000.000000
45.635670 3 0 20000.000000
45.913445 3 2 200000.000000
46.713728 3 2 1500.000000
46.959660 3 3 1500.000000
47.030321 3 2 20000.000000
47.704032 3 2 4000000.000000
47.912452 3 3 1500.000000
48.048430 3 2 1500.000000
48.190527 3 1 1500.000000
48.283929 3 3 20000.000000
48.347672 3 2 4000000.000000
48.845584 3 2 4000000.000000
49.234821 3 3 3000.000000
49.341756 3 0 4000000.000000
49.894242 3 2 1000000.000000
50.692325 3 3 1500.000000
50.901666 3 1 10000.000000
50.970960 3 0 4000000.000000
51.653129 3 2 1500.000000
52.347772 3 3 2000000.000000
52.352949 3 1 1000000.000000
53.116324 3 3 1500.000000
53.455984 3 0 200000.000000
53.497803 3 2 4000000.000000
54.485763 3 3 200000.000000
54.522717 3 2 1500.000000
55.389965 3 2 10000.000000
55.603674 3 1 1000000.000000
56.113021 3 2 1000000.000000
56.417129 3 3 10000.000000
56.933837 3 1 1000000.000000
57.011535 3 2 1000000.000000
57.343811 3 3 1000000.000000
57.722221 3 1 10000.000000
57.752952 3 2 200000.000000
57.887389 3 1 1500.000000
58.173999 3 2 100000.000000
58.457579 3 3 3000000.000000
58.462806 3 2 4000000.000000
58.835714 3 0 4000000.000000
58.954575 3 3 3000000.000000
58.993846 3 3 1500.000000
59.376844 3 2 1500.000000
59.597714 3 3 100000.000000
59.968849 3 2 1500.000000
60.115048 3 0 1500.000000
60.533744 3 0 3000000.000000
60.847837 3 2 1000000.000000
60.997180 3 1 1500.000000
61.028680 3 0 1500.000000
61.341896 3 0 4000000.000000
62.852251 3 2 100000.000000
63.289244 3 3 1500.000000
63.406236 3 1 1500.000000
63.728598 3 3 1500.000000
63.853400 3 3 1500.000000
63.996298 3 3 100000.000000
64.248595 3 3 3000.000000
64.613349 3 3 4000000.000000
64.613773 3 2 20000.000000
64.628964 3 1 100000.000000
64.639489 3 1 100000.000000
64.720491 3 1 100000.000000
64.866124 3 1 1500.000000
65.286472 3 2 4000000.000000
65.731420 3 1 4000000.000000
65.740385 3 0 100000.000000
66.011994 3 2 10000.000000
66.434187 3 1 3000.000000
66.701931 3 0 20000.000000
66.734292 3 1 200000.000000
67.074653 3 2 1000000.000000
67.532156 3 3 200000.000000
67.986205 3 2 10000.000000
68.284550 3 0 200000.000000
68.656774 3 0 1500.000000
69.217423 3 0 1500.000000
69.466414 3 0 1000000.000000
69.483738 3 0 200000.000000
69.510695 3 0 1500.000000
69.858172 3 3 200000.000000
70.239380 3 1 100000.000000
70.473405 3 1 200000.000000
70.594714 3 2 10000.000000
71.022543 3 3 1500.000000
71.934023 3 2 1500.000000
71.938545 3 3 1500.000000
73.326766 3 0 100000.000000
73.330808 3 1 1500.000000
73.900628 3 0 20000.000000
75.228809 3 0 3000.000000
75.492658 3 0 1500.000000
75.593890 3 1 1500.000000
78.354796 3 1 100000.000000
78.476015 3 1 1000000.000000
78.935985 3 0 1000000.000000
79.372613 3 3 3000000.000000
79.564229 3 0 1500.000000
79.638282 3 1 3000000.000000
80.464283 3 2 1500.000000
81.055282 3 2 3000.000000
81.588061 3 0 1500.000000
81.759030 3 0 1500.000000
81.816513 3 3 10000.000000
83.756380 3 3 1000000.000000
84.022838 3 3 1500.000000
84.556029 3 0 1000000.000000
84.779300 3 3 3000.000000
85.456871 3 3 10000.000000
85.488685 3 3 10000.000000
85.648727 3 2 200000.000000
86.163446 3 2 1500.000000
86.671947 3 0 100000.000000
87.040593 3 1 1500.000000
87.886997 3 1 200000.000000
87.937845 3 1 3000000.000000
87.998642 3 3 1500.000000
88.748494 3 0 200000.000000
88.845269 3 2 1000000.000000
88.906324 3 1 1000000.000000
88.996014 3 3 1500.000000
89.252347 3 1 200000.000000
89.334824 3 0 100000.000000
89.496253 3 0 1500.000000
90.047014 3 1 10000.000000
90.060794 3 0 1000000.000000
90.187905 3 2 1000000.000000
90.221194 3 1 1000000.000000
90.347786 3 1 20000.000000
90.721687 3 0 1000000.000000
91.386360 3 2 1500.000000
91.432028 3 2 200000.000000
91.629628 3 3 200000.000000
91.805245 3 1 10000.000000
92.411399 3 2 4000000.000000
92.536595 3 3 4000000.000000
92.997227 3 3 1500.000000
93.328847 3 0 1500.000000
93.356551 3 0 100000.000000
93.358850 3 2 10000.000000
93.597149 3 0 20000.000000
93.657399 3 2 1500.000000
93.979627 3 1 100000.000000
94.421413 3 1 1500.000000
95.121015 3 2 1000000.000000
95.470480 3 1 200000.000000
96.250712 3 0 100000.000000
97.304162 3 3 4000000.000000
97.384898 3 1 1500.000000
98.618724 3 1 1000000.000000
98.668903 3 3 100000.000000
98.737984 3 0 1500.000000
99.050869 3 0 1000000.000000
99.512870 3 1 3000000.000000
99.603893 3 1 100000.000000
100.214859 3 2 10000.000000
100.265287 3 2 100000.000000
100.782355 3 3 1500.000000
101.200214 3 0 1500.000000
101.789637 3 2 100000.000000
102.324208 3 3 3000000.000000
102.530107 3 3 1500.000000
103.074783 3 2 200000.000000
103.193407 3 2 1000000.000000
103.739732 3 3 3000.000000
103.756821 3 3 100000.000000
105.017142 3 3 1500.000000
105.167818 3 0 3000000.000000
106.087372 3 0 3000000.000000
106.114667 3 0 3000000.000000
106.909070 3 0 1500.000000
106.924343 3 2 4000000.000000
107.587785 3 3 10000.000000
107.661520 3 3 1500.000000
109.589289 3 3 200000.000000
109.945069 3 1 1000000.000000
109.983487 3 1 1500.000000
110.128897 3 1 1500.000000
110.228909 3 3 4000000.000000
110.795849 3 3 100000.000000
112.677699 3 3 1500.000000
112.736612 3 0 1500.000000
113.139038 3 3 3000.000000
113.194901 3 2 3000000.000000
113.623562 3 1 4000000.000000
113.626220 3 1 200000.000000
113.749726 3 0 4000000.000000
114.043432 3 1 200000.000000
114.474334 3 1 1000000.000000
114.599095 3 2 3000.000000
114.681988 3 1 1500.000000
115.371953 3 2 10000.000000
115.600420 3 1 100000.000000
116.061431 3 2 4000000.000000
116.184145 3 3 3000000.000000
116.530200 3 3 3000000.000000
116.786988 3 0 100000.000000
116.921064 3 0 1500.000000
117.114253 3 0 20000.000000
117.626680 3 3 200000.000000
118.200685 3 0 1500.000000
118.287479 3 3 1500.000000
118.718869 3 3 3000.000000
120.147792 3 0 20000.000000
120.153252 3 0 100000.000000
120.977398 3 1 1500.000000
121.107042 3 3 100000.000000
121.641834 3 0 1500.000000
121.800072 3 3 100000.000000
122.040049 3 0 200000.000000
122.458595 3 0 3000.000000
122.506603 3 0 4000000.000000
122.652066 3 3 3000000.000000
122.847674 3 0 4000000.000000
122.996570 3 3 4000000.000000
123.180229 3 0 1500.000000
123.993978 3 3 3000.000000
124.593227 3 1 1500.000000
125.559499 3 0 200000.000000
125.823879 3 3 3000000.000000
125.830569 3 0 1500.000000
126.307450 3 3 4000000.000000
127.735727 3 1 4000000.000000
127.957462 3 3 1500.000000
128.244300 3 2 10000.000000
128.717029 3 3 4000000.000000
129.009421 3 3 3000000.000000
129.270581 3 2 1500.000000
130.368314 3 0 4000000.000000
130.921922 3 1 100000.000000
131.346417 3 1 1500.000000
131.378247 3 0 1500.000000
131.447256 3 2 1500.000000
132.004525 3 3 1500.000000
132.167287 3 2 3000000.000000
132.278184 3 3 100000.000000
132.332553 3 3 3000.000000
132.690679 3 2 20000.000000
132.865096 3 2 1500.000000
133.265123 3 1 20000.000000
133.542819 3 2 1500.000000
133.739025 3 2 10000.000000
133.745629 3 3 3000000.000000
133.890273 3 0 1500.000000
133.904443 3 3 100000.000000
133.973781 3 0 1000000.000000
134.197659 3 3 20000.000000
134.523974 3 1 200000.000000
134.934057 3 1 4000000.000000
135.227858 3 0 1500.000000
135.331231 3 2 1500.000000
135.343333 3 2 200000.000000
135.363936 3 2 3000000.000000
135.514783 3 2 10000.000000
136.067153 3 3 3000.000000
136.263923 3 0 20000.000000
136.848678 3 3 1500.000000
137.022559 3 2 1500.000000
137.078363 3 2 200000.000000
137.414322 3 3 20000.000000
138.070146 3 0 4000000.000000
138.165338 3 2 200000.000000
138.816146 3 3 20000.000000
139.002191 3 1 1500.000000
139.276595 3 3 20000.000000
140.076571 3 3 1500.000000
140.577316 3 0 100000.000000
141.016010 3 3 1500.000000
141.530991 3 3 1500.000000
141.620808 3 2 3000000.000000
141.754445 3 1 1500.000000
142.105092 3 3 10000.000000
142.292452 3 0 1500.000000
142.443543 3 0 1500.000000
142.664512 3 0 1500.000000
143.649458 3 0 1000000.000000
143.725910 3 2 3000000.000000
143.968423 3 3 100000.000000
144.195983 3 1 200000.000000
144.404648 3 1 1500.000000
144.829908 3 1 200000.000000
144.846600 3 2 1500.000000
144.984845 3 2 1000000.000000
145.147186 3 0 1500.000000
145.575091 3 3 100000.000000
145.734601 3 3 3000000.000000
148.033384 3 1 1500.000000
149.108954 3 2 20000.000000
149.158368 3 0 20000.000000
149.991768 3 1 100000.000000
