0.094566 0 3 1000000.000000
0.426235 0 2 1500.000000
0.717090 0 2 3000000.000000
0.817513 0 0 1000000.000000
0.918599 0 3 1500.000000
0.951610 0 0 1000000.000000
0.982609 0 3 1500.000000
1.043358 0 3 1500.000000
1.653904 0 0 1500.000000
1.825137 0 2 10000.000000
1.905047 0 2 4000000.000000
1.990335 0 0 4000000.000000
2.065977 0 3 1500.000000
2.105798 0 0 1500.000000
2.156290 0 1 1000000.000000
2.179977 0 1 1000000.000000
2.530639 0 0 100000.000000
2.533956 0 2 200000.000000
2.625308 0 0 4000000.000000
2.883656 0 0 3000.000000
3.131370 0 1 100000.000000
3.358378 0 2 3000.000000
3.449778 0 1 1000000.000000
3.534721 0 2 1500.000000
3.843960 0 1 200000.000000
4.199445 0 2 1000000.000000
4.315605 0 3 1500.000000
4.557686 0 3 1500.000000
4.789278 0 1 1000000.000000
4.879848 0 1 100000.000000
4.971423 0 0 4000000.000000
5.503081 0 2 1500.000000
5.682599 0 2 200000.000000
5.819647 0 3 1500.000000
6.113414 0 2 1500.000000
6.343287 0 1 1000000.000000
6.348189 0 0 3000000.000000
6.681378 0 0 10000.000000
6.789985 0 1 1500.000000
6.814476 0 3 20000.000000
6.828463 0 2 1000000.000000
6.961399 0 1 3000000.000000
7.037814 0 0 1500.000000
7.108328 0 1 1500.000000
7.118891 0 3 1500.000000
7.360022 0 0 2000000.000000
7.435451 0 1 10000.000000
7.443844 0 0 1500.000000
7.469009 0 3 200000.000000
7.473521 0 2 3000000.000000
7.521022 0 2 1000000.000000
7.662260 0 1 10000.000000
7.833762 0 3 200000.000000
8.179417 0 0 1000000.000000
8.398414 0 3 100000.000000
8.438402 0 2 100000.000000
8.465358 0 0 4000000.000000
8.601906 0 3 20000.000000
8.795393 0 3 4000000.000000
8.891498 0 2 1000000.000000
9.141520 0 3 1500.000000
9.180706 0 2 4000000.000000
9.466340 0 0 20000.000000
9.492296 0 0 1500.000000
9.703673 0 1 1500.000000
9.741784 0 1 3000.000000
10.219235 0 3 1500.000000
10.259371 0 2 4000000.000000
10.297351 0 3 3000000.000000
10.397671 0 3 1500.000000
10.447007 0 1 10000.000000
10.511551 0 3 3000000.000000
10.533675 0 1 1500.000000
10.652643 0 2 1500.000000
11.097747 0 3 3000.000000
11.221556 0 3 10000.000000
11.397076 0 2 3000000.000000
11.500084 0 3 1000000.000000
11.734183 0 3 100000.000000
11.851901 0 2 1500.000000
11.866865 0 2 1500.000000
12.182551 0 3 1500.000000
12.233366 0 1 3000000.000000
12.313572 0 0 200000.000000
12.616010 0 3 3000000.000000
13.083069 0 2 1500.000000
13.095386 0 0 1500.000000
13.200906 0 2 1000000.000000
13.352169 0 0 1000000.000000
13.537668 0 2 100000.000000
14.408892 0 0 100000.000000
14.556205 0 2 1500.000000
14.673951 0 2 3000.000000
15.024385 0 0 3000.000000
15.068354 0 1 200000.000000
15.455424 0 1 1500.000000
15.563710 0 1 3000000.000000
15.574241 0 1 1000000.000000
15.599921 0 2 3000.000000
15.974782 0 2 10000.000000
16.208119 0 0 1500.000000
16.236113 0 2 1500.000000
16.371538 0 2 1500.000000
16.443521 0 2 1000000.000000
16.794553 0 0 1500.000000
17.004369 0 2 1500.000000
17.289747 0 1 1000000.000000
17.379726 0 2 1500.000000
17.568239 0 2 10000.000000
17.690247 0 0 100000.000000
17.986342 0 1 20000.000000
18.080497 0 3 100000.000000
18.688135 0 1 1500.000000
19.019413 0 1 1500.000000
19.205150 0 1 1500.000000
19.231444 0 1 1500.000000
19.506968 0 0 1500.000000
19.664362 0 1 10000.000000
19.677302 0 3 4000000.000000
19.814055 0 0 1500.000000
19.915241 0 3 20000.000000
20.140511 0 3 200000.000000
20.764401 0 0 10000.000000
21.010398 0 3 3000000.000000
21.178768 0 3 4000000.000000
21.350700 0 2 20000.000000
21.716839 0 0 200000.000000
21.898776 0 3 1500.000000
21.999398 0 1 3000000.000000
22.034677 0 1 1500.000000
22.362604 0 3 1500.000000
22.387439 0 3 1500.000000
22.635909 0 1 1000000.000000
22.667212 0 1 1500.000000
22.796363 0 0 1500.000000
23.105678 0 3 1500.000000
23.268005 0 1 1500.000000
23.387728 0 0 1500.000000
23.487940 0 3 1500.000000
24.249385 0 3 20000.000000
24.306874 0 3 1000000.000000
24.547905 0 3 1500.000000
24.800909 0 2 1500.000000
24.990688 0 1 100000.000000
25.202098 0 2 3000.000000
25.273875 0 1 20000.000000
25.419371 0 1 1000000.000000
25.751588 0 1 1500.000000
25.794481 0 1 2000000.000000
25.951562 0 3 200000.000000
26.699661 0 1 4000000.000000
26.748709 0 0 10000.000000
26.922981 0 1 1500.000000
27.036329 0 3 3000000.000000
27.220922 0 0 3000000.000000
28.059570 0 0 2000000.000000
28.276783 0 0 1500.000000
28.433041 0 2 200000.000000
28.546546 0 2 3000000.000000
28.933846 0 2 1000000.000000
28.934271 0 3 1500.000000
29.460875 0 2 1000000.000000
29.519657 0 0 3000000.000000
29.880565 0 3 100000.000000
30.535314 0 3 1500.000000
31.690601 0 2 1500.000000
31.997069 0 2 1500.000000
32.089757 0 2 4000000.000000
32.305403 0 3 3000000.000000
32.412588 0 0 100000.000000
32.436255 0 3 1500.000000
32.763896 0 2 4000000.000000
33.165773 0 0 1500.000000
33.174653 0 2 1500.000000
33.491734 0 0 1000000.000000
33.884274 0 2 10000.000000
34.029005 0 3 1500.000000
34.145596 0 0 1500.000000
34.381048 0 1 200000.000000
34.427545 0 0 1500.000000
34.587063 0 2 1500.000000
34.700862 0 0 1500.000000
34.846005 0 1 3000000.000000
34.909787 0 0 1500.000000
34.972082 0 3 1500.000000
35.108580 0 3 4000000.000000
35.124947 0 1 20000.000000
35.178233 0 2 100000.000000
35.202489 0 1 1500.000000
35.202863 0 3 20000.000000
35.468503 0 0 1500.000000
35.602192 0 1 3000000.000000
35.791432 0 2 1500.000000
35.854395 0 3 4000000.000000
35.941982 0 1 1500.000000
36.184461 0 3 2000000.000000
36.639252 0 2 2000000.000000
36.781691 0 0 4000000.000000
36.828458 0 1 3000000.000000
37.666276 0 3 3000.000000
38.029426 0 0 20000.000000
38.338021 0 3 1500.000000
38.679406 0 3 1500.000000
38.962675 0 2 2000000.000000
39.110528 0 1 3000000.000000
39.121239 0 2 100000.000000
39.280016 0 3 1500.000000
39.345757 0 0 4000000.000000
39.372833 0 1 2000000.000000
39.511354 0 1 1500.000000
39.535594 0 3 1500.000000
39.573915 0 2 1500.000000
39.815265 0 0 100000.000000
39.841552 0 0 1500.000000
40.095301 0 2 1500.000000
40.187389 0 2 1000000.000000
40.530804 0 1 3000000.000000
40.665292 0 0 1500.000000
40.668967 0 2 4000000.000000
40.825909 0 0 3000000.000000
41.397006 0 0 1500.000000
41.425206 0 0 4000000.000000
41.470014 0 3 2000000.000000
42.062716 0 0 3000000.000000
42.291910 0 0 1500.000000
42.334879 0 3 20000.000000
42.359331 0 2 10000.000000
43.179607 0 0 20000.000000
43.247396 0 3 3000.000000
43.562988 0 3 3000000.000000
43.794480 0 3 1500.000000
43.842658 0 3 1500.000000
44.183882 0 2 1500.000000
44.244884 0 0 1500.000000
44.322466 0 2 1500.000000
44.576613 0 3 1500.000000
44.681441 0 3 20000.000000
44.819440 0 1 3000000.000000
45.210156 0 0 200000.000000
45.316371 0 3 4000000.000000
45.433356 0 3 1500.000000
45.546435 0 3 100000.000000
45.651437 0 3 1500.000000
45.850574 0 3 1500.000000
47.012416 0 3 1500.000000
47.029724 0 3 100000.000000
47.128976 0 0 1500.000000
47.266113 0 2 10000.000000
47.277212 0 2 3000000.000000
47.715219 0 3 2000000.000000
47.791878 0 2 200000.000000
47.796816 0 2 1500.000000
47.859500 0 2 3000.000000
47.860770 0 0 4000000.000000
48.059362 0 0 1500.000000
48.304729 0 2 1500.000000
48.482247 0 1 1500.000000
48.513733 0 0 200000.000000
48.582818 0 0 200000.000000
48.656065 0 2 1500.000000
48.690641 0 2 3000000.000000
48.852993 0 1 1500.000000
49.148922 0 0 2000000.000000
50.690284 0 0 1500.000000
50.696487 0 1 1500.000000
50.932711 0 2 200000.000000
51.067819 0 2 2000000.000000
51.129469 0 1 200000.000000
51.146478 0 3 100000.000000
51.165827 0 2 1500.000000
51.422389 0 1 20000.000000
51.431815 0 3 4000000.000000
51.809919 0 1 4000000.000000
52.225692 0 3 1500.000000
52.268584 0 3 3000000.000000
52.699342 0 0 1500.000000
52.881787 0 3 4000000.000000
53.251278 0 3 1000000.000000
53.261156 0 0 1500.000000
53.457387 0 1 10000.000000
53.522988 0 3 1500.000000
53.580585 0 0 3000000.000000
53.608380 0 3 1500.000000
54.075076 0 1 1500.000000
54.098253 0 0 100000.000000
54.208711 0 2 100000.000000
54.224043 0 3 4000000.000000
54.278865 0 0 3000.000000
54.320846 0 0 100000.000000
54.456954 0 1 1500.000000
54.551627 0 2 10000.000000
54.678316 0 0 100000.000000
54.814070 0 2 100000.000000
55.109537 0 1 100000.000000
55.132659 0 3 4000000.000000
55.277604 0 3 4000000.000000
55.550111 0 2 1500.000000
55.661038 0 3 3000000.000000
55.675810 0 1 1500.000000
55.770092 0 0 1000000.000000
55.775595 0 3 1000000.000000
55.821751 0 3 10000.000000
55.990294 0 3 1500.000000
56.292777 0 2 1500.000000
56.298876 0 3 10000.000000
56.426453 0 3 200000.000000
57.032455 0 0 200000.000000
57.088584 0 3 200000.000000
57.133804 0 3 100000.000000
57.246790 0 0 1500.000000
57.545322 0 2 1500.000000
57.689281 0 0 3000.000000
57.928981 0 2 100000.000000
57.940981 0 2 1500.000000
58.070686 0 3 4000000.000000
58.510596 0 1 1000000.000000
59.171246 0 0 1500.000000
59.185699 0 0 4000000.000000
59.522812 0 0 100000.000000
59.554274 0 2 100000.000000
59.632271 0 1 200000.000000
60.034057 0 1 1500.000000
60.219692 0 1 10000.000000
60.315158 0 3 1500.000000
60.479586 0 0 1500.000000
60.809534 0 2 1500.000000
60.978600 0 2 1500.000000
61.057487 0 3 1500.000000
61.092274 0 1 1500.000000
61.178891 0 0 4000000.000000
61.203082 0 3 1000000.000000
61.806146 0 2 4000000.000000
62.041528 0 2 10000.000000
62.171257 0 2 1500.000000
63.622460 0 0 200000.000000
63.689920 0 2 10000.000000
64.427112 0 2 1500.000000
64.926477 0 2 1500.000000
65.021812 0 3 3000000.000000
65.214354 0 3 1500.000000
65.262524 0 0 20000.000000
65.375639 0 1 3000000.000000
65.467957 0 3 4000000.000000
65.743057 0 2 1500.000000
65.812437 0 1 4000000.000000
65.835054 0 0 20000.000000
65.921810 0 1 1500.000000
66.126905 0 3 100000.000000
66.141038 0 0 10000.000000
66.216961 0 2 1500.000000
66.320991 0 2 1000000.000000
66.402630 0 1 20000.000000
66.422174 0 3 4000000.000000
66.616529 0 3 1000000.000000
66.671828 0 0 3000000.000000
67.037441 0 1 1500.000000
67.806154 0 3 4000000.000000
68.804388 0 2 3000000.000000
69.039011 0 3 3000.000000
69.238126 0 2 1500.000000
69.292322 0 3 1500.000000
69.549152 0 1 1500.000000
69.961059 0 0 1500.000000
70.432034 0 0 1500.000000
70.445208 0 2 10000.000000
70.754826 0 0 1500.000000
71.077646 0 2 1000000.000000
71.113068 0 0 1000000.000000
71.152108 0 0 2000000.000000
71.455951 0 3 1500.000000
71.523420 0 1 1500.000000
71.528908 0 0 4000000.000000
71.531270 0 2 1500.000000
71.762753 0 2 10000.000000
71.795876 0 2 3000000.000000
71.824101 0 2 1500.000000
71.886844 0 2 1500.000000
72.025521 0 2 200000.000000
72.391990 0 3 1500.000000
72.448605 0 2 10000.000000
72.463583 0 0 1500.000000
72.958099 0 1 4000000.000000
73.023048 0 3 1000000.000000
73.136398 0 3 1500.000000
73.650048 0 0 1000000.000000
73.721016 0 3 1500.000000
73.747516 0 2 3000000.000000
73.824234 0 1 3000000.000000
74.215522 0 1 100000.000000
74.244776 0 2 4000000.000000
74.766474 0 3 3000000.000000
74.890609 0 1 4000000.000000
74.927574 0 3 1500.000000
75.001450 0 3 1500.000000
75.087653 0 2 1500.000000
75.461012 0 0 3000.000000
75.729591 0 3 200000.000000
76.315593 0 1 3000000.000000
76.574175 0 3 1500.000000
76.815881 0 1 1500.000000
77.550870 0 3 1500.000000
77.666244 0 1 1500.000000
77.921921 0 3 4000000.000000
78.646417 0 3 20000.000000
79.284043 0 2 4000000.000000
79.320018 0 0 3000000.000000
79.423816 0 2 1500.000000
79.765243 0 3 100000.000000
79.816671 0 1 4000000.000000
80.363121 0 0 1500.000000
80.530577 0 0 200000.000000
80.736289 0 3 1500.000000
81.099241 0 3 100000.000000
81.362708 0 2 1500.000000
81.520100 0 1 4000000.000000
81.916221 0 2 1500.000000
82.068366 0 0 100000.000000
82.179495 0 3 1500.000000
82.394165 0 3 1500.000000
82.532797 0 0 3000000.000000
82.601783 0 3 100000.000000
82.691402 0 3 200000.000000
82.786556 0 2 1500.000000
83.206902 0 3 1500.000000
83.350746 0 2 1500.000000
83.519531 0 3 100000.000000
83.583550 0 0 200000.000000
83.596089 0 2 1500.000000
83.676389 0 3 200000.000000
83.860148 0 2 4000000.000000
83.988730 0 1 1500.000000
84.111435 0 1 200000.000000
84.137037 0 0 1500.000000
84.739117 0 1 2000000.000000
84.791953 0 2 3000000.000000
84.908517 0 1 1000000.000000
84.999418 0 2 4000000.000000
85.177311 0 3 1500.000000
85.317770 0 3 1500.000000
85.329589 0 0 200000.000000
85.370019 0 2 100000.000000
85.666745 0 0 1500.000000
85.762036 0 2 4000000.000000
86.644458 0 2 1500.000000
86.673407 0 3 1500.000000
86.735964 0 1 1500.000000
86.757892 0 0 1500.000000
86.791037 0 2 1000000.000000
86.842793 0 3 100000.000000
86.991233 0 0 20000.000000
87.040166 0 1 1500.000000
87.148625 0 0 1500.000000
87.557856 0 2 1500.000000
87.704573 0 0 3000000.000000
87.740002 0 2 4000000.000000
87.987933 0 3 20000.000000
88.023473 0 0 2000000.000000
88.130128 0 2 1500.000000
88.942967 0 1 1500.000000
89.496406 0 3 3000000.000000
89.695547 0 0 10000.000000
90.012604 0 1 3000000.000000
90.249882 0 3 4000000.000000
90.754392 0 2 200000.000000
90.815357 0 3 1500.000000
91.236828 0 1 4000000.000000
91.263493 0 0 4000000.000000
91.427752 0 0 1500.000000
92.331149 0 0 1500.000000
92.396933 0 3 1500.000000
92.422612 0 1 200000.000000
92.512280 0 2 1500.000000
92.593118 0 1 4000000.000000
92.676026 0 3 1500.000000
92.677829 0 1 3000.000000
92.875548 0 0 1500.000000
93.235813 0 3 1500.000000
93.294034 0 3 1500.000000
93.433905 0 1 100000.000000
93.496483 0 1 100000.000000
93.956799 0 3 3000.000000
94.041911 0 0 2000000.000000
94.255999 0 3 1500.000000
94.481936 0 1 3000.000000
94.621220 0 2 1000000.000000
94.924736 0 2 1500.000000
94.952016 0 3 3000000.000000
94.979078 0 1 4000000.000000
95.144798 0 2 1500.000000
95.990129 0 0 100000.000000
96.252753 0 3 1500.000000
96.705298 0 1 10000.000000
96.849336 0 1 1000000.000000
97.052207 0 0 100000.000000
97.729422 0 1 200000.000000
97.792797 0 2 1500.000000
98.040629 0 0 1000000.000000
98.437022 0 0 3000.000000
98.437474 0 0 4000000.000000
98.610093 0 0 200000.000000
98.666061 0 3 4000000.000000
98.867589 0 1 1000000.000000
99.254096 0 3 1500.000000
99.576496 0 3 200000.000000
99.933855 0 3 4000000.000000
99.985086 0 1 3000000.000000
100.212775 0 3 100000.000000
100.693597 0 0 1000000.000000
100.741759 0 3 3000000.000000
100.743017 0 3 100000.000000
100.907786 0 2 20000.000000
100.972744 0 1 200000.000000
101.197995 0 1 200000.000000
102.057492 0 3 3000000.000000
102.065839 0 0 4000000.000000
102.656202 0 3 3000.000000
103.277205 0 1 1500.000000
103.679157 0 1 1500.000000
103.932614 0 3 3000000.000000
103.966261 0 2 1500.000000
104.170537 0 0 1500.000000
104.296475 0 0 1500.000000
104.441102 0 2 3000.000000
104.799522 0 1 20000.000000
104.919988 0 0 1000000.000000
105.165572 0 1 3000.000000
105.224227 0 2 3000000.000000
105.291831 0 2 100000.000000
105.307830 0 1 200000.000000
105.607034 0 0 100000.000000
105.645154 0 0 20000.000000
105.789493 0 0 20000.000000
105.987135 0 0 200000.000000
106.464432 0 2 1500.000000
106.478074 0 2 1500.000000
107.086389 0 1 3000.000000
107.158424 0 0 1500.000000
107.188691 0 3 4000000.000000
107.294512 0 1 1500.000000
107.355168 0 3 4000000.000000
107.755384 0 0 1500.000000
107.773760 0 0 1500.000000
107.887609 0 0 10000.000000
107.986455 0 2 3000000.000000
108.161382 0 3 100000.000000
108.213635 0 2 1500.000000
108.287303 0 2 3000000.000000
108.411714 0 1 3000000.000000
108.792779 0 3 20000.000000
109.066943 0 1 100000.000000
109.084337 0 0 200000.000000
109.892543 0 1 1500.000000
109.946011 0 3 1500.000000
110.143026 0 3 1500.000000
110.208795 0 0 1500.000000
110.309791 0 2 2000000.000000
110.381351 0 0 1500.000000
110.581262 0 3 1500.000000
110.853068 0 1 1500.000000
110.914441 0 1 1500.000000
111.084451 0 1 4000000.000000
111.375594 0 0 1000000.000000
111.489843 0 1 1000000.000000
111.533012 0 2 4000000.000000
111.537887 0 0 1500.000000
111.564859 0 2 1500.000000
111.604009 0 2 4000000.000000
111.823834 0 2 1000000.000000
112.263454 0 3 10000.000000
112.285053 0 2 10000.000000
112.343914 0 0 100000.000000
112.458793 0 0 20000.000000
112.905299 0 2 200000.000000
112.951639 0 0 1500.000000
113.248002 0 1 1000000.000000
113.323929 0 0 3000000.000000
113.791611 0 0 1500.000000
113.850316 0 2 200000.000000
113.932949 0 1 200000.000000
114.127610 0 2 1000000.000000
114.288919 0 3 100000.000000
114.328810 0 2 100000.000000
114.541091 0 0 200000.000000
114.578781 0 3 20000.000000
114.774858 0 2 1500.000000
114.869865 0 3 1500.000000
114.951148 0 1 1500.000000
114.968927 0 3 100000.000000
115.217317 0 2 100000.000000
115.519925 0 3 100000.000000
115.596968 0 1 100000.000000
115.751793 0 2 1500.000000
116.112649 0 3 3000.000000
116.260435 0 3 3000000.000000
116.273261 0 0 4000000.000000
116.291819 0 1 2000000.000000
116.323804 0 1 200000.000000
116.389862 0 1 200000.000000
116.456862 0 0 200000.000000
117.027838 0 1 20000.000000
117.130701 0 1 100000.000000
117.146961 0 1 3000.000000
117.293121 0 3 200000.000000
117.368475 0 2 1500.000000
117.399278 0 3 1500.000000
117.683315 0 1 20000.000000
117.762695 0 0 4000000.000000
117.810085 0 2 100000.000000
118.689750 0 0 3000000.000000
118.775760 0 3 4000000.000000
118.874929 0 2 100000.000000
119.010825 0 1 4000000.000000
119.302767 0 0 100000.000000
119.385860 0 1 200000.000000
119.686102 0 3 1500.000000
120.108244 0 3 1500.000000
120.172985 0 2 1500.000000
120.700150 0 3 3000000.000000
120.911917 0 0 200000.000000
121.024334 0 2 3000.000000
121.032540 0 2 1500.000000
121.046895 0 0 100000.000000
121.375681 0 0 4000000.000000
121.599125 0 1 3000.000000
121.646125 0 3 1500.000000
121.667144 0 1 1500.000000
122.111304 0 0 1500.000000
122.147762 0 1 100000.000000
122.194019 0 1 1500.000000
122.207445 0 2 20000.000000
122.602453 0 0 4000000.000000
122.942246 0 0 20000.000000
123.160061 0 2 4000000.000000
123.524404 0 3 1500.000000
123.588209 0 0 3000.000000
123.969727 0 2 10000.000000
124.090139 0 1 10000.000000
124.355475 0 0 20000.000000
124.435460 0 1 1000000.000000
124.841878 0 2 1500.000000
125.802805 0 1 1500.000000
125.828568 0 2 1500.000000
125.917133 0 2 100000.000000
126.218959 0 3 100000.000000
126.404292 0 1 1500.000000
126.473675 0 3 200000.000000
126.653851 0 2 3000000.000000
126.778819 0 3 100000.000000
126.841151 0 3 1500.000000
126.856969 0 3 20000.000000
127.356211 0 0 3000000.000000
127.633935 0 2 3000000.000000
128.211193 0 0 4000000.000000
128.349982 0 3 1000000.000000
129.033623 0 0 3000000.000000
129.756007 0 3 1500.000000
129.817206 0 0 4000000.000000
130.030225 0 3 20000.000000
130.115343 0 1 1500.000000
130.141563 0 1 3000.000000
130.288173 0 3 1500.000000
130.368845 0 0 1500.000000
130.634733 0 0 200000.000000
131.126952 0 2 4000000.000000
131.478027 0 2 200000.000000
131.909864 0 2 1500.000000
132.189816 0 3 3000000.000000
132.322494 0 3 3000000.000000
132.569115 0 3 3000000.000000
133.144858 0 1 1500.000000
133.293917 0 3 1500.000000
133.465922 0 0 1500.000000
133.730224 0 2 100000.000000
133.911445 0 2 1000000.000000
134.044436 0 2 3000000.000000
134.212410 0 1 3000000.000000
134.278970 0 0 200000.000000
134.436280 0 0 200000.000000
135.519658 0 1 10000.000000
135.737822 0 3 4000000.000000
135.875470 0 0 100000.000000
135.878396 0 1 100000.000000
136.034376 0 2 4000000.000000
136.357769 0 2 3000000.000000
136.377300 0 3 100000.000000
136.443954 0 0 3000000.000000
136.576236 0 0 1000000.000000
136.610470 0 2 1500.000000
136.843117 0 1 10000.000000
136.940273 0 1 1500.000000
137.104599 0 1 200000.000000
137.108676 0 1 3000000.000000
137.201213 0 0 1500.000000
137.288814 0 2 1500.000000
137.373477 0 0 1500.000000
137.374595 0 0 100000.000000
137.580783 0 3 4000000.000000
137.846179 0 3 1500.000000
137.889836 0 2 200000.000000
138.021310 0 3 1500.000000
138.090165 0 1 1000000.000000
138.199785 0 3 3000000.000000
138.298291 0 1 1500.000000
138.300801 0 0 3000000.000000
138.375170 0 3 1000000.000000
138.464272 0 1 4000000.000000
138.678923 0 1 1500.000000
138.739148 0 1 1500.000000
139.328150 0 0 20000.000000
139.336289 0 3 1500.000000
139.347672 0 1 100000.000000
139.411524 0 0 100000.000000
139.488789 0 1 100000.000000
139.554098 0 2 4000000.000000
139.601574 0 1 200000.000000
140.381113 0 0 3000000.000000
140.756406 0 2 1500.000000
141.187733 0 0 10000.000000
141.401062 0 1 20000.000000
141.682589 0 1 20000.000000
141.735668 0 3 3000000.000000
141.887727 0 0 200000.000000
141.973066 0 1 3000000.000000
142.315894 0 1 1500.000000
142.399710 0 1 10000.000000
142.462123 0 2 1500.000000
142.531914 0 0 1000000.000000
142.565320 0 3 1500.000000
143.049289 0 2 200000.000000
143.240254 0 0 4000000.000000
143.375446 0 3 100000.000000
143.486506 0 2 1500.000000
143.653401 0 3 200000.000000
144.224170 0 0 100000.000000
144.406768 0 3 100000.000000
144.720891 0 1 10000.000000
144.745952 0 0 4000000.000000
145.052329 0 2 3000.000000
145.055414 0 0 3000.000000
145.305978 0 3 200000.000000
146.293558 0 0 3000000.000000
146.556606 0 0 3000.000000
146.559563 0 1 3000.000000
146.637613 0 1 4000000.000000
146.856818 0 0 4000000.000000
147.009644 0 3 4000000.000000
147.154765 0 1 1500.000000
147.254228 0 1 1500.000000
147.263426 0 3 4000000.000000
147.494318 0 2 1500.000000
147.761430 0 3 1500.000000
148.111380 0 1 100000.000000
148.148550 0 1 200000.000000
148.191326 0 1 200000.000000
148.509013 0 0 3000.000000
148.725583 0 3 3000000.000000
149.355842 0 2 20000.000000
149.425541 0 1 1500.000000
149.580664 0 2 200000.000000
0.363279 1 3 10000.000000
0.531282 1 0 200000.000000
1.192270 1 2 1500.000000
1.269029 1 3 100000.000000
1.523605 1 2 4000000.000000
1.567442 1 2 1500.000000
1.836797 1 1 200000.000000
2.312506 1 0 1000000.000000
2.557518 1 1 4000000.000000
3.575793 1 3 100000.000000
3.683494 1 3 3000.000000
3.704161 1 2 3000.000000
3.719427 1 3 1500.000000
3.813871 1 1 4000000.000000
3.882595 1 0 1000000.000000
3.907883 1 3 3000000.000000
3.992536 1 1 3000000.000000
4.351529 1 1 100000.000000
4.865672 1 0 100000.000000
5.246256 1 0 1500.000000
5.416826 1 3 1000000.000000
5.634864 1 3 1500.000000
5.739872 1 3 1500.000000
6.171953 1 3 1500.000000
6.172073 1 1 1500.000000
6.386733 1 2 2000000.000000
6.475466 1 1 200000.000000
6.546075 1 2 4000000.000000
6.861339 1 2 100000.000000
6.976962 1 1 10000.000000
7.075653 1 2 1500.000000
7.355212 1 2 4000000.000000
7.470777 1 3 3000000.000000
7.668806 1 3 200000.000000
7.911318 1 0 200000.000000
7.932416 1 3 4000000.000000
8.083128 1 1 10000.000000
8.130133 1 3 1500.000000
8.167581 1 2 1500.000000
8.419737 1 1 3000000.000000
8.483659 1 1 1500.000000
8.905848 1 3 1000000.000000
8.913155 1 1 3000000.000000
8.923162 1 0 100000.000000
8.924231 1 0 1500.000000
9.074896 1 1 200000.000000
9.307912 1 2 1500.000000
9.437465 1 1 3000000.000000
9.668868 1 3 200000.000000
9.775812 1 1 100000.000000
9.928420 1 0 3000.000000
9.986399 1 2 1500.000000
10.526626 1 3 3000000.000000
10.562635 1 3 4000000.000000
10.932577 1 0 3000000.000000
11.443140 1 0 4000000.000000
11.983883 1 0 10000.000000
12.337520 1 1 1500.000000
12.448581 1 0 3000000.000000
12.468416 1 0 1500.000000
12.498653 1 2 1500.000000
12.673054 1 2 1500.000000
12.767223 1 1 1500.000000
12.780431 1 2 3000000.000000
12.839191 1 0 200000.000000
13.247035 1 3 100000.000000
13.593895 1 0 100000.000000
13.695656 1 3 3000.000000
14.050303 1 3 1000000.000000
14.104992 1 0 3000000.000000
14.142113 1 2 1500.000000
14.256143 1 1 200000.000000
14.259771 1 3 10000.000000
14.526285 1 0 4000000.000000
14.600001 1 3 1500.000000
15.077698 1 3 1500.000000
15.644226 1 3 1500.000000
15.796537 1 2 200000.000000
16.191296 1 0 1000000.000000
16.260373 1 1 3000.000000
16.991777 1 0 20000.000000
17.077287 1 2 4000000.000000
17.513581 1 2 1500.000000
17.519909 1 3 10000.000000
18.412690 1 3 1000000.000000
18.510341 1 0 100000.000000
18.762835 1 3 100000.000000
18.901190 1 0 20000.000000
19.359583 1 0 100000.000000
19.379159 1 1 3000000.000000
19.497247 1 2 1500.000000
19.819803 1 2 1000000.000000
19.853961 1 1 1500.000000
19.890760 1 1 1000000.000000
19.913812 1 1 1500.000000
19.943304 1 2 100000.000000
19.997357 1 3 1500.000000
20.389634 1 1 100000.000000
20.601726 1 1 3000.000000
20.781186 1 2 200000.000000
20.889279 1 3 1500.000000
20.922097 1 2 4000000.000000
20.927680 1 0 4000000.000000
21.339540 1 0 1500.000000
21.790938 1 3 10000.000000
22.036338 1 1 1000000.000000
22.284501 1 1 1500.000000
22.971011 1 2 100000.000000
23.442205 1 3 1500.000000
23.565045 1 3 1500.000000
23.675971 1 2 10000.000000
23.692752 1 1 1500.000000
23.815348 1 2 1500.000000
24.049929 1 2 1500.000000
24.415762 1 2 200000.000000
24.669892 1 0 3000000.000000
24.858137 1 3 100000.000000
25.030419 1 3 200000.000000
25.346019 1 1 1500.000000
25.385312 1 0 100000.000000
26.067531 1 0 200000.000000
26.225519 1 2 200000.000000
26.334052 1 0 4000000.000000
26.369666 1 3 200000.000000
26.771177 1 0 100000.000000
26.941060 1 0 100000.000000
27.509061 1 1 3000000.000000
27.691721 1 0 10000.000000
28.052813 1 0 1500.000000
28.358451 1 3 4000000.000000
28.402640 1 3 100000.000000
28.454803 1 0 3000000.000000
28.471194 1 2 100000.000000
28.726112 1 2 1500.000000
28.759382 1 3 1500.000000
29.082792 1 0 200000.000000
29.128764 1 0 200000.000000
29.515923 1 1 1000000.000000
29.640518 1 2 1500.000000
29.646286 1 0 100000.000000
29.803222 1 0 4000000.000000
30.259801 1 2 1500.000000
30.859270 1 3 1000000.000000
30.919619 1 0 4000000.000000
31.105430 1 1 1500.000000
31.199305 1 2 200000.000000
31.289774 1 0 1500.000000
31.396011 1 3 3000000.000000
31.491631 1 3 1500.000000
31.516480 1 2 200000.000000
31.831949 1 0 1000000.000000
31.851539 1 2 100000.000000
32.135472 1 0 1500.000000
32.172661 1 0 4000000.000000
32.517747 1 1 1500.000000
32.739162 1 1 3000.000000
32.856418 1 2 1500.000000
33.057284 1 2 100000.000000
33.767929 1 2 100000.000000
33.958026 1 0 1500.000000
33.976496 1 2 4000000.000000
33.977057 1 0 1500.000000
34.057849 1 2 1500.000000
34.350996 1 1 10000.000000
34.746795 1 1 1500.000000
34.942149 1 3 1500.000000
34.994392 1 1 3000000.000000
35.379460 1 1 1500.000000
35.438734 1 2 200000.000000
35.628265 1 3 1500.000000
35.638133 1 3 1000000.000000
35.706915 1 0 1500.000000
35.718149 1 0 100000.000000
35.904133 1 2 3000.000000
36.072682 1 0 10000.000000
36.143036 1 2 1500.000000
36.418556 1 1 1500.000000
36.680665 1 1 200000.000000
36.934497 1 2 200000.000000
37.432055 1 0 100000.000000
38.104937 1 1 100000.000000
38.160807 1 1 4000000.000000
38.270195 1 2 1000000.000000
38.571746 1 3 3000.000000
38.658799 1 1 4000000.000000
38.933394 1 3 20000.000000
39.093469 1 0 1500.000000
39.591470 1 1 1500.000000
39.606669 1 1 1500.000000
40.149266 1 3 4000000.000000
40.200570 1 1 100000.000000
40.216406 1 0 100000.000000
40.462713 1 3 1500.000000
40.587915 1 2 3000000.000000
41.268913 1 0 2000000.000000
41.436836 1 2 20000.000000
41.906874 1 3 1500.000000
42.231596 1 0 3000000.000000
42.341246 1 2 1000000.000000
42.402533 1 1 100000.000000
42.598577 1 3 3000000.000000
43.151975 1 3 1500.000000
43.185932 1 3 2000000.000000
43.309263 1 3 3000.000000
43.385938 1 3 3000000.000000
43.441617 1 1 200000.000000
43.661164 1 3 3000000.000000
43.683412 1 0 1000000.000000
44.104836 1 0 4000000.000000
44.263274 1 1 4000000.000000
44.263889 1 1 100000.000000
44.315487 1 2 1500.000000
44.920995 1 2 10000.000000
45.360530 1 1 4000000.000000
45.448679 1 3 3000000.000000
45.462162 1 0 4000000.000000
45.522997 1 2 100000.000000
46.083727 1 1 1500.000000
46.168137 1 0 1500.000000
46.331898 1 1 3000000.000000
46.468858 1 3 1500.000000
46.712533 1 1 1500.000000
46.904629 1 1 200000.000000
46.939331 1 1 100000.000000
46.979687 1 3 4000000.000000
47.328443 1 1 4000000.000000
47.486726 1 1 3000.000000
47.498415 1 1 10000.000000
48.017714 1 3 200000.000000
48.033080 1 1 100000.000000
48.288780 1 1 10000.000000
48.657670 1 0 1500.000000
48.733455 1 1 1500.000000
49.101219 1 1 4000000.000000
49.240197 1 1 200000.000000
49.734210 1 2 100000.000000
49.878867 1 2 1500.000000
50.509608 1 3 1500.000000
50.541239 1 0 20000.000000
50.730421 1 0 1500.000000
50.776788 1 3 200000.000000
50.860505 1 0 100000.000000
50.965354 1 1 1500.000000
51.014125 1 0 3000.000000
51.087381 1 1 3000000.000000
51.107190 1 2 10000.000000
51.906090 1 3 20000.000000
52.209603 1 2 3000.000000
52.398382 1 3 1500.000000
52.457882 1 2 4000000.000000
52.548486 1 3 1500.000000
52.694772 1 1 100000.000000
52.847506 1 3 1500.000000
52.910951 1 0 4000000.000000
52.958475 1 1 4000000.000000
53.380905 1 3 100000.000000
53.434441 1 1 3000000.000000
54.035000 1 0 1500.000000
54.508633 1 1 100000.000000
54.688927 1 3 100000.000000
54.696830 1 2 100000.000000
54.734540 1 1 3000000.000000
54.811064 1 0 200000.000000
54.839618 1 2 1500.000000
55.248278 1 3 1500.000000
55.253003 1 1 200000.000000
55.535643 1 1 1500.000000
55.576264 1 3 1500.000000
55.736829 1 3 4000000.000000
56.013431 1 0 1500.000000
56.026102 1 3 4000000.000000
56.285301 1 0 100000.000000
56.413798 1 2 3000000.000000
56.482192 1 0 10000.000000
56.887771 1 1 1500.000000
56.929697 1 2 4000000.000000
57.134453 1 1 20000.000000
57.395009 1 1 3000.000000
57.400089 1 3 1500.000000
57.422688 1 2 4000000.000000
57.857638 1 0 100000.000000
58.081461 1 1 100000.000000
58.228501 1 1 3000000.000000
58.330370 1 1 1500.000000
58.751877 1 0 200000.000000
58.887323 1 0 1500.000000
59.232364 1 0 1500.000000
59.266803 1 0 4000000.000000
60.918113 1 1 100000.000000
61.332956 1 3 100000.000000
61.479676 1 0 3000000.000000
61.517776 1 2 1500.000000
61.956845 1 1 3000.000000
61.973998 1 3 100000.000000
61.985052 1 3 1500.000000
61.991780 1 2 1000000.000000
62.273380 1 0 100000.000000
62.414142 1 0 1000000.000000
62.919138 1 0 1500.000000
63.158969 1 2 3000000.000000
63.987585 1 3 3000000.000000
64.077679 1 3 3000000.000000
64.137838 1 3 1500.000000
64.604990 1 3 1500.000000
65.061423 1 0 1000000.000000
65.077637 1 3 1500.000000
65.624042 1 3 3000000.000000
65.626691 1 2 100000.000000
66.080656 1 1 1000000.000000
66.139798 1 0 1000000.000000
66.183476 1 3 1500.000000
66.289704 1 0 4000000.000000
66.451897 1 2 3000000.000000
66.616580 1 1 200000.000000
66.645042 1 3 200000.000000
66.876981 1 2 1500.000000
67.188714 1 3 1500.000000
67.363783 1 2 200000.000000
67.634635 1 2 100000.000000
67.770657 1 3 100000.000000
68.515192 1 3 1500.000000
68.667471 1 3 4000000.000000
68.917445 1 3 1500.000000
69.078976 1 3 1500.000000
69.136231 1 2 200000.000000
69.369548 1 2 10000.000000
69.576180 1 3 200000.000000
69.591935 1 1 10000.000000
70.156892 1 3 1500.000000
70.222658 1 0 4000000.000000
70.305371 1 2 200000.000000
70.901147 1 1 4000000.000000
71.378782 1 0 10000.000000
71.390388 1 0 3000000.000000
71.495016 1 1 100000.000000
71.530301 1 1 1500.000000
71.650369 1 1 100000.000000
71.796146 1 3 1500.000000
72.012544 1 1 3000.000000
72.257597 1 1 10000.000000
72.933589 1 3 200000.000000
73.179571 1 1 3000000.000000
73.197608 1 2 1000000.000000
73.346316 1 3 1500.000000
73.881902 1 0 4000000.000000
73.965715 1 0 2000000.000000
73.978942 1 2 100000.000000
74.008306 1 0 200000.000000
74.319220 1 0 3000.000000
75.055340 1 1 10000.000000
75.416726 1 3 1500.000000
75.563715 1 2 100000.000000
75.583620 1 2 100000.000000
75.651593 1 1 1500.000000
75.914406 1 0 3000000.000000
75.957222 1 2 1500.000000
75.966432 1 2 3000000.000000
76.438650 1 1 1500.000000
76.721351 1 1 1500.000000
76.801231 1 1 100000.000000
76.847691 1 0 3000000.000000
77.024405 1 1 4000000.000000
77.235658 1 2 200000.000000
77.814096 1 1 1500.000000
77.976765 1 2 1000000.000000
77.994184 1 0 3000.000000
78.674384 1 0 1500.000000
79.007230 1 2 1500.000000
79.105484 1 0 2000000.000000
79.189344 1 1 200000.000000
79.380786 1 1 1500.000000
79.456315 1 0 1500.000000
79.747141 1 3 1000000.000000
80.196697 1 3 1500.000000
80.478478 1 2 100000.000000
80.585624 1 2 1500.000000
80.751455 1 2 1500.000000
81.017659 1 1 1000000.000000
81.665101 1 1 10000.000000
82.123806 1 0 200000.000000
82.515363 1 0 10000.000000
82.868105 1 0 100000.000000
83.293767 1 3 20000.000000
83.432366 1 2 1500.000000
83.672396 1 1 1500.000000
83.776523 1 3 4000000.000000
83.826469 1 3 1500.000000
84.378909 1 2 1500.000000
84.379547 1 1 200000.000000
84.848222 1 2 100000.000000
84.909404 1 3 1500.000000
85.782952 1 2 100000.000000
85.841512 1 0 100000.000000
86.198932 1 2 1500.000000
86.641840 1 2 4000000.000000
86.806818 1 0 1500.000000
87.255253 1 3 4000000.000000
87.268130 1 3 4000000.000000
87.369477 1 3 100000.000000
88.290509 1 1 1000000.000000
88.539091 1 1 1500.000000
88.542625 1 0 1500.000000
88.593524 1 0 10000.000000
88.638303 1 2 20000.000000
88.755623 1 0 10000.000000
88.843062 1 0 1500.000000
89.388109 1 2 3000000.000000
89.575857 1 1 4000000.000000
89.652440 1 3 2000000.000000
89.757273 1 0 100000.000000
89.789732 1 2 1500.000000
89.831621 1 0 1500.000000
89.999882 1 1 1500.000000
90.006402 1 3 20000.000000
90.129705 1 2 4000000.000000
90.420502 1 2 200000.000000
91.319232 1 0 1500.000000
91.489414 1 0 1500.000000
91.625977 1 0 4000000.000000
91.641025 1 1 1500.000000
91.886160 1 3 1500.000000
92.362099 1 0 3000000.000000
92.420758 1 1 1500.000000
92.455014 1 0 1500.000000
92.569230 1 1 1500.000000
93.192378 1 1 100000.000000
93.233426 1 0 4000000.000000
93.587909 1 0 1500.000000
93.784218 1 2 20000.000000
93.811709 1 3 4000000.000000
94.186276 1 3 4000000.000000
94.257186 1 3 1500.000000
94.505360 1 3 1500.000000
94.620243 1 0 1500.000000
94.638463 1 2 100000.000000
94.765088 1 0 20000.000000
95.005245 1 3 3000000.000000
95.276250 1 3 4000000.000000
95.515832 1 2 1000000.000000
95.686683 1 0 200000.000000
95.706680 1 3 200000.000000
95.771890 1 2 10000.000000
96.040900 1 0 20000.000000
96.581007 1 1 1000000.000000
97.244712 1 1 2000000.000000
97.290147 1 2 4000000.000000
97.822259 1 1 3000000.000000
98.004541 1 0 1500.000000
98.004754 1 1 4000000.000000
98.066013 1 0 100000.000000
98.212603 1 1 1500.000000
98.221882 1 0 3000000.000000
98.288951 1 1 10000.000000
98.454670 1 1 2000000.000000
98.515846 1 2 1500.000000
98.808222 1 3 4000000.000000
98.876264 1 0 200000.000000
98.964928 1 1 100000.000000
98.984231 1 0 20000.000000
99.325507 1 2 1500.000000
99.728599 1 3 200000.000000
100.124869 1 2 200000.000000
100.789522 1 1 1500.000000
100.979618 1 1 20000.000000
101.273274 1 2 10000.000000
101.459330 1 1 1500.000000
101.488528 1 1 200000.000000
102.142293 1 1 1500.000000
102.267451 1 1 3000.000000
102.327458 1 3 1500.000000
102.358384 1 0 3000000.000000
103.100370 1 1 200000.000000
103.125397 1 0 100000.000000
103.432379 1 0 1500.000000
103.452432 1 1 1500.000000
103.601037 1 3 10000.000000
103.793095 1 2 1500.000000
103.922830 1 0 3000.000000
104.058721 1 0 1500.000000
104.116633 1 2 200000.000000
104.410540 1 2 4000000.000000
104.540735 1 2 100000.000000
104.690042 1 2 20000.000000
104.737118 1 3 200000.000000
104.895022 1 2 100000.000000
105.037602 1 3 100000.000000
105.306485 1 0 200000.000000
105.566778 1 3 100000.000000
105.609720 1 3 1500.000000
105.756465 1 2 2000000.000000
105.782742 1 2 3000000.000000
105.901466 1 0 100000.000000
105.927141 1 2 3000000.000000
105.931015 1 0 10000.000000
105.941631 1 2 1500.000000
105.982390 1 1 4000000.000000
105.997758 1 3 20000.000000
106.021579 1 1 10000.000000
106.048306 1 3 1500.000000
106.064997 1 0 1500.000000
106.239503 1 2 100000.000000
106.390928 1 3 1500.000000
106.399389 1 1 1500.000000
106.405706 1 3 1500.000000
106.445929 1 2 1000000.000000
106.719601 1 1 1500.000000
106.917672 1 2 3000000.000000
107.264753 1 0 1500.000000
107.509223 1 2 200000.000000
107.556921 1 3 1000000.000000
107.602129 1 0 1500.000000
107.889810 1 2 3000.000000
107.926731 1 0 1500.000000
108.058620 1 0 1500.000000
108.111486 1 3 3000.000000
108.111529 1 0 1500.000000
108.621346 1 0 10000.000000
108.624153 1 3 1500.000000
108.637663 1 2 1500.000000
108.651370 1 2 20000.000000
108.730468 1 0 1500.000000
108.764600 1 0 1500.000000
108.775941 1 0 1500.000000
108.872121 1 0 1500.000000
108.896676 1 1 3000000.000000
109.219405 1 0 100000.000000
109.280710 1 0 1500.000000
109.739377 1 0 2000000.000000
109.884915 1 1 1500.000000
110.532520 1 3 100000.000000
110.629658 1 1 20000.000000
110.642338 1 1 200000.000000
110.696699 1 2 1500.000000
111.010730 1 3 100000.000000
111.072938 1 3 1500.000000
111.082457 1 0 2000000.000000
111.132782 1 0 200000.000000
111.457338 1 3 100000.000000
111.692012 1 1 200000.000000
111.898799 1 3 10000.000000
111.927908 1 2 1500.000000
112.053848 1 0 200000.000000
112.164232 1 1 3000.000000
112.328169 1 2 3000000.000000
112.365315 1 1 4000000.000000
112.491668 1 2 1500.000000
112.885645 1 0 100000.000000
112.970280 1 3 3000000.000000
113.750983 1 0 200000.000000
114.239502 1 3 1500.000000
114.270012 1 3 20000.000000
114.281717 1 3 3000.000000
114.558015 1 0 100000.000000
114.638208 1 0 100000.000000
115.054489 1 1 1000000.000000
115.220223 1 0 1500.000000
115.654736 1 3 20000.000000
115.876331 1 2 1500.000000
116.102601 1 0 20000.000000
116.244832 1 3 100000.000000
116.253545 1 2 1500.000000
117.231574 1 3 1500.000000
117.681870 1 1 4000000.000000
117.770437 1 2 1500.000000
118.127747 1 1 200000.000000
118.552337 1 0 3000000.000000
118.867871 1 1 1500.000000
119.017434 1 0 1500.000000
119.999423 1 2 1500.000000
120.038420 1 3 100000.000000
120.170350 1 0 1500.000000
120.947360 1 0 3000.000000
121.182712 1 3 4000000.000000
121.720409 1 3 1000000.000000
122.181790 1 3 1500.000000
122.208862 1 1 3000.000000
122.392867 1 0 1500.000000
122.395556 1 1 1500.000000
122.419213 1 0 4000000.000000
122.509792 1 2 1500.000000
122.545673 1 0 1500.000000
122.612391 1 2 1500.000000
122.743389 1 2 3000000.000000
122.869437 1 0 10000.000000
122.925195 1 3 1500.000000
122.941021 1 1 1500.000000
123.051664 1 3 20000.000000
123.394882 1 2 3000000.000000
123.458461 1 3 200000.000000
123.547314 1 2 4000000.000000
124.005341 1 0 3000.000000
124.296201 1 1 2000000.000000
124.968843 1 1 1500.000000
125.466784 1 1 1500.000000
125.708053 1 1 100000.000000
125.742246 1 2 200000.000000
125.826176 1 2 200000.000000
126.073693 1 3 10000.000000
126.552369 1 0 1500.000000
126.841974 1 1 1500.000000
126.878608 1 3 3000000.000000
127.157883 1 3 100000.000000
127.399911 1 3 200000.000000
127.446905 1 0 3000000.000000
127.528051 1 3 100000.000000
127.881120 1 2 1000000.000000
128.173745 1 3 100000.000000
128.269298 1 0 100000.000000
128.723191 1 1 3000.000000
129.188593 1 1 1500.000000
129.215570 1 1 4000000.000000
129.231462 1 3 3000000.000000
129.415377 1 0 200000.000000
129.528376 1 0 1500.000000
129.677678 1 2 1500.000000
129.747126 1 0 3000000.000000
129.939764 1 0 200000.000000
130.181224 1 3 4000000.000000
130.603811 1 0 1500.000000
130.686863 1 2 200000.000000
130.773420 1 3 200000.000000
130.826423 1 0 1000000.000000
131.467482 1 3 4000000.000000
131.471244 1 2 3000.000000
131.497220 1 2 1500.000000
131.509610 1 2 1000000.000000
132.561452 1 2 10000.000000
132.578501 1 3 4000000.000000
133.071482 1 1 3000.000000
133.130413 1 3 4000000.000000
133.699679 1 1 1500.000000
133.712873 1 1 1500.000000
133.830874 1 2 1000000.000000
134.426081 1 0 1500.000000
134.950568 1 0 1500.000000
135.333186 1 3 3000.000000
135.336239 1 3 1500.000000
135.740310 1 1 4000000.000000
135.999999 1 3 4000000.000000
136.577573 1 3 1500.000000
136.687022 1 2 1500.000000
136.791444 1 2 20000.000000
136.812859 1 0 10000.000000
137.190949 1 0 100000.000000
137.496042 1 1 1500.000000
137.534743 1 0 3000000.000000
137.571335 1 3 3000000.000000
138.060289 1 3 1500.000000
138.471631 1 2 1500.000000
138.556878 1 0 1500.000000
138.916214 1 2 4000000.000000
138.965721 1 2 1500.000000
139.151485 1 2 1500.000000
139.285899 1 1 10000.000000
139.456959 1 3 20000.000000
139.700137 1 0 20000.000000
139.833324 1 2 1500.000000
139.992303 1 2 10000.000000
140.538185 1 3 10000.000000
140.654533 1 3 20000.000000
140.679436 1 2 100000.000000
140.918984 1 2 100000.000000
141.226006 1 1 20000.000000
141.414236 1 2 10000.000000
141.424452 1 1 4000000.000000
141.498398 1 2 1500.000000
141.616795 1 2 200000.000000
141.681881 1 1 1500.000000
142.275846 1 3 3000000.000000
142.642596 1 3 200000.000000
143.143822 1 3 4000000.000000
143.376507 1 0 3000.000000
143.729533 1 1 200000.000000
143.961591 1 0 3000.000000
144.055114 1 1 3000000.000000
144.474425 1 1 1500.000000
144.697427 1 3 1500.000000
144.781967 1 0 1000000.000000
145.125255 1 1 1500.000000
145.390994 1 0 100000.000000
145.525839 1 1 1000000.000000
145.660949 1 1 20000.000000
145.877253 1 2 1500.000000
146.378678 1 1 3000000.000000
146.429849 1 1 100000.000000
147.233109 1 0 1000000.000000
147.645845 1 3 1500.000000
147.990480 1 2 200000.000000
148.099028 1 3 1500.000000
148.540921 1 0 3000000.000000
149.264636 1 1 3000.000000
149.539581 1 3 1500.000000
0.082694 2 1 20000.000000
0.249988 2 2 4000000.000000
0.576259 2 1 1500.000000
0.612816 2 0 3000000.000000
0.748723 2 1 3000000.000000
1.300916 2 3 100000.000000
1.651446 2 0 4000000.000000
1.683845 2 1 1000000.000000
1.832841 2 0 1500.000000
2.093063 2 2 3000.000000
2.874692 2 2 1500.000000
3.051285 2 3 200000.000000
3.098428 2 2 100000.000000
3.100037 2 1 1500.000000
3.137929 2 1 1500.000000
3.191937 2 1 1500.000000
3.225380 2 3 100000.000000
3.524673 2 0 3000000.000000
3.659348 2 1 100000.000000
3.680003 2 0 4000000.000000
3.849268 2 1 1500.000000
4.367907 2 2 1500.000000
4.568665 2 3 4000000.000000
5.323063 2 0 4000000.000000
5.330180 2 1 100000.000000
5.954975 2 2 1500.000000
6.248447 2 3 10000.000000
6.571515 2 1 4000000.000000
6.690603 2 0 10000.000000
6.752325 2 1 10000.000000
7.212294 2 3 20000.000000
7.428030 2 3 1500.000000
7.523774 2 1 1500.000000
7.702608 2 0 4000000.000000
7.780828 2 3 1500.000000
8.134006 2 1 200000.000000
8.330056 2 3 100000.000000
8.490295 2 3 4000000.000000
8.528232 2 3 20000.000000
8.533863 2 1 2000000.000000
8.782846 2 1 1500.000000
9.242587 2 0 1000000.000000
9.311593 2 0 4000000.000000
9.384101 2 2 1500.000000
9.519073 2 1 1000000.000000
9.555107 2 2 1500.000000
9.867662 2 2 1500.000000
9.918128 2 3 1500.000000
10.123075 2 1 1500.000000
10.403292 2 2 200000.000000
10.921266 2 3 1500.000000
10.945412 2 1 4000000.000000
11.160292 2 3 1500.000000
11.953197 2 0 1500.000000
12.046941 2 3 3000000.000000
12.252398 2 3 1500.000000
12.564440 2 0 200000.000000
12.824059 2 1 100000.000000
12.873537 2 1 1000000.000000
13.044150 2 1 1500.000000
13.754375 2 3 1500.000000
13.809829 2 3 3000000.000000
13.866097 2 0 1500.000000
14.479000 2 0 1500.000000
14.508446 2 2 100000.000000
14.523294 2 2 1000000.000000
14.682769 2 3 1500.000000
14.710830 2 0 1500.000000
14.718645 2 0 1500.000000
15.269057 2 1 200000.000000
15.274488 2 2 100000.000000
15.433153 2 0 3000000.000000
15.886382 2 3 20000.000000
15.979372 2 3 4000000.000000
16.204031 2 1 2000000.000000
16.527409 2 3 2000000.000000
16.687781 2 3 1500.000000
16.832664 2 1 100000.000000
16.909281 2 1 3000000.000000
17.054106 2 1 1500.000000
17.766756 2 1 2000000.000000
17.950081 2 0 200000.000000
17.986166 2 2 1500.000000
18.219034 2 2 1500.000000
18.445314 2 1 1500.000000
18.504366 2 2 4000000.000000
18.543498 2 3 1500.000000
18.641316 2 1 1000000.000000
18.677805 2 0 1500.000000
18.724311 2 0 1500.000000
18.821945 2 0 2000000.000000
19.170045 2 2 100000.000000
19.439478 2 2 100000.000000
19.779115 2 3 1500.000000
19.902573 2 2 1500.000000
20.368003 2 2 2000000.000000
20.442043 2 3 3000000.000000
20.586413 2 3 3000000.000000
21.687114 2 3 3000000.000000
22.149673 2 0 10000.000000
22.296198 2 1 100000.000000
22.381784 2 3 1500.000000
22.422553 2 0 1500.000000
22.542980 2 3 1000000.000000
23.093848 2 1 20000.000000
23.436581 2 3 4000000.000000
23.582463 2 3 3000.000000
23.950859 2 1 3000000.000000
23.998397 2 1 100000.000000
24.410997 2 0 10000.000000
24.561903 2 0 1000000.000000
24.817391 2 2 1500.000000
25.034248 2 0 1500.000000
25.325716 2 0 200000.000000
25.675259 2 3 200000.000000
25.800807 2 3 200000.000000
26.572618 2 2 100000.000000
26.728235 2 0 1500.000000
26.840400 2 3 100000.000000
27.084771 2 0 200000.000000
27.124013 2 3 3000000.000000
27.408540 2 1 1500.000000
27.956167 2 0 1500.000000
27.990217 2 3 1500.000000
28.067314 2 2 100000.000000
28.112622 2 1 3000000.000000
28.162075 2 1 10000.000000
28.324639 2 1 4000000.000000
28.852161 2 1 1500.000000
29.064639 2 1 1500.000000
29.144983 2 2 3000000.000000
29.160437 2 0 1500.000000
29.166771 2 3 200000.000000
29.246386 2 0 200000.000000
29.295609 2 1 1500.000000
29.607240 2 2 1000000.000000
29.629783 2 3 10000.000000
29.775606 2 3 3000.000000
30.103688 2 2 200000.000000
30.313478 2 1 1000000.000000
30.399025 2 2 3000000.000000
30.540834 2 3 1500.000000
30.720046 2 3 1500.000000
30.889052 2 1 1500.000000
31.211936 2 3 1000000.000000
31.231916 2 1 1500.000000
31.262416 2 0 1500.000000
31.308191 2 2 4000000.000000
31.353528 2 2 1500.000000
31.407908 2 2 4000000.000000
31.420669 2 2 3000.000000
31.882250 2 0 200000.000000
32.062926 2 0 1500.000000
32.430980 2 1 4000000.000000
32.524469 2 1 200000.000000
33.094364 2 0 1500.000000
33.391013 2 1 2000000.000000
33.565915 2 3 4000000.000000
33.791604 2 0 2000000.000000
33.990729 2 1 100000.000000
34.082053 2 3 200000.000000
34.771457 2 1 1500.000000
34.908393 2 3 1500.000000
35.005959 2 3 1500.000000
35.007289 2 2 1500.000000
35.540177 2 1 100000.000000
35.709042 2 1 1500.000000
35.758313 2 2 20000.000000
35.766129 2 0 1500.000000
35.769375 2 1 100000.000000
35.950454 2 1 100000.000000
36.143541 2 1 1500.000000
37.101462 2 0 10000.000000
37.191871 2 3 10000.000000
37.210560 2 1 10000.000000
37.233120 2 0 1500.000000
37.604457 2 2 1500.000000
37.639111 2 0 10000.000000
37.736889 2 1 1500.000000
37.982545 2 0 1500.000000
38.122061 2 0 1500.000000
38.337073 2 3 4000000.000000
38.353626 2 3 200000.000000
38.400676 2 3 100000.000000
38.403146 2 0 3000.000000
38.404119 2 1 3000.000000
38.986997 2 1 3000000.000000
39.050075 2 1 3000.000000
39.235587 2 3 4000000.000000
39.332291 2 3 1500.000000
39.439344 2 1 3000000.000000
39.502381 2 1 1500.000000
39.836922 2 1 4000000.000000
39.925483 2 1 3000000.000000
40.054967 2 0 20000.000000
40.100269 2 1 4000000.000000
40.145246 2 3 1500.000000
40.727985 2 1 1500.000000
40.916429 2 2 3000000.000000
40.967443 2 1 100000.000000
40.983120 2 1 4000000.000000
41.136219 2 0 3000000.000000
41.185714 2 2 3000000.000000
41.243485 2 1 200000.000000
41.312610 2 2 1500.000000
41.321505 2 2 2000000.000000
41.542185 2 3 1500.000000
41.631782 2 2 100000.000000
41.692774 2 0 2000000.000000
41.738838 2 2 1500.000000
41.776657 2 1 100000.000000
42.060185 2 0 4000000.000000
42.224999 2 0 20000.000000
42.736018 2 2 1000000.000000
43.220451 2 2 3000.000000
43.422197 2 0 1500.000000
43.990676 2 3 1000000.000000
44.136839 2 3 1500.000000
44.617713 2 2 2000000.000000
44.764346 2 2 1500.000000
44.766659 2 0 10000.000000
45.182772 2 3 2000000.000000
45.314225 2 3 200000.000000
45.703707 2 0 1500.000000
45.949815 2 2 3000.000000
46.206462 2 3 3000000.000000
46.572058 2 2 4000000.000000
46.640943 2 0 200000.000000
47.093189 2 1 10000.000000
47.374851 2 0 3000.000000
47.744105 2 2 1500.000000
47.873883 2 3 1500.000000
47.894817 2 1 200000.000000
48.046804 2 2 1500.000000
48.351584 2 2 4000000.000000
48.454285 2 0 3000.000000
49.058541 2 1 200000.000000
49.299260 2 2 4000000.000000
49.325590 2 2 200000.000000
49.633780 2 0 3000000.000000
49.833859 2 0 100000.000000
50.161086 2 3 1500.000000
50.273414 2 3 100000.000000
50.453539 2 0 100000.000000
50.737572 2 2 1500.000000
51.014407 2 0 2000000.000000
51.267203 2 1 100000.000000
51.467211 2 2 3000.000000
51.765007 2 2 1500.000000
51.769513 2 2 1000000.000000
52.036569 2 1 3000000.000000
52.531162 2 3 4000000.000000
52.854662 2 3 3000000.000000
52.950370 2 0 3000.000000
53.286679 2 3 1500.000000
53.433784 2 1 1500.000000
53.476010 2 0 1500.000000
54.111748 2 2 1500.000000
54.325954 2 0 1500.000000
54.474851 2 0 1500.000000
54.490094 2 3 1500.000000
54.621698 2 2 200000.000000
54.971090 2 0 1500.000000
55.013902 2 2 100000.000000
55.289175 2 1 1500.000000
56.064194 2 2 100000.000000
56.379219 2 0 20000.000000
56.488312 2 1 1500.000000
56.669466 2 2 4000000.000000
56.700282 2 0 10000.000000
56.842460 2 2 1500.000000
56.865702 2 1 1000000.000000
56.889597 2 1 100000.000000
57.051835 2 2 3000000.000000
57.117944 2 1 3000000.000000
57.433648 2 3 100000.000000
57.496221 2 3 1000000.000000
58.059321 2 0 1500.000000
58.061959 2 2 3000000.000000
58.073462 2 1 100000.000000
58.291228 2 0 200000.000000
58.517760 2 2 1500.000000
58.555625 2 1 1500.000000
58.669394 2 3 100000.000000
58.999505 2 1 1500.000000
59.018387 2 1 1500.000000
59.094228 2 0 1500.000000
59.348754 2 1 1500.000000
59.446314 2 1 100000.000000
59.447198 2 3 3000000.000000
59.536196 2 3 1500.000000
59.988265 2 3 10000.000000
60.005328 2 0 2000000.000000
60.010982 2 2 1500.000000
60.357428 2 3 1500.000000
60.497251 2 2 1000000.000000
60.750415 2 3 4000000.000000
61.044934 2 3 1500.000000
61.179661 2 0 4000000.000000
61.230647 2 1 1000000.000000
61.299033 2 1 1500.000000
61.301686 2 0 10000.000000
61.873520 2 1 4000000.000000
63.255274 2 2 3000000.000000
63.267200 2 1 10000.000000
63.388531 2 1 4000000.000000
64.019079 2 0 1500.000000
64.119241 2 3 3000000.000000
64.570288 2 1 1500.000000
65.081824 2 3 200000.000000
65.238796 2 0 10000.000000
65.266969 2 3 1500.000000
65.389734 2 2 200000.000000
65.418678 2 1 1500.000000
65.585788 2 0 4000000.000000
65.686183 2 3 1500.000000
66.358335 2 0 1000000.000000
67.302416 2 2 10000.000000
67.848260 2 1 1500.000000
68.138494 2 0 1500.000000
68.281291 2 2 1500.000000
68.450767 2 3 100000.000000
68.887946 2 2 100000.000000
69.194277 2 2 1500.000000
69.386976 2 3 200000.000000
69.511687 2 3 1500.000000
69.780300 2 0 3000000.000000
69.930190 2 3 1500.000000
70.020142 2 0 1000000.000000
70.722638 2 1 1000000.000000
70.724765 2 2 4000000.000000
71.358308 2 1 10000.000000
72.055844 2 0 1500.000000
72.113750 2 0 10000.000000
72.818974 2 0 1500.000000
73.001531 2 3 4000000.000000
73.153957 2 2 3000000.000000
73.192750 2 0 4000000.000000
73.663324 2 0 1500.000000
74.485455 2 0 1500.000000
74.730445 2 0 200000.000000
75.612389 2 3 1000000.000000
75.863684 2 2 1000000.000000
75.921329 2 3 4000000.000000
75.930238 2 3 3000.000000
76.117214 2 3 1000000.000000
76.299107 2 0 1500.000000
76.588444 2 0 20000.000000
76.755373 2 0 1500.000000
76.768374 2 1 1000000.000000
76.781037 2 1 1500.000000
77.347691 2 2 100000.000000
77.497845 2 3 1500.000000
77.678703 2 0 2000000.000000
77.684297 2 0 1500.000000
78.431309 2 3 10000.000000
78.706021 2 3 3000.000000
78.753274 2 1 1500.000000
79.093825 2 1 4000000.000000
79.109885 2 0 1500.000000
79.208832 2 0 100000.000000
79.693606 2 1 1500.000000
79.766283 2 3 200000.000000
80.077488 2 1 4000000.000000
80.389633 2 3 100000.000000
80.533103 2 3 1500.000000
81.013208 2 0 4000000.000000
81.154009 2 0 4000000.000000
81.301123 2 3 200000.000000
81.407655 2 3 1500.000000
81.674977 2 0 1500.000000
81.739103 2 1 1500.000000
82.070356 2 1 1500.000000
82.186582 2 1 3000.000000
82.356868 2 3 100000.000000
82.491078 2 2 4000000.000000
82.671255 2 0 1500.000000
82.688931 2 0 100000.000000
82.766483 2 2 1000000.000000
82.828646 2 3 20000.000000
82.941790 2 1 1000000.000000
82.986446 2 1 10000.000000
83.080472 2 0 1500.000000
83.208381 2 0 100000.000000
83.381627 2 1 1000000.000000
84.175141 2 3 3000.000000
84.268116 2 3 1500.000000
84.696880 2 1 1500.000000
85.342107 2 3 3000000.000000
85.348056 2 3 4000000.000000
85.718244 2 3 1500.000000
85.893453 2 1 100000.000000
85.970502 2 1 1500.000000
86.078661 2 2 1500.000000
86.189148 2 0 200000.000000
86.208631 2 0 1000000.000000
86.214472 2 0 1500.000000
86.430813 2 2 200000.000000
86.927307 2 3 1500.000000
87.357492 2 3 4000000.000000
87.736151 2 2 2000000.000000
87.921649 2 2 1500.000000
88.537753 2 3 100000.000000
88.784091 2 2 200000.000000
88.867986 2 1 1500.000000
89.289665 2 0 3000000.000000
90.209968 2 2 100000.000000
90.218847 2 3 1500.000000
90.288600 2 0 1500.000000
90.678677 2 3 1500.000000
90.706836 2 3 4000000.000000
90.931207 2 1 1500.000000
91.204410 2 2 100000.000000
91.305038 2 3 200000.000000
91.488714 2 1 4000000.000000
91.537827 2 2 100000.000000
91.726162 2 2 4000000.000000
91.791576 2 1 200000.000000
92.028480 2 0 4000000.000000
92.070395 2 0 20000.000000
92.077671 2 0 20000.000000
92.942258 2 2 2000000.000000
93.135788 2 2 3000000.000000
93.276191 2 3 1500.000000
93.523905 2 0 3000000.000000
93.838020 2 2 1500.000000
94.046991 2 2 1500.000000
94.250879 2 3 1500.000000
94.591787 2 2 4000000.000000
94.721147 2 2 3000.000000
95.088174 2 1 3000.000000
95.220279 2 0 2000000.000000
95.253643 2 1 200000.000000
95.509669 2 1 3000.000000
95.614660 2 1 3000000.000000
95.880790 2 0 200000.000000
95.923392 2 1 1500.000000
96.219370 2 0 10000.000000
96.778218 2 0 10000.000000
97.294876 2 2 1500.000000
97.568469 2 2 1500.000000
97.650703 2 0 1500.000000
97.761223 2 0 4000000.000000
97.779501 2 1 100000.000000
98.060281 2 1 3000000.000000
98.222438 2 3 4000000.000000
98.648860 2 3 10000.000000
99.117384 2 2 1500.000000
99.179406 2 0 1500.000000
99.322275 2 3 1000000.000000
99.850704 2 0 1500.000000
99.850800 2 3 4000000.000000
100.328289 2 1 2000000.000000
100.685029 2 2 3000000.000000
101.161570 2 3 200000.000000
101.471262 2 2 100000.000000
101.591819 2 1 1000000.000000
101.879020 2 1 100000.000000
102.027236 2 1 1000000.000000
102.359111 2 1 200000.000000
102.875748 2 1 1500.000000
103.239250 2 2 3000000.000000
103.421585 2 3 3000000.000000
103.581159 2 2 100000.000000
104.024448 2 0 1500.000000
104.242929 2 1 1500.000000
104.587869 2 0 200000.000000
104.977392 2 2 3000000.000000
105.291034 2 3 200000.000000
105.438486 2 3 1500.000000
105.593569 2 1 1500.000000
105.992918 2 3 100000.000000
106.058056 2 0 3000000.000000
106.068242 2 0 1500.000000
106.094698 2 3 1500.000000
106.233265 2 1 1500.000000
106.452216 2 1 1500.000000
107.031380 2 2 1500.000000
107.594285 2 3 10000.000000
107.861543 2 0 100000.000000
107.957304 2 1 100000.000000
108.169038 2 0 1500.000000
108.574683 2 1 100000.000000
108.613516 2 2 1000000.000000
108.691672 2 3 1500.000000
108.904077 2 3 100000.000000
108.956893 2 0 1500.000000
109.033185 2 2 20000.000000
109.062402 2 3 2000000.000000
109.786989 2 2 2000000.000000
109.921531 2 0 1500.000000
110.047028 2 0 1000000.000000
110.101093 2 2 200000.000000
110.371160 2 2 1500.000000
110.425460 2 2 1500.000000
110.894070 2 1 3000000.000000
111.262216 2 3 1500.000000
111.355600 2 0 10000.000000
111.606586 2 0 1500.000000
111.637211 2 1 100000.000000
111.979031 2 0 200000.000000
112.064933 2 3 10000.000000
112.265365 2 2 1500.000000
112.414114 2 1 1500.000000
112.531674 2 0 1000000.000000
112.639661 2 1 1500.000000
113.205917 2 3 3000.000000
113.529650 2 3 1500.000000
113.654857 2 3 3000000.000000
114.027415 2 3 100000.000000
114.101707 2 0 3000000.000000
114.160711 2 0 1500.000000
114.222943 2 2 3000.000000
114.374289 2 0 3000.000000
114.492813 2 2 3000000.000000
114.636002 2 1 200000.000000
114.652267 2 1 1500.000000
114.804429 2 3 3000000.000000
115.056335 2 2 1500.000000
115.157822 2 1 1500.000000
115.958622 2 0 200000.000000
116.123795 2 3 1500.000000
116.178535 2 3 1500.000000
116.229271 2 0 100000.000000
116.314250 2 0 10000.000000
116.324352 2 3 3000.000000
116.354433 2 1 200000.000000
116.383305 2 3 1500.000000
117.044820 2 3 1500.000000
117.122431 2 2 200000.000000
117.653947 2 0 1000000.000000
117.811995 2 1 1500.000000
118.777830 2 0 100000.000000
118.878112 2 1 1500.000000
118.899780 2 1 1000000.000000
119.298562 2 0 4000000.000000
119.394647 2 1 4000000.000000
119.449988 2 0 1500.000000
119.612004 2 2 1500.000000
119.657084 2 3 10000.000000
120.000590 2 0 3000000.000000
120.003248 2 2 3000.000000
120.075521 2 2 10000.000000
120.375180 2 1 4000000.000000
120.378049 2 1 4000000.000000
120.417314 2 3 1000000.000000
120.524461 2 2 100000.000000
120.865437 2 3 100000.000000
121.117350 2 1 200000.000000
121.141764 2 0 1500.000000
121.146479 2 3 100000.000000
121.304557 2 3 3000000.000000
121.471856 2 1 3000000.000000
121.795628 2 0 4000000.000000
122.468759 2 3 1500.000000
122.918993 2 2 100000.000000
123.184576 2 2 1500.000000
123.196764 2 1 3000000.000000
123.215662 2 2 1500.000000
123.416618 2 1 3000000.000000
123.449154 2 1 100000.000000
123.591715 2 2 4000000.000000
123.853016 2 1 3000000.000000
124.053054 2 2 1000000.000000
124.238389 2 2 1500.000000
124.259392 2 0 20000.000000
124.362058 2 0 200000.000000
124.654515 2 1 1500.000000
124.754389 2 2 3000000.000000
124.954609 2 0 4000000.000000
125.008113 2 1 1500.000000
125.054089 2 2 3000000.000000
125.434142 2 3 4000000.000000
125.614013 2 3 200000.000000
125.664980 2 2 100000.000000
125.819935 2 1 3000.000000
126.039846 2 1 1500.000000
126.453535 2 3 3000000.000000
126.552199 2 1 1000000.000000
126.752370 2 1 200000.000000
126.759565 2 1 1500.000000
127.912299 2 0 3000000.000000
128.334651 2 1 1500.000000
128.495924 2 2 1500.000000
128.676931 2 2 1500.000000
128.867826 2 2 1500.000000
129.321412 2 1 1500.000000
130.159636 2 2 1500.000000
130.292100 2 3 3000000.000000
130.854186 2 1 10000.000000
132.126258 2 2 1500.000000
132.340930 2 1 200000.000000
132.500511 2 2 1500.000000
133.056200 2 2 10000.000000
133.301068 2 2 1500.000000
133.766571 2 2 4000000.000000
134.055082 2 2 200000.000000
134.256505 2 0 4000000.000000
134.451055 2 3 10000.000000
135.043337 2 3 100000.000000
135.077867 2 1 3000000.000000
135.197113 2 1 1500.000000
135.269999 2 1 1500.000000
135.308598 2 2 1500.000000
135.553398 2 1 100000.000000
135.827767 2 2 1500.000000
136.116451 2 2 1500.000000
136.409776 2 3 1500.000000
136.614116 2 0 100000.000000
136.947989 2 0 1500.000000
137.591047 2 1 1500.000000
137.629683 2 2 3000000.000000
137.670994 2 1 1500.000000
137.895168 2 3 100000.000000
137.970951 2 1 4000000.000000
138.496314 2 3 3000.000000
138.856551 2 0 100000.000000
138.892222 2 0 3000000.000000
139.631299 2 0 1500.000000
139.697713 2 2 10000.000000
139.729349 2 1 1500.000000
139.944287 2 1 3000000.000000
139.956546 2 0 3000000.000000
140.235041 2 1 1500.000000
140.241196 2 2 1500.000000
140.346682 2 3 1500.000000
140.533031 2 0 200000.000000
140.842714 2 3 20000.000000
141.244950 2 3 3000000.000000
142.173195 2 3 3000.000000
142.229111 2 0 1000000.000000
142.277616 2 2 1500.000000
142.653685 2 2 100000.000000
142.671778 2 2 10000.000000
142.793900 2 0 1500.000000
142.998569 2 1 1500.000000
143.189026 2 1 1000000.000000
143.370581 2 2 3000000.000000
144.357506 2 3 200000.000000
145.325675 2 2 1500.000000
145.353866 2 0 1500.000000
145.449483 2 0 3000.000000
145.491519 2 2 1500.000000
145.888615 2 3 200000.000000
146.045909 2 1 4000000.000000
146.177180 2 2 20000.000000
146.288511 2 0 4000000.000000
146.315006 2 2 200000.000000
146.492575 2 3 1500.000000
146.529045 2 1 1500.000000
146.590060 2 1 10000.000000
146.882495 2 2 10000.000000
146.961467 2 1 200000.000000
147.119825 2 0 3000.000000
147.135062 2 3 1500.000000
147.154758 2 1 1500.000000
147.263372 2 0 1000000.000000
147.372710 2 0 1500.000000
147.422901 2 1 1500.000000
147.529775 2 1 1000000.000000
147.665849 2 1 1500.000000
147.741299 2 0 200000.000000
148.037741 2 0 3000.000000
148.108132 2 0 1500.000000
148.393307 2 3 3000000.000000
148.534151 2 0 1500.000000
148.874633 2 0 1000000.000000
148.963931 2 3 100000.000000
149.155633 2 2 100000.000000
149.695577 2 1 1500.000000
149.877465 2 2 3000.000000
149.988956 2 0 1500.000000
0.190106 3 3 3000000.000000
0.211999 3 2 1500.000000
0.456549 3 0 1000000.000000
0.617061 3 3 200000.000000
0.714768 3 2 1500.000000
1.140900 3 3 100000.000000
1.175778 3 2 4000000.000000
1.481471 3 3 200000.000000
1.511564 3 1 4000000.000000
1.637802 3 2 1500.000000
2.007153 3 1 100000.000000
2.161772 3 2 1000000.000000
2.678629 3 1 1500.000000
2.713751 3 0 10000.000000
2.793648 3 1 100000.000000
2.817074 3 2 200000.000000
3.041932 3 1 3000000.000000
3.189977 3 1 200000.000000
3.384714 3 3 1500.000000
3.574823 3 0 4000000.000000
3.820042 3 3 1500.000000
4.427260 3 1 1500.000000
4.490815 3 3 1500.000000
4.608126 3 0 10000.000000
4.633794 3 3 200000.000000
4.868548 3 1 1500.000000
5.099544 3 0 1500.000000
5.113525 3 3 4000000.000000
5.494706 3 2 4000000.000000
6.669720 3 0 3000.000000
6.807125 3 3 100000.000000
6.824764 3 3 3000000.000000
7.195945 3 3 3000.000000
8.263790 3 3 100000.000000
8.284448 3 0 4000000.000000
8.617430 3 1 2000000.000000
8.645057 3 2 100000.000000
8.930410 3 2 1500.000000
8.998052 3 2 3000.000000
9.023379 3 1 1500.000000
9.183722 3 0 200000.000000
9.254114 3 1 3000.000000
9.530584 3 1 4000000.000000
9.671814 3 1 1500.000000
9.680465 3 3 1000000.000000
10.218917 3 2 1500.000000
10.272128 3 1 1500.000000
10.291050 3 3 2000000.000000
10.604410 3 2 3000.000000
10.682690 3 3 4000000.000000
11.100771 3 1 3000000.000000
11.265929 3 3 3000000.000000
11.315641 3 2 3000000.000000
12.127524 3 1 1500.000000
12.535951 3 3 200000.000000
12.586661 3 1 1500.000000
12.718350 3 1 100000.000000
12.737465 3 0 2000000.000000
12.777203 3 2 200000.000000
13.075639 3 2 10000.000000
13.409740 3 3 10000.000000
13.858873 3 0 1000000.000000
14.073775 3 3 1500.000000
14.337796 3 1 10000.000000
14.577828 3 2 3000.000000
14.683036 3 0 1500.000000
15.140754 3 1 1500.000000
15.247760 3 3 200000.000000
15.316742 3 0 1500.000000
15.318720 3 0 1000000.000000
15.321818 3 0 3000000.000000
15.403726 3 3 1500.000000
15.515455 3 0 1500.000000
15.676921 3 0 10000.000000
15.813104 3 0 1500.000000
16.085250 3 0 1500.000000
16.459241 3 0 200000.000000
16.601972 3 0 2000000.000000
17.476090 3 3 1500.000000
17.486589 3 0 200000.000000
17.536979 3 2 1500.000000
17.716162 3 1 1000000.000000
17.778820 3 0 100000.000000
18.176239 3 2 3000000.000000
18.218822 3 1 3000000.000000
18.277139 3 0 1500.000000
18.332922 3 0 200000.000000
18.430878 3 3 1500.000000
18.602971 3 2 1500.000000
18.915301 3 2 4000000.000000
18.957614 3 2 4000000.000000
19.057728 3 3 10000.000000
19.089756 3 2 3000000.000000
19.456574 3 1 3000000.000000
19.559840 3 1 20000.000000
20.124906 3 3 10000.000000
20.442122 3 3 3000000.000000
20.837216 3 2 100000.000000
21.128665 3 1 1500.000000
21.598670 3 0 200000.000000
21.653300 3 3 100000.000000
21.785567 3 0 1500.000000
22.161676 3 0 200000.000000
22.344643 3 3 2000000.000000
22.455824 3 2 4000000.000000
22.939249 3 2 3000000.000000
23.459744 3 0 100000.000000
24.379903 3 3 1500.000000
24.431781 3 0 200000.000000
24.514960 3 0 1500.000000
24.634485 3 3 3000000.000000
24.672682 3 0 1500.000000
24.676117 3 0 3000000.000000
24.769742 3 1 1500.000000
24.794109 3 3 3000000.000000
25.090213 3 0 3000000.000000
25.198646 3 3 1000000.000000
25.232412 3 1 1500.000000
25.336753 3 3 20000.000000
25.452795 3 2 4000000.000000
25.673211 3 1 1500.000000
25.979282 3 2 10000.000000
26.209182 3 1 1500.000000
26.240404 3 0 1500.000000
26.465852 3 3 1500.000000
26.650102 3 3 10000.000000
26.899453 3 0 1500.000000
27.117382 3 0 200000.000000
27.246975 3 2 1500.000000
27.420660 3 2 200000.000000
27.585530 3 3 1000000.000000
27.697502 3 3 3000000.000000
27.735144 3 2 1000000.000000
27.837091 3 2 20000.000000
27.905261 3 0 100000.000000
28.058645 3 3 1500.000000
28.268540 3 1 1500.000000
28.544972 3 3 1500.000000
28.578703 3 3 1500.000000
28.594541 3 0 1000000.000000
29.103532 3 0 1500.000000
29.169191 3 0 100000.000000
29.352104 3 0 3000.000000
29.365083 3 1 3000000.000000
29.473698 3 2 1500.000000
29.531618 3 0 10000.000000
29.636025 3 2 200000.000000
29.810035 3 0 10000.000000
30.651708 3 0 3000000.000000
30.765416 3 2 1500.000000
31.046809 3 2 1500.000000
31.068025 3 2 2000000.000000
31.505633 3 3 3000000.000000
31.516174 3 2 100000.000000
31.839567 3 1 200000.000000
31.865337 3 1 1500.000000
32.046606 3 2 20000.000000
32.452882 3 2 200000.000000
32.510920 3 2 1500.000000
32.524206 3 1 10000.000000
32.539818 3 3 100000.000000
32.644707 3 1 1500.000000
32.836290 3 0 1500.000000
32.993551 3 3 100000.000000
33.815310 3 3 100000.000000
33.897210 3 1 200000.000000
34.286216 3 3 4000000.000000
34.566735 3 1 100000.000000
34.795187 3 1 1500.000000
35.104218 3 0 4000000.000000
35.134576 3 2 10000.000000
35.367242 3 0 100000.000000
35.427612 3 3 1500.000000
35.548922 3 3 1500.000000
35.686391 3 2 2000000.000000
35.870394 3 1 3000000.000000
35.948310 3 1 1500.000000
36.307572 3 3 100000.000000
36.445141 3 0 3000000.000000
36.663021 3 2 1500.000000
37.442554 3 0 2000000.000000
38.613002 3 1 3000000.000000
38.824724 3 2 1500.000000
40.013394 3 1 100000.000000
40.560370 3 2 4000000.000000
41.109658 3 3 1500.000000
41.289560 3 3 3000000.000000
41.293628 3 1 3000000.000000
41.293847 3 2 1500.000000
41.423120 3 3 1500.000000
41.466183 3 0 4000000.000000
41.534932 3 1 1500.000000
41.648331 3 2 1500.000000
41.747750 3 2 200000.000000
41.808565 3 3 3000000.000000
41.865200 3 2 10000.000000
41.886712 3 3 4000000.000000
41.979331 3 2 10000.000000
42.316678 3 2 200000.000000
42.361545 3 2 1000000.000000
42.477147 3 1 100000.000000
42.481040 3 1 1500.000000
42.500416 3 0 200000.000000
43.077504 3 2 4000000.000000
43.213984 3 2 1500.000000
43.223549 3 2 100000.000000
43.233470 3 1 1500.000000
43.257764 3 3 1000000.000000
43.429328 3 1 1500.000000
43.559216 3 2 3000.000000
43.586658 3 2 100000.000000
43.742894 3 0 200000.000000
43.860544 3 3 1500.000000
43.946205 3 0 3000000.000000
44.242815 3 2 100000.000000
45.279159 3 3 4000000.000000
45.410192 3 3 1500.000000
45.421849 3 3 4000000.000000
45.423098 3 3 4000000.000000
45.591084 3 2 3000000.000000
46.442588 3 2 1500.000000
46.657599 3 0 200000.000000
46.901314 3 0 2000000.000000
47.206423 3 2 200000.000000
47.309058 3 1 1000000.000000
47.578665 3 2 1500.000000
47.705436 3 0 1500.000000
48.356797 3 2 4000000.000000
48.854676 3 0 100000.000000
49.100211 3 2 1500.000000
49.323490 3 0 3000000.000000
49.673041 3 1 1500.000000
49.725837 3 1 1500.000000
50.039638 3 2 100000.000000
50.496427 3 1 3000000.000000
50.966076 3 2 2000000.000000
51.182081 3 1 20000.000000
51.667097 3 2 1000000.000000
52.057973 3 1 3000000.000000
52.131649 3 3 200000.000000
52.581176 3 1 4000000.000000
52.696770 3 3 3000.000000
53.414464 3 3 100000.000000
53.866137 3 2 1500.000000
54.253951 3 3 200000.000000
54.565438 3 2 1500.000000
54.626509 3 1 1000000.000000
55.316454 3 2 10000.000000
55.341878 3 0 20000.000000
55.365079 3 3 200000.000000
55.604595 3 1 1500.000000
55.709221 3 1 3000000.000000
55.831724 3 3 4000000.000000
56.021792 3 3 10000.000000
56.421870 3 0 1500.000000
56.876753 3 3 3000000.000000
57.185139 3 3 200000.000000
57.225122 3 0 3000000.000000
57.877704 3 3 100000.000000
57.923482 3 2 3000000.000000
58.092045 3 2 200000.000000
58.163029 3 1 2000000.000000
58.649121 3 3 1500.000000
59.291173 3 1 3000000.000000
59.794007 3 0 3000000.000000
59.797686 3 1 200000.000000
60.011080 3 1 1500.000000
60.186596 3 3 1500.000000
60.272971 3 1 100000.000000
60.606093 3 1 3000000.000000
60.697342 3 1 1500.000000
61.431724 3 0 1000000.000000
61.894628 3 3 4000000.000000
61.916717 3 3 1500.000000
62.050459 3 2 1000000.000000
62.245602 3 1 1500.000000
62.334209 3 1 1500.000000
62.411987 3 3 3000.000000
62.512229 3 2 2000000.000000
63.086271 3 0 200000.000000
63.578704 3 1 3000000.000000
63.636710 3 3 200000.000000
63.656876 3 3 1500.000000
64.164931 3 3 1500.000000
64.175400 3 0 1000000.000000
64.269093 3 2 100000.000000
64.318006 3 0 1500.000000
64.335137 3 2 1500.000000
64.357315 3 2 4000000.000000
64.507854 3 2 1500.000000
64.581395 3 2 1500.000000
66.183466 3 0 200000.000000
66.219748 3 1 3000000.000000
66.312546 3 3 100000.000000
66.390640 3 0 1500.000000
66.553128 3 1 3000000.000000
66.585223 3 0 100000.000000
66.873141 3 3 1500.000000
66.936238 3 2 200000.000000
67.055016 3 0 1500.000000
67.252554 3 2 200000.000000
67.436720 3 0 3000000.000000
67.739466 3 1 200000.000000
68.137229 3 2 2000000.000000
68.710333 3 3 4000000.000000
68.960370 3 0 3000000.000000
69.042169 3 3 1500.000000
69.308009 3 0 10000.000000
69.470411 3 0 1500.000000
69.479049 3 0 1500.000000
70.048085 3 3 1500.000000
70.106719 3 1 1500.000000
70.773648 3 2 10000.000000
71.104225 3 3 3000000.000000
71.139940 3 3 4000000.000000
71.244554 3 0 1500.000000
71.278856 3 2 1500.000000
71.313945 3 0 3000000.000000
72.043821 3 3 100000.000000
72.150935 3 2 3000000.000000
72.384189 3 3 1500.000000
72.461843 3 0 1000000.000000
72.462317 3 3 2000000.000000
72.550640 3 0 1000000.000000
72.801333 3 0 1500.000000
72.976706 3 3 2000000.000000
73.057776 3 2 3000.000000
73.135513 3 0 4000000.000000
73.312798 3 0 1500.000000
73.415560 3 2 10000.000000
73.432679 3 3 10000.000000
73.941120 3 1 1500.000000
74.082617 3 2 10000.000000
74.430914 3 0 1500.000000
74.663454 3 0 1000000.000000
74.668639 3 0 1500.000000
74.829173 3 1 3000.000000
75.234594 3 3 1500.000000
75.355645 3 0 1500.000000
75.502733 3 3 200000.000000
75.556857 3 3 1500.000000
76.073770 3 1 1500.000000
76.081378 3 2 1500.000000
76.688094 3 3 1500.000000
76.839827 3 0 100000.000000
76.962866 3 2 200000.000000
76.964776 3 3 2000000.000000
76.991952 3 0 4000000.000000
77.057622 3 0 1500.000000
77.184395 3 3 1500.000000
77.635221 3 3 3000000.000000
77.897339 3 1 200000.000000
78.242455 3 3 4000000.000000
78.378073 3 0 20000.000000
78.628869 3 3 20000.000000
78.839836 3 0 3000000.000000
79.049732 3 1 1500.000000
79.213402 3 0 1500.000000
79.317814 3 2 1500.000000
79.363601 3 1 1500.000000
79.804704 3 0 2000000.000000
80.168394 3 2 1500.000000
80.566271 3 2 3000.000000
80.872762 3 1 3000000.000000
82.078053 3 3 2000000.000000
82.126657 3 0 200000.000000
82.130340 3 3 1500.000000
82.679713 3 2 3000000.000000
82.941336 3 1 1500.000000
83.006505 3 1 1500.000000
83.693110 3 1 4000000.000000
83.789804 3 2 1500.000000
84.026588 3 3 2000000.000000
84.170376 3 1 3000.000000
84.335218 3 2 1500.000000
84.847518 3 1 4000000.000000
84.918952 3 2 1500.000000
85.149468 3 2 1000000.000000
85.405299 3 2 200000.000000
85.761313 3 0 100000.000000
86.415139 3 3 3000.000000
86.565485 3 0 200000.000000
86.677389 3 1 1500.000000
86.919369 3 0 1500.000000
87.000122 3 1 4000000.000000
87.012741 3 2 1000000.000000
87.139904 3 0 100000.000000
87.165096 3 1 20000.000000
87.250967 3 3 2000000.000000
87.318830 3 1 200000.000000
87.398919 3 2 1500.000000
87.605099 3 1 1500.000000
88.276838 3 2 1500.000000
88.527503 3 1 20000.000000
88.811373 3 3 1000000.000000
88.939687 3 2 3000000.000000
89.204102 3 1 2000000.000000
89.572492 3 1 1500.000000
89.658369 3 2 200000.000000
89.738352 3 0 200000.000000
89.877528 3 3 4000000.000000
90.358651 3 2 100000.000000
90.959983 3 3 3000000.000000
91.119549 3 3 3000000.000000
91.262825 3 3 4000000.000000
91.314979 3 0 3000000.000000
91.336858 3 3 200000.000000
91.476486 3 1 10000.000000
91.886058 3 1 1500.000000
91.900596 3 1 1500.000000
92.185309 3 0 1500.000000
92.213301 3 2 200000.000000
92.312281 3 3 1500.000000
92.618667 3 0 1000000.000000
92.835777 3 1 3000000.000000
92.975337 3 0 100000.000000
93.172277 3 3 1500.000000
93.574198 3 0 1500.000000
93.582421 3 3 1000000.000000
93.676227 3 1 1000000.000000
94.725088 3 3 200000.000000
94.918407 3 3 3000000.000000
95.048736 3 3 1500.000000
95.058525 3 3 200000.000000
95.262154 3 3 1000000.000000
95.268049 3 0 20000.000000
95.581652 3 1 1500.000000
95.791576 3 2 100000.000000
96.155952 3 2 10000.000000
96.213893 3 1 1500.000000
96.486348 3 3 1500.000000
96.742079 3 3 1500.000000
97.025643 3 0 3000000.000000
97.236247 3 1 200000.000000
97.648318 3 2 1500.000000
97.900447 3 1 3000.000000
97.907295 3 0 100000.000000
97.947816 3 0 1500.000000
98.117170 3 1 1500.000000
98.321270 3 3 1500.000000
98.484091 3 1 1500.000000
98.692901 3 0 1500.000000
98.847553 3 1 3000000.000000
98.884762 3 2 1500.000000
98.905948 3 1 100000.000000
99.485205 3 2 1000000.000000
99.785575 3 0 10000.000000
99.790550 3 3 1500.000000
99.836998 3 1 3000000.000000
99.861419 3 0 1500.000000
100.159577 3 3 3000000.000000
100.214987 3 2 3000000.000000
100.396097 3 2 1500.000000
100.502500 3 2 1500.000000
100.686983 3 2 1500.000000
100.731738 3 0 3000.000000
100.744556 3 0 1500.000000
100.812758 3 1 1500.000000
100.887736 3 3 200000.000000
100.974417 3 1 100000.000000
101.335610 3 2 3000000.000000
101.361164 3 0 4000000.000000
102.062918 3 2 1500.000000
102.163670 3 0 1500.000000
102.181295 3 1 1500.000000
102.209004 3 3 1500.000000
102.609174 3 2 200000.000000
102.937075 3 0 1500.000000
103.020871 3 0 4000000.000000
103.060956 3 0 3000.000000
103.120659 3 0 3000.000000
103.262823 3 2 1500.000000
103.350010 3 1 1500.000000
103.420043 3 2 3000000.000000
103.747596 3 3 2000000.000000
104.326938 3 0 100000.000000
104.366082 3 0 1500.000000
104.403711 3 0 1500.000000
105.022590 3 0 200000.000000
105.481474 3 1 100000.000000
105.509062 3 1 100000.000000
105.701369 3 2 1500.000000
105.973633 3 2 200000.000000
106.098816 3 0 4000000.000000
106.164293 3 0 10000.000000
106.313646 3 1 1500.000000
106.411154 3 1 1500.000000
106.487485 3 1 100000.000000
106.902058 3 2 100000.000000
107.059631 3 2 3000000.000000
107.119278 3 3 1500.000000
107.223986 3 3 1500.000000
107.245016 3 3 4000000.000000
107.372677 3 1 20000.000000
107.545165 3 0 10000.000000
107.632382 3 1 10000.000000
107.794088 3 0 1500.000000
108.112850 3 0 1000000.000000
108.311630 3 1 200000.000000
108.321174 3 1 20000.000000
108.545697 3 2 1500.000000
108.565267 3 2 100000.000000
108.619628 3 1 200000.000000
108.688354 3 2 1500.000000
109.085263 3 2 20000.000000
109.389322 3 1 4000000.000000
109.563460 3 3 1000000.000000
109.804082 3 1 1500.000000
110.185730 3 3 1500.000000
110.235239 3 1 4000000.000000
110.357833 3 2 1500.000000
110.535185 3 0 200000.000000
110.622664 3 1 1500.000000
111.015977 3 0 10000.000000
111.094084 3 2 1500.000000
111.534631 3 0 3000.000000
111.595428 3 3 1500.000000
111.800790 3 3 200000.000000
112.028207 3 1 10000.000000
112.243903 3 0 100000.000000
112.340016 3 2 1500.000000
112.376199 3 1 1000000.000000
112.575673 3 1 1500.000000
112.796720 3 3 1500.000000
112.870983 3 2 4000000.000000
112.872543 3 0 2000000.000000
113.524859 3 3 4000000.000000
113.579889 3 2 3000.000000
113.814278 3 1 1000000.000000
113.944845 3 3 1000000.000000
114.321813 3 0 1500.000000
114.364325 3 3 1500.000000
114.564100 3 1 100000.000000
115.024048 3 0 3000000.000000
115.039736 3 0 3000000.000000
115.173296 3 1 4000000.000000
115.301690 3 1 3000000.000000
115.338672 3 3 1500.000000
115.489170 3 2 1500.000000
115.491355 3 2 1500.000000
115.700418 3 3 3000000.000000
115.964710 3 0 1500.000000
116.020890 3 3 1500.000000
116.053128 3 2 3000000.000000
116.555459 3 0 3000000.000000
116.589646 3 0 1500.000000
116.685839 3 0 1000000.000000
116.718921 3 0 100000.000000
116.735558 3 2 200000.000000
116.784397 3 3 1000000.000000
117.156594 3 0 200000.000000
117.249997 3 1 200000.000000
117.271710 3 0 10000.000000
117.942004 3 3 4000000.000000
118.873113 3 3 20000.000000
118.957821 3 2 100000.000000
118.992789 3 0 10000.000000
119.682659 3 0 200000.000000
119.859006 3 0 1000000.000000
120.221655 3 3 3000000.000000
120.399321 3 0 1500.000000
120.447362 3 1 200000.000000
120.526877 3 3 1500.000000
120.553537 3 2 1500.000000
120.589889 3 1 1500.000000
120.989407 3 0 20000.000000
120.996527 3 3 1500.000000
121.015639 3 2 1500.000000
121.288273 3 3 10000.000000
121.334220 3 1 1500.000000
121.919677 3 2 2000000.000000
121.922660 3 1 1500.000000
122.151943 3 1 200000.000000
122.217767 3 1 10000.000000
122.247048 3 0 4000000.000000
122.399769 3 1 1500.000000
122.437789 3 0 200000.000000
122.468857 3 2 4000000.000000
122.666730 3 3 4000000.000000
122.734629 3 1 3000000.000000
122.829030 3 2 100000.000000
122.983232 3 1 1500.000000
122.989540 3 3 1500.000000
123.104763 3 0 1000000.000000
123.157689 3 0 3000000.000000
123.266481 3 1 4000000.000000
123.286574 3 0 200000.000000
123.333629 3 1 3000.000000
123.388423 3 3 200000.000000
123.498428 3 2 2000000.000000
123.549879 3 0 1500.000000
124.728587 3 1 1500.000000
124.750012 3 2 1500.000000
124.881830 3 0 3000000.000000
124.962783 3 3 1500.000000
125.162255 3 2 100000.000000
125.345936 3 2 100000.000000
125.448069 3 3 1500.000000
125.540185 3 3 3000.000000
125.749306 3 0 100000.000000
126.068327 3 1 100000.000000
126.291296 3 3 10000.000000
126.385163 3 3 1500.000000
126.513903 3 3 100000.000000
126.802757 3 3 200000.000000
127.141996 3 3 1500.000000
128.056257 3 2 1500.000000
128.218217 3 0 1000000.000000
128.219692 3 3 3000000.000000
128.330948 3 2 3000000.000000
128.555357 3 1 1500.000000
128.747717 3 0 4000000.000000
128.899700 3 1 1000000.000000
129.186912 3 1 2000000.000000
129.835244 3 0 4000000.000000
130.038244 3 0 3000000.000000
130.054164 3 3 4000000.000000
130.244874 3 3 1500.000000
130.697642 3 0 200000.000000
131.578951 3 2 1500.000000
132.183219 3 1 20000.000000
132.309040 3 3 1500.000000
132.411496 3 1 1500.000000
132.566814 3 3 1500.000000
132.634141 3 3 10000.000000
132.651687 3 2 1500.000000
132.676543 3 3 3000000.000000
132.890808 3 3 4000000.000000
132.952491 3 3 200000.000000
133.237042 3 0 1000000.000000
133.979972 3 3 200000.000000
134.255598 3 0 100000.000000
134.541428 3 0 4000000.000000
134.670220 3 1 1000000.000000
134.865702 3 3 10000.000000
134.941809 3 0 1500.000000
135.010696 3 0 1000000.000000
135.058801 3 3 1500.000000
135.061680 3 2 200000.000000
135.093925 3 1 1500.000000
135.589070 3 0 1500.000000
135.922935 3 1 2000000.000000
135.981907 3 3 3000000.000000
135.985473 3 3 100000.000000
136.023290 3 1 4000000.000000
136.213187 3 1 200000.000000
136.347248 3 1 10000.000000
136.392293 3 3 200000.000000
136.466302 3 1 100000.000000
136.523454 3 2 100000.000000
136.886334 3 0 3000000.000000
137.054375 3 0 4000000.000000
137.175404 3 1 2000000.000000
137.404640 3 2 20000.000000
137.472633 3 2 3000000.000000
138.071168 3 0 100000.000000
138.150072 3 3 20000.000000
138.167578 3 2 20000.000000
138.291524 3 1 100000.000000
138.515924 3 0 4000000.000000
138.973281 3 1 3000000.000000
139.019436 3 3 200000.000000
139.288231 3 3 1500.000000
139.308011 3 0 1000000.000000
139.681743 3 3 1000000.000000
139.777705 3 1 1500.000000
139.923555 3 0 3000.000000
140.284738 3 3 1500.000000
140.336619 3 1 3000000.000000
140.614088 3 0 1500.000000
140.875810 3 1 1500.000000
141.194649 3 1 1500.000000
141.280574 3 1 100000.000000
141.396755 3 3 3000000.000000
142.031403 3 1 1500.000000
142.145452 3 1 200000.000000
142.512036 3 1 3000000.000000
142.733145 3 1 100000.000000
142.752580 3 3 200000.000000
142.895273 3 0 200000.000000
143.257308 3 3 1500.000000
143.433706 3 1 100000.000000
143.507195 3 3 1500.000000
143.513673 3 0 1000000.000000
143.589794 3 2 1000000.000000
143.780249 3 3 4000000.000000
143.781779 3 0 100000.000000
144.076939 3 0 1000000.000000
144.648438 3 0 20000.000000
144.739001 3 3 1500.000000
144.925324 3 2 4000000.000000
145.007533 3 3 100000.000000
145.018572 3 2 200000.000000
145.259593 3 3 200000.000000
145.373278 3 1 1500.000000
145.380812 3 0 1500.000000
145.545904 3 1 1500.000000
145.773282 3 3 1500.000000
146.023507 3 2 3000000.000000
146.533577 3 0 1000000.000000
147.067132 3 3 1500.000000
147.322692 3 0 3000.000000
147.472605 3 0 10000.000000
147.707328 3 0 3000.000000
147.832839 3 3 3000000.000000
148.536961 3 1 1500.000000
148.662957 3 1 4000000.000000
148.893980 3 1 200000.000000
148.975959 3 1 100000.000000
149.325535 3 0 4000000.000000
