0.204570 0 2 100000.000000
0.470205 0 1 1000000.000000
0.517202 0 3 200000.000000
0.897915 0 0 3000.000000
1.085891 0 1 20000.000000
1.189718 0 0 10000.000000
1.286963 0 3 100000.000000
1.663663 0 3 1000000.000000
2.083522 0 2 3000.000000
2.269925 0 2 1500.000000
2.423984 0 1 1000000.000000
2.680987 0 2 1500.000000
2.796273 0 3 20000.000000
3.297189 0 0 2000000.000000
3.650497 0 2 100000.000000
3.984653 0 1 1500.000000
4.104175 0 1 1500.000000
4.162701 0 3 200000.000000
4.393436 0 3 3000.000000
5.137172 0 0 1000000.000000
6.055990 0 3 100000.000000
6.885414 0 2 4000000.000000
7.192453 0 0 3000000.000000
7.570200 0 2 20000.000000
7.686966 0 2 3000.000000
7.730244 0 3 1500.000000
7.740464 0 0 1500.000000
7.973600 0 1 3000.000000
8.285420 0 2 200000.000000
8.469177 0 3 200000.000000
8.527358 0 0 3000000.000000
8.656289 0 0 4000000.000000
9.539640 0 3 4000000.000000
9.683293 0 2 1500.000000
9.688249 0 2 1500.000000
9.693964 0 3 1500.000000
9.915403 0 2 1500.000000
10.056759 0 3 1500.000000
10.076206 0 2 4000000.000000
10.276449 0 1 10000.000000
10.471856 0 3 200000.000000
10.670917 0 3 10000.000000
10.693702 0 1 4000000.000000
11.388606 0 3 1500.000000
11.757784 0 2 100000.000000
11.929867 0 0 10000.000000
11.984982 0 2 200000.000000
12.015927 0 1 3000000.000000
12.056964 0 0 4000000.000000
12.646590 0 0 3000000.000000
13.145342 0 2 1500.000000
13.298989 0 0 3000.000000
13.370493 0 0 2000000.000000
13.949313 0 3 4000000.000000
14.027046 0 2 1500.000000
14.205170 0 3 1500.000000
14.280012 0 1 100000.000000
14.329314 0 0 10000.000000
14.651310 0 0 3000000.000000
14.693121 0 3 1500.000000
15.113400 0 1 200000.000000
15.277926 0 1 3000.000000
15.594358 0 0 20000.000000
15.866671 0 2 3000000.000000
16.418931 0 2 3000000.000000
16.546809 0 0 1500.000000
16.926497 0 2 1500.000000
17.298912 0 0 10000.000000
17.466733 0 0 1500.000000
17.679565 0 1 10000.000000
17.959008 0 1 3000.000000
18.481408 0 3 20000.000000
18.486762 0 0 100000.000000
18.659227 0 1 4000000.000000
18.864034 0 3 200000.000000
18.873435 0 2 3000000.000000
18.874623 0 0 1000000.000000
19.060238 0 1 1500.000000
19.278692 0 2 100000.000000
19.418141 0 1 1500.000000
19.605848 0 1 1500.000000
19.949705 0 0 4000000.000000
19.961837 0 2 20000.000000
20.091507 0 2 1500.000000
20.237549 0 1 1500.000000
20.417108 0 1 100000.000000
20.902383 0 0 1000000.000000
21.449740 0 0 200000.000000
21.611448 0 0 100000.000000
22.131935 0 0 1000000.000000
22.269221 0 2 1500.000000
22.310226 0 1 100000.000000
22.338964 0 3 4000000.000000
22.968178 0 3 1500.000000
22.972449 0 1 2000000.000000
23.144738 0 2 3000.000000
23.489022 0 2 4000000.000000
24.043446 0 2 1500.000000
24.058466 0 3 1500.000000
24.116686 0 2 200000.000000
24.240142 0 3 1500.000000
24.426773 0 2 4000000.000000
24.646562 0 0 3000000.000000
25.035700 0 0 1500.000000
25.516938 0 1 1000000.000000
25.709995 0 0 100000.000000
25.937351 0 0 200000.000000
26.362328 0 2 100000.000000
26.391396 0 3 20000.000000
26.648694 0 0 100000.000000
26.676349 0 1 1500.000000
26.822644 0 3 3000.000000
26.921434 0 1 3000.000000
27.044987 0 3 1500.000000
27.070011 0 1 1500.000000
27.278295 0 1 3000000.000000
27.337016 0 1 1500.000000
27.407399 0 0 1500.000000
27.422610 0 2 4000000.000000
27.673143 0 2 4000000.000000
28.222492 0 2 1500.000000
28.246544 0 3 1500.000000
28.789515 0 0 1500.000000
29.182968 0 1 200000.000000
29.244469 0 2 200000.000000
29.275783 0 0 100000.000000
29.483307 0 0 1500.000000
29.729418 0 3 3000000.000000
29.864743 0 0 100000.000000
29.963619 0 1 1000000.000000
30.108254 0 0 1500.000000
30.569095 0 1 3000.000000
30.587908 0 2 4000000.000000
30.746300 0 3 1500.000000
30.911086 0 3 3000000.000000
31.028741 0 0 200000.000000
31.388250 0 0 1000000.000000
31.751842 0 3 1500.000000
31.767520 0 0 1500.000000
31.772061 0 3 1500.000000
31.954956 0 1 200000.000000
32.005582 0 1 10000.000000
32.727863 0 2 1500.000000
32.982233 0 2 10000.000000
32.999726 0 3 3000.000000
33.521805 0 3 4000000.000000
33.526254 0 2 3000.000000
33.535183 0 1 1500.000000
33.912572 0 3 10000.000000
34.061613 0 1 3000000.000000
34.656642 0 2 200000.000000
34.708436 0 3 1500.000000
34.804748 0 0 10000.000000
35.041252 0 2 10000.000000
35.247888 0 2 1000000.000000
35.279607 0 2 200000.000000
35.523780 0 1 100000.000000
35.749843 0 1 1000000.000000
35.823541 0 0 10000.000000
35.909749 0 2 1000000.000000
35.941612 0 3 3000000.000000
36.156845 0 2 1500.000000
36.628515 0 3 1500.000000
36.838214 0 2 200000.000000
36.852170 0 1 2000000.000000
36.871145 0 0 1500.000000
36.914601 0 0 20000.000000
37.118018 0 2 3000.000000
37.407792 0 1 1500.000000
37.574953 0 0 1500.000000
37.586256 0 2 100000.000000
37.721549 0 2 4000000.000000
37.842390 0 2 20000.000000
37.982865 0 0 20000.000000
38.015129 0 3 4000000.000000
38.118255 0 1 1500.000000
38.141705 0 0 10000.000000
38.205016 0 0 1500.000000
38.322390 0 3 1500.000000
38.558298 0 1 100000.000000
38.572752 0 2 3000000.000000
39.017263 0 0 200000.000000
39.098297 0 0 1000000.000000
39.103873 0 3 1500.000000
39.255152 0 2 3000.000000
39.537962 0 0 100000.000000
39.593162 0 2 1000000.000000
40.292322 0 1 1500.000000
40.337041 0 2 1000000.000000
40.679603 0 2 200000.000000
40.984652 0 3 3000.000000
41.030973 0 0 1500.000000
41.084110 0 3 4000000.000000
41.172318 0 3 3000000.000000
41.178092 0 3 100000.000000
41.245319 0 3 10000.000000
41.292474 0 2 1500.000000
41.430540 0 1 1500.000000
41.746188 0 1 200000.000000
42.200967 0 0 1500.000000
42.381845 0 0 1000000.000000
43.257507 0 0 100000.000000
43.387558 0 0 100000.000000
43.399357 0 3 200000.000000
43.530629 0 2 4000000.000000
43.667422 0 0 1500.000000
44.099053 0 1 2000000.000000
44.360187 0 2 200000.000000
44.582299 0 0 1000000.000000
44.584368 0 3 100000.000000
44.646783 0 2 20000.000000
44.812467 0 2 1500.000000
44.879386 0 1 1500.000000
45.108964 0 0 3000000.000000
45.314324 0 3 1000000.000000
45.607977 0 1 3000000.000000
45.717910 0 1 10000.000000
45.760910 0 3 1500.000000
46.277957 0 3 200000.000000
46.294912 0 0 3000.000000
46.322207 0 0 1500.000000
46.323323 0 0 20000.000000
46.623244 0 0 4000000.000000
46.785945 0 2 1500.000000
46.939398 0 3 1000000.000000
46.984682 0 0 100000.000000
47.209722 0 3 200000.000000
47.352438 0 3 100000.000000
47.391634 0 1 100000.000000
47.675345 0 2 200000.000000
47.893188 0 3 1500.000000
48.062491 0 1 3000.000000
48.194102 0 2 4000000.000000
48.226784 0 2 3000000.000000
48.230397 0 2 200000.000000
48.243947 0 3 2000000.000000
48.256276 0 2 200000.000000
48.400268 0 1 1500.000000
48.530584 0 1 4000000.000000
48.972598 0 3 10000.000000
49.039979 0 1 1500.000000
49.041763 0 3 100000.000000
49.200341 0 2 1000000.000000
49.303889 0 1 200000.000000
49.496821 0 1 100000.000000
49.508085 0 0 200000.000000
49.697696 0 3 1000000.000000
50.035266 0 1 200000.000000
50.188019 0 1 4000000.000000
50.521292 0 3 2000000.000000
50.705806 0 2 1500.000000
50.886422 0 3 3000.000000
50.906234 0 2 3000000.000000
50.911919 0 3 20000.000000
51.127719 0 3 4000000.000000
51.640616 0 0 1500.000000
52.012388 0 2 3000000.000000
52.438547 0 1 3000000.000000
52.529516 0 1 3000000.000000
52.793846 0 3 4000000.000000
52.834324 0 1 1500.000000
53.047427 0 3 1500.000000
53.317147 0 1 1000000.000000
53.456563 0 2 1500.000000
53.469966 0 0 10000.000000
53.631191 0 3 3000000.000000
53.817687 0 0 100000.000000
54.073438 0 0 10000.000000
54.447486 0 2 3000000.000000
54.762956 0 1 1500.000000
55.940666 0 2 3000000.000000
56.339325 0 2 1500.000000
56.445948 0 1 2000000.000000
56.613322 0 0 1500.000000
56.967138 0 1 1500.000000
57.097741 0 1 1500.000000
57.394001 0 3 100000.000000
57.401273 0 3 3000000.000000
57.578472 0 1 4000000.000000
57.654123 0 0 200000.000000
57.783615 0 3 4000000.000000
57.961190 0 0 1500.000000
57.984799 0 1 1500.000000
58.025920 0 1 100000.000000
58.206766 0 0 4000000.000000
58.888153 0 0 3000.000000
58.923023 0 1 3000000.000000
59.023468 0 2 20000.000000
59.034470 0 1 3000000.000000
59.080009 0 1 3000000.000000
59.110095 0 1 1500.000000
59.465277 0 1 4000000.000000
59.533238 0 3 1500.000000
59.708368 0 2 1500.000000
59.842495 0 2 10000.000000
60.097405 0 2 100000.000000
60.933952 0 1 1500.000000
60.965232 0 1 20000.000000
61.038476 0 3 1500.000000
61.079460 0 1 200000.000000
61.096858 0 2 3000000.000000
61.170654 0 1 1500.000000
61.395273 0 0 1000000.000000
61.460379 0 1 1500.000000
61.492592 0 1 1500.000000
61.668659 0 0 1000000.000000
62.205860 0 2 1500.000000
62.348511 0 3 1500.000000
62.463239 0 1 1500.000000
62.465394 0 2 2000000.000000
62.558063 0 3 1000000.000000
62.564861 0 2 4000000.000000
62.661402 0 2 4000000.000000
63.007998 0 2 100000.000000
63.030771 0 2 100000.000000
63.089647 0 0 200000.000000
63.163492 0 1 1000000.000000
63.436126 0 3 1500.000000
63.933864 0 0 3000.000000
63.966840 0 2 200000.000000
64.118206 0 0 1500.000000
64.119728 0 0 200000.000000
64.275230 0 3 200000.000000
64.302971 0 3 10000.000000
64.803150 0 1 3000000.000000
65.033376 0 1 1500.000000
65.092895 0 1 200000.000000
65.190833 0 1 1500.000000
65.191819 0 2 2000000.000000
65.196139 0 1 200000.000000
65.295371 0 3 20000.000000
65.504936 0 1 1000000.000000
65.522720 0 3 3000.000000
66.424581 0 1 1500.000000
66.696538 0 2 1500.000000
66.710048 0 1 3000000.000000
66.806990 0 2 10000.000000
67.335938 0 0 1500.000000
67.480214 0 1 10000.000000
67.579038 0 2 3000000.000000
67.700201 0 1 1500.000000
67.969242 0 2 20000.000000
68.104324 0 2 1500.000000
68.288294 0 2 3000000.000000
68.463481 0 3 1500.000000
68.511289 0 2 200000.000000
68.511806 0 2 3000.000000
68.949663 0 2 1000000.000000
68.963452 0 0 4000000.000000
69.197506 0 1 100000.000000
69.255874 0 2 1500.000000
69.398852 0 0 3000000.000000
69.470540 0 0 4000000.000000
69.497776 0 2 100000.000000
69.714852 0 0 100000.000000
70.062772 0 3 1000000.000000
70.136424 0 0 1500.000000
70.208301 0 3 3000000.000000
70.210527 0 1 1500.000000
70.402060 0 3 1500.000000
70.445474 0 2 1000000.000000
71.231319 0 2 1500.000000
71.353136 0 1 2000000.000000
71.388478 0 1 4000000.000000
71.555165 0 3 3000.000000
71.954597 0 0 1500.000000
72.100085 0 2 20000.000000
72.174161 0 2 10000.000000
72.269361 0 1 1000000.000000
72.288359 0 0 3000000.000000
72.294326 0 1 4000000.000000
72.618358 0 2 10000.000000
72.622828 0 1 4000000.000000
72.945019 0 3 4000000.000000
73.150309 0 3 100000.000000
73.413377 0 3 1500.000000
74.207115 0 0 4000000.000000
74.356016 0 1 1500.000000
74.423293 0 2 4000000.000000
75.011362 0 3 1500.000000
75.281719 0 2 1500.000000
75.569912 0 0 1500.000000
75.672772 0 3 1500.000000
75.971105 0 2 20000.000000
76.479097 0 3 1500.000000
76.574123 0 1 10000.000000
77.094545 0 2 1500.000000
77.157273 0 1 20000.000000
77.348862 0 1 1000000.000000
77.466935 0 2 1500.000000
77.615501 0 3 200000.000000
78.269240 0 2 1500.000000
78.391769 0 0 200000.000000
78.409601 0 1 4000000.000000
78.845438 0 2 1500.000000
79.100183 0 0 4000000.000000
79.172253 0 3 3000.000000
79.450196 0 0 1000000.000000
79.783415 0 3 10000.000000
80.030070 0 3 3000.000000
80.154655 0 1 200000.000000
80.659821 0 2 4000000.000000
80.768588 0 0 1000000.000000
80.798042 0 3 1500.000000
81.303274 0 3 3000000.000000
82.722748 0 2 1500.000000
82.861446 0 3 4000000.000000
82.925356 0 3 200000.000000
83.082294 0 3 100000.000000
83.122314 0 2 1500.000000
83.483463 0 1 1000000.000000
83.513220 0 2 4000000.000000
83.621506 0 3 10000.000000
83.655225 0 3 10000.000000
84.021687 0 2 4000000.000000
84.138939 0 0 100000.000000
84.335532 0 0 1500.000000
84.344949 0 3 3000.000000
84.620338 0 1 3000000.000000
85.029880 0 2 1500.000000
85.252569 0 3 1500.000000
85.579900 0 3 1500.000000
85.588307 0 0 4000000.000000
86.040609 0 2 200000.000000
86.222114 0 3 200000.000000
86.353205 0 1 1500.000000
86.437407 0 3 200000.000000
86.473474 0 0 1500.000000
86.812736 0 3 3000.000000
86.927602 0 0 4000000.000000
87.095565 0 3 1500.000000
87.463844 0 0 4000000.000000
87.644406 0 2 1500.000000
88.124397 0 3 1500.000000
88.217383 0 1 20000.000000
88.226134 0 3 1000000.000000
88.327410 0 1 2000000.000000
88.570271 0 0 100000.000000
88.831269 0 1 1500.000000
89.098156 0 1 1500.000000
89.107676 0 3 200000.000000
89.390069 0 0 1500.000000
90.006611 0 2 200000.000000
90.185346 0 0 4000000.000000
90.190861 0 1 2000000.000000
90.192825 0 2 2000000.000000
90.249427 0 0 4000000.000000
90.761907 0 3 1500.000000
90.762220 0 2 100000.000000
90.820623 0 1 4000000.000000
90.904715 0 0 200000.000000
91.378427 0 1 200000.000000
91.423816 0 3 3000.000000
91.604612 0 3 1000000.000000
91.729297 0 3 1500.000000
91.832639 0 1 1500.000000
92.278211 0 2 4000000.000000
92.611046 0 0 100000.000000
92.843766 0 3 3000000.000000
93.483488 0 2 100000.000000
93.573383 0 0 10000.000000
93.778039 0 0 1500.000000
93.889739 0 0 1500.000000
94.518098 0 2 10000.000000
94.662763 0 1 10000.000000
94.780629 0 2 1500.000000
94.872616 0 0 200000.000000
95.027242 0 3 100000.000000
95.081363 0 0 1000000.000000
95.096740 0 0 100000.000000
95.100912 0 2 3000000.000000
95.269607 0 2 20000.000000
95.380522 0 0 4000000.000000
95.832062 0 1 1500.000000
95.834947 0 3 1500.000000
96.129575 0 3 100000.000000
96.312446 0 1 1500.000000
96.432756 0 0 1500.000000
96.951321 0 2 1500.000000
97.643704 0 3 1000000.000000
97.976111 0 2 1500.000000
98.211443 0 1 3000000.000000
98.421046 0 1 100000.000000
98.721691 0 2 1500.000000
98.920506 0 2 3000000.000000
99.028146 0 2 1500.000000
99.403471 0 0 1500.000000
99.444857 0 0 4000000.000000
99.488864 0 3 200000.000000
99.574840 0 3 3000.000000
99.775623 0 2 1000000.000000
100.144823 0 3 4000000.000000
100.177565 0 1 3000000.000000
100.305658 0 0 100000.000000
100.378874 0 2 3000000.000000
100.731889 0 3 100000.000000
100.943273 0 1 3000000.000000
101.173799 0 3 1500.000000
101.309029 0 0 4000000.000000
101.575714 0 1 1500.000000
101.598086 0 0 1500.000000
101.612769 0 2 100000.000000
101.921262 0 3 100000.000000
102.116472 0 1 3000000.000000
102.368177 0 0 3000.000000
102.721218 0 2 1500.000000
102.886482 0 3 1000000.000000
102.999176 0 1 1000000.000000
103.189134 0 0 20000.000000
103.270540 0 0 1500.000000
103.460313 0 1 1500.000000
103.801039 0 0 1500.000000
104.342725 0 3 3000000.000000
104.458490 0 1 4000000.000000
104.612494 0 1 1500.000000
104.675396 0 1 200000.000000
104.879710 0 1 1000000.000000
105.234383 0 1 1500.000000
105.498231 0 1 1500.000000
105.635813 0 0 1500.000000
105.849814 0 3 4000000.000000
105.864602 0 0 3000000.000000
106.060027 0 3 3000000.000000
106.111309 0 2 1500.000000
106.804329 0 3 1500.000000
107.117201 0 2 1500.000000
107.395840 0 1 1500.000000
107.437915 0 3 3000.000000
107.811529 0 2 1500.000000
107.883562 0 3 2000000.000000
107.981224 0 3 200000.000000
108.153449 0 0 2000000.000000
108.168848 0 3 1500.000000
108.296996 0 1 1500.000000
108.338192 0 0 3000.000000
108.485675 0 3 1000000.000000
108.576679 0 3 2000000.000000
108.972577 0 1 100000.000000
108.979986 0 1 1500.000000
109.183325 0 2 200000.000000
109.314966 0 2 200000.000000
109.559734 0 1 10000.000000
109.859105 0 3 2000000.000000
109.981735 0 0 1000000.000000
110.372180 0 1 1500.000000
110.431622 0 0 4000000.000000
110.915599 0 0 1500.000000
111.005007 0 0 1500.000000
111.258455 0 1 3000000.000000
111.344072 0 0 10000.000000
111.489672 0 3 100000.000000
111.495822 0 0 1500.000000
111.710008 0 3 1000000.000000
111.765416 0 1 100000.000000
111.990567 0 1 1000000.000000
113.200659 0 1 4000000.000000
113.229199 0 0 1500.000000
113.474593 0 2 1000000.000000
113.608649 0 3 1500.000000
113.718935 0 0 1500.000000
113.805375 0 2 1500.000000
113.897386 0 0 1500.000000
114.089704 0 0 1500.000000
114.572297 0 1 1500.000000
114.779193 0 3 200000.000000
114.939636 0 3 3000.000000
115.054668 0 1 200000.000000
115.212951 0 1 1500.000000
115.401973 0 1 2000000.000000
115.448269 0 1 3000.000000
115.490625 0 2 3000000.000000
115.505002 0 1 4000000.000000
115.546848 0 1 1000000.000000
116.132092 0 1 4000000.000000
116.315315 0 2 200000.000000
116.582136 0 1 1500.000000
116.784232 0 1 10000.000000
117.240279 0 2 10000.000000
117.652242 0 3 20000.000000
118.408457 0 3 200000.000000
118.427762 0 1 3000000.000000
119.040876 0 0 20000.000000
119.169202 0 1 1500.000000
119.407431 0 3 4000000.000000
119.525929 0 1 2000000.000000
119.553919 0 0 20000.000000
119.576713 0 3 1500.000000
119.722586 0 2 1000000.000000
119.725713 0 1 100000.000000
119.746974 0 1 1500.000000
120.165171 0 1 1500.000000
120.331067 0 3 1500.000000
120.960495 0 1 3000000.000000
121.009170 0 0 1500.000000
121.238516 0 0 3000.000000
121.276536 0 2 100000.000000
121.414782 0 1 100000.000000
121.703197 0 1 1500.000000
121.994998 0 0 1500.000000
122.053943 0 1 1500.000000
123.053297 0 1 1500.000000
123.562400 0 1 1000000.000000
124.074218 0 3 100000.000000
124.204679 0 0 4000000.000000
124.368959 0 2 1500.000000
124.478136 0 3 20000.000000
124.501439 0 1 100000.000000
124.639722 0 2 200000.000000
124.935750 0 3 4000000.000000
124.948990 0 2 1500.000000
125.054240 0 1 10000.000000
125.162035 0 1 200000.000000
125.449219 0 2 1500.000000
125.493419 0 0 1500.000000
126.059385 0 3 3000000.000000
126.305056 0 0 1500.000000
126.538193 0 3 200000.000000
126.596525 0 0 1500.000000
126.711475 0 0 10000.000000
126.797037 0 2 10000.000000
126.809883 0 2 1500.000000
127.236943 0 2 1000000.000000
127.342867 0 3 3000.000000
127.375645 0 1 100000.000000
127.597984 0 2 3000000.000000
128.123449 0 1 1000000.000000
128.348696 0 3 1500.000000
128.407871 0 1 3000000.000000
128.763283 0 1 10000.000000
128.921124 0 1 100000.000000
129.501315 0 3 1500.000000
129.645029 0 0 3000.000000
129.927739 0 3 1000000.000000
129.959923 0 0 10000.000000
130.075394 0 1 4000000.000000
130.145284 0 2 4000000.000000
130.292029 0 3 1500.000000
130.777481 0 3 100000.000000
131.300201 0 1 1500.000000
131.729849 0 0 1500.000000
131.995912 0 0 100000.000000
132.126510 0 3 1500.000000
132.181686 0 1 1500.000000
132.188304 0 1 1500.000000
132.435908 0 3 1500.000000
132.749069 0 3 10000.000000
134.171444 0 0 1500.000000
134.528492 0 1 4000000.000000
134.840506 0 0 1000000.000000
135.212977 0 2 1000000.000000
135.395644 0 0 1000000.000000
135.431294 0 0 1500.000000
135.470044 0 2 1500.000000
136.142329 0 2 1500.000000
136.146823 0 0 20000.000000
136.366875 0 3 3000.000000
136.436415 0 0 1500.000000
136.761362 0 3 4000000.000000
136.767815 0 0 1500.000000
136.933976 0 0 100000.000000
137.136823 0 3 1000000.000000
137.239074 0 1 1500.000000
137.283317 0 2 1500.000000
137.366845 0 2 4000000.000000
137.553596 0 0 1500.000000
137.739493 0 3 3000.000000
138.009145 0 2 3000.000000
138.403358 0 3 3000.000000
138.501553 0 3 1500.000000
138.541863 0 3 1500.000000
139.020613 0 0 100000.000000
139.026604 0 3 1500.000000
139.268320 0 2 1000000.000000
139.555292 0 2 200000.000000
139.959538 0 0 3000000.000000
140.222154 0 1 3000000.000000
140.743429 0 1 200000.000000
141.123787 0 3 1500.000000
141.309059 0 1 200000.000000
141.408914 0 2 1500.000000
141.460817 0 2 1500.000000
141.735727 0 1 4000000.000000
142.073118 0 1 100000.000000
142.659724 0 0 3000000.000000
142.982359 0 2 100000.000000
143.183244 0 0 200000.000000
143.731832 0 3 200000.000000
143.918990 0 2 1500.000000
144.359475 0 3 10000.000000
144.642152 0 3 4000000.000000
144.678680 0 2 1500.000000
144.761343 0 2 20000.000000
145.358879 0 2 1500.000000
145.457938 0 3 4000000.000000
145.466578 0 3 200000.000000
145.585711 0 0 1500.000000
145.623584 0 2 100000.000000
145.872067 0 2 10000.000000
146.258298 0 2 20000.000000
146.915622 0 1 1500.000000
147.562802 0 2 3000.000000
147.840867 0 2 1500.000000
148.320342 0 1 3000.000000
148.461549 0 2 100000.000000
149.355046 0 1 20000.000000
149.493258 0 3 200000.000000
149.724192 0 1 1500.000000
149.847079 0 3 1500.000000
0.298113 1 3 1500.000000
1.115176 1 3 1500.000000
1.343237 1 3 1500.000000
1.380920 1 0 1500.000000
1.693227 1 1 10000.000000
1.953342 1 1 4000000.000000
1.961424 1 0 4000000.000000
1.965270 1 3 1500.000000
2.317207 1 0 3000000.000000
2.535170 1 0 10000.000000
2.550651 1 2 200000.000000
3.127686 1 2 100000.000000
3.458021 1 0 10000.000000
3.667619 1 2 4000000.000000
3.728494 1 3 3000000.000000
4.479019 1 2 3000000.000000
4.577989 1 3 3000000.000000
4.834462 1 1 100000.000000
4.847960 1 1 1500.000000
5.177726 1 0 1500.000000
5.904847 1 3 4000000.000000
6.090933 1 2 1500.000000
6.314816 1 0 200000.000000
6.340577 1 3 2000000.000000
6.817740 1 3 4000000.000000
6.976826 1 1 1500.000000
6.977678 1 2 1500.000000
7.160092 1 0 1500.000000
7.359343 1 1 3000000.000000
7.661903 1 1 4000000.000000
8.006147 1 0 4000000.000000
8.056987 1 3 4000000.000000
8.368359 1 0 1000000.000000
8.400130 1 2 1500.000000
8.596593 1 2 1500.000000
8.692693 1 1 1000000.000000
8.748477 1 0 4000000.000000
8.890288 1 2 200000.000000
9.463361 1 1 1000000.000000
9.861106 1 0 100000.000000
9.931810 1 0 1000000.000000
10.160452 1 2 1500.000000
10.169996 1 1 3000.000000
10.232108 1 2 1000000.000000
10.269918 1 2 4000000.000000
10.343775 1 2 1500.000000
10.983642 1 2 1500.000000
11.516154 1 2 100000.000000
11.748177 1 3 1500.000000
11.953446 1 0 3000000.000000
12.373942 1 3 1500.000000
12.490405 1 3 100000.000000
12.493211 1 1 100000.000000
12.624736 1 3 200000.000000
13.181084 1 2 200000.000000
13.247849 1 3 100000.000000
13.301297 1 1 1500.000000
13.376068 1 2 10000.000000
13.643841 1 1 20000.000000
13.781528 1 0 1500.000000
13.930779 1 3 20000.000000
14.527859 1 1 1000000.000000
14.902713 1 0 2000000.000000
15.585334 1 3 4000000.000000
15.941745 1 1 1500.000000
16.066158 1 1 200000.000000
16.154078 1 1 3000.000000
16.482869 1 0 3000000.000000
16.524471 1 2 20000.000000
16.641350 1 1 2000000.000000
16.695114 1 3 3000.000000
16.695551 1 3 100000.000000
16.887087 1 2 1500.000000
17.206571 1 2 1500.000000
17.637446 1 1 3000000.000000
17.653303 1 2 1500.000000
17.683723 1 0 1500.000000
18.057050 1 1 10000.000000
18.172480 1 0 1000000.000000
18.274618 1 0 20000.000000
18.693979 1 1 1500.000000
18.958625 1 1 1500.000000
18.964327 1 2 4000000.000000
19.088051 1 1 1500.000000
19.492889 1 1 3000000.000000
19.515493 1 0 1500.000000
19.606503 1 2 1500.000000
19.612005 1 0 200000.000000
19.656515 1 1 1500.000000
19.935425 1 0 1500.000000
20.499925 1 0 100000.000000
20.591758 1 3 20000.000000
20.688876 1 3 100000.000000
20.914166 1 1 1500.000000
21.072609 1 2 1500.000000
21.142984 1 0 1000000.000000
21.212486 1 3 1500.000000
21.269870 1 1 10000.000000
21.419133 1 3 1500.000000
21.542488 1 1 1000000.000000
21.781293 1 0 3000.000000
21.950544 1 0 1500.000000
21.973377 1 2 100000.000000
22.068434 1 0 20000.000000
22.096180 1 2 100000.000000
22.351461 1 2 1500.000000
23.093343 1 3 1500.000000
23.173641 1 2 1500.000000
23.379424 1 3 20000.000000
23.539748 1 1 1500.000000
23.562534 1 2 1500.000000
23.720581 1 0 1500.000000
23.902628 1 3 3000.000000
24.263871 1 3 3000000.000000
24.265042 1 0 100000.000000
24.315529 1 2 1000000.000000
24.625108 1 2 10000.000000
24.934835 1 3 1500.000000
24.957038 1 2 1500.000000
24.985784 1 0 20000.000000
25.245729 1 0 200000.000000
25.454043 1 2 1500.000000
25.466021 1 0 1500.000000
25.672781 1 2 200000.000000
26.000578 1 0 4000000.000000
26.016034 1 0 3000000.000000
26.788500 1 1 100000.000000
27.081239 1 0 1500.000000
28.037402 1 2 200000.000000
28.623703 1 2 100000.000000
28.730100 1 3 1500.000000
29.067580 1 2 1000000.000000
29.187885 1 2 20000.000000
29.190522 1 2 3000.000000
29.482069 1 1 10000.000000
29.488423 1 0 100000.000000
29.569247 1 1 10000.000000
30.135395 1 1 4000000.000000
30.319050 1 2 1500.000000
30.851867 1 1 1500.000000
31.056046 1 2 1500.000000
31.062046 1 1 4000000.000000
31.447321 1 2 100000.000000
31.520205 1 3 1500.000000
31.564873 1 0 10000.000000
31.835745 1 2 20000.000000
32.010895 1 1 200000.000000
32.134860 1 2 1500.000000
32.177743 1 2 1500.000000
32.357799 1 3 4000000.000000
32.672352 1 3 1500.000000
33.063602 1 1 1500.000000
33.254739 1 1 100000.000000
33.329241 1 1 3000000.000000
33.509637 1 1 200000.000000
33.799199 1 3 1500.000000
33.829241 1 0 100000.000000
33.981860 1 3 1500.000000
34.417656 1 2 200000.000000
34.951953 1 2 10000.000000
35.041281 1 0 3000.000000
35.044769 1 2 4000000.000000
35.848003 1 0 200000.000000
35.906186 1 1 1500.000000
35.964190 1 1 20000.000000
35.969539 1 3 1500.000000
36.033319 1 0 1500.000000
36.161034 1 0 1500.000000
36.290283 1 3 3000.000000
36.418249 1 2 100000.000000
36.505431 1 0 20000.000000
36.544150 1 0 4000000.000000
36.619958 1 1 4000000.000000
36.997304 1 2 1500.000000
37.146805 1 3 1000000.000000
37.545443 1 2 2000000.000000
37.570379 1 0 200000.000000
37.944449 1 1 200000.000000
37.992842 1 1 1500.000000
38.922736 1 3 100000.000000
38.985803 1 0 1500.000000
39.205735 1 2 100000.000000
39.325139 1 3 1500.000000
39.723023 1 2 100000.000000
39.754892 1 3 1500.000000
40.045393 1 2 100000.000000
40.170196 1 1 1500.000000
40.214831 1 3 2000000.000000
40.869189 1 3 1500.000000
40.894294 1 2 1500.000000
41.455579 1 1 3000000.000000
41.636991 1 1 1500.000000
41.730187 1 1 1000000.000000
42.655679 1 2 3000000.000000
42.660250 1 2 1500.000000
42.795921 1 0 3000000.000000
42.844731 1 0 200000.000000
43.024346 1 2 1500.000000
43.050088 1 0 1500.000000
43.214085 1 1 1500.000000
43.251312 1 1 3000.000000
45.017267 1 3 1500.000000
45.631419 1 2 10000.000000
45.914941 1 2 100000.000000
46.061339 1 0 10000.000000
46.118747 1 3 1000000.000000
46.230781 1 1 1500.000000
46.448545 1 3 3000000.000000
46.624122 1 0 1000000.000000
46.881353 1 0 1500.000000
47.152978 1 2 100000.000000
47.549934 1 0 4000000.000000
47.580877 1 2 4000000.000000
47.667695 1 1 1500.000000
48.010818 1 3 1500.000000
48.362698 1 1 20000.000000
48.467612 1 2 3000000.000000
49.481889 1 0 1500.000000
49.525886 1 3 3000.000000
49.557396 1 2 1500.000000
49.684904 1 2 10000.000000
49.954246 1 0 200000.000000
50.351009 1 2 1500.000000
50.412898 1 1 3000000.000000
50.448801 1 0 1500.000000
50.456016 1 0 20000.000000
50.468575 1 1 1500.000000
50.530907 1 1 3000000.000000
50.621552 1 3 1500.000000
50.694607 1 1 100000.000000
50.707511 1 1 2000000.000000
50.792360 1 3 1500.000000
50.838194 1 3 200000.000000
50.923730 1 0 4000000.000000
50.978957 1 1 4000000.000000
51.267638 1 1 3000000.000000
51.309730 1 3 1000000.000000
51.334474 1 3 200000.000000
51.573302 1 1 10000.000000
51.865268 1 0 10000.000000
52.114788 1 2 100000.000000
52.123564 1 1 1500.000000
52.372077 1 1 3000000.000000
52.443639 1 3 100000.000000
52.917259 1 1 4000000.000000
52.946544 1 3 4000000.000000
53.903140 1 0 1500.000000
54.209539 1 2 1500.000000
54.578717 1 2 200000.000000
54.596820 1 2 10000.000000
54.724496 1 0 1500.000000
54.728076 1 3 1500.000000
55.095365 1 1 2000000.000000
55.382954 1 2 1500.000000
55.676214 1 0 3000000.000000
56.406033 1 1 1500.000000
56.707731 1 3 4000000.000000
56.812254 1 2 1500.000000
56.916918 1 0 100000.000000
57.462778 1 1 10000.000000
57.901242 1 3 1500.000000
57.969848 1 1 1000000.000000
58.304231 1 3 1000000.000000
58.362819 1 2 10000.000000
58.753489 1 2 10000.000000
59.123923 1 0 200000.000000
59.521125 1 0 1500.000000
59.712941 1 2 3000000.000000
59.888656 1 3 1500.000000
59.893374 1 0 1500.000000
60.540787 1 3 1500.000000
60.559316 1 1 3000000.000000
61.270897 1 3 1500.000000
61.438625 1 3 1500.000000
61.542202 1 2 4000000.000000
61.689872 1 2 200000.000000
61.836219 1 1 1500.000000
62.281745 1 0 1000000.000000
63.250339 1 2 1500.000000
63.444761 1 1 2000000.000000
63.766629 1 3 100000.000000
63.809997 1 3 1500.000000
63.823216 1 2 1500.000000
63.832592 1 0 1500.000000
63.912203 1 2 1000000.000000
64.645035 1 0 200000.000000
64.752371 1 2 1500.000000
65.429244 1 3 3000000.000000
65.507372 1 1 1500.000000
65.662918 1 2 1500.000000
65.745304 1 0 10000.000000
65.745725 1 0 4000000.000000
65.833444 1 3 1500.000000
65.851037 1 2 4000000.000000
66.067717 1 3 4000000.000000
66.205348 1 2 1500.000000
67.215062 1 1 1500.000000
67.298269 1 1 1500.000000
67.326669 1 2 1500.000000
67.362869 1 0 1000000.000000
67.693098 1 2 1500.000000
68.226079 1 1 10000.000000
68.455435 1 2 4000000.000000
68.554894 1 3 20000.000000
68.644389 1 0 100000.000000
68.756432 1 3 200000.000000
68.991482 1 1 10000.000000
69.013248 1 1 1500.000000
69.026323 1 0 3000000.000000
69.358847 1 1 200000.000000
69.470511 1 3 3000000.000000
69.628092 1 1 2000000.000000
69.914172 1 0 10000.000000
70.131651 1 0 1500.000000
70.536463 1 3 1000000.000000
70.581157 1 3 3000.000000
70.727967 1 1 3000000.000000
70.928986 1 3 1000000.000000
71.067740 1 2 1500.000000
71.495109 1 2 200000.000000
71.535016 1 3 1500.000000
71.595383 1 2 1500.000000
71.904391 1 1 4000000.000000
72.092971 1 0 4000000.000000
72.127275 1 3 3000.000000
72.239466 1 0 1500.000000
72.472438 1 1 10000.000000
72.658338 1 2 3000000.000000
72.776150 1 3 1500.000000
72.822396 1 0 1500.000000
72.873477 1 3 3000.000000
73.470491 1 0 3000000.000000
73.907984 1 1 3000.000000
73.965162 1 3 1500.000000
73.980156 1 1 1500.000000
73.994279 1 1 2000000.000000
74.266923 1 3 200000.000000
74.389968 1 0 2000000.000000
74.617299 1 2 2000000.000000
75.019826 1 1 1500.000000
75.534756 1 2 3000000.000000
75.567598 1 3 20000.000000
75.622596 1 2 1000000.000000
75.659092 1 0 1500.000000
76.128478 1 0 3000000.000000
76.169954 1 3 2000000.000000
76.367357 1 1 4000000.000000
76.623933 1 3 100000.000000
76.975665 1 3 200000.000000
77.029546 1 1 10000.000000
77.038742 1 0 100000.000000
77.121594 1 1 1500.000000
77.294523 1 1 1500.000000
77.859771 1 3 3000.000000
77.955484 1 2 3000.000000
78.046050 1 1 1500.000000
78.086256 1 1 200000.000000
78.160905 1 3 200000.000000
78.175268 1 2 200000.000000
78.544833 1 0 1500.000000
78.831945 1 1 3000000.000000
78.848555 1 2 10000.000000
79.251186 1 3 1500.000000
79.930085 1 0 1500.000000
79.948233 1 0 1000000.000000
80.126711 1 0 4000000.000000
80.501865 1 3 4000000.000000
80.591266 1 3 1500.000000
80.605636 1 3 3000000.000000
80.620673 1 3 3000.000000
80.917129 1 2 3000.000000
81.012235 1 2 200000.000000
81.110486 1 1 1500.000000
81.227200 1 2 4000000.000000
81.257201 1 2 1000000.000000
81.473430 1 2 1500.000000
81.581392 1 2 4000000.000000
81.632248 1 1 3000000.000000
81.697699 1 3 1500.000000
81.705529 1 0 1000000.000000
81.844407 1 2 1000000.000000
81.943374 1 0 1500.000000
82.172738 1 2 20000.000000
82.205764 1 1 10000.000000
82.430697 1 2 1500.000000
82.566709 1 3 1500.000000
82.591732 1 1 1500.000000
82.794315 1 0 200000.000000
83.906767 1 0 200000.000000
84.119302 1 1 1500.000000
84.338416 1 1 10000.000000
84.526813 1 1 100000.000000
84.551529 1 1 3000000.000000
84.553153 1 0 1500.000000
84.682456 1 3 1500.000000
85.996452 1 3 1500.000000
86.003122 1 1 1500.000000
86.318351 1 2 1500.000000
86.319202 1 3 1500.000000
86.773646 1 1 10000.000000
86.784571 1 3 3000000.000000
86.803728 1 1 100000.000000
86.859811 1 2 1500.000000
86.880759 1 2 4000000.000000
87.105372 1 0 1500.000000
87.112709 1 0 1000000.000000
87.390063 1 0 4000000.000000
87.589351 1 0 200000.000000
87.951234 1 3 1000000.000000
88.017620 1 1 4000000.000000
88.569104 1 1 1500.000000
88.876415 1 3 200000.000000
89.291352 1 0 100000.000000
89.311689 1 2 1000000.000000
89.785663 1 0 1000000.000000
89.859075 1 0 1000000.000000
90.018469 1 0 3000.000000
90.328547 1 0 10000.000000
90.450179 1 3 4000000.000000
90.488903 1 1 1500.000000
90.519424 1 3 1000000.000000
90.607836 1 0 20000.000000
90.728495 1 3 3000.000000
90.872237 1 0 100000.000000
90.937899 1 0 10000.000000
91.218513 1 1 1500.000000
91.341635 1 1 1500.000000
91.630263 1 1 1000000.000000
91.787195 1 2 4000000.000000
91.958025 1 0 4000000.000000
92.013624 1 3 1500.000000
92.211689 1 2 1500.000000
92.333372 1 2 10000.000000
92.364729 1 1 1500.000000
92.441580 1 2 1500.000000
92.675903 1 0 100000.000000
92.868739 1 0 10000.000000
92.955579 1 0 200000.000000
92.982128 1 0 200000.000000
93.076036 1 1 1500.000000
93.419663 1 1 1000000.000000
93.687213 1 2 200000.000000
93.880109 1 3 2000000.000000
93.909222 1 0 1500.000000
93.954882 1 3 3000.000000
94.294737 1 3 1500.000000
94.346536 1 1 1500.000000
94.471951 1 1 1500.000000
94.683714 1 1 1500.000000
95.071746 1 0 20000.000000
95.285956 1 1 1500.000000
96.241077 1 0 3000000.000000
96.292995 1 0 100000.000000
96.534664 1 0 3000.000000
96.543635 1 0 1500.000000
96.636189 1 0 10000.000000
97.392118 1 0 100000.000000
97.787541 1 3 1500.000000
97.889290 1 2 100000.000000
98.115539 1 0 1500.000000
98.214370 1 0 3000.000000
98.340765 1 3 100000.000000
98.365239 1 1 4000000.000000
98.417931 1 0 1500.000000
98.831319 1 3 4000000.000000
98.989684 1 1 100000.000000
99.287868 1 0 1000000.000000
99.448192 1 1 100000.000000
99.541320 1 1 10000.000000
100.296897 1 0 1500.000000
100.323629 1 2 4000000.000000
100.354899 1 2 1500.000000
100.361135 1 3 200000.000000
100.894420 1 1 1500.000000
101.113766 1 1 3000.000000
101.220164 1 3 1500.000000
101.406408 1 1 1500.000000
101.609005 1 2 3000.000000
102.087473 1 3 10000.000000
102.108989 1 1 20000.000000
102.440508 1 2 3000000.000000
102.947862 1 2 3000000.000000
103.293745 1 0 1500.000000
103.512504 1 2 20000.000000
103.544585 1 0 3000000.000000
103.775605 1 3 100000.000000
103.918723 1 3 1500.000000
104.001174 1 1 1500.000000
104.122279 1 3 200000.000000
104.177566 1 0 1000000.000000
104.549140 1 0 1500.000000
104.608931 1 2 3000000.000000
104.667851 1 3 200000.000000
104.901004 1 0 1500.000000
104.952016 1 3 3000000.000000
105.435228 1 1 10000.000000
106.009121 1 3 3000000.000000
106.320241 1 0 1500.000000
106.783938 1 3 1500.000000
107.198844 1 1 3000000.000000
107.853436 1 1 1500.000000
108.335601 1 2 20000.000000
108.472367 1 1 1500.000000
108.495477 1 3 3000.000000
108.715821 1 3 1500.000000
109.303262 1 2 4000000.000000
109.551018 1 3 1500.000000
109.823885 1 1 100000.000000
109.840915 1 1 100000.000000
109.865297 1 1 1000000.000000
109.906797 1 2 100000.000000
110.040190 1 3 200000.000000
110.186757 1 1 100000.000000
110.483602 1 1 3000000.000000
110.833729 1 2 3000000.000000
110.836762 1 0 3000.000000
110.965027 1 2 1000000.000000
111.434233 1 0 1000000.000000
111.680017 1 2 1000000.000000
111.792002 1 0 3000.000000
112.256968 1 3 200000.000000
112.430589 1 1 4000000.000000
112.473868 1 3 1500.000000
112.540790 1 1 4000000.000000
112.947561 1 3 1500.000000
113.088969 1 1 1500.000000
113.125087 1 0 4000000.000000
113.768125 1 2 1000000.000000
113.806552 1 0 1500.000000
113.901263 1 2 1500.000000
113.918203 1 1 3000000.000000
113.938282 1 2 1500.000000
114.195623 1 0 100000.000000
114.377759 1 3 200000.000000
114.418222 1 2 3000000.000000
114.697812 1 0 1500.000000
114.933923 1 2 3000000.000000
115.176444 1 0 3000.000000
115.423204 1 3 200000.000000
115.499207 1 1 1500.000000
115.828190 1 3 100000.000000
115.983277 1 3 3000000.000000
116.040117 1 3 3000000.000000
116.206014 1 0 1500.000000
116.241348 1 1 1500.000000
116.424889 1 2 4000000.000000
116.432710 1 0 1500.000000
116.460595 1 2 1500.000000
116.557548 1 3 1000000.000000
116.571834 1 0 100000.000000
117.251098 1 1 4000000.000000
117.434231 1 3 1500.000000
117.847958 1 2 3000000.000000
118.481311 1 0 3000000.000000
118.798700 1 0 4000000.000000
119.446228 1 0 4000000.000000
119.982410 1 0 1500.000000
120.289149 1 2 1500.000000
120.332051 1 1 4000000.000000
120.740808 1 3 10000.000000
120.830279 1 1 1500.000000
120.862008 1 2 10000.000000
121.002129 1 2 3000000.000000
121.082881 1 3 3000000.000000
121.091709 1 2 1500.000000
121.273303 1 3 3000000.000000
121.616757 1 3 100000.000000
121.748453 1 2 1500.000000
122.057931 1 2 1000000.000000
122.100408 1 3 100000.000000
122.562606 1 3 200000.000000
122.765222 1 2 3000.000000
123.075549 1 2 3000.000000
123.484618 1 0 1500.000000
123.930633 1 0 1500.000000
124.216633 1 3 100000.000000
124.396966 1 1 10000.000000
124.470728 1 3 100000.000000
124.892662 1 1 1500.000000
124.897881 1 0 100000.000000
125.144822 1 1 1500.000000
125.208526 1 2 1500.000000
125.208612 1 3 100000.000000
125.487466 1 2 1500.000000
126.006415 1 2 1000000.000000
126.104385 1 0 200000.000000
126.382000 1 0 3000.000000
126.898053 1 2 1500.000000
127.320490 1 0 1500.000000
127.767764 1 3 1500.000000
127.915983 1 1 4000000.000000
127.923947 1 1 1500.000000
128.034181 1 3 1000000.000000
128.073939 1 1 1000000.000000
128.349109 1 3 200000.000000
128.415649 1 0 20000.000000
128.421912 1 2 200000.000000
128.474098 1 2 1500.000000
128.744707 1 3 1500.000000
129.421132 1 2 20000.000000
129.466073 1 2 4000000.000000
129.696788 1 3 1500.000000
129.883760 1 2 1500.000000
130.058686 1 1 1500.000000
130.222656 1 3 20000.000000
130.905020 1 2 4000000.000000
130.908543 1 2 4000000.000000
131.227735 1 3 3000.000000
131.319725 1 0 4000000.000000
131.331120 1 2 1000000.000000
131.358860 1 3 1500.000000
131.398478 1 1 10000.000000
131.497675 1 0 4000000.000000
131.695427 1 2 1500.000000
131.860436 1 3 2000000.000000
131.882322 1 1 1000000.000000
132.272242 1 3 1500.000000
132.325489 1 0 200000.000000
132.482717 1 2 4000000.000000
132.627539 1 3 200000.000000
132.629031 1 2 1500.000000
132.989126 1 2 10000.000000
133.076705 1 1 1000000.000000
133.597718 1 2 1000000.000000
134.398374 1 3 10000.000000
134.489893 1 1 1000000.000000
134.698936 1 2 1000000.000000
135.121952 1 3 1000000.000000
135.171523 1 1 10000.000000
135.478089 1 2 200000.000000
136.168774 1 1 1500.000000
136.243568 1 2 100000.000000
136.279357 1 3 3000000.000000
136.468381 1 2 4000000.000000
136.582194 1 0 4000000.000000
136.717631 1 3 3000000.000000
136.732996 1 3 1500.000000
137.176757 1 2 1500.000000
137.505482 1 3 100000.000000
137.506358 1 2 1500.000000
137.735772 1 0 1500.000000
137.750321 1 0 3000000.000000
137.916794 1 2 1000000.000000
138.066178 1 1 1500.000000
138.555394 1 0 1500.000000
138.567641 1 0 4000000.000000
138.785934 1 2 100000.000000
138.863512 1 3 1500.000000
139.053820 1 1 1500.000000
139.126682 1 3 1500.000000
139.340402 1 3 1500.000000
139.523622 1 3 100000.000000
139.525552 1 3 3000.000000
139.635210 1 3 4000000.000000
139.743131 1 2 20000.000000
139.888692 1 1 100000.000000
140.561088 1 1 100000.000000
140.671653 1 1 100000.000000
141.225565 1 1 1500.000000
141.659821 1 2 4000000.000000
141.711620 1 1 4000000.000000
141.915763 1 0 100000.000000
141.959771 1 2 10000.000000
142.059022 1 1 3000.000000
142.085725 1 0 20000.000000
142.255253 1 1 200000.000000
142.591955 1 2 1000000.000000
142.739358 1 3 200000.000000
143.127615 1 2 10000.000000
143.433555 1 0 200000.000000
143.910423 1 0 1500.000000
144.257265 1 0 1500.000000
144.456031 1 0 1000000.000000
144.642338 1 0 200000.000000
144.652565 1 0 1500.000000
145.189778 1 3 200000.000000
145.430879 1 1 100000.000000
145.447499 1 1 200000.000000
145.639535 1 2 10000.000000
145.709673 1 3 1500.000000
145.732920 1 2 1500.000000
145.747457 1 3 1500.000000
145.783074 1 0 100000.000000
146.056431 1 1 1500.000000
146.063128 1 0 20000.000000
146.345370 1 0 3000.000000
146.520352 1 0 1500.000000
147.226754 1 1 1500.000000
147.530351 1 1 100000.000000
147.625252 1 1 1000000.000000
147.790415 1 0 1000000.000000
147.950927 1 3 3000000.000000
148.247882 1 0 1500.000000
148.512918 1 1 3000000.000000
148.557241 1 2 1500.000000
149.546481 1 2 3000.000000
149.554781 1 0 1500.000000
149.788862 1 0 1500.000000
149.941786 1 3 10000.000000
0.067311 2 3 1000000.000000
0.173099 2 3 1500.000000
0.246501 2 0 1000000.000000
0.446765 2 3 3000.000000
0.851724 2 3 10000.000000
1.198138 2 3 10000.000000
1.550464 2 2 200000.000000
1.594916 2 2 1500.000000
1.981448 2 0 100000.000000
2.190068 2 1 1500.000000
2.211699 2 1 200000.000000
2.323949 2 1 3000000.000000
2.536964 2 3 1500.000000
2.547209 2 0 200000.000000
2.795193 2 2 1000000.000000
2.991080 2 1 1000000.000000
3.226932 2 3 1500.000000
3.732805 2 1 200000.000000
3.793340 2 0 100000.000000
3.802257 2 0 1500.000000
4.706210 2 1 10000.000000
4.898436 2 0 1000000.000000
5.058817 2 2 1000000.000000
5.446256 2 1 1000000.000000
5.634883 2 1 20000.000000
5.714460 2 0 1000000.000000
5.757042 2 2 1500.000000
5.924992 2 2 200000.000000
6.077044 2 3 200000.000000
6.655231 2 1 10000.000000
6.887472 2 2 4000000.000000
6.972197 2 3 4000000.000000
7.332721 2 3 1500.000000
7.343016 2 0 1500.000000
7.790933 2 0 100000.000000
7.876902 2 2 10000.000000
8.063642 2 0 20000.000000
8.602782 2 2 1500.000000
8.847860 2 1 100000.000000
8.929416 2 1 1500.000000
9.088075 2 2 1000000.000000
9.126904 2 1 200000.000000
9.512498 2 0 100000.000000
9.679042 2 3 4000000.000000
9.967073 2 1 1500.000000
10.243879 2 1 1000000.000000
10.305548 2 3 100000.000000
10.507145 2 0 1500.000000
10.599358 2 0 1000000.000000
11.206848 2 1 3000000.000000
11.281982 2 1 100000.000000
11.371386 2 2 10000.000000
11.536626 2 2 100000.000000
11.676979 2 3 1500.000000
11.680144 2 0 1500.000000
11.710084 2 2 100000.000000
12.819262 2 3 3000000.000000
12.832406 2 3 1500.000000
13.050203 2 2 200000.000000
13.270054 2 2 1000000.000000
13.302304 2 3 3000.000000
13.312793 2 3 100000.000000
13.662999 2 3 1500.000000
14.436696 2 0 3000000.000000
14.511372 2 0 3000000.000000
14.614705 2 0 3000000.000000
15.124356 2 0 1500.000000
15.185274 2 2 4000000.000000
15.375759 2 3 10000.000000
15.984155 2 3 1500.000000
16.016526 2 3 200000.000000
16.062112 2 1 1000000.000000
16.084546 2 1 1500.000000
16.092171 2 1 1500.000000
16.303944 2 3 4000000.000000
16.766147 2 3 100000.000000
17.035981 2 3 1500.000000
17.251870 2 0 1500.000000
17.385955 2 3 3000.000000
17.584084 2 2 3000000.000000
17.990024 2 1 4000000.000000
18.017744 2 1 200000.000000
18.369962 2 0 4000000.000000
18.675850 2 1 200000.000000
18.803835 2 1 1000000.000000
18.924575 2 2 3000.000000
19.133156 2 1 1500.000000
19.303645 2 2 10000.000000
19.518897 2 1 100000.000000
19.761238 2 2 4000000.000000
20.357419 2 3 3000000.000000
20.456856 2 3 3000000.000000
20.833511 2 0 100000.000000
20.856282 2 0 1500.000000
20.883962 2 0 20000.000000
21.319345 2 3 200000.000000
21.406353 2 0 1500.000000
21.410520 2 3 1500.000000
21.628938 2 3 3000.000000
21.727293 2 0 20000.000000
22.068947 2 0 100000.000000
22.073022 2 1 1500.000000
22.333304 2 3 100000.000000
22.546464 2 0 1500.000000
22.632790 2 3 100000.000000
22.894784 2 0 200000.000000
22.959650 2 0 3000.000000
23.233371 2 0 4000000.000000
23.309074 2 3 3000000.000000
23.345092 2 0 4000000.000000
23.522997 2 3 4000000.000000
24.016868 2 0 1500.000000
24.131767 2 3 3000.000000
24.366569 2 1 1500.000000
24.385931 2 0 200000.000000
25.151289 2 3 3000000.000000
25.377450 2 0 1500.000000
25.504017 2 3 4000000.000000
25.760366 2 1 4000000.000000
26.233114 2 3 1500.000000
26.243526 2 2 10000.000000
26.451461 2 3 4000000.000000
26.534866 2 3 3000000.000000
26.778659 2 2 1500.000000
27.184169 2 0 4000000.000000
27.245486 2 1 100000.000000
27.284169 2 1 1500.000000
27.418020 2 0 1500.000000
27.994265 2 2 1500.000000
28.273924 2 3 1500.000000
28.291040 2 2 3000000.000000
28.295499 2 3 100000.000000
28.374131 2 3 3000.000000
28.579650 2 2 20000.000000
28.750664 2 2 1500.000000
28.978973 2 1 20000.000000
29.592840 2 2 1500.000000
29.601686 2 2 10000.000000
30.268193 2 3 3000000.000000
30.862638 2 0 1500.000000
31.843883 2 3 100000.000000
31.866416 2 0 1000000.000000
32.415982 2 3 20000.000000
32.507426 2 1 200000.000000
32.622835 2 1 4000000.000000
32.760660 2 0 1500.000000
33.040756 2 2 1500.000000
33.199303 2 2 200000.000000
33.345523 2 2 3000000.000000
33.910514 2 2 10000.000000
33.978735 2 3 3000.000000
34.006007 2 0 20000.000000
34.029263 2 3 1500.000000
34.052175 2 2 1500.000000
34.291925 2 2 200000.000000
34.330782 2 3 20000.000000
34.344787 2 0 4000000.000000
35.072180 2 2 200000.000000
35.754878 2 3 20000.000000
37.457211 2 1 1500.000000
37.570135 2 3 20000.000000
37.577455 2 3 1500.000000
37.705906 2 0 100000.000000
37.781124 2 3 1500.000000
37.969159 2 3 1500.000000
38.306455 2 2 3000000.000000
38.697434 2 1 1500.000000
39.149013 2 3 10000.000000
39.329363 2 0 1500.000000
39.480000 2 0 1500.000000
39.660240 2 0 1500.000000
39.893628 2 0 1000000.000000
40.115329 2 2 3000000.000000
40.244358 2 3 100000.000000
40.319377 2 1 200000.000000
40.372807 2 1 1500.000000
40.430665 2 1 200000.000000
40.593788 2 2 1500.000000
40.648394 2 2 1000000.000000
41.052905 2 0 1500.000000
41.122350 2 3 100000.000000
41.210204 2 3 3000000.000000
41.337527 2 1 1500.000000
41.515306 2 2 20000.000000
41.769836 2 0 20000.000000
41.841658 2 1 100000.000000
42.154141 2 1 200000.000000
42.258890 2 0 200000.000000
42.372614 2 0 1000000.000000
42.403951 2 0 3000000.000000
42.614860 2 0 100000.000000
43.030170 2 2 200000.000000
43.093863 2 1 4000000.000000
43.192395 2 3 1500.000000
43.287695 2 1 4000000.000000
43.504869 2 1 1500.000000
43.548386 2 3 1000000.000000
44.108814 2 2 1500.000000
44.213237 2 3 3000.000000
44.430918 2 2 1000000.000000
45.063863 2 2 1500.000000
45.088971 2 3 20000.000000
45.115229 2 1 1500.000000
45.161460 2 2 1500.000000
45.581906 2 3 3000000.000000
45.748458 2 2 2000000.000000
45.755606 2 3 100000.000000
45.966293 2 0 1500.000000
46.129571 2 0 3000000.000000
46.192977 2 0 1000000.000000
46.259086 2 0 100000.000000
46.369080 2 3 10000.000000
47.041020 2 3 10000.000000
47.081034 2 3 3000.000000
47.865793 2 1 3000000.000000
47.933626 2 2 1000000.000000
48.095382 2 1 10000.000000
48.763300 2 2 1500.000000
48.881108 2 1 3000000.000000
49.797354 2 3 1500.000000
50.051979 2 2 1500.000000
50.713709 2 3 1500.000000
50.718811 2 2 1000000.000000
51.015981 2 1 1500.000000
51.156421 2 3 1500.000000
51.185312 2 1 20000.000000
51.649795 2 0 1500.000000
51.718370 2 2 1500.000000
51.908779 2 1 100000.000000
52.495369 2 1 1000000.000000
52.682165 2 0 1000000.000000
53.084883 2 1 200000.000000
53.159888 2 1 1500.000000
53.186111 2 0 1500.000000
53.259862 2 3 1500.000000
53.399189 2 2 1500.000000
53.519701 2 1 1500.000000
53.802041 2 2 3000.000000
53.999968 2 0 1500.000000
54.284008 2 3 10000.000000
54.744005 2 1 3000000.000000
54.930459 2 3 3000000.000000
55.158705 2 0 1500.000000
56.070820 2 0 1500.000000
56.944428 2 0 1500.000000
57.442779 2 3 1500.000000
57.659481 2 1 1500.000000
57.845352 2 1 1500.000000
58.141956 2 3 3000000.000000
58.192395 2 0 3000.000000
58.438229 2 1 200000.000000
58.629070 2 3 100000.000000
58.772307 2 3 3000000.000000
58.898854 2 2 1500.000000
58.943874 2 0 200000.000000
59.021061 2 0 3000.000000
59.181598 2 1 4000000.000000
59.749747 2 3 3000.000000
59.930751 2 1 1500.000000
60.154049 2 2 1500.000000
60.323276 2 2 1500.000000
60.611401 2 1 1500.000000
61.067372 2 1 100000.000000
61.287733 2 2 1500.000000
61.421018 2 0 1000000.000000
61.492802 2 2 3000000.000000
61.734694 2 1 3000000.000000
61.952162 2 0 1000000.000000
61.992006 2 2 3000000.000000
62.033575 2 0 1500.000000
62.060264 2 0 4000000.000000
62.138366 2 1 1500.000000
62.812178 2 0 1500.000000
63.323192 2 3 1500.000000
63.549089 2 0 200000.000000
63.667676 2 3 1500.000000
63.924976 2 3 1500.000000
63.941021 2 2 4000000.000000
64.064526 2 3 1500.000000
64.090424 2 1 100000.000000
64.096769 2 2 10000.000000
64.112436 2 1 10000.000000
64.255560 2 1 10000.000000
64.531493 2 0 1500.000000
64.558428 2 0 100000.000000
64.558924 2 2 3000.000000
64.708279 2 1 1000000.000000
64.730747 2 1 3000000.000000
65.114056 2 0 3000.000000
65.146963 2 2 200000.000000
65.592015 2 2 1000000.000000
65.653961 2 3 100000.000000
66.009025 2 2 100000.000000
66.053624 2 1 1500.000000
66.091889 2 1 1500.000000
66.126415 2 1 2000000.000000
66.176318 2 2 2000000.000000
66.235108 2 3 1500.000000
66.250025 2 0 10000.000000
66.264311 2 2 1500.000000
66.281599 2 3 3000000.000000
66.370556 2 0 4000000.000000
66.621850 2 0 10000.000000
66.769740 2 1 1000000.000000
66.912999 2 2 100000.000000
67.373838 2 1 1500.000000
67.454905 2 1 1500.000000
67.486288 2 1 1500.000000
67.505100 2 1 3000000.000000
67.792671 2 1 3000.000000
68.120579 2 1 1500.000000
68.217500 2 1 3000000.000000
68.268151 2 1 4000000.000000
68.285755 2 2 1500.000000
68.286389 2 3 200000.000000
68.452392 2 2 3000000.000000
68.467411 2 2 3000.000000
68.724221 2 3 200000.000000
68.932627 2 1 1500.000000
69.135696 2 3 1500.000000
69.924494 2 1 1500.000000
69.969690 2 0 3000000.000000
70.114705 2 0 1500.000000
70.242046 2 2 4000000.000000
70.596307 2 0 100000.000000
70.766164 2 3 3000000.000000
71.103642 2 1 1500.000000
71.582637 2 1 3000.000000
71.594806 2 1 1500.000000
71.633271 2 1 2000000.000000
71.738636 2 1 1500.000000
72.127712 2 3 3000000.000000
72.287710 2 2 10000.000000
72.430337 2 1 1500.000000
72.585028 2 0 4000000.000000
72.629173 2 3 200000.000000
72.638060 2 0 10000.000000
72.931160 2 3 1500.000000
73.082221 2 0 1500.000000
73.146841 2 1 20000.000000
73.243697 2 0 2000000.000000
73.342662 2 3 1500.000000
73.557056 2 1 100000.000000
73.669616 2 1 1000000.000000
73.923084 2 0 1500.000000
73.946208 2 2 200000.000000
74.123189 2 1 1500.000000
74.243926 2 0 4000000.000000
74.382990 2 1 1500.000000
74.423108 2 3 1500.000000
74.498087 2 2 1500.000000
74.573998 2 2 200000.000000
74.896164 2 1 10000.000000
74.964238 2 3 1500.000000
75.059604 2 3 1000000.000000
75.649398 2 3 1500.000000
75.821315 2 1 3000000.000000
76.738951 2 1 3000.000000
76.761491 2 2 3000000.000000
76.919759 2 0 1500.000000
77.375646 2 0 1500.000000
77.626022 2 0 1500.000000
77.922940 2 1 1500.000000
78.059999 2 2 1500.000000
78.140813 2 3 3000000.000000
78.515364 2 3 20000.000000
78.635990 2 0 4000000.000000
78.952165 2 0 10000.000000
79.127276 2 2 3000.000000
79.359790 2 3 1500.000000
79.835397 2 1 4000000.000000
80.274956 2 1 200000.000000
80.418677 2 0 3000000.000000
80.653050 2 1 4000000.000000
81.025461 2 1 1500.000000
81.405250 2 2 1500.000000
82.492350 2 0 3000000.000000
82.606495 2 3 1500.000000
82.967485 2 3 10000.000000
83.266329 2 3 3000000.000000
83.274075 2 3 4000000.000000
83.655250 2 0 4000000.000000
84.629783 2 3 100000.000000
84.674179 2 0 1500.000000
84.700104 2 0 3000.000000
84.861419 2 3 1500.000000
84.983329 2 2 1500.000000
85.061345 2 0 1500.000000
85.313860 2 3 4000000.000000
85.764260 2 2 1500.000000
85.769327 2 2 1500.000000
85.853964 2 1 1500.000000
85.918043 2 2 3000.000000
86.030198 2 0 1500.000000
86.144834 2 2 4000000.000000
86.556768 2 0 200000.000000
86.912926 2 2 1500.000000
87.205738 2 0 1000000.000000
87.322787 2 1 100000.000000
87.338772 2 0 200000.000000
87.594861 2 1 4000000.000000
87.656395 2 3 1500.000000
87.994478 2 0 200000.000000
88.083502 2 2 3000000.000000
88.129364 2 0 3000000.000000
88.212947 2 3 4000000.000000
88.290090 2 0 4000000.000000
88.564847 2 1 1500.000000
88.594762 2 1 1500.000000
89.019001 2 1 1500.000000
89.095525 2 2 1500.000000
89.221730 2 1 1500.000000
89.963968 2 2 4000000.000000
90.147760 2 2 1500.000000
90.566162 2 3 3000000.000000
90.735682 2 0 1500.000000
90.738301 2 2 100000.000000
91.043648 2 3 1500.000000
91.171636 2 2 4000000.000000
91.376826 2 1 3000.000000
91.789741 2 2 1500.000000
91.963627 2 1 1000000.000000
92.038493 2 0 1500.000000
92.134454 2 2 1500.000000
92.546365 2 0 1500.000000
92.792052 2 2 200000.000000
93.015836 2 0 3000000.000000
93.030023 2 3 1000000.000000
93.743329 2 1 1500.000000
93.924922 2 1 3000.000000
94.100193 2 0 20000.000000
94.140603 2 0 4000000.000000
94.201198 2 1 1000000.000000
94.419353 2 0 1500.000000
94.493094 2 2 3000.000000
94.647028 2 2 100000.000000
94.698237 2 1 20000.000000
94.745528 2 3 4000000.000000
94.825436 2 2 1000000.000000
95.049441 2 3 100000.000000
95.050545 2 0 3000000.000000
95.131327 2 1 1500.000000
95.275545 2 1 200000.000000
95.287863 2 3 100000.000000
95.632794 2 1 3000000.000000
96.092832 2 3 1500.000000
96.382827 2 3 3000.000000
96.827173 2 3 3000000.000000
97.179541 2 3 1000000.000000
97.268742 2 0 3000000.000000
97.301511 2 0 2000000.000000
97.314871 2 2 200000.000000
97.340493 2 2 1500.000000
97.359325 2 3 3000000.000000
97.997442 2 3 4000000.000000
98.822950 2 3 3000.000000
99.019429 2 0 2000000.000000
99.222203 2 0 100000.000000
99.602887 2 0 1000000.000000
100.024582 2 3 3000000.000000
100.199455 2 1 1500.000000
100.303532 2 3 4000000.000000
100.515060 2 2 3000000.000000
100.732491 2 0 1500.000000
100.741996 2 2 1500.000000
101.085055 2 3 1000000.000000
101.144049 2 0 4000000.000000
101.762844 2 0 100000.000000
101.774064 2 2 20000.000000
102.219836 2 3 200000.000000
102.495188 2 1 4000000.000000
102.644802 2 1 1500.000000
103.565216 2 2 1500.000000
103.780874 2 2 1000000.000000
103.903423 2 1 3000.000000
104.228991 2 3 1500.000000
104.231729 2 0 3000000.000000
104.297180 2 2 10000.000000
104.375512 2 1 20000.000000
104.700823 2 0 1500.000000
104.716217 2 0 1500.000000
104.831331 2 1 2000000.000000
105.457191 2 0 10000.000000
105.607115 2 2 1500.000000
105.793803 2 0 3000000.000000
105.839944 2 0 3000.000000
106.027841 2 3 20000.000000
106.028031 2 3 1500.000000
106.253338 2 2 4000000.000000
106.639010 2 3 1500.000000
106.647609 2 0 4000000.000000
106.697786 2 2 1500.000000
106.768682 2 1 100000.000000
106.901311 2 3 1500.000000
107.058424 2 0 2000000.000000
107.125959 2 1 100000.000000
107.217147 2 2 1500.000000
107.554939 2 0 20000.000000
108.004921 2 0 1000000.000000
108.662144 2 0 1500.000000
108.749298 2 0 1500.000000
108.757112 2 3 1500.000000
108.945890 2 1 100000.000000
109.069532 2 1 4000000.000000
109.251868 2 0 1500.000000
109.562282 2 0 3000.000000
109.775071 2 3 200000.000000
109.785566 2 1 200000.000000
109.923348 2 3 3000000.000000
109.991755 2 3 1500.000000
110.202762 2 3 1500.000000
110.222559 2 3 1500.000000
110.514870 2 0 2000000.000000
110.538925 2 3 100000.000000
110.778487 2 2 3000000.000000
110.835520 2 1 1000000.000000
110.956283 2 0 100000.000000
111.055840 2 1 3000000.000000
111.133740 2 3 200000.000000
111.267756 2 1 1500.000000
111.676801 2 3 1500.000000
112.035615 2 0 100000.000000
112.090604 2 0 1500.000000
112.281417 2 3 1500.000000
112.374325 2 1 4000000.000000
112.415218 2 3 1500.000000
112.607564 2 0 3000000.000000
112.623252 2 1 1500.000000
112.780890 2 2 10000.000000
112.858076 2 0 1000000.000000
113.248670 2 3 3000000.000000
113.491785 2 2 4000000.000000
113.810883 2 2 4000000.000000
113.894755 2 1 4000000.000000
113.913115 2 2 1500.000000
114.142693 2 1 3000000.000000
114.147201 2 0 1500.000000
114.179997 2 3 10000.000000
114.951375 2 2 200000.000000
114.967805 2 3 10000.000000
115.327235 2 2 10000.000000
115.457356 2 3 3000.000000
115.617055 2 1 100000.000000
115.803515 2 2 100000.000000
115.841914 2 0 3000000.000000
115.923057 2 3 1500.000000
116.138368 2 0 3000000.000000
116.424154 2 3 100000.000000
116.620018 2 0 1500.000000
116.901855 2 0 1500.000000
117.535437 2 2 200000.000000
117.609620 2 3 1000000.000000
117.611616 2 2 1000000.000000
117.796330 2 2 1500.000000
118.562571 2 2 1000000.000000
118.676068 2 3 4000000.000000
119.333196 2 0 1500.000000
119.377944 2 2 100000.000000
119.765757 2 2 10000.000000
119.808375 2 0 1500.000000
120.276830 2 2 3000.000000
120.861469 2 2 10000.000000
121.502162 2 0 10000.000000
121.641248 2 2 100000.000000
121.670987 2 1 10000.000000
121.837398 2 3 100000.000000
122.111708 2 0 200000.000000
122.795385 2 2 10000.000000
123.086710 2 2 100000.000000
123.115598 2 3 1000000.000000
123.218259 2 2 3000000.000000
123.928259 2 0 1500.000000
124.020480 2 1 100000.000000
124.021472 2 0 20000.000000
124.073674 2 2 1500.000000
124.354590 2 2 1500.000000
124.437914 2 0 10000.000000
124.629315 2 3 10000.000000
125.213979 2 1 200000.000000
125.731339 2 2 3000000.000000
126.010291 2 0 3000.000000
126.157660 2 1 2000000.000000
126.512992 2 0 3000000.000000
126.649010 2 2 3000.000000
126.752481 2 0 4000000.000000
127.247400 2 2 1500.000000
127.405921 2 0 1500.000000
127.861062 2 1 10000.000000
127.921274 2 0 200000.000000
128.031788 2 0 1500.000000
128.060854 2 3 1500.000000
128.117512 2 3 200000.000000
128.276562 2 2 3000000.000000
128.289581 2 0 1500.000000
128.359036 2 0 200000.000000
128.845279 2 1 1000000.000000
129.151683 2 0 1500.000000
129.520791 2 0 100000.000000
129.554088 2 2 3000000.000000
129.791044 2 3 1500.000000
130.087078 2 0 100000.000000
130.118268 2 1 1500.000000
130.171909 2 0 20000.000000
130.409792 2 1 1500.000000
130.772130 2 0 100000.000000
130.868295 2 3 1500.000000
131.157004 2 0 1500.000000
131.189491 2 3 100000.000000
131.249922 2 0 20000.000000
131.618470 2 2 200000.000000
132.074936 2 2 1500.000000
132.220771 2 0 200000.000000
132.252794 2 2 100000.000000
132.288969 2 2 1500.000000
132.632135 2 3 100000.000000
132.661574 2 3 1000000.000000
132.880230 2 3 3000000.000000
133.147994 2 3 4000000.000000
133.182117 2 3 1500.000000
133.360659 2 3 100000.000000
133.374357 2 1 1000000.000000
133.387451 2 3 10000.000000
133.445067 2 0 100000.000000
133.621429 2 0 1500.000000
134.834185 2 1 200000.000000
134.990893 2 1 1500.000000
135.747234 2 1 1000000.000000
135.757693 2 1 1500.000000
135.992387 2 2 20000.000000
136.120099 2 1 1000000.000000
136.276695 2 1 1500.000000
136.795958 2 0 1500.000000
136.952486 2 1 10000.000000
137.044476 2 3 1500.000000
137.331698 2 3 4000000.000000
137.754122 2 3 200000.000000
137.756730 2 1 200000.000000
137.821558 2 2 1000000.000000
138.038461 2 0 200000.000000
138.135395 2 3 3000000.000000
138.281109 2 0 1000000.000000
138.628144 2 1 20000.000000
139.024446 2 2 3000000.000000
139.139931 2 2 3000000.000000
139.413959 2 3 4000000.000000
139.736369 2 2 4000000.000000
139.890828 2 3 1500.000000
140.301258 2 1 4000000.000000
140.564218 2 2 3000000.000000
140.727229 2 0 1500.000000
140.824681 2 3 1500.000000
140.862990 2 3 100000.000000
140.916214 2 2 1500.000000
141.196513 2 3 100000.000000
141.267880 2 0 200000.000000
141.390646 2 1 1000000.000000
141.471418 2 2 10000.000000
141.651355 2 2 10000.000000
141.728934 2 1 3000000.000000
141.849247 2 2 1500.000000
142.330717 2 3 3000000.000000
142.536307 2 1 1500.000000
142.920054 2 3 3000000.000000
142.953377 2 3 100000.000000
143.461841 2 2 1500.000000
143.658614 2 0 1500.000000
143.702414 2 0 1500.000000
143.759124 2 3 200000.000000
143.779041 2 0 10000.000000
143.795684 2 1 100000.000000
143.851510 2 0 1500.000000
144.030364 2 1 4000000.000000
144.365175 2 1 100000.000000
144.458478 2 3 4000000.000000
144.533598 2 0 200000.000000
144.726443 2 3 1000000.000000
145.371102 2 2 10000.000000
145.406770 2 2 1500.000000
145.605858 2 2 3000000.000000
145.743433 2 3 200000.000000
145.939795 2 2 1500.000000
146.122159 2 2 1500.000000
146.132534 2 2 3000.000000
146.905330 2 0 1500.000000
146.931730 2 3 200000.000000
147.309881 2 3 3000.000000
147.315150 2 0 1500.000000
147.527506 2 2 3000000.000000
147.644036 2 0 3000000.000000
147.760121 2 0 1000000.000000
148.143209 2 3 200000.000000
148.418113 2 3 200000.000000
148.682113 2 3 1500.000000
148.686716 2 2 4000000.000000
148.891405 2 0 10000.000000
149.009801 2 1 4000000.000000
149.730770 2 1 3000000.000000
149.779955 2 0 20000.000000
149.945206 2 1 100000.000000
149.961091 2 3 1500.000000
0.062649 3 2 1000000.000000
0.246661 3 0 100000.000000
0.257175 3 3 3000000.000000
0.402783 3 0 3000000.000000
0.498992 3 0 1500.000000
0.838204 3 3 1500.000000
0.928128 3 3 1500.000000
1.538892 3 0 1500.000000
1.593899 3 0 100000.000000
1.629608 3 3 1500.000000
1.629794 3 0 1500.000000
1.675315 3 2 1500.000000
1.695709 3 1 3000000.000000
1.760214 3 2 1500.000000
2.009126 3 3 200000.000000
2.071407 3 3 1500.000000
2.122052 3 3 1500.000000
2.143988 3 0 10000.000000
2.208334 3 2 200000.000000
2.417365 3 1 1000000.000000
2.549820 3 1 4000000.000000
2.574778 3 1 1500.000000
2.956257 3 3 1000000.000000
3.464155 3 3 3000.000000
3.928321 3 0 100000.000000
3.955860 3 0 2000000.000000
4.191729 3 0 1500.000000
4.309242 3 2 200000.000000
4.816756 3 1 3000000.000000
5.546976 3 3 1000000.000000
6.029105 3 1 100000.000000
6.116249 3 1 3000000.000000
6.373494 3 3 1500.000000
6.885062 3 3 3000.000000
7.098113 3 3 1000000.000000
7.208988 3 0 1500.000000
7.259100 3 1 1500.000000
7.289673 3 1 3000000.000000
7.340649 3 3 1500.000000
7.942800 3 0 1000000.000000
7.957750 3 0 3000.000000
7.973669 3 3 20000.000000
8.079539 3 2 200000.000000
8.087701 3 1 100000.000000
8.843610 3 2 1500.000000
8.925474 3 3 4000000.000000
9.112931 3 3 1500.000000
9.203885 3 1 3000000.000000
10.218447 3 3 1500.000000
10.225296 3 0 200000.000000
10.236587 3 1 10000.000000
10.584941 3 2 1500.000000
10.628235 3 1 2000000.000000
11.113812 3 3 4000000.000000
11.180397 3 1 1500.000000
11.258536 3 3 1500.000000
11.461380 3 3 1500.000000
11.558386 3 1 4000000.000000
11.650274 3 1 3000000.000000
11.737249 3 1 1500.000000
11.916106 3 2 3000000.000000
12.226360 3 3 100000.000000
12.658817 3 2 1500.000000
12.798819 3 0 3000000.000000
13.065877 3 1 1000000.000000
13.378532 3 3 3000000.000000
13.628640 3 0 200000.000000
13.913174 3 1 1500.000000
13.945569 3 1 1500.000000
13.952044 3 2 10000.000000
14.057941 3 0 3000000.000000
14.059121 3 3 1500.000000
14.545350 3 1 20000.000000
15.173535 3 2 3000000.000000
15.281530 3 2 1000000.000000
15.477859 3 1 1500.000000
16.856081 3 0 1500.000000
17.077538 3 3 1000000.000000
17.476855 3 1 3000000.000000
17.749480 3 3 1500.000000
17.847878 3 0 100000.000000
17.913474 3 1 3000000.000000
18.279924 3 0 1500.000000
18.454887 3 2 1500.000000
18.467193 3 3 1500.000000
18.472273 3 0 3000.000000
18.987805 3 3 20000.000000
19.094610 3 0 1500.000000
19.382526 3 0 1500.000000
19.777078 3 2 3000000.000000
20.053008 3 1 4000000.000000
20.280459 3 3 1500.000000
20.423625 3 0 100000.000000
20.680176 3 0 1500.000000
20.900728 3 2 100000.000000
20.949479 3 0 100000.000000
21.029097 3 2 1500.000000
21.083555 3 2 3000000.000000
21.260970 3 0 1500.000000
21.579798 3 0 1000000.000000
21.800429 3 2 3000000.000000
21.833995 3 3 1500.000000
21.983019 3 3 1000000.000000
22.235949 3 1 2000000.000000
22.332807 3 1 100000.000000
22.355587 3 2 200000.000000
22.361020 3 2 3000.000000
22.548312 3 1 4000000.000000
22.576469 3 0 1500.000000
22.899569 3 1 3000000.000000
22.947025 3 1 1000000.000000
23.097278 3 0 10000.000000
23.146868 3 3 1500.000000
23.204145 3 2 4000000.000000
23.297360 3 3 3000000.000000
23.423503 3 2 1500.000000
23.509103 3 2 3000000.000000
23.794965 3 2 100000.000000
23.889907 3 1 1500.000000
23.929955 3 1 200000.000000
23.986205 3 2 100000.000000
24.172141 3 2 3000000.000000
24.248139 3 1 1000000.000000
24.361532 3 0 3000000.000000
24.424290 3 0 3000.000000
24.771825 3 3 10000.000000
24.896738 3 2 1000000.000000
24.972354 3 2 1500.000000
25.116076 3 1 200000.000000
25.688161 3 0 1500.000000
25.717891 3 3 4000000.000000
25.786555 3 2 1000000.000000
25.857386 3 1 200000.000000
25.948555 3 3 3000.000000
26.155246 3 0 1500.000000
26.187045 3 1 1500.000000
26.314123 3 0 10000.000000
26.381350 3 0 1500.000000
26.976314 3 2 3000.000000
27.016372 3 2 2000000.000000
27.394450 3 1 1500.000000
27.562547 3 1 3000.000000
27.594590 3 0 200000.000000
28.313595 3 1 1000000.000000
28.347786 3 3 3000000.000000
28.363255 3 3 3000000.000000
28.486710 3 0 1500.000000
28.734497 3 0 100000.000000
28.772835 3 2 1500.000000
28.776016 3 0 100000.000000
28.782352 3 0 20000.000000
29.513123 3 2 4000000.000000
29.645623 3 1 1500.000000
29.975416 3 2 1500.000000
30.002910 3 2 200000.000000
30.027306 3 2 1500.000000
30.413770 3 2 1500.000000
30.734341 3 2 1500.000000
30.744428 3 2 3000.000000
31.208033 3 1 1000000.000000
31.292850 3 1 1500.000000
31.890724 3 0 10000.000000
32.057421 3 1 3000.000000
32.089589 3 3 1000000.000000
32.109478 3 0 10000.000000
32.157904 3 3 1500.000000
32.423657 3 0 20000.000000
32.827545 3 1 3000000.000000
32.886145 3 3 200000.000000
32.954782 3 1 3000.000000
33.457818 3 1 100000.000000
33.555814 3 0 1500.000000
33.653703 3 3 1500.000000
33.688383 3 2 1500.000000
33.688579 3 2 200000.000000
34.161523 3 3 1500.000000
34.167675 3 3 1500.000000
34.228787 3 0 10000.000000
34.408862 3 0 1500.000000
34.414989 3 1 100000.000000
34.556508 3 2 20000.000000
34.718793 3 1 4000000.000000
34.759340 3 1 1500.000000
34.807278 3 0 1500.000000
34.906492 3 2 4000000.000000
35.111381 3 1 3000000.000000
35.603689 3 1 3000.000000
35.604876 3 3 3000000.000000
35.639773 3 3 4000000.000000
35.711369 3 1 1500.000000
35.763190 3 1 100000.000000
36.061351 3 0 4000000.000000
36.151377 3 1 1500.000000
36.300410 3 1 10000.000000
36.585011 3 0 1500.000000
37.417662 3 2 2000000.000000
37.511910 3 2 1500.000000
37.556987 3 2 1500.000000
37.595879 3 1 1500.000000
37.700605 3 3 1500.000000
37.822516 3 0 3000.000000
37.829387 3 3 1000000.000000
37.908153 3 1 1500.000000
38.245636 3 1 1500.000000
38.270593 3 0 1500.000000
38.330235 3 2 1000000.000000
38.540594 3 3 1500.000000
38.687825 3 1 100000.000000
38.931770 3 0 200000.000000
38.976751 3 2 10000.000000
39.007596 3 1 4000000.000000
39.128051 3 3 1500.000000
39.399341 3 3 100000.000000
39.627759 3 3 1500.000000
39.844048 3 0 1500.000000
40.113418 3 0 4000000.000000
40.246866 3 3 3000.000000
40.253251 3 1 1500.000000
40.638350 3 2 1000000.000000
40.675185 3 2 1500.000000
40.744337 3 0 100000.000000
40.997203 3 3 200000.000000
41.182372 3 3 200000.000000
41.277406 3 0 3000.000000
41.370525 3 0 1500.000000
41.419856 3 0 10000.000000
41.542484 3 2 1500.000000
41.601416 3 1 200000.000000
41.615899 3 1 1500.000000
41.782225 3 2 10000.000000
41.952451 3 0 1500.000000
42.093730 3 1 1500.000000
42.358180 3 2 20000.000000
42.782611 3 0 1500.000000
43.582580 3 0 200000.000000
43.711288 3 3 1500.000000
43.837959 3 3 1500.000000
44.049857 3 0 4000000.000000
44.143206 3 0 4000000.000000
44.175086 3 2 100000.000000
44.327629 3 3 1500.000000
44.545158 3 1 1500.000000
44.865934 3 1 1000000.000000
45.203849 3 3 20000.000000
45.563789 3 0 3000000.000000
45.707090 3 3 100000.000000
47.019339 3 0 1000000.000000
47.026705 3 3 3000.000000
47.089560 3 2 3000.000000
47.267916 3 3 100000.000000
47.404957 3 2 3000.000000
47.597218 3 3 1500.000000
47.831888 3 2 1500.000000
47.955685 3 0 3000000.000000
48.622236 3 0 200000.000000
48.857027 3 2 1500.000000
48.990388 3 0 1500.000000
49.101375 3 2 200000.000000
49.109464 3 2 200000.000000
49.231568 3 0 4000000.000000
49.559305 3 3 1500.000000
49.766710 3 2 1500.000000
49.890196 3 0 1500.000000
50.182580 3 1 200000.000000
50.221195 3 2 1500.000000
50.307169 3 1 1500.000000
50.718869 3 0 20000.000000
50.743107 3 2 1500.000000
50.979044 3 3 3000000.000000
51.816524 3 0 100000.000000
51.844074 3 0 1000000.000000
51.896738 3 0 3000000.000000
52.070197 3 1 4000000.000000
52.125407 3 1 1000000.000000
52.371582 3 3 1500.000000
52.671848 3 2 20000.000000
52.803522 3 1 1500.000000
53.608401 3 1 1500.000000
53.812265 3 3 200000.000000
54.066356 3 3 3000000.000000
54.659084 3 0 1000000.000000
54.848532 3 1 2000000.000000
54.963144 3 0 1000000.000000
54.973757 3 2 1500.000000
55.143881 3 1 1500.000000
55.185638 3 0 1500.000000
55.446009 3 0 1500.000000
55.956941 3 1 1500.000000
56.070434 3 2 100000.000000
56.071526 3 1 200000.000000
56.222891 3 0 2000000.000000
56.452579 3 0 200000.000000
56.464655 3 1 1000000.000000
56.560621 3 2 1500.000000
56.997400 3 0 1500.000000
57.571032 3 1 1500.000000
57.645736 3 2 1500.000000
57.757309 3 0 1500.000000
58.142400 3 2 3000.000000
58.365878 3 3 100000.000000
58.489194 3 0 2000000.000000
58.676099 3 1 3000.000000
58.744753 3 3 1500.000000
58.800506 3 2 4000000.000000
58.917616 3 1 2000000.000000
58.978164 3 2 1500.000000
59.064201 3 3 200000.000000
59.423264 3 3 1500.000000
60.184485 3 0 3000000.000000
60.694298 3 0 2000000.000000
60.759944 3 0 3000.000000
61.012573 3 1 200000.000000
61.082816 3 0 10000.000000
61.580880 3 1 1500.000000
61.770703 3 0 1500.000000
61.833742 3 1 100000.000000
62.034444 3 3 3000.000000
62.097043 3 1 3000000.000000
62.266192 3 1 1500.000000
62.368694 3 3 4000000.000000
62.466000 3 2 3000.000000
62.767709 3 0 200000.000000
63.025763 3 0 20000.000000
63.137287 3 2 20000.000000
63.177792 3 2 1500.000000
63.672940 3 1 1500.000000
63.680735 3 0 1500.000000
64.267574 3 0 1500.000000
64.920695 3 3 1000000.000000
65.085218 3 2 1500.000000
65.480797 3 2 3000000.000000
65.578038 3 0 1500.000000
65.649471 3 2 1500.000000
66.067674 3 0 4000000.000000
66.112872 3 0 1500.000000
66.145198 3 2 1500.000000
66.293629 3 2 100000.000000
67.380557 3 0 1000000.000000
68.065019 3 2 1500.000000
68.129037 3 3 3000.000000
68.600045 3 2 100000.000000
68.643295 3 2 100000.000000
68.848973 3 2 1500.000000
68.906072 3 3 1500.000000
68.972173 3 1 4000000.000000
69.055311 3 1 20000.000000
69.092361 3 1 1500.000000
69.146200 3 1 100000.000000
69.534988 3 2 4000000.000000
69.539846 3 3 3000.000000
69.828229 3 2 4000000.000000
69.848519 3 0 10000.000000
70.037881 3 0 10000.000000
70.325867 3 2 100000.000000
70.490922 3 0 10000.000000
70.569880 3 3 200000.000000
70.634881 3 1 200000.000000
70.883362 3 0 3000.000000
71.014200 3 0 20000.000000
71.168537 3 1 1500.000000
71.255166 3 1 3000000.000000
71.341376 3 1 1500.000000
71.564668 3 3 1000000.000000
71.578886 3 2 1500.000000
71.967236 3 0 10000.000000
72.145730 3 3 10000.000000
72.255418 3 3 200000.000000
72.321122 3 2 4000000.000000
72.406229 3 0 200000.000000
72.545282 3 2 200000.000000
72.625232 3 2 10000.000000
72.756545 3 2 100000.000000
72.842396 3 2 1500.000000
73.065642 3 3 1500.000000
73.345621 3 2 100000.000000
73.418358 3 0 4000000.000000
73.642103 3 2 3000.000000
74.013053 3 2 1500.000000
74.105392 3 0 1500.000000
74.927803 3 2 3000000.000000
75.077037 3 2 1500.000000
75.703564 3 3 200000.000000
76.087381 3 1 1000000.000000
76.312980 3 1 1500.000000
76.399565 3 2 4000000.000000
76.807558 3 2 4000000.000000
76.964146 3 0 1000000.000000
77.522179 3 1 20000.000000
77.613761 3 3 1500.000000
78.031149 3 2 1500.000000
78.460564 3 1 10000.000000
78.921633 3 1 100000.000000
79.043694 3 0 1500.000000
79.198607 3 1 20000.000000
79.493703 3 0 1000000.000000
79.628588 3 0 100000.000000
79.644554 3 1 1500.000000
79.863779 3 0 10000.000000
79.887553 3 1 1500.000000
79.987679 3 3 1500.000000
80.172959 3 1 1500.000000
80.858907 3 0 200000.000000
81.078315 3 2 1500.000000
81.211116 3 1 200000.000000
81.436537 3 2 1500.000000
81.468688 3 3 100000.000000
81.539093 3 1 1500.000000
81.557568 3 2 1500.000000
81.557642 3 0 10000.000000
81.746131 3 1 1000000.000000
81.911005 3 3 200000.000000
82.188014 3 3 1500.000000
82.850648 3 1 100000.000000
82.958083 3 2 1000000.000000
83.203275 3 1 200000.000000
83.517045 3 2 1500.000000
83.694521 3 3 1000000.000000
83.966695 3 1 200000.000000
84.302764 3 0 1500.000000
84.314364 3 2 4000000.000000
84.974543 3 1 200000.000000
85.554259 3 1 100000.000000
85.562066 3 3 1500.000000
85.607267 3 0 3000000.000000
85.633082 3 3 1500.000000
86.162438 3 0 1500.000000
86.191901 3 3 20000.000000
86.320976 3 2 1500.000000
86.407519 3 2 2000000.000000
86.438540 3 3 10000.000000
86.709184 3 1 100000.000000
86.773544 3 3 1500.000000
86.850731 3 0 4000000.000000
86.914726 3 1 20000.000000
87.192639 3 2 1500.000000
87.307264 3 2 200000.000000
87.446174 3 2 100000.000000
87.743228 3 1 1000000.000000
87.969278 3 2 200000.000000
87.984162 3 0 1000000.000000
88.006260 3 3 1000000.000000
88.212357 3 3 3000000.000000
88.292168 3 3 10000.000000
88.544871 3 3 1000000.000000
88.593598 3 1 200000.000000
88.643820 3 2 1000000.000000
88.709516 3 0 3000000.000000
88.784550 3 3 100000.000000
89.000470 3 1 1500.000000
89.017572 3 0 1500.000000
89.050689 3 1 1500.000000
89.076533 3 2 1500.000000
89.131444 3 1 1000000.000000
89.149809 3 0 1000000.000000
89.166634 3 1 1500.000000
89.256010 3 1 1500.000000
89.622879 3 1 1500.000000
89.767276 3 2 1500.000000
90.047608 3 2 1000000.000000
90.322867 3 2 2000000.000000
90.580976 3 1 1500.000000
90.892304 3 3 1500.000000
90.911761 3 1 10000.000000
90.954475 3 2 3000000.000000
91.616121 3 3 1500.000000
92.184627 3 1 1500.000000
92.483292 3 1 1500.000000
93.076451 3 3 10000.000000
93.517429 3 3 1500.000000
93.975423 3 2 3000.000000
94.388547 3 0 2000000.000000
94.629851 3 0 3000.000000
94.873373 3 1 1500.000000
94.876156 3 1 1500.000000
95.028122 3 0 1500.000000
95.175882 3 3 4000000.000000
95.623029 3 0 1500.000000
95.719640 3 3 1500.000000
95.792454 3 1 1500.000000
96.037642 3 0 1500.000000
96.145616 3 3 1500.000000
96.413934 3 1 10000.000000
96.459865 3 1 100000.000000
96.609433 3 3 2000000.000000
97.073174 3 0 200000.000000
97.455198 3 0 1500.000000
97.710860 3 1 3000000.000000
97.884592 3 1 4000000.000000
98.085038 3 3 1500.000000
98.453560 3 2 1500.000000
98.557509 3 2 3000000.000000
99.086437 3 1 4000000.000000
99.109910 3 0 1000000.000000
99.173162 3 1 100000.000000
99.569190 3 1 1500.000000
99.590670 3 1 100000.000000
99.786468 3 3 1500.000000
99.985613 3 1 3000000.000000
101.539054 3 3 100000.000000
101.792541 3 1 3000.000000
101.992536 3 1 1500.000000
102.591197 3 3 1000000.000000
102.694963 3 2 100000.000000
102.718673 3 1 3000000.000000
102.745103 3 2 2000000.000000
102.844020 3 1 3000000.000000
103.335203 3 1 1500.000000
103.569850 3 0 3000.000000
103.570308 3 2 100000.000000
103.714449 3 2 1500.000000
104.162757 3 2 100000.000000
104.211263 3 3 200000.000000
104.434228 3 2 3000000.000000
104.584818 3 3 3000.000000
104.641709 3 0 1500.000000
104.944772 3 0 1500.000000
105.122267 3 2 1500.000000
105.640030 3 1 1000000.000000
105.692539 3 3 200000.000000
106.396580 3 2 200000.000000
106.447014 3 2 1500.000000
107.139308 3 2 100000.000000
107.248047 3 1 3000000.000000
107.360130 3 0 2000000.000000
107.403237 3 3 3000000.000000
107.713259 3 2 1500.000000
107.865522 3 1 1500.000000
107.983760 3 0 1500.000000
108.029401 3 2 1500.000000
108.143157 3 0 10000.000000
108.344184 3 3 3000.000000
108.411657 3 1 1500.000000
108.630848 3 3 10000.000000
109.090451 3 3 1500.000000
109.124841 3 0 1500.000000
109.271995 3 0 4000000.000000
109.521165 3 1 3000000.000000
110.428635 3 1 1500.000000
110.469705 3 1 100000.000000
110.520841 3 2 1500.000000
110.887003 3 3 2000000.000000
110.961763 3 2 1500.000000
111.212457 3 2 4000000.000000
111.254691 3 0 200000.000000
111.425976 3 1 3000000.000000
111.919520 3 0 1500.000000
112.671009 3 1 200000.000000
112.775635 3 3 10000.000000
112.876066 3 3 200000.000000
112.974396 3 3 1500.000000
112.989949 3 3 1500.000000
113.268570 3 2 100000.000000
113.274992 3 2 1000000.000000
113.927231 3 3 3000000.000000
114.040461 3 1 10000.000000
114.207905 3 3 2000000.000000
114.545186 3 1 1500.000000
114.688401 3 1 2000000.000000
115.397026 3 0 100000.000000
115.417138 3 1 1500.000000
115.817258 3 3 4000000.000000
115.864569 3 3 1500.000000
116.915149 3 2 1500.000000
117.203805 3 1 1500.000000
117.382467 3 0 200000.000000
117.411937 3 0 200000.000000
117.927621 3 0 3000000.000000
118.018730 3 0 1500.000000
118.149950 3 2 3000000.000000
118.369104 3 1 4000000.000000
118.371983 3 0 1500.000000
119.493375 3 3 200000.000000
119.535211 3 3 1500.000000
119.687034 3 1 1500.000000
119.743223 3 3 3000000.000000
119.845598 3 1 100000.000000
120.183026 3 3 1000000.000000
120.238948 3 2 3000000.000000
120.753228 3 2 3000.000000
120.851870 3 2 20000.000000
121.040526 3 1 2000000.000000
121.149994 3 2 20000.000000
121.315588 3 1 10000.000000
121.375375 3 0 1000000.000000
121.661632 3 1 1500.000000
122.086783 3 2 1500.000000
122.329879 3 2 3000000.000000
122.860471 3 2 1500.000000
122.957334 3 3 1500.000000
122.996473 3 1 200000.000000
123.001888 3 2 3000000.000000
123.027241 3 0 10000.000000
123.213386 3 3 4000000.000000
123.378312 3 3 200000.000000
123.415922 3 2 3000.000000
123.697994 3 0 3000000.000000
124.083029 3 1 3000000.000000
124.223756 3 1 1500.000000
124.244033 3 0 100000.000000
124.328169 3 2 1000000.000000
124.492492 3 2 2000000.000000
124.685140 3 2 200000.000000
125.000688 3 2 1000000.000000
125.019532 3 2 200000.000000
125.113456 3 0 3000000.000000
125.355352 3 3 200000.000000
125.549540 3 2 1500.000000
125.759017 3 1 10000.000000
125.859703 3 2 3000000.000000
125.880505 3 2 3000000.000000
125.927831 3 2 3000000.000000
126.354943 3 0 20000.000000
126.937222 3 0 1500.000000
127.067234 3 2 100000.000000
127.288847 3 2 4000000.000000
128.252186 3 1 1500.000000
128.290025 3 0 2000000.000000
128.486762 3 1 100000.000000
128.728660 3 0 1500.000000
129.076166 3 0 1500.000000
129.098333 3 3 100000.000000
129.173532 3 3 200000.000000
129.392116 3 3 3000000.000000
129.413272 3 2 200000.000000
130.072706 3 1 1500.000000
130.198850 3 2 1500.000000
130.284043 3 3 1500.000000
130.500900 3 3 2000000.000000
130.514687 3 3 3000000.000000
130.528868 3 0 1500.000000
130.943395 3 1 1000000.000000
131.115501 3 1 200000.000000
131.208556 3 1 100000.000000
131.421290 3 0 1500.000000
131.423554 3 3 3000.000000
131.867770 3 2 20000.000000
132.090611 3 1 1500.000000
132.109351 3 0 100000.000000
132.772159 3 2 1500.000000
132.774339 3 2 1500.000000
133.343152 3 3 2000000.000000
133.362046 3 2 1500.000000
133.454915 3 2 1500.000000
133.974009 3 3 200000.000000
134.586238 3 2 4000000.000000
134.781041 3 2 10000.000000
135.343549 3 1 3000000.000000
135.449417 3 1 2000000.000000
135.491716 3 2 200000.000000
135.495803 3 0 4000000.000000
135.956152 3 2 1000000.000000
136.347412 3 0 1500.000000
136.403185 3 0 1500.000000
136.818418 3 0 1500.000000
137.078526 3 2 3000000.000000
137.324031 3 1 200000.000000
137.328987 3 2 1500.000000
137.373598 3 1 3000000.000000
137.451768 3 1 3000.000000
137.462893 3 1 1500.000000
137.515803 3 3 100000.000000
137.637679 3 3 1500.000000
138.035623 3 2 200000.000000
138.103446 3 0 1000000.000000
138.124435 3 1 1500.000000
138.244267 3 2 4000000.000000
138.475471 3 3 200000.000000
138.612767 3 3 4000000.000000
138.675823 3 2 1500.000000
138.918368 3 1 4000000.000000
138.979432 3 1 3000.000000
139.193515 3 3 200000.000000
139.452261 3 1 100000.000000
139.544082 3 3 200000.000000
139.945405 3 0 1500.000000
140.019752 3 2 1500.000000
140.158376 3 3 20000.000000
140.417156 3 0 100000.000000
140.534989 3 1 100000.000000
140.921899 3 3 1500.000000
141.402287 3 1 1500.000000
141.773565 3 2 10000.000000
142.003692 3 0 1500.000000
142.095864 3 3 1500.000000
142.118780 3 1 1500.000000
142.215591 3 3 1500.000000
142.273555 3 2 3000000.000000
142.830986 3 2 1500.000000
142.963551 3 2 10000.000000
143.460157 3 2 1000000.000000
143.802288 3 2 4000000.000000
144.463253 3 2 200000.000000
144.535970 3 1 200000.000000
144.614611 3 0 200000.000000
144.655916 3 3 100000.000000
145.113528 3 0 1500.000000
145.485108 3 0 1500.000000
145.575077 3 0 3000.000000
145.732096 3 1 4000000.000000
145.775986 3 3 100000.000000
146.159877 3 3 1500.000000
146.727632 3 1 3000000.000000
146.771779 3 1 200000.000000
146.870900 3 0 4000000.000000
146.964695 3 2 1500.000000
147.163689 3 2 1500.000000
147.529637 3 2 1500.000000
147.713068 3 2 2000000.000000
147.936255 3 2 1500.000000
147.949793 3 1 100000.000000
148.166487 3 1 1500.000000
148.256364 3 1 1500.000000
148.531879 3 1 100000.000000
148.595597 3 2 10000.000000
148.795406 3 0 1500.000000
148.915915 3 0 1000000.000000
148.960930 3 0 1500.000000
149.056429 3 0 1500.000000
149.101618 3 2 3000000.000000
149.739403 3 0 1500.000000
149.908397 3 3 1000000.000000
