0.013020 0 2 100000.000000
0.223248 0 1 1000000.000000
0.515154 0 3 200000.000000
0.561572 0 0 3000.000000
1.430485 0 1 20000.000000
1.883421 0 0 10000.000000
3.193698 0 3 100000.000000
3.605876 0 3 1000000.000000
3.637049 0 2 3000.000000
4.139865 0 2 1500.000000
4.675066 0 1 1000000.000000
5.071719 0 2 1500.000000
5.149981 0 3 20000.000000
6.446169 0 0 2000000.000000
6.881061 0 2 100000.000000
7.196554 0 1 1500.000000
7.286241 0 1 1500.000000
9.357542 0 3 200000.000000
9.385683 0 3 3000.000000
9.670881 0 0 1000000.000000
9.965927 0 3 100000.000000
10.059731 0 2 4000000.000000
10.139491 0 0 3000000.000000
11.043781 0 2 20000.000000
11.279413 0 2 3000.000000
12.018492 0 3 1500.000000
12.090284 0 0 1500.000000
12.187202 0 1 3000.000000
12.473755 0 2 200000.000000
13.621411 0 3 200000.000000
13.714857 0 0 3000000.000000
13.716190 0 0 4000000.000000
15.243309 0 3 4000000.000000
15.382649 0 2 1500.000000
15.764374 0 2 1500.000000
16.123796 0 3 1500.000000
16.985527 0 2 1500.000000
17.537333 0 3 1500.000000
18.223045 0 2 4000000.000000
18.627314 0 1 10000.000000
18.653416 0 3 200000.000000
19.603388 0 3 10000.000000
20.345549 0 1 4000000.000000
20.618545 0 3 1500.000000
20.680032 0 2 100000.000000
20.691241 0 0 10000.000000
21.550966 0 2 200000.000000
21.677537 0 1 3000000.000000
22.247010 0 0 4000000.000000
22.449208 0 0 3000000.000000
22.696560 0 2 1500.000000
22.717419 0 0 3000.000000
23.371404 0 0 2000000.000000
23.406924 0 3 4000000.000000
23.430206 0 2 1500.000000
24.455587 0 3 1500.000000
24.751759 0 1 100000.000000
24.941000 0 0 10000.000000
25.361254 0 0 3000000.000000
25.894442 0 3 1500.000000
26.015720 0 1 200000.000000
26.344289 0 1 3000.000000
27.293532 0 0 20000.000000
27.357602 0 2 3000000.000000
27.513279 0 2 3000000.000000
27.713302 0 0 1500.000000
29.048068 0 2 1500.000000
29.065093 0 0 10000.000000
29.376221 0 0 1500.000000
29.493338 0 1 10000.000000
30.944139 0 1 3000.000000
31.548765 0 3 20000.000000
31.662495 0 0 100000.000000
32.118894 0 1 4000000.000000
32.665442 0 3 200000.000000
32.700971 0 2 3000000.000000
32.736042 0 0 1000000.000000
33.112070 0 1 1500.000000
33.184491 0 2 100000.000000
33.835713 0 1 1500.000000
33.967126 0 1 1500.000000
34.906963 0 0 4000000.000000
34.990799 0 2 20000.000000
35.122631 0 2 1500.000000
36.116234 0 1 1500.000000
36.171121 0 1 100000.000000
36.233044 0 0 1000000.000000
36.895445 0 0 200000.000000
37.576709 0 0 100000.000000
38.054645 0 0 1000000.000000
38.468008 0 2 1500.000000
38.822816 0 1 100000.000000
38.832675 0 3 4000000.000000
39.179439 0 3 1500.000000
40.598462 0 1 2000000.000000
40.935630 0 2 3000.000000
42.766358 0 2 4000000.000000
42.901326 0 2 1500.000000
42.986480 0 3 1500.000000
43.278170 0 2 200000.000000
43.314463 0 3 1500.000000
43.409314 0 2 4000000.000000
43.431709 0 0 3000000.000000
43.799883 0 0 1500.000000
44.345335 0 1 1000000.000000
44.842358 0 0 100000.000000
45.136483 0 0 200000.000000
45.672854 0 2 100000.000000
45.923841 0 3 20000.000000
46.121644 0 0 100000.000000
46.354305 0 1 1500.000000
47.151919 0 3 3000.000000
47.361412 0 1 3000.000000
47.496549 0 3 1500.000000
47.548231 0 1 1500.000000
48.044773 0 1 3000000.000000
48.119034 0 1 1500.000000
48.458090 0 0 1500.000000
48.648773 0 2 4000000.000000
49.230608 0 2 4000000.000000
49.893796 0 2 1500.000000
49.952417 0 3 1500.000000
50.477814 0 0 1500.000000
50.822473 0 1 200000.000000
51.209040 0 2 200000.000000
51.379166 0 0 100000.000000
51.713411 0 0 1500.000000
52.122826 0 3 3000000.000000
52.155182 0 0 100000.000000
52.828546 0 1 1000000.000000
52.855584 0 0 1500.000000
53.025084 0 1 3000.000000
53.732059 0 2 4000000.000000
53.773773 0 3 1500.000000
54.172707 0 3 3000000.000000
54.631026 0 0 200000.000000
55.023433 0 0 1000000.000000
55.134972 0 3 1500.000000
55.954728 0 0 1500.000000
56.206712 0 3 1500.000000
56.334087 0 1 200000.000000
56.486905 0 1 10000.000000
56.546966 0 2 1500.000000
56.755456 0 2 10000.000000
57.064135 0 3 3000.000000
57.753140 0 3 4000000.000000
60.130592 0 2 3000.000000
60.760371 0 1 1500.000000
60.820250 0 3 10000.000000
60.949724 0 1 3000000.000000
61.100997 0 2 200000.000000
61.230827 0 3 1500.000000
61.592617 0 0 10000.000000
61.863439 0 2 10000.000000
62.070369 0 2 1000000.000000
62.081167 0 2 200000.000000
63.320965 0 1 100000.000000
63.484403 0 1 1000000.000000
63.978871 0 0 10000.000000
64.500073 0 2 1000000.000000
64.796219 0 3 3000000.000000
65.025955 0 2 1500.000000
65.253230 0 3 1500.000000
65.356146 0 2 200000.000000
65.923849 0 1 2000000.000000
66.433401 0 0 1500.000000
66.692315 0 0 20000.000000
67.012788 0 2 3000.000000
67.620399 0 1 1500.000000
68.234960 0 0 1500.000000
68.420776 0 2 100000.000000
69.490593 0 2 4000000.000000
69.944285 0 2 20000.000000
70.320985 0 0 20000.000000
70.950380 0 3 4000000.000000
71.495784 0 1 1500.000000
72.508772 0 0 10000.000000
73.787675 0 0 1500.000000
74.166668 0 3 1500.000000
75.012893 0 1 100000.000000
75.219360 0 2 3000000.000000
75.914363 0 0 200000.000000
76.483312 0 0 1000000.000000
76.654897 0 3 1500.000000
76.849777 0 2 3000.000000
77.055369 0 0 100000.000000
77.891079 0 2 1000000.000000
77.915165 0 1 1500.000000
78.785608 0 2 1000000.000000
78.921391 0 2 200000.000000
79.126349 0 3 3000.000000
79.153977 0 0 1500.000000
79.495277 0 3 4000000.000000
79.824125 0 3 3000000.000000
79.885541 0 3 100000.000000
79.979346 0 3 10000.000000
80.642877 0 2 1500.000000
80.927033 0 1 1500.000000
80.958602 0 1 200000.000000
80.994135 0 0 1500.000000
81.242877 0 0 1000000.000000
81.315161 0 0 100000.000000
82.007418 0 0 100000.000000
82.415107 0 3 200000.000000
82.436163 0 2 4000000.000000
82.668803 0 0 1500.000000
83.456612 0 1 2000000.000000
83.468487 0 2 200000.000000
83.783859 0 0 1000000.000000
84.442993 0 3 100000.000000
84.548832 0 2 20000.000000
84.656727 0 2 1500.000000
85.300299 0 1 1500.000000
85.811505 0 0 3000000.000000
85.886950 0 3 1000000.000000
86.012358 0 1 3000000.000000
86.697206 0 1 10000.000000
86.728330 0 3 1500.000000
87.724172 0 3 200000.000000
87.902533 0 0 3000.000000
88.054610 0 0 1500.000000
88.420493 0 0 20000.000000
88.746286 0 0 4000000.000000
88.763574 0 2 1500.000000
88.994835 0 3 1000000.000000
89.287234 0 0 100000.000000
89.741512 0 3 200000.000000
90.036352 0 3 100000.000000
90.218280 0 1 100000.000000
90.330145 0 2 200000.000000
90.570420 0 3 1500.000000
91.019797 0 1 3000.000000
91.479094 0 2 4000000.000000
91.980811 0 2 3000000.000000
92.045849 0 2 200000.000000
92.439301 0 3 2000000.000000
92.701102 0 2 200000.000000
93.157531 0 1 1500.000000
93.187121 0 1 4000000.000000
93.353564 0 3 10000.000000
93.449152 0 1 1500.000000
93.876388 0 3 100000.000000
94.088273 0 2 1000000.000000
94.468010 0 1 200000.000000
95.459281 0 1 100000.000000
95.486495 0 0 200000.000000
95.717272 0 3 1000000.000000
96.464302 0 1 200000.000000
97.234678 0 1 4000000.000000
97.591430 0 3 2000000.000000
98.206857 0 2 1500.000000
98.315246 0 3 3000.000000
98.759912 0 2 3000000.000000
98.921572 0 3 20000.000000
99.721845 0 3 4000000.000000
99.943277 0 0 1500.000000
100.053741 0 2 3000000.000000
100.276121 0 1 3000000.000000
100.445609 0 1 3000000.000000
101.732104 0 3 4000000.000000
102.340717 0 1 1500.000000
102.623802 0 3 1500.000000
102.654891 0 1 1000000.000000
102.717101 0 2 1500.000000
102.972559 0 0 10000.000000
103.109482 0 3 3000000.000000
103.618744 0 0 100000.000000
104.639889 0 0 10000.000000
104.943182 0 2 3000000.000000
104.986777 0 1 1500.000000
105.427926 0 2 3000000.000000
105.662406 0 2 1500.000000
105.744977 0 1 2000000.000000
106.001944 0 0 1500.000000
106.217724 0 1 1500.000000
107.445593 0 1 1500.000000
107.660067 0 3 100000.000000
108.307235 0 3 3000000.000000
108.587183 0 1 4000000.000000
109.985515 0 0 200000.000000
110.790266 0 3 4000000.000000
110.955602 0 0 1500.000000
111.269356 0 1 1500.000000
111.825897 0 1 100000.000000
111.928777 0 0 4000000.000000
112.003127 0 0 3000.000000
112.057931 0 1 3000000.000000
112.070060 0 2 20000.000000
112.539879 0 1 3000000.000000
112.976070 0 1 3000000.000000
113.349439 0 1 1500.000000
113.496641 0 1 4000000.000000
113.781172 0 3 1500.000000
114.064148 0 2 1500.000000
114.066519 0 2 10000.000000
114.375799 0 2 100000.000000
114.502308 0 1 1500.000000
114.548247 0 1 20000.000000
115.416605 0 3 1500.000000
115.551761 0 1 200000.000000
116.702513 0 2 3000000.000000
116.989865 0 1 1500.000000
117.292832 0 0 1000000.000000
117.640523 0 1 1500.000000
117.694705 0 1 1500.000000
117.722350 0 0 1000000.000000
117.874398 0 2 1500.000000
118.684426 0 3 1500.000000
118.688993 0 1 1500.000000
118.870800 0 2 2000000.000000
119.078420 0 3 1000000.000000
119.241234 0 2 4000000.000000
119.428028 0 2 4000000.000000
119.432023 0 2 100000.000000
119.441004 0 2 100000.000000
119.477542 0 0 200000.000000
120.462713 0 1 1000000.000000
120.596488 0 3 1500.000000
120.650759 0 0 3000.000000
121.260954 0 2 200000.000000
121.395304 0 0 1500.000000
121.438943 0 0 200000.000000
121.739894 0 3 200000.000000
122.185228 0 3 10000.000000
122.269837 0 1 3000000.000000
122.414615 0 1 1500.000000
123.066060 0 1 200000.000000
123.082583 0 1 1500.000000
123.138025 0 2 2000000.000000
124.557250 0 1 200000.000000
124.828965 0 3 20000.000000
125.002028 0 1 1000000.000000
125.038222 0 3 3000.000000
125.140694 0 1 1500.000000
125.556429 0 2 1500.000000
125.781449 0 1 3000000.000000
125.966975 0 2 10000.000000
126.380249 0 0 1500.000000
126.454523 0 1 10000.000000
127.119077 0 2 3000000.000000
127.757037 0 1 1500.000000
127.856118 0 2 20000.000000
128.479043 0 2 1500.000000
128.667045 0 2 3000000.000000
130.184828 0 3 1500.000000
130.335842 0 2 200000.000000
130.676160 0 2 3000.000000
130.787418 0 2 1000000.000000
131.172302 0 0 4000000.000000
131.380097 0 1 100000.000000
132.133033 0 2 1500.000000
132.425650 0 0 3000000.000000
132.826799 0 0 4000000.000000
133.431474 0 2 100000.000000
134.341754 0 0 100000.000000
134.949907 0 3 1000000.000000
135.477632 0 0 1500.000000
135.583245 0 3 3000000.000000
135.598034 0 1 1500.000000
135.753118 0 3 1500.000000
136.326154 0 2 1000000.000000
136.593954 0 2 1500.000000
137.824551 0 1 2000000.000000
138.219031 0 1 4000000.000000
138.713037 0 3 3000.000000
139.138791 0 0 1500.000000
140.147560 0 2 20000.000000
141.452140 0 2 10000.000000
141.646031 0 1 1000000.000000
141.707313 0 0 3000000.000000
141.715791 0 1 4000000.000000
142.293218 0 2 10000.000000
143.532047 0 1 4000000.000000
143.899193 0 3 4000000.000000
143.933535 0 3 100000.000000
144.128888 0 3 1500.000000
144.884784 0 0 4000000.000000
145.264522 0 1 1500.000000
145.996847 0 2 4000000.000000
146.202975 0 3 1500.000000
146.922802 0 2 1500.000000
148.291610 0 0 1500.000000
149.086368 0 3 1500.000000
149.394687 0 2 20000.000000
149.653300 0 3 1500.000000
149.705710 0 1 10000.000000
0.413506 1 2 1500.000000
1.052730 1 1 20000.000000
1.097372 1 1 1000000.000000
1.139617 1 2 1500.000000
1.233043 1 3 200000.000000
1.443588 1 2 1500.000000
1.880743 1 0 200000.000000
3.086624 1 1 4000000.000000
3.188993 1 2 1500.000000
3.335584 1 0 4000000.000000
3.672929 1 3 3000.000000
3.678611 1 0 1000000.000000
3.814196 1 3 10000.000000
4.503609 1 3 3000.000000
5.129130 1 1 200000.000000
5.293988 1 2 4000000.000000
5.307290 1 0 1000000.000000
5.584292 1 3 1500.000000
6.444800 1 3 3000000.000000
6.463821 1 2 1500.000000
6.875366 1 3 4000000.000000
7.431952 1 3 200000.000000
7.790728 1 3 100000.000000
8.458633 1 2 1500.000000
8.484248 1 1 1000000.000000
8.492773 1 2 4000000.000000
9.345867 1 3 10000.000000
9.351912 1 3 10000.000000
9.878013 1 2 4000000.000000
9.954733 1 0 100000.000000
10.579535 1 0 1500.000000
10.733216 1 3 3000.000000
11.198757 1 1 3000000.000000
11.432047 1 2 1500.000000
12.233133 1 3 1500.000000
12.528934 1 3 1500.000000
12.598431 1 0 4000000.000000
12.891601 1 2 200000.000000
12.986027 1 3 200000.000000
13.123159 1 1 1500.000000
13.658579 1 3 200000.000000
13.995392 1 0 1500.000000
14.767087 1 3 3000.000000
14.862433 1 0 4000000.000000
15.120976 1 3 1500.000000
15.288819 1 0 4000000.000000
15.589791 1 2 1500.000000
15.598972 1 3 1500.000000
15.808769 1 1 20000.000000
16.000593 1 3 1000000.000000
16.178710 1 1 2000000.000000
16.653618 1 0 100000.000000
16.996733 1 1 1500.000000
17.252028 1 1 1500.000000
17.456014 1 3 200000.000000
17.508113 1 0 1500.000000
17.650485 1 2 200000.000000
17.780465 1 0 4000000.000000
17.852560 1 1 2000000.000000
17.974752 1 2 2000000.000000
18.006091 1 0 4000000.000000
18.257687 1 3 1500.000000
18.752614 1 2 100000.000000
19.278940 1 1 4000000.000000
19.532792 1 0 200000.000000
20.571931 1 1 200000.000000
21.024227 1 3 3000.000000
22.464815 1 3 1000000.000000
23.001694 1 3 1500.000000
23.295001 1 1 1500.000000
23.412420 1 2 4000000.000000
23.449273 1 0 100000.000000
23.793196 1 3 3000000.000000
23.838164 1 2 100000.000000
24.911368 1 0 10000.000000
25.509279 1 0 1500.000000
25.847687 1 0 1500.000000
26.655002 1 2 10000.000000
27.130634 1 1 10000.000000
27.668606 1 2 1500.000000
28.281844 1 0 200000.000000
29.396527 1 3 100000.000000
29.434621 1 0 1000000.000000
30.327725 1 0 100000.000000
30.468933 1 2 3000000.000000
30.472874 1 2 20000.000000
30.754087 1 0 4000000.000000
31.093689 1 1 1500.000000
32.132500 1 3 1500.000000
32.330544 1 3 100000.000000
32.364310 1 1 1500.000000
33.292017 1 0 1500.000000
34.403680 1 2 1500.000000
35.244770 1 3 1000000.000000
35.789265 1 2 1500.000000
35.953712 1 1 3000000.000000
36.528282 1 1 100000.000000
36.725332 1 2 1500.000000
37.061465 1 2 3000000.000000
38.022259 1 2 1500.000000
38.228189 1 0 1500.000000
38.562800 1 0 4000000.000000
38.708381 1 3 200000.000000
38.990953 1 3 3000.000000
38.999448 1 2 1000000.000000
39.447508 1 3 4000000.000000
39.473970 1 1 3000000.000000
39.675038 1 0 100000.000000
40.116718 1 2 3000000.000000
40.711300 1 3 100000.000000
40.723031 1 1 3000000.000000
40.780831 1 3 1500.000000
40.954347 1 0 4000000.000000
41.380827 1 1 1500.000000
42.101684 1 0 1500.000000
42.260916 1 2 100000.000000
43.060784 1 3 100000.000000
44.079024 1 1 3000000.000000
44.370082 1 0 3000.000000
44.816171 1 2 1500.000000
45.844267 1 3 1000000.000000
45.927811 1 1 1000000.000000
47.622849 1 0 20000.000000
47.733708 1 0 1500.000000
48.118713 1 1 1500.000000
49.304211 1 0 1500.000000
49.705107 1 3 3000000.000000
49.787699 1 1 4000000.000000
49.857472 1 1 1500.000000
50.513277 1 1 200000.000000
51.433716 1 1 1000000.000000
51.889010 1 1 1500.000000
51.928539 1 1 1500.000000
52.646877 1 0 1500.000000
53.004401 1 3 4000000.000000
53.359999 1 0 3000000.000000
53.889661 1 3 3000000.000000
54.940628 1 2 1500.000000
55.188546 1 3 1500.000000
56.082532 1 2 1500.000000
56.147503 1 1 1500.000000
56.314977 1 3 3000.000000
56.341407 1 2 1500.000000
56.833594 1 3 2000000.000000
57.806840 1 3 200000.000000
58.080470 1 0 2000000.000000
58.312817 1 3 1500.000000
59.629349 1 1 1500.000000
59.951174 1 0 3000.000000
60.104350 1 3 1000000.000000
60.175027 1 3 2000000.000000
60.415547 1 1 100000.000000
60.438977 1 1 1500.000000
60.495218 1 2 200000.000000
61.284585 1 2 200000.000000
61.377644 1 1 10000.000000
61.886668 1 3 2000000.000000
61.972328 1 0 1000000.000000
62.043270 1 1 1500.000000
62.055682 1 0 4000000.000000
62.125391 1 0 1500.000000
63.299410 1 0 1500.000000
63.322801 1 1 3000000.000000
63.809217 1 0 10000.000000
64.033778 1 3 100000.000000
64.272091 1 0 1500.000000
64.925770 1 3 1000000.000000
65.040019 1 1 100000.000000
65.055134 1 1 1000000.000000
65.292865 1 1 4000000.000000
65.806015 1 0 1500.000000
66.429307 1 2 1000000.000000
66.899800 1 3 1500.000000
67.423429 1 0 1500.000000
67.572003 1 2 1500.000000
67.600804 1 0 1500.000000
68.167365 1 0 1500.000000
68.742213 1 1 1500.000000
68.917547 1 3 200000.000000
69.331977 1 3 3000.000000
70.344887 1 1 200000.000000
70.546627 1 1 1500.000000
70.708126 1 1 2000000.000000
71.285732 1 1 3000.000000
71.387609 1 2 3000000.000000
71.861771 1 1 4000000.000000
72.000483 1 1 1000000.000000
72.424681 1 1 4000000.000000
72.598007 1 2 200000.000000
73.038587 1 1 1500.000000
73.655735 1 1 10000.000000
74.319204 1 2 10000.000000
75.192091 1 3 20000.000000
75.635538 1 3 200000.000000
75.697723 1 1 3000000.000000
76.365065 1 0 20000.000000
77.278372 1 1 1500.000000
77.895749 1 3 4000000.000000
78.282991 1 1 2000000.000000
78.806716 1 0 20000.000000
79.001342 1 3 1500.000000
79.609854 1 2 1000000.000000
79.920137 1 1 100000.000000
79.959621 1 1 1500.000000
79.971621 1 1 1500.000000
80.115683 1 3 1500.000000
80.181437 1 1 3000000.000000
80.383921 1 0 1500.000000
81.106511 1 0 3000.000000
81.196338 1 2 100000.000000
81.747621 1 1 100000.000000
82.550780 1 1 1500.000000
82.565999 1 0 1500.000000
82.623312 1 1 1500.000000
82.625086 1 1 1500.000000
82.735656 1 1 1000000.000000
82.910913 1 3 100000.000000
82.915516 1 0 4000000.000000
83.128754 1 2 1500.000000
83.528828 1 3 20000.000000
83.586279 1 1 100000.000000
83.736865 1 2 200000.000000
83.755525 1 3 4000000.000000
84.499814 1 2 1500.000000
86.002196 1 1 10000.000000
86.650309 1 1 200000.000000
87.078509 1 2 1500.000000
87.323355 1 0 1500.000000
87.805174 1 3 3000000.000000
87.989501 1 0 1500.000000
88.244615 1 3 200000.000000
88.376252 1 0 1500.000000
88.545884 1 0 10000.000000
88.682189 1 2 10000.000000
88.933935 1 2 1500.000000
89.158006 1 2 1000000.000000
89.502356 1 3 3000.000000
90.034349 1 1 100000.000000
90.066819 1 2 3000000.000000
90.260762 1 1 1000000.000000
90.440723 1 3 1500.000000
90.460795 1 1 3000000.000000
90.468436 1 1 10000.000000
90.641129 1 1 100000.000000
90.851737 1 3 1500.000000
90.893485 1 0 3000.000000
90.959510 1 3 1000000.000000
91.483983 1 0 10000.000000
91.847244 1 1 4000000.000000
91.859288 1 2 4000000.000000
92.923238 1 3 1500.000000
92.983022 1 3 100000.000000
93.073153 1 1 1500.000000
94.016073 1 0 1500.000000
94.112332 1 0 100000.000000
95.723125 1 3 1500.000000
96.343254 1 1 1500.000000
96.455714 1 1 1500.000000
96.819810 1 3 1500.000000
97.015044 1 3 10000.000000
97.076865 1 0 1500.000000
97.930688 1 1 4000000.000000
97.979648 1 0 1000000.000000
98.567644 1 2 1000000.000000
99.001423 1 0 1000000.000000
99.128365 1 0 1500.000000
99.257834 1 2 1500.000000
99.653233 1 2 1500.000000
99.676090 1 0 20000.000000
99.780869 1 3 3000.000000
99.813569 1 0 1500.000000
100.406640 1 3 4000000.000000
100.536148 1 0 1500.000000
100.990622 1 0 100000.000000
101.138133 1 3 1000000.000000
101.881451 1 1 1500.000000
102.800653 1 2 1500.000000
102.913830 1 2 4000000.000000
103.965551 1 0 1500.000000
104.079282 1 3 3000.000000
104.267645 1 2 3000.000000
106.600886 1 3 3000.000000
107.089932 1 3 1500.000000
108.550525 1 3 1500.000000
108.724174 1 0 100000.000000
108.842830 1 3 1500.000000
108.919990 1 2 1000000.000000
109.818240 1 2 200000.000000
111.195653 1 0 3000000.000000
111.214585 1 1 3000000.000000
111.416314 1 1 200000.000000
112.154843 1 3 1500.000000
112.262041 1 1 200000.000000
112.537708 1 2 1500.000000
112.870160 1 2 1500.000000
113.494985 1 1 4000000.000000
113.573924 1 1 100000.000000
113.820571 1 0 3000000.000000
113.911811 1 2 100000.000000
114.081880 1 0 200000.000000
114.084824 1 3 200000.000000
114.341718 1 2 1500.000000
114.392097 1 3 10000.000000
114.457109 1 3 4000000.000000
114.518706 1 2 1500.000000
114.582741 1 2 20000.000000
114.620213 1 2 1500.000000
114.791467 1 3 4000000.000000
115.423960 1 3 200000.000000
116.015903 1 0 1500.000000
116.221480 1 2 100000.000000
116.268646 1 2 10000.000000
116.564676 1 2 20000.000000
116.569714 1 1 1500.000000
116.672437 1 2 3000.000000
118.707631 1 2 1500.000000
118.893532 1 1 3000.000000
118.936495 1 2 100000.000000
118.936881 1 1 20000.000000
119.012379 1 3 200000.000000
119.251134 1 1 1500.000000
119.654310 1 3 1500.000000
120.205970 1 3 1500.000000
120.402986 1 3 1500.000000
120.582034 1 3 1500.000000
120.982719 1 0 1500.000000
121.264140 1 1 10000.000000
121.458373 1 1 4000000.000000
121.926835 1 0 4000000.000000
121.948576 1 3 1500.000000
122.356409 1 0 3000000.000000
122.368147 1 0 10000.000000
122.740896 1 2 200000.000000
122.971688 1 2 100000.000000
123.380328 1 0 10000.000000
123.505158 1 2 4000000.000000
123.994218 1 3 3000000.000000
124.334577 1 2 3000000.000000
124.459314 1 3 3000000.000000
124.608333 1 1 100000.000000
125.392553 1 1 1500.000000
125.990833 1 0 1500.000000
126.476876 1 3 4000000.000000
126.714955 1 2 1500.000000
126.825803 1 0 200000.000000
127.541731 1 3 2000000.000000
127.654093 1 3 4000000.000000
128.331352 1 1 1500.000000
128.581396 1 2 1500.000000
128.807137 1 0 1500.000000
128.818032 1 1 3000000.000000
128.889284 1 1 4000000.000000
128.917840 1 0 4000000.000000
129.160118 1 3 4000000.000000
129.189707 1 0 1000000.000000
129.491033 1 2 1500.000000
129.777179 1 2 1500.000000
130.451240 1 1 1000000.000000
130.978090 1 0 4000000.000000
131.064858 1 2 200000.000000
131.147477 1 1 1000000.000000
131.232796 1 0 100000.000000
131.267401 1 0 1000000.000000
131.394114 1 2 1500.000000
131.494196 1 1 3000.000000
131.561472 1 2 1000000.000000
132.546606 1 2 4000000.000000
133.365720 1 2 1500.000000
133.415881 1 2 1500.000000
135.097285 1 2 100000.000000
136.260104 1 3 1500.000000
136.637841 1 0 3000000.000000
137.007865 1 3 1500.000000
137.047064 1 3 100000.000000
137.216630 1 1 100000.000000
137.572896 1 3 200000.000000
137.781830 1 2 200000.000000
138.268416 1 3 100000.000000
138.978908 1 1 1500.000000
139.079144 1 2 10000.000000
139.108850 1 1 20000.000000
139.835433 1 0 1500.000000
140.747859 1 3 20000.000000
140.815942 1 1 1000000.000000
141.186532 1 0 2000000.000000
141.303707 1 3 4000000.000000
141.479333 1 1 1500.000000
141.483698 1 1 200000.000000
141.740703 1 1 3000.000000
142.052365 1 0 3000000.000000
142.416768 1 2 20000.000000
142.430194 1 1 2000000.000000
142.462117 1 3 3000.000000
142.799027 1 3 100000.000000
143.393413 1 2 1500.000000
143.954626 1 2 1500.000000
144.600390 1 1 3000000.000000
145.575592 1 2 1500.000000
146.002249 1 0 1500.000000
146.036972 1 1 10000.000000
147.346117 1 0 1000000.000000
147.856550 1 0 20000.000000
147.962836 1 1 1500.000000
149.015909 1 1 1500.000000
149.581868 1 2 4000000.000000
0.446293 2 1 1500.000000
0.723701 2 1 3000000.000000
1.123620 2 0 1500.000000
1.207530 2 2 1500.000000
1.501712 2 0 200000.000000
1.502741 2 1 1500.000000
3.003285 2 0 1500.000000
3.302830 2 0 100000.000000
4.770015 2 3 20000.000000
4.771729 2 3 100000.000000
5.429352 2 1 1500.000000
6.128880 2 2 1500.000000
6.331818 2 0 1000000.000000
6.804843 2 3 1500.000000
7.132034 2 1 10000.000000
7.281298 2 3 1500.000000
8.134013 2 1 1000000.000000
8.404274 2 0 3000.000000
9.051100 2 0 1500.000000
9.126118 2 2 100000.000000
9.472173 2 0 20000.000000
9.638740 2 2 100000.000000
10.515251 2 2 1500.000000
10.914472 2 3 1500.000000
11.085314 2 2 1500.000000
11.097067 2 3 20000.000000
11.485546 2 1 1500.000000
11.544547 2 2 1500.000000
11.588870 2 0 1500.000000
11.728670 2 3 3000.000000
12.630883 2 3 3000000.000000
13.310576 2 0 100000.000000
13.638355 2 2 1000000.000000
13.836822 2 2 10000.000000
14.094440 2 3 1500.000000
14.396561 2 2 1500.000000
14.592686 2 0 20000.000000
15.267496 2 0 200000.000000
15.328380 2 2 1500.000000
16.262449 2 0 1500.000000
16.295691 2 2 200000.000000
17.393683 2 0 4000000.000000
18.045902 2 0 3000000.000000
18.339374 2 1 100000.000000
18.826502 2 0 1500.000000
18.912556 2 2 200000.000000
19.078302 2 2 100000.000000
19.464644 2 3 1500.000000
19.489488 2 2 1000000.000000
19.949094 2 2 20000.000000
20.861799 2 2 3000.000000
21.114846 2 1 10000.000000
21.480622 2 0 100000.000000
21.893585 2 1 10000.000000
22.010156 2 1 4000000.000000
22.204455 2 2 1500.000000
22.342518 2 1 1500.000000
22.661297 2 2 1500.000000
22.684788 2 1 4000000.000000
22.769791 2 2 100000.000000
22.899212 2 3 1500.000000
24.467152 2 0 10000.000000
24.534856 2 2 20000.000000
25.110534 2 1 200000.000000
25.316500 2 2 1500.000000
26.066769 2 2 1500.000000
26.129865 2 3 4000000.000000
26.315041 2 3 1500.000000
26.555043 2 1 1500.000000
26.615081 2 1 100000.000000
27.159786 2 1 3000000.000000
27.464737 2 1 200000.000000
27.529337 2 3 1500.000000
27.577241 2 0 100000.000000
28.038219 2 3 1500.000000
29.135719 2 2 200000.000000
29.163241 2 2 10000.000000
29.454547 2 0 3000.000000
29.714872 2 2 4000000.000000
29.743540 2 0 200000.000000
29.850394 2 1 1500.000000
29.859286 2 1 20000.000000
30.852444 2 3 1500.000000
31.255805 2 0 1500.000000
31.555692 2 0 1500.000000
31.904520 2 3 3000.000000
32.211875 2 2 100000.000000
32.222518 2 0 20000.000000
32.325530 2 0 4000000.000000
33.230422 2 1 4000000.000000
33.760460 2 2 1500.000000
33.804038 2 3 1000000.000000
35.278208 2 2 2000000.000000
35.335833 2 0 200000.000000
35.778659 2 1 200000.000000
36.289169 2 1 1500.000000
37.021848 2 3 100000.000000
37.676373 2 0 1500.000000
37.775683 2 2 100000.000000
37.865922 2 3 1500.000000
38.095228 2 2 100000.000000
38.150005 2 3 1500.000000
38.589907 2 2 100000.000000
38.832312 2 1 1500.000000
39.204366 2 3 2000000.000000
39.349688 2 3 1500.000000
39.682930 2 2 1500.000000
40.021595 2 1 3000000.000000
40.040190 2 1 1500.000000
40.117475 2 1 1000000.000000
40.979427 2 2 3000000.000000
41.854695 2 2 1500.000000
42.164586 2 0 3000000.000000
43.659193 2 0 200000.000000
43.663399 2 2 1500.000000
44.275053 2 0 1500.000000
45.402352 2 1 1500.000000
45.602090 2 1 3000.000000
46.442302 2 3 1500.000000
46.641059 2 2 10000.000000
46.786490 2 2 100000.000000
46.855984 2 0 10000.000000
47.801672 2 3 1000000.000000
47.976720 2 1 1500.000000
49.270100 2 3 3000000.000000
49.983413 2 0 1000000.000000
50.256747 2 0 1500.000000
50.891183 2 2 100000.000000
51.285169 2 0 4000000.000000
51.316316 2 2 4000000.000000
51.622166 2 1 1500.000000
52.118145 2 3 1500.000000
52.193684 2 1 20000.000000
52.856129 2 2 3000000.000000
52.996182 2 0 1500.000000
53.244682 2 3 3000.000000
53.990086 2 2 1500.000000
55.048284 2 2 10000.000000
55.447845 2 0 200000.000000
55.680660 2 2 1500.000000
56.247964 2 1 3000000.000000
56.255842 2 0 1500.000000
56.531306 2 0 20000.000000
56.710001 2 1 1500.000000
56.851038 2 1 3000000.000000
57.069991 2 3 1500.000000
57.196148 2 1 100000.000000
57.340321 2 1 2000000.000000
57.367180 2 3 1500.000000
57.540477 2 3 200000.000000
57.619130 2 0 4000000.000000
57.882718 2 1 4000000.000000
57.893645 2 1 3000000.000000
57.902555 2 3 1000000.000000
58.663217 2 3 200000.000000
58.732786 2 1 10000.000000
58.852530 2 0 10000.000000
59.675942 2 2 100000.000000
59.839301 2 1 1500.000000
60.245895 2 1 3000000.000000
61.089999 2 3 100000.000000
61.376360 2 1 4000000.000000
61.515502 2 3 4000000.000000
62.091662 2 0 1500.000000
62.271461 2 2 1500.000000
62.770757 2 2 200000.000000
63.187614 2 2 10000.000000
64.129670 2 0 1500.000000
64.358423 2 3 1500.000000
64.437882 2 1 2000000.000000
64.747104 2 2 1500.000000
65.263529 2 0 3000000.000000
65.558004 2 1 1500.000000
65.845902 2 3 4000000.000000
65.991733 2 2 1500.000000
66.055045 2 0 100000.000000
66.087124 2 1 10000.000000
66.491323 2 3 1500.000000
66.639123 2 1 1000000.000000
66.849387 2 3 1000000.000000
67.185117 2 2 10000.000000
67.665344 2 2 10000.000000
67.907419 2 0 200000.000000
68.008772 2 0 1500.000000
68.189896 2 2 3000000.000000
68.565410 2 3 1500.000000
68.614918 2 0 1500.000000
68.685138 2 3 1500.000000
69.041316 2 1 3000000.000000
69.818033 2 3 1500.000000
70.107259 2 3 1500.000000
72.529755 2 2 4000000.000000
72.723322 2 2 200000.000000
72.861395 2 1 1500.000000
73.592202 2 0 1000000.000000
74.038860 2 2 1500.000000
75.011444 2 1 2000000.000000
75.317994 2 3 100000.000000
75.769738 2 3 1500.000000
76.079859 2 2 1500.000000
76.163132 2 0 1500.000000
76.560800 2 2 1000000.000000
77.448479 2 0 200000.000000
77.684884 2 2 1500.000000
77.699960 2 3 3000000.000000
79.099457 2 1 1500.000000
79.183797 2 2 1500.000000
79.325418 2 0 10000.000000
79.510021 2 0 4000000.000000
79.666439 2 3 1500.000000
79.694359 2 2 4000000.000000
80.097966 2 3 4000000.000000
80.115436 2 2 1500.000000
80.158946 2 1 1500.000000
80.816584 2 1 1500.000000
80.882924 2 2 1500.000000
81.334781 2 0 1000000.000000
81.901905 2 2 1500.000000
82.208232 2 1 10000.000000
82.271674 2 2 4000000.000000
82.597307 2 3 20000.000000
82.614542 2 0 100000.000000
83.620253 2 3 200000.000000
83.751056 2 1 10000.000000
83.904142 2 1 1500.000000
84.092332 2 0 3000000.000000
85.244700 2 1 200000.000000
85.939103 2 3 3000000.000000
85.940754 2 1 2000000.000000
86.240952 2 0 10000.000000
87.402476 2 0 1500.000000
87.903015 2 3 1000000.000000
88.573189 2 3 3000.000000
88.729023 2 1 3000000.000000
89.214277 2 3 1000000.000000
89.770156 2 2 1500.000000
90.237101 2 2 200000.000000
90.326323 2 3 1500.000000
90.473149 2 2 1500.000000
90.744505 2 1 4000000.000000
91.162598 2 0 4000000.000000
91.531553 2 3 3000.000000
91.853784 2 0 1500.000000
92.199016 2 1 10000.000000
92.592350 2 2 3000000.000000
92.827379 2 3 1500.000000
92.973691 2 0 1500.000000
94.110598 2 3 3000.000000
95.587650 2 0 3000000.000000
96.624861 2 1 3000.000000
96.732596 2 3 1500.000000
96.863934 2 1 1500.000000
97.370087 2 1 2000000.000000
97.403991 2 3 200000.000000
97.813711 2 0 2000000.000000
97.862729 2 2 2000000.000000
97.990877 2 1 1500.000000
99.387225 2 2 3000000.000000
100.537502 2 3 20000.000000
100.806890 2 2 1000000.000000
100.936284 2 0 1500.000000
102.631629 2 0 3000000.000000
102.641438 2 3 2000000.000000
102.819500 2 1 4000000.000000
102.856583 2 3 100000.000000
103.058113 2 3 200000.000000
103.400813 2 1 10000.000000
103.442496 2 0 100000.000000
103.814772 2 1 1500.000000
104.089534 2 1 1500.000000
104.162500 2 3 3000.000000
105.053379 2 2 3000.000000
105.083652 2 1 1500.000000
105.095241 2 1 200000.000000
105.345170 2 3 200000.000000
106.118150 2 2 200000.000000
106.372451 2 0 1500.000000
107.027998 2 1 3000000.000000
107.033865 2 2 10000.000000
107.272876 2 3 1500.000000
107.600300 2 0 1500.000000
107.771481 2 0 1000000.000000
108.242391 2 0 4000000.000000
108.252726 2 3 4000000.000000
108.521946 2 3 1500.000000
109.097279 2 3 3000000.000000
109.413266 2 3 3000.000000
109.591626 2 2 3000.000000
111.257197 2 2 200000.000000
111.393146 2 1 1500.000000
111.467543 2 2 4000000.000000
111.670212 2 2 1000000.000000
112.116643 2 2 1500.000000
112.163820 2 2 4000000.000000
112.209345 2 1 3000000.000000
112.256405 2 3 1500.000000
112.465620 2 0 1000000.000000
112.570960 2 2 1000000.000000
112.672237 2 0 1500.000000
112.746807 2 2 20000.000000
113.625959 2 1 10000.000000
114.133715 2 2 1500.000000
114.154645 2 3 1500.000000
114.593227 2 1 1500.000000
115.183799 2 0 200000.000000
115.286377 2 0 200000.000000
115.337031 2 1 1500.000000
115.544177 2 1 10000.000000
115.825879 2 1 100000.000000
115.927273 2 1 3000000.000000
116.026955 2 0 1500.000000
116.236600 2 3 1500.000000
116.872100 2 3 1500.000000
117.044353 2 1 1500.000000
118.166681 2 2 1500.000000
118.609520 2 3 1500.000000
118.780060 2 1 10000.000000
118.835776 2 3 3000000.000000
119.328058 2 1 100000.000000
119.532528 2 2 1500.000000
119.749373 2 2 4000000.000000
121.472601 2 0 1500.000000
121.648516 2 0 1000000.000000
123.737247 2 0 4000000.000000
123.964892 2 0 200000.000000
124.001254 2 3 1000000.000000
124.262800 2 1 4000000.000000
124.298633 2 1 1500.000000
124.709354 2 3 200000.000000
124.731617 2 0 100000.000000
125.788273 2 2 1000000.000000
126.204334 2 0 1000000.000000
126.315993 2 0 1000000.000000
126.328498 2 0 3000.000000
126.542680 2 0 10000.000000
126.645422 2 3 4000000.000000
127.202363 2 1 1500.000000
127.394736 2 3 1000000.000000
127.680090 2 0 20000.000000
127.946866 2 3 3000.000000
128.034241 2 0 100000.000000
128.409837 2 0 10000.000000
128.478690 2 1 1500.000000
128.599391 2 1 1500.000000
128.830811 2 1 1000000.000000
129.019071 2 2 4000000.000000
129.238740 2 0 4000000.000000
129.272608 2 3 1500.000000
129.442705 2 2 1500.000000
129.472478 2 2 10000.000000
129.823922 2 1 1500.000000
129.894353 2 2 1500.000000
129.916441 2 0 100000.000000
131.275813 2 0 10000.000000
131.854234 2 0 200000.000000
132.065027 2 0 200000.000000
132.400832 2 1 1500.000000
132.511897 2 1 1000000.000000
132.702441 2 2 200000.000000
132.824101 2 3 2000000.000000
133.048188 2 0 1500.000000
133.360422 2 3 3000.000000
133.877807 2 3 1500.000000
134.254281 2 1 1500.000000
134.639164 2 1 1500.000000
135.302098 2 1 1500.000000
135.385660 2 0 20000.000000
135.442085 2 1 1500.000000
135.574520 2 0 3000000.000000
135.582436 2 0 100000.000000
135.878794 2 0 3000.000000
136.256614 2 0 1500.000000
136.359626 2 0 10000.000000
137.373910 2 0 100000.000000
137.691492 2 3 1500.000000
138.813571 2 2 100000.000000
139.113892 2 0 1500.000000
139.350453 2 0 3000.000000
140.107343 2 3 100000.000000
141.611395 2 1 4000000.000000
141.901980 2 0 1500.000000
142.122813 2 3 4000000.000000
142.133404 2 1 100000.000000
142.439240 2 0 1000000.000000
142.861902 2 1 100000.000000
143.453473 2 1 10000.000000
143.473519 2 0 1500.000000
143.632380 2 2 4000000.000000
143.645529 2 2 1500.000000
144.969080 2 3 200000.000000
145.052828 2 1 1500.000000
145.611211 2 1 3000.000000
146.123652 2 3 1500.000000
146.346230 2 1 1500.000000
147.055767 2 2 3000.000000
148.302406 2 3 10000.000000
148.493143 2 1 20000.000000
148.802009 2 2 3000000.000000
149.328949 2 2 3000000.000000
149.578691 2 0 1500.000000
149.838904 2 2 20000.000000
0.323120 3 0 3000000.000000
0.757529 3 3 100000.000000
0.916161 3 3 1500.000000
0.945849 3 1 1500.000000
0.952350 3 3 200000.000000
2.213065 3 0 1000000.000000
3.236170 3 0 1500.000000
3.395415 3 2 3000000.000000
3.530033 3 3 200000.000000
3.804242 3 0 1500.000000
3.925974 3 3 3000000.000000
4.310470 3 1 10000.000000
4.438672 3 3 3000000.000000
4.621458 3 0 1500.000000
4.814545 3 3 1500.000000
5.225293 3 1 3000000.000000
5.275157 3 1 1500.000000
5.403262 3 2 20000.000000
6.205453 3 1 1500.000000
6.791358 3 3 3000.000000
6.858045 3 3 1500.000000
7.652836 3 2 4000000.000000
7.851385 3 3 1500.000000
7.876781 3 1 100000.000000
8.176150 3 1 100000.000000
8.371696 3 1 1000000.000000
8.842490 3 2 100000.000000
9.512819 3 3 200000.000000
10.405170 3 1 100000.000000
10.594550 3 1 3000000.000000
11.041517 3 2 3000000.000000
11.071519 3 0 3000.000000
11.185616 3 2 1000000.000000
11.185990 3 0 1000000.000000
11.372768 3 2 1000000.000000
11.419886 3 0 3000.000000
11.988902 3 3 200000.000000
12.428480 3 1 4000000.000000
12.497367 3 3 1500.000000
13.211349 3 1 4000000.000000
13.825203 3 3 1500.000000
13.953310 3 1 1500.000000
13.965735 3 0 4000000.000000
14.499835 3 2 1000000.000000
14.836976 3 0 1500.000000
15.007654 3 2 1500.000000
15.401034 3 1 3000000.000000
15.632940 3 2 1500.000000
16.629848 3 0 100000.000000
16.630514 3 3 200000.000000
17.851055 3 2 3000000.000000
18.190912 3 0 1500.000000
18.846672 3 2 3000000.000000
18.962985 3 0 3000.000000
19.155826 3 3 200000.000000
19.437043 3 1 1500.000000
19.677150 3 3 100000.000000
19.739458 3 3 3000000.000000
19.806048 3 3 3000000.000000
20.180044 3 0 1500.000000
20.526997 3 1 1500.000000
22.017175 3 2 4000000.000000
22.136138 3 0 1500.000000
22.805537 3 2 1500.000000
23.052946 3 3 1000000.000000
23.295509 3 0 100000.000000
23.372136 3 1 4000000.000000
23.750271 3 3 1500.000000
23.844544 3 2 3000000.000000
23.858761 3 0 3000000.000000
24.499658 3 0 4000000.000000
25.073919 3 0 4000000.000000
25.103893 3 0 1500.000000
25.447899 3 2 1500.000000
25.519725 3 1 4000000.000000
25.708667 3 3 10000.000000
26.039590 3 1 1500.000000
26.351020 3 2 10000.000000
26.364616 3 2 3000000.000000
27.272419 3 3 3000000.000000
27.570414 3 2 1500.000000
28.113289 3 3 3000000.000000
29.447083 3 3 100000.000000
29.482350 3 2 1500.000000
30.735624 3 2 1000000.000000
31.157431 3 3 100000.000000
31.674843 3 3 200000.000000
32.678615 3 2 3000.000000
33.385578 3 2 3000.000000
35.065281 3 0 1500.000000
35.101423 3 0 1500.000000
35.563913 3 3 100000.000000
36.153961 3 1 10000.000000
37.124677 3 3 100000.000000
37.642498 3 1 1500.000000
37.796170 3 0 100000.000000
37.895803 3 1 1500.000000
38.505220 3 2 1500.000000
38.599231 3 3 100000.000000
39.235481 3 2 1500.000000
39.373678 3 2 1000000.000000
39.429542 3 0 200000.000000
39.586485 3 0 3000.000000
39.849322 3 2 1500.000000
40.310560 3 0 1500.000000
40.649565 3 3 1500.000000
40.650990 3 1 4000000.000000
40.711669 3 1 1500.000000
40.854797 3 3 1000000.000000
41.001856 3 1 1000000.000000
41.377088 3 3 200000.000000
41.466376 3 0 20000.000000
41.477924 3 2 200000.000000
41.622613 3 2 1500.000000
41.652222 3 3 1500.000000
41.741979 3 2 20000.000000
41.768731 3 2 4000000.000000
41.948246 3 3 1500.000000
41.955187 3 2 1500.000000
42.637408 3 1 1500.000000
43.509513 3 3 20000.000000
43.523491 3 2 4000000.000000
43.820050 3 2 4000000.000000
44.078576 3 3 3000.000000
44.241708 3 0 4000000.000000
44.554013 3 2 1000000.000000
44.774780 3 3 1500.000000
45.036576 3 1 10000.000000
45.271452 3 0 4000000.000000
46.096939 3 2 1500.000000
46.278180 3 3 2000000.000000
46.397400 3 1 1000000.000000
46.434662 3 3 1500.000000
46.473629 3 0 200000.000000
46.653888 3 2 4000000.000000
47.283353 3 3 200000.000000
47.658820 3 2 1500.000000
47.852931 3 2 10000.000000
48.006722 3 1 1000000.000000
48.404899 3 2 1000000.000000
48.905027 3 3 10000.000000
48.915105 3 1 1000000.000000
49.557876 3 2 1000000.000000
49.960949 3 3 1000000.000000
50.457727 3 1 10000.000000
50.719856 3 2 200000.000000
50.898855 3 1 1500.000000
51.540352 3 2 100000.000000
51.644605 3 3 3000000.000000
51.849503 3 2 4000000.000000
52.023249 3 0 4000000.000000
52.299809 3 3 3000000.000000
53.321836 3 3 1500.000000
53.559976 3 2 1500.000000
53.610956 3 3 100000.000000
54.753884 3 2 1500.000000
54.787742 3 0 1500.000000
55.184507 3 0 3000000.000000
55.346251 3 2 1000000.000000
56.334502 3 1 1500.000000
57.828053 3 0 1500.000000
57.918588 3 0 4000000.000000
57.932399 3 2 100000.000000
58.003778 3 3 1500.000000
58.356951 3 1 1500.000000
58.440306 3 3 1500.000000
58.840430 3 3 1500.000000
59.486553 3 3 100000.000000
59.727539 3 3 3000.000000
60.451866 3 3 4000000.000000
60.757654 3 2 20000.000000
61.162169 3 1 100000.000000
61.606353 3 1 100000.000000
61.833128 3 1 100000.000000
61.843839 3 1 1500.000000
62.129794 3 2 4000000.000000
62.140526 3 1 4000000.000000
62.567525 3 0 100000.000000
62.772566 3 2 10000.000000
63.268243 3 1 3000.000000
63.306581 3 0 20000.000000
64.008066 3 1 200000.000000
64.147620 3 2 1000000.000000
64.221269 3 3 200000.000000
64.835609 3 2 10000.000000
65.069492 3 0 200000.000000
65.748827 3 0 1500.000000
65.917878 3 0 1500.000000
66.071618 3 0 1000000.000000
66.483927 3 0 200000.000000
67.614826 3 0 1500.000000
67.876197 3 3 200000.000000
67.926442 3 1 100000.000000
68.415051 3 1 200000.000000
68.587073 3 2 10000.000000
68.931236 3 3 1500.000000
69.660261 3 2 1500.000000
70.199822 3 3 1500.000000
70.295046 3 0 100000.000000
70.551373 3 1 1500.000000
70.782638 3 0 20000.000000
71.201127 3 0 3000.000000
71.988503 3 0 1500.000000
72.580764 3 1 1500.000000
73.012513 3 1 100000.000000
73.203862 3 1 1000000.000000
73.440508 3 0 1000000.000000
73.642659 3 3 3000000.000000
74.676723 3 0 1500.000000
74.768430 3 1 3000000.000000
75.164415 3 2 1500.000000
75.271740 3 2 3000.000000
75.482471 3 0 1500.000000
75.910399 3 0 1500.000000
75.931457 3 3 10000.000000
76.470226 3 3 1000000.000000
76.910299 3 3 1500.000000
77.359242 3 0 1000000.000000
77.663753 3 3 3000.000000
77.801122 3 3 10000.000000
78.425952 3 3 10000.000000
78.693750 3 2 200000.000000
78.720660 3 2 1500.000000
79.612676 3 0 100000.000000
79.654431 3 1 1500.000000
80.381336 3 1 200000.000000
80.624103 3 1 3000000.000000
80.922278 3 3 1500.000000
81.731726 3 0 200000.000000
82.120969 3 2 1000000.000000
83.771262 3 1 1000000.000000
83.875622 3 3 1500.000000
84.321724 3 1 200000.000000
84.568330 3 0 100000.000000
86.614164 3 0 1500.000000
86.749217 3 1 10000.000000
86.967608 3 0 1000000.000000
86.992643 3 2 1000000.000000
87.058113 3 1 1000000.000000
87.238261 3 1 20000.000000
87.566693 3 0 1000000.000000
87.802731 3 2 1500.000000
89.004513 3 2 200000.000000
89.115842 3 3 200000.000000
89.409237 3 1 10000.000000
89.541471 3 2 4000000.000000
89.659452 3 3 4000000.000000
90.487791 3 3 1500.000000
91.287963 3 0 1500.000000
91.320285 3 0 100000.000000
91.391192 3 2 10000.000000
91.851475 3 0 20000.000000
92.123993 3 2 1500.000000
92.126451 3 1 100000.000000
92.801380 3 1 1500.000000
93.096844 3 2 1000000.000000
93.309433 3 1 200000.000000
93.702684 3 0 100000.000000
93.817427 3 3 4000000.000000
94.141938 3 1 1500.000000
94.361352 3 1 1000000.000000
94.442094 3 3 100000.000000
94.467754 3 0 1500.000000
94.676068 3 0 1000000.000000
95.015326 3 1 3000000.000000
95.036373 3 1 100000.000000
95.383160 3 2 10000.000000
96.866335 3 2 100000.000000
97.019829 3 3 1500.000000
97.433775 3 0 1500.000000
97.533702 3 2 100000.000000
97.602455 3 3 3000000.000000
98.106781 3 3 1500.000000
98.636863 3 2 200000.000000
98.754550 3 2 1000000.000000
99.680162 3 3 3000.000000
101.640121 3 3 100000.000000
102.057593 3 3 1500.000000
102.136887 3 0 3000000.000000
102.667661 3 0 3000000.000000
102.683716 3 0 3000000.000000
102.800219 3 0 1500.000000
103.007239 3 2 4000000.000000
103.081672 3 3 10000.000000
103.104368 3 3 1500.000000
103.731080 3 3 200000.000000
103.870601 3 1 1000000.000000
104.238372 3 1 1500.000000
104.361397 3 1 1500.000000
104.422548 3 3 4000000.000000
104.537380 3 3 100000.000000
105.446497 3 3 1500.000000
105.702468 3 0 1500.000000
106.116616 3 3 3000.000000
106.860459 3 2 3000000.000000
107.106686 3 1 4000000.000000
107.273995 3 1 200000.000000
107.826498 3 0 4000000.000000
107.845514 3 1 200000.000000
109.149994 3 1 1000000.000000
109.724592 3 2 3000.000000
109.905057 3 1 1500.000000
109.932103 3 2 10000.000000
109.944117 3 1 100000.000000
110.013163 3 2 4000000.000000
110.173420 3 3 3000000.000000
110.313685 3 3 3000000.000000
110.694550 3 0 100000.000000
111.223148 3 0 1500.000000
111.474682 3 0 20000.000000
111.613994 3 3 200000.000000
111.765316 3 0 1500.000000
112.251079 3 3 1500.000000
112.267331 3 3 3000.000000
112.392503 3 0 20000.000000
112.487153 3 0 100000.000000
112.710385 3 1 1500.000000
112.839498 3 3 100000.000000
113.484243 3 0 1500.000000
114.174300 3 3 100000.000000
114.187674 3 0 200000.000000
114.236811 3 0 3000.000000
114.566311 3 0 4000000.000000
114.821991 3 3 3000000.000000
115.009345 3 0 4000000.000000
115.205339 3 3 4000000.000000
115.633857 3 0 1500.000000
115.812393 3 3 3000.000000
116.262760 3 1 1500.000000
117.187241 3 0 200000.000000
117.213673 3 3 3000000.000000
117.344695 3 0 1500.000000
117.584299 3 3 4000000.000000
118.709202 3 1 4000000.000000
118.995633 3 3 1500.000000
119.861964 3 2 10000.000000
120.293622 3 3 4000000.000000
120.424786 3 3 3000000.000000
121.645161 3 2 1500.000000
121.816614 3 0 4000000.000000
122.055827 3 1 100000.000000
122.643731 3 1 1500.000000
122.975665 3 0 1500.000000
123.462266 3 2 1500.000000
123.570843 3 3 1500.000000
124.132367 3 2 3000000.000000
124.237503 3 3 100000.000000
124.627534 3 3 3000.000000
124.698679 3 2 20000.000000
124.955772 3 2 1500.000000
125.136796 3 1 20000.000000
125.348280 3 2 1500.000000
125.560046 3 2 10000.000000
126.310870 3 3 3000000.000000
127.077181 3 0 1500.000000
127.081237 3 3 100000.000000
127.082352 3 0 1000000.000000
127.560334 3 3 20000.000000
127.793776 3 1 200000.000000
129.075421 3 1 4000000.000000
129.471251 3 0 1500.000000
129.517931 3 2 1500.000000
129.680598 3 2 200000.000000
130.069896 3 2 3000000.000000
130.188916 3 2 10000.000000
130.675244 3 3 3000.000000
131.459284 3 0 20000.000000
131.996206 3 3 1500.000000
132.026462 3 2 1500.000000
132.062551 3 2 200000.000000
132.655712 3 3 20000.000000
133.137450 3 0 4000000.000000
133.340626 3 2 200000.000000
133.446994 3 3 20000.000000
133.811261 3 1 1500.000000
134.411132 3 3 20000.000000
134.493807 3 3 1500.000000
134.692822 3 0 100000.000000
134.951863 3 3 1500.000000
135.272699 3 3 1500.000000
135.694071 3 2 3000000.000000
136.212690 3 1 1500.000000
137.104939 3 3 10000.000000
138.137055 3 0 1500.000000
138.546407 3 0 1500.000000
138.878301 3 0 1500.000000
139.812423 3 0 1000000.000000
139.936723 3 2 3000000.000000
140.130396 3 3 100000.000000
140.277744 3 1 200000.000000
140.360663 3 1 1500.000000
140.942668 3 1 200000.000000
142.059312 3 2 1500.000000
142.176596 3 2 1000000.000000
142.193436 3 0 1500.000000
142.407591 3 3 100000.000000
142.603032 3 3 3000000.000000
142.704238 3 1 1500.000000
142.736455 3 2 20000.000000
142.755022 3 0 20000.000000
142.991322 3 1 100000.000000
143.362367 3 1 200000.000000
143.420246 3 0 200000.000000
143.924412 3 0 1000000.000000
143.989361 3 0 3000000.000000
144.403371 3 0 100000.000000
144.784975 3 2 200000.000000
145.241260 3 1 4000000.000000
145.476277 3 3 1500.000000
145.674599 3 1 4000000.000000
146.201784 3 1 1500.000000
146.377581 3 3 1000000.000000
146.423149 3 2 1500.000000
146.545032 3 3 3000.000000
146.828082 3 2 1000000.000000
147.017370 3 2 1500.000000
147.171136 3 3 20000.000000
147.405418 3 1 1500.000000
148.047218 3 2 1500.000000
148.368207 3 3 3000000.000000
148.381543 3 2 2000000.000000
148.981293 3 3 100000.000000
149.042924 3 0 1500.000000
149.061134 3 0 3000000.000000
149.212962 3 0 1000000.000000
149.240817 3 0 100000.000000
