0.834441 0 2 100000.000000
1.464987 0 1 1000000.000000
1.507357 0 3 200000.000000
2.129900 0 0 3000.000000
2.134792 0 1 20000.000000
3.124140 0 0 10000.000000
3.279825 0 3 100000.000000
3.380020 0 3 1000000.000000
3.812582 0 2 3000.000000
4.414468 0 2 1500.000000
4.418774 0 1 1000000.000000
4.729423 0 2 1500.000000
5.320052 0 3 20000.000000
5.838995 0 0 2000000.000000
6.150278 0 2 100000.000000
6.868761 0 1 1500.000000
7.035145 0 1 1500.000000
7.206635 0 3 200000.000000
7.891607 0 3 3000.000000
8.318961 0 0 1000000.000000
8.414496 0 3 100000.000000
8.516698 0 2 4000000.000000
8.770674 0 0 3000000.000000
8.978608 0 2 20000.000000
9.619593 0 2 3000.000000
9.697914 0 3 1500.000000
9.754213 0 0 1500.000000
9.978141 0 1 3000.000000
10.526645 0 2 200000.000000
10.794840 0 3 200000.000000
10.948389 0 0 3000000.000000
11.052258 0 0 4000000.000000
11.066245 0 3 4000000.000000
11.074124 0 2 1500.000000
11.296370 0 2 1500.000000
11.532937 0 3 1500.000000
11.924182 0 2 1500.000000
11.974321 0 3 1500.000000
12.313986 0 2 4000000.000000
14.048836 0 1 10000.000000
14.384843 0 3 200000.000000
14.416300 0 3 10000.000000
14.455368 0 1 4000000.000000
14.959964 0 3 1500.000000
15.112861 0 2 100000.000000
15.412169 0 0 10000.000000
16.412579 0 2 200000.000000
18.426008 0 1 3000000.000000
18.619286 0 0 4000000.000000
18.936533 0 0 3000000.000000
19.036156 0 2 1500.000000
20.876075 0 0 3000.000000
20.999885 0 0 2000000.000000
21.032050 0 3 4000000.000000
21.497186 0 2 1500.000000
21.585119 0 3 1500.000000
21.758343 0 1 100000.000000
22.068383 0 0 10000.000000
22.078132 0 0 3000000.000000
23.152203 0 3 1500.000000
25.220020 0 1 200000.000000
26.039790 0 1 3000.000000
26.127764 0 0 20000.000000
26.554290 0 2 3000000.000000
26.818079 0 2 3000000.000000
27.237378 0 0 1500.000000
27.276887 0 2 1500.000000
27.643813 0 0 10000.000000
28.177269 0 0 1500.000000
28.940956 0 1 10000.000000
28.957172 0 1 3000.000000
29.754176 0 3 20000.000000
30.543200 0 0 100000.000000
31.216166 0 1 4000000.000000
32.441450 0 3 200000.000000
32.571722 0 2 3000000.000000
32.576421 0 0 1000000.000000
33.027273 0 1 1500.000000
33.314680 0 2 100000.000000
33.527082 0 1 1500.000000
33.560988 0 1 1500.000000
33.661635 0 0 4000000.000000
33.830554 0 2 20000.000000
34.176533 0 2 1500.000000
34.271712 0 1 1500.000000
34.617004 0 1 100000.000000
34.821661 0 0 1000000.000000
35.447378 0 0 200000.000000
35.710676 0 0 100000.000000
36.059937 0 0 1000000.000000
36.676814 0 2 1500.000000
37.141476 0 1 100000.000000
37.753033 0 3 4000000.000000
38.016976 0 3 1500.000000
38.705258 0 1 2000000.000000
38.733566 0 2 3000.000000
39.166124 0 2 4000000.000000
39.446572 0 2 1500.000000
39.500788 0 3 1500.000000
40.545280 0 2 200000.000000
40.706862 0 3 1500.000000
41.376815 0 2 4000000.000000
41.842150 0 0 3000000.000000
42.297968 0 0 1500.000000
42.687179 0 1 1000000.000000
43.297688 0 0 100000.000000
43.414903 0 0 200000.000000
43.685296 0 2 100000.000000
44.375641 0 3 20000.000000
45.085043 0 0 100000.000000
46.461790 0 1 1500.000000
46.755245 0 3 3000.000000
47.123985 0 1 3000.000000
47.654252 0 3 1500.000000
47.805602 0 1 1500.000000
47.916624 0 1 3000000.000000
48.541222 0 1 1500.000000
50.306911 0 0 1500.000000
50.319132 0 2 4000000.000000
50.487389 0 2 4000000.000000
50.740101 0 2 1500.000000
50.780435 0 3 1500.000000
50.807141 0 0 1500.000000
51.073052 0 1 200000.000000
51.084506 0 2 200000.000000
52.626891 0 0 100000.000000
53.125797 0 0 1500.000000
53.372850 0 3 3000000.000000
53.775945 0 0 100000.000000
54.580621 0 1 1000000.000000
54.795585 0 0 1500.000000
56.292445 0 1 3000.000000
56.492104 0 2 4000000.000000
56.512849 0 3 1500.000000
56.516608 0 3 3000000.000000
56.548240 0 0 200000.000000
57.616567 0 0 1000000.000000
57.824606 0 3 1500.000000
58.365549 0 0 1500.000000
58.471778 0 3 1500.000000
58.715594 0 1 200000.000000
58.783792 0 1 10000.000000
58.806167 0 2 1500.000000
58.950005 0 2 10000.000000
59.993497 0 3 3000.000000
60.705847 0 3 4000000.000000
60.844113 0 2 3000.000000
61.503254 0 1 1500.000000
61.511633 0 3 10000.000000
61.599228 0 1 3000000.000000
61.826576 0 2 200000.000000
62.154371 0 3 1500.000000
62.235898 0 0 10000.000000
62.813447 0 2 10000.000000
63.046257 0 2 1000000.000000
63.191542 0 2 200000.000000
63.560876 0 1 100000.000000
63.978271 0 1 1000000.000000
64.178891 0 0 10000.000000
64.306324 0 2 1000000.000000
64.504879 0 3 3000000.000000
64.569375 0 2 1500.000000
65.058936 0 3 1500.000000
65.111377 0 2 200000.000000
65.233845 0 1 2000000.000000
66.966294 0 0 1500.000000
67.126490 0 0 20000.000000
68.549481 0 2 3000.000000
69.723847 0 1 1500.000000
69.791223 0 0 1500.000000
69.805888 0 2 100000.000000
70.154762 0 2 4000000.000000
70.304374 0 2 20000.000000
70.362988 0 0 20000.000000
70.442804 0 3 4000000.000000
70.454272 0 1 1500.000000
70.595631 0 0 10000.000000
70.796461 0 0 1500.000000
70.810385 0 3 1500.000000
70.976414 0 1 100000.000000
71.292777 0 2 3000000.000000
72.103012 0 0 200000.000000
72.138799 0 0 1000000.000000
72.260214 0 3 1500.000000
72.744325 0 2 3000.000000
73.009493 0 0 100000.000000
73.514917 0 2 1000000.000000
73.585101 0 1 1500.000000
73.634164 0 2 1000000.000000
74.116967 0 2 200000.000000
74.241205 0 3 3000.000000
74.245016 0 0 1500.000000
74.336329 0 3 4000000.000000
74.600927 0 3 3000000.000000
74.872822 0 3 100000.000000
74.913164 0 3 10000.000000
74.948485 0 2 1500.000000
75.109245 0 1 1500.000000
75.114805 0 1 200000.000000
76.033816 0 0 1500.000000
76.176719 0 0 1000000.000000
76.514112 0 0 100000.000000
77.117885 0 0 100000.000000
77.363896 0 3 200000.000000
77.373402 0 2 4000000.000000
77.677630 0 0 1500.000000
77.915394 0 1 2000000.000000
78.374488 0 2 200000.000000
78.387452 0 0 1000000.000000
78.885092 0 3 100000.000000
78.892381 0 2 20000.000000
79.109245 0 2 1500.000000
79.155755 0 1 1500.000000
79.331430 0 0 3000000.000000
79.631168 0 3 1000000.000000
79.834831 0 1 3000000.000000
79.877297 0 1 10000.000000
80.260578 0 3 1500.000000
80.497870 0 3 200000.000000
80.752345 0 0 3000.000000
80.806308 0 0 1500.000000
80.915348 0 0 20000.000000
80.976174 0 0 4000000.000000
81.364697 0 2 1500.000000
81.524765 0 3 1000000.000000
81.866963 0 0 100000.000000
81.949929 0 3 200000.000000
82.094731 0 3 100000.000000
82.394808 0 1 100000.000000
82.509477 0 2 200000.000000
82.675204 0 3 1500.000000
82.946333 0 1 3000.000000
84.168452 0 2 4000000.000000
84.337017 0 2 3000000.000000
85.127929 0 2 200000.000000
85.807882 0 3 2000000.000000
87.316607 0 2 200000.000000
87.700277 0 1 1500.000000
87.758707 0 1 4000000.000000
87.901904 0 3 10000.000000
88.635807 0 1 1500.000000
89.266810 0 3 100000.000000
89.438230 0 2 1000000.000000
89.652714 0 1 200000.000000
90.072418 0 1 100000.000000
90.216452 0 0 200000.000000
90.269715 0 3 1000000.000000
90.393200 0 1 200000.000000
90.466449 0 1 4000000.000000
90.827112 0 3 2000000.000000
90.913804 0 2 1500.000000
91.559609 0 3 3000.000000
91.717100 0 2 3000000.000000
94.588684 0 3 20000.000000
94.863185 0 3 4000000.000000
94.865564 0 0 1500.000000
95.413572 0 2 3000000.000000
95.617251 0 1 3000000.000000
96.288993 0 1 3000000.000000
96.403171 0 3 4000000.000000
96.764205 0 1 1500.000000
98.404947 0 3 1500.000000
98.493631 0 1 1000000.000000
98.631625 0 2 1500.000000
100.676537 0 0 10000.000000
101.124638 0 3 3000000.000000
101.164164 0 0 100000.000000
101.384086 0 0 10000.000000
101.421419 0 2 3000000.000000
101.580851 0 1 1500.000000
102.572375 0 2 3000000.000000
102.860164 0 2 1500.000000
102.895938 0 1 2000000.000000
103.868907 0 0 1500.000000
103.958585 0 1 1500.000000
104.043839 0 1 1500.000000
104.317764 0 3 100000.000000
104.342137 0 3 3000000.000000
104.450915 0 1 4000000.000000
104.548776 0 0 200000.000000
104.898573 0 3 4000000.000000
104.966988 0 0 1500.000000
105.377196 0 1 1500.000000
105.377724 0 1 100000.000000
105.546965 0 0 4000000.000000
105.619056 0 0 3000.000000
106.239883 0 1 3000000.000000
106.502417 0 2 20000.000000
106.590764 0 1 3000000.000000
106.619579 0 1 3000000.000000
107.674453 0 1 1500.000000
107.726369 0 1 4000000.000000
108.104668 0 3 1500.000000
108.359041 0 2 1500.000000
108.967083 0 2 10000.000000
109.579206 0 2 100000.000000
110.072970 0 1 1500.000000
110.712506 0 1 20000.000000
110.791302 0 3 1500.000000
111.270858 0 1 200000.000000
111.930082 0 2 3000000.000000
112.154209 0 1 1500.000000
112.553457 0 0 1000000.000000
112.875766 0 1 1500.000000
113.113959 0 1 1500.000000
113.363320 0 0 1000000.000000
113.463237 0 2 1500.000000
113.930785 0 3 1500.000000
113.977749 0 1 1500.000000
114.052149 0 2 2000000.000000
114.530545 0 3 1000000.000000
114.579410 0 2 4000000.000000
114.703220 0 2 4000000.000000
114.752416 0 2 100000.000000
114.765742 0 2 100000.000000
114.771171 0 0 200000.000000
114.887527 0 1 1000000.000000
115.195717 0 3 1500.000000
115.350551 0 0 3000.000000
115.422456 0 2 200000.000000
116.992738 0 0 1500.000000
117.735660 0 0 200000.000000
118.075430 0 3 200000.000000
118.080672 0 3 10000.000000
118.127785 0 1 3000000.000000
118.428124 0 1 1500.000000
120.212280 0 1 200000.000000
120.731268 0 1 1500.000000
120.926372 0 2 2000000.000000
121.208382 0 1 200000.000000
121.808609 0 3 20000.000000
122.352563 0 1 1000000.000000
122.576523 0 3 3000.000000
122.742250 0 1 1500.000000
122.786603 0 2 1500.000000
123.099284 0 1 3000000.000000
123.686390 0 2 10000.000000
125.322238 0 0 1500.000000
126.342793 0 1 10000.000000
126.688216 0 2 3000000.000000
126.788466 0 1 1500.000000
127.102511 0 2 20000.000000
127.993741 0 2 1500.000000
128.023419 0 2 3000000.000000
128.464390 0 3 1500.000000
129.108478 0 2 200000.000000
129.358472 0 2 3000.000000
129.568075 0 2 1000000.000000
129.857556 0 0 4000000.000000
130.177066 0 1 100000.000000
131.081024 0 2 1500.000000
131.140203 0 0 3000000.000000
131.182093 0 0 4000000.000000
132.214806 0 2 100000.000000
133.024172 0 0 100000.000000
133.115285 0 3 1000000.000000
133.207625 0 0 1500.000000
133.868720 0 3 3000000.000000
134.188513 0 1 1500.000000
134.648124 0 3 1500.000000
135.152220 0 2 1000000.000000
135.321601 0 2 1500.000000
135.721752 0 1 2000000.000000
135.953722 0 1 4000000.000000
136.687205 0 3 3000.000000
136.822395 0 0 1500.000000
136.884286 0 2 20000.000000
137.291484 0 2 10000.000000
137.948543 0 1 1000000.000000
138.922505 0 0 3000000.000000
139.339800 0 1 4000000.000000
139.744169 0 2 10000.000000
139.836568 0 1 4000000.000000
139.931670 0 3 4000000.000000
140.639861 0 3 100000.000000
140.836631 0 3 1500.000000
141.467890 0 0 4000000.000000
141.535710 0 1 1500.000000
142.180669 0 2 4000000.000000
142.671393 0 3 1500.000000
142.878718 0 2 1500.000000
143.077737 0 0 1500.000000
143.387721 0 3 1500.000000
143.464314 0 2 20000.000000
143.920350 0 3 1500.000000
144.061580 0 1 10000.000000
144.215913 0 2 1500.000000
144.617239 0 1 20000.000000
145.393067 0 1 1000000.000000
145.553225 0 2 1500.000000
146.940431 0 3 200000.000000
149.023822 0 2 1500.000000
149.102407 0 0 200000.000000
149.432499 0 1 4000000.000000
149.505395 0 2 1500.000000
149.623746 0 0 4000000.000000
149.662677 0 3 3000.000000
149.730915 0 0 1000000.000000
0.540887 1 3 10000.000000
0.657556 1 3 3000.000000
2.718424 1 1 200000.000000
3.033606 1 2 4000000.000000
3.247324 1 0 1000000.000000
3.531324 1 3 1500.000000
3.619972 1 3 3000000.000000
3.732594 1 2 1500.000000
3.779172 1 3 4000000.000000
3.812606 1 3 200000.000000
3.896152 1 3 100000.000000
3.912401 1 2 1500.000000
4.002184 1 1 1000000.000000
4.043361 1 2 4000000.000000
4.132821 1 3 10000.000000
4.782635 1 3 10000.000000
4.818340 1 2 4000000.000000
5.453228 1 0 100000.000000
5.831364 1 0 1500.000000
5.894347 1 3 3000.000000
5.944319 1 1 3000000.000000
6.141204 1 2 1500.000000
7.176675 1 3 1500.000000
7.287921 1 3 1500.000000
7.432544 1 0 4000000.000000
7.639128 1 2 200000.000000
8.201725 1 3 200000.000000
8.213510 1 1 1500.000000
8.942603 1 3 200000.000000
9.121747 1 0 1500.000000
10.056320 1 3 3000.000000
10.075545 1 0 4000000.000000
11.691248 1 3 1500.000000
12.162534 1 0 4000000.000000
12.310153 1 2 1500.000000
12.382540 1 3 1500.000000
13.047983 1 1 20000.000000
13.210610 1 3 1000000.000000
13.379945 1 1 2000000.000000
13.762870 1 0 100000.000000
14.216352 1 1 1500.000000
14.308010 1 1 1500.000000
14.746694 1 3 200000.000000
15.089604 1 0 1500.000000
15.104493 1 2 200000.000000
15.692538 1 0 4000000.000000
16.715075 1 1 2000000.000000
16.893010 1 2 2000000.000000
17.363554 1 0 4000000.000000
18.064314 1 3 1500.000000
18.133941 1 2 100000.000000
18.286983 1 1 4000000.000000
18.631248 1 0 200000.000000
18.742917 1 1 200000.000000
20.072012 1 3 3000.000000
20.307923 1 3 1000000.000000
20.466366 1 3 1500.000000
20.767881 1 1 1500.000000
21.757180 1 2 4000000.000000
21.862541 1 0 100000.000000
22.275291 1 3 3000000.000000
23.438949 1 2 100000.000000
23.575671 1 0 10000.000000
24.160328 1 0 1500.000000
24.326167 1 0 1500.000000
25.176181 1 2 10000.000000
25.231540 1 1 10000.000000
25.252481 1 2 1500.000000
25.366595 1 0 200000.000000
25.424696 1 3 100000.000000
25.746436 1 0 1000000.000000
26.461790 1 0 100000.000000
27.234948 1 2 3000000.000000
27.605908 1 2 20000.000000
27.672104 1 0 4000000.000000
28.340652 1 1 1500.000000
28.555730 1 3 1500.000000
29.435731 1 3 100000.000000
29.677857 1 1 1500.000000
29.852482 1 0 1500.000000
30.550961 1 2 1500.000000
31.379441 1 3 1000000.000000
31.682315 1 2 1500.000000
31.731527 1 1 3000000.000000
32.167553 1 1 100000.000000
32.347360 1 2 1500.000000
32.368457 1 2 3000000.000000
32.700746 1 2 1500.000000
33.500266 1 0 1500.000000
33.672846 1 0 4000000.000000
34.304806 1 3 200000.000000
36.045860 1 3 3000.000000
36.873182 1 2 1000000.000000
37.048992 1 3 4000000.000000
38.288599 1 1 3000000.000000
39.049993 1 0 100000.000000
39.755433 1 2 3000000.000000
39.794758 1 3 100000.000000
40.353180 1 1 3000000.000000
40.832956 1 3 1500.000000
40.836355 1 0 4000000.000000
41.516210 1 1 1500.000000
42.173629 1 0 1500.000000
42.625227 1 2 100000.000000
43.241286 1 3 100000.000000
43.411355 1 1 3000000.000000
43.594182 1 0 3000.000000
44.115096 1 2 1500.000000
44.765413 1 3 1000000.000000
45.369645 1 1 1000000.000000
45.529670 1 0 20000.000000
45.686315 1 0 1500.000000
45.962091 1 1 1500.000000
45.962670 1 0 1500.000000
46.848907 1 3 3000000.000000
46.940693 1 1 4000000.000000
46.981380 1 1 1500.000000
47.154393 1 1 200000.000000
47.912994 1 1 1000000.000000
48.602295 1 1 1500.000000
48.760513 1 1 1500.000000
50.079620 1 0 1500.000000
50.442019 1 3 4000000.000000
50.900632 1 0 3000000.000000
51.098879 1 3 3000000.000000
51.422382 1 2 1500.000000
52.023141 1 3 1500.000000
52.680259 1 2 1500.000000
53.191526 1 1 1500.000000
53.192246 1 3 3000.000000
53.253160 1 2 1500.000000
53.327307 1 3 2000000.000000
53.489486 1 3 200000.000000
53.533559 1 0 2000000.000000
53.571013 1 3 1500.000000
53.584923 1 1 1500.000000
53.877182 1 0 3000.000000
54.781318 1 3 1000000.000000
54.831045 1 3 2000000.000000
56.021999 1 1 100000.000000
56.197687 1 1 1500.000000
56.203863 1 2 200000.000000
56.244370 1 2 200000.000000
56.444821 1 1 10000.000000
57.187699 1 3 2000000.000000
57.330787 1 0 1000000.000000
57.908448 1 1 1500.000000
57.931966 1 0 4000000.000000
58.275215 1 0 1500.000000
58.589766 1 0 1500.000000
59.417344 1 1 3000000.000000
60.225301 1 0 10000.000000
61.507379 1 3 100000.000000
61.519883 1 0 1500.000000
62.108781 1 3 1000000.000000
62.322496 1 1 100000.000000
63.898841 1 1 1000000.000000
65.005961 1 1 4000000.000000
65.141092 1 0 1500.000000
65.263644 1 2 1000000.000000
65.489396 1 3 1500.000000
66.891526 1 0 1500.000000
67.265223 1 2 1500.000000
67.268628 1 0 1500.000000
69.121877 1 0 1500.000000
69.860301 1 1 1500.000000
69.899827 1 3 200000.000000
70.129829 1 3 3000.000000
70.150233 1 1 200000.000000
70.733127 1 1 1500.000000
70.981361 1 1 2000000.000000
71.207818 1 1 3000.000000
72.362012 1 2 3000000.000000
72.854886 1 1 4000000.000000
73.143273 1 1 1000000.000000
73.269372 1 1 4000000.000000
73.274602 1 2 200000.000000
74.114342 1 1 1500.000000
74.223909 1 1 10000.000000
74.225622 1 2 10000.000000
74.315135 1 3 20000.000000
74.429048 1 3 200000.000000
75.248437 1 1 3000000.000000
75.661953 1 0 20000.000000
75.817046 1 1 1500.000000
75.845358 1 3 4000000.000000
76.796363 1 1 2000000.000000
77.020389 1 0 20000.000000
77.152614 1 3 1500.000000
78.238887 1 2 1000000.000000
79.004956 1 1 100000.000000
79.375062 1 1 1500.000000
79.435577 1 1 1500.000000
79.631472 1 3 1500.000000
81.342159 1 1 3000000.000000
81.733931 1 0 1500.000000
81.958947 1 0 3000.000000
83.422802 1 2 100000.000000
83.873591 1 1 100000.000000
83.948271 1 1 1500.000000
84.083078 1 0 1500.000000
84.216412 1 1 1500.000000
84.242232 1 1 1500.000000
84.370092 1 1 1000000.000000
84.905743 1 3 100000.000000
85.216118 1 0 4000000.000000
85.863105 1 2 1500.000000
85.882080 1 3 20000.000000
86.139113 1 1 100000.000000
86.306269 1 2 200000.000000
86.345917 1 3 4000000.000000
86.697204 1 2 1500.000000
86.735701 1 1 10000.000000
86.888376 1 1 200000.000000
87.042758 1 2 1500.000000
87.128235 1 0 1500.000000
87.338781 1 3 3000000.000000
87.356044 1 0 1500.000000
87.547408 1 3 200000.000000
87.585688 1 0 1500.000000
87.773385 1 0 10000.000000
88.007015 1 2 10000.000000
88.016818 1 2 1500.000000
88.270577 1 2 1000000.000000
88.863175 1 3 3000.000000
88.987779 1 1 100000.000000
90.549124 1 2 3000000.000000
90.722759 1 1 1000000.000000
91.026681 1 3 1500.000000
91.336772 1 1 3000000.000000
91.608983 1 1 10000.000000
92.480626 1 1 100000.000000
92.638587 1 3 1500.000000
92.720370 1 0 3000.000000
93.360206 1 3 1000000.000000
93.491931 1 0 10000.000000
93.970083 1 1 4000000.000000
95.208831 1 2 4000000.000000
95.308605 1 3 1500.000000
95.721286 1 3 100000.000000
96.785459 1 1 1500.000000
96.785945 1 0 1500.000000
96.831711 1 0 100000.000000
97.548915 1 3 1500.000000
97.910852 1 1 1500.000000
99.284833 1 1 1500.000000
99.426107 1 3 1500.000000
99.939112 1 3 10000.000000
100.220813 1 0 1500.000000
100.266026 1 1 4000000.000000
100.581896 1 0 1000000.000000
100.958319 1 2 1000000.000000
101.829139 1 0 1000000.000000
101.894096 1 0 1500.000000
104.053986 1 2 1500.000000
104.326114 1 2 1500.000000
104.366108 1 0 20000.000000
105.453070 1 3 3000.000000
105.922786 1 0 1500.000000
106.420734 1 3 4000000.000000
107.527940 1 0 1500.000000
107.692091 1 0 100000.000000
107.746853 1 3 1000000.000000
108.107523 1 1 1500.000000
108.157285 1 2 1500.000000
108.362950 1 2 4000000.000000
109.138257 1 0 1500.000000
109.580504 1 3 3000.000000
110.402916 1 2 3000.000000
110.441025 1 3 3000.000000
111.577318 1 3 1500.000000
111.890374 1 3 1500.000000
112.293281 1 0 100000.000000
112.629032 1 3 1500.000000
112.731849 1 2 1000000.000000
112.936707 1 2 200000.000000
113.115544 1 0 3000000.000000
113.178202 1 1 3000000.000000
113.780335 1 1 200000.000000
114.086072 1 3 1500.000000
114.989449 1 1 200000.000000
115.460057 1 2 1500.000000
115.639194 1 2 1500.000000
115.744111 1 1 4000000.000000
116.679374 1 1 100000.000000
117.078621 1 0 3000000.000000
117.730134 1 2 100000.000000
117.816139 1 0 200000.000000
119.628686 1 3 200000.000000
120.718224 1 2 1500.000000
120.847225 1 3 10000.000000
120.861924 1 3 4000000.000000
123.203022 1 2 1500.000000
123.698964 1 2 20000.000000
123.945719 1 2 1500.000000
124.129568 1 3 4000000.000000
124.477279 1 3 200000.000000
124.800157 1 0 1500.000000
125.436980 1 2 100000.000000
125.476833 1 2 10000.000000
125.747134 1 2 20000.000000
126.349699 1 1 1500.000000
126.871606 1 2 3000.000000
127.015133 1 2 1500.000000
127.351338 1 1 3000.000000
127.723047 1 2 100000.000000
127.748222 1 1 20000.000000
127.961914 1 3 200000.000000
128.060596 1 1 1500.000000
128.091703 1 3 1500.000000
130.357078 1 3 1500.000000
130.618194 1 3 1500.000000
131.162042 1 3 1500.000000
131.676593 1 0 1500.000000
131.903351 1 1 10000.000000
131.988737 1 1 4000000.000000
132.046893 1 0 4000000.000000
132.185852 1 3 1500.000000
134.488788 1 0 3000000.000000
134.995136 1 0 10000.000000
135.420066 1 2 200000.000000
135.464101 1 2 100000.000000
136.204856 1 0 10000.000000
136.628699 1 2 4000000.000000
137.198498 1 3 3000000.000000
137.941321 1 2 3000000.000000
138.360993 1 3 3000000.000000
138.580902 1 1 100000.000000
138.652701 1 1 1500.000000
138.816308 1 0 1500.000000
139.211708 1 3 4000000.000000
139.447856 1 2 1500.000000
139.984773 1 0 200000.000000
140.711354 1 3 2000000.000000
141.114934 1 3 4000000.000000
141.326379 1 1 1500.000000
141.689434 1 2 1500.000000
142.037824 1 0 1500.000000
142.168334 1 1 3000000.000000
142.304259 1 1 4000000.000000
142.648538 1 0 4000000.000000
142.698024 1 3 4000000.000000
143.393552 1 0 1000000.000000
143.938113 1 2 1500.000000
144.082179 1 2 1500.000000
144.091917 1 1 1000000.000000
144.429893 1 0 4000000.000000
144.553231 1 2 200000.000000
144.553345 1 1 1000000.000000
145.092390 1 0 100000.000000
145.115342 1 0 1000000.000000
145.942239 1 2 1500.000000
146.347861 1 1 3000.000000
146.908059 1 2 1000000.000000
147.995546 1 2 4000000.000000
148.132036 1 2 1500.000000
148.448053 1 2 1500.000000
148.636268 1 2 100000.000000
148.806654 1 3 1500.000000
149.615065 1 0 3000000.000000
0.128963 2 3 1500.000000
0.935033 2 3 100000.000000
1.023737 2 1 100000.000000
1.100573 2 3 200000.000000
3.750857 2 2 200000.000000
3.825831 2 3 100000.000000
4.646153 2 1 1500.000000
4.867945 2 2 10000.000000
5.136182 2 1 20000.000000
5.353889 2 0 1500.000000
5.388792 2 3 20000.000000
5.404970 2 1 1000000.000000
5.483951 2 0 2000000.000000
6.127471 2 3 4000000.000000
6.842047 2 1 1500.000000
7.240631 2 1 200000.000000
7.651465 2 1 3000.000000
7.743863 2 0 3000000.000000
7.830206 2 2 20000.000000
7.985117 2 1 2000000.000000
8.067368 2 3 3000.000000
8.070349 2 3 100000.000000
8.810713 2 2 1500.000000
9.894054 2 2 1500.000000
10.076233 2 1 3000000.000000
10.243386 2 2 1500.000000
10.315040 2 0 1500.000000
11.068814 2 1 10000.000000
12.213851 2 0 1000000.000000
12.755434 2 0 20000.000000
12.810007 2 1 1500.000000
13.101098 2 1 1500.000000
13.161142 2 2 4000000.000000
13.408784 2 1 1500.000000
13.776385 2 1 3000000.000000
14.360638 2 0 1500.000000
15.354174 2 2 1500.000000
15.469113 2 0 200000.000000
15.702794 2 1 1500.000000
16.817389 2 0 1500.000000
17.227970 2 0 100000.000000
17.823617 2 3 20000.000000
18.047763 2 3 100000.000000
18.141144 2 1 1500.000000
18.432515 2 2 1500.000000
18.728651 2 0 1000000.000000
19.352691 2 3 1500.000000
19.869437 2 1 10000.000000
22.398182 2 3 1500.000000
22.398248 2 1 1000000.000000
22.924079 2 0 3000.000000
23.478488 2 0 1500.000000
23.632576 2 2 100000.000000
24.138503 2 0 20000.000000
24.227934 2 2 100000.000000
24.806033 2 2 1500.000000
25.320349 2 3 1500.000000
25.944835 2 2 1500.000000
26.181492 2 3 20000.000000
26.255043 2 1 1500.000000
26.539933 2 2 1500.000000
28.149304 2 0 1500.000000
28.155644 2 3 3000.000000
28.379327 2 3 3000000.000000
28.662232 2 0 100000.000000
29.162452 2 2 1000000.000000
29.163812 2 2 10000.000000
29.233700 2 3 1500.000000
29.601020 2 2 1500.000000
29.746412 2 0 20000.000000
30.267953 2 0 200000.000000
30.782672 2 2 1500.000000
31.039947 2 0 1500.000000
32.925508 2 2 200000.000000
33.936894 2 0 4000000.000000
33.938341 2 0 3000000.000000
34.262049 2 1 100000.000000
34.725681 2 0 1500.000000
35.185833 2 2 200000.000000
35.608132 2 2 100000.000000
37.069631 2 3 1500.000000
37.274874 2 2 1000000.000000
37.798585 2 2 20000.000000
38.111868 2 2 3000.000000
38.342729 2 1 10000.000000
38.527834 2 0 100000.000000
39.108229 2 1 10000.000000
40.331413 2 1 4000000.000000
40.493724 2 2 1500.000000
41.049326 2 1 1500.000000
41.105026 2 2 1500.000000
41.522941 2 1 4000000.000000
42.025776 2 2 100000.000000
43.281236 2 3 1500.000000
43.401052 2 0 10000.000000
43.860894 2 2 20000.000000
44.061645 2 1 200000.000000
45.117032 2 2 1500.000000
45.469890 2 2 1500.000000
45.498299 2 3 4000000.000000
45.725694 2 3 1500.000000
46.191145 2 1 1500.000000
46.614832 2 1 100000.000000
47.064206 2 1 3000000.000000
47.240445 2 1 200000.000000
47.499194 2 3 1500.000000
48.364906 2 0 100000.000000
48.708187 2 3 1500.000000
48.893620 2 2 200000.000000
49.739793 2 2 10000.000000
49.775173 2 0 3000.000000
50.204711 2 2 4000000.000000
51.119066 2 0 200000.000000
51.424439 2 1 1500.000000
52.041387 2 1 20000.000000
52.094161 2 3 1500.000000
53.067229 2 0 1500.000000
53.104032 2 0 1500.000000
53.142478 2 3 3000.000000
53.387733 2 2 100000.000000
53.535292 2 0 20000.000000
54.716445 2 0 4000000.000000
54.819839 2 1 4000000.000000
54.995144 2 2 1500.000000
55.413129 2 3 1000000.000000
55.479299 2 2 2000000.000000
55.825867 2 0 200000.000000
55.844478 2 1 200000.000000
56.455463 2 1 1500.000000
56.655284 2 3 100000.000000
56.933616 2 0 1500.000000
57.046577 2 2 100000.000000
57.308321 2 3 1500.000000
57.380613 2 2 100000.000000
58.144103 2 3 1500.000000
58.856532 2 2 100000.000000
59.347876 2 1 1500.000000
59.576621 2 3 2000000.000000
59.603416 2 3 1500.000000
60.629391 2 2 1500.000000
60.640632 2 1 3000000.000000
60.642085 2 1 1500.000000
60.825295 2 1 1000000.000000
61.747884 2 2 3000000.000000
65.147211 2 2 1500.000000
65.665482 2 0 3000000.000000
65.706987 2 0 200000.000000
66.512611 2 2 1500.000000
67.089227 2 0 1500.000000
68.829713 2 1 1500.000000
69.247026 2 1 3000.000000
69.546779 2 3 1500.000000
69.711205 2 2 10000.000000
69.868474 2 2 100000.000000
70.190198 2 0 10000.000000
71.346657 2 3 1000000.000000
71.414147 2 1 1500.000000
71.563349 2 3 3000000.000000
71.686201 2 0 1000000.000000
71.821455 2 0 1500.000000
71.836086 2 2 100000.000000
73.263239 2 0 4000000.000000
73.737168 2 2 4000000.000000
74.157549 2 1 1500.000000
74.510103 2 3 1500.000000
74.567524 2 1 20000.000000
75.059831 2 2 3000000.000000
75.172002 2 0 1500.000000
76.471777 2 3 3000.000000
76.621913 2 2 1500.000000
77.581131 2 2 10000.000000
78.096212 2 0 200000.000000
78.284440 2 2 1500.000000
78.585621 2 1 3000000.000000
79.218007 2 0 1500.000000
79.365251 2 0 20000.000000
81.302682 2 1 1500.000000
81.685809 2 1 3000000.000000
81.896408 2 3 1500.000000
82.929967 2 1 100000.000000
83.049195 2 1 2000000.000000
83.501714 2 3 1500.000000
83.748816 2 3 200000.000000
83.774216 2 0 4000000.000000
83.848124 2 1 4000000.000000
83.959098 2 1 3000000.000000
84.262915 2 3 1000000.000000
84.706686 2 3 200000.000000
84.954941 2 1 10000.000000
85.057620 2 0 10000.000000
85.217977 2 2 100000.000000
86.185197 2 1 1500.000000
86.432570 2 1 3000000.000000
87.924651 2 3 100000.000000
88.195238 2 1 4000000.000000
88.703094 2 3 4000000.000000
88.819883 2 0 1500.000000
88.925927 2 2 1500.000000
89.758257 2 2 200000.000000
89.847731 2 2 10000.000000
90.283412 2 0 1500.000000
90.327722 2 3 1500.000000
91.533808 2 1 2000000.000000
93.287129 2 2 1500.000000
93.646289 2 0 3000000.000000
93.890637 2 1 1500.000000
93.949020 2 3 4000000.000000
94.304234 2 2 1500.000000
94.642986 2 0 100000.000000
94.750243 2 1 10000.000000
94.757028 2 3 1500.000000
95.036698 2 1 1000000.000000
95.170584 2 3 1000000.000000
95.345106 2 2 10000.000000
95.594529 2 2 10000.000000
95.672722 2 0 200000.000000
95.932602 2 0 1500.000000
95.982373 2 2 3000000.000000
96.033500 2 3 1500.000000
96.913609 2 0 1500.000000
97.018942 2 3 1500.000000
97.223621 2 1 3000000.000000
97.556686 2 3 1500.000000
97.718572 2 3 1500.000000
97.835661 2 2 4000000.000000
99.845351 2 2 200000.000000
100.045438 2 1 1500.000000
100.519895 2 0 1000000.000000
101.107690 2 2 1500.000000
102.292421 2 1 2000000.000000
102.478300 2 3 100000.000000
102.619008 2 3 1500.000000
102.895902 2 2 1500.000000
103.247423 2 0 1500.000000
103.475020 2 2 1000000.000000
104.411119 2 0 200000.000000
104.508301 2 2 1500.000000
106.009138 2 3 3000000.000000
106.562250 2 1 1500.000000
106.851470 2 2 1500.000000
107.469953 2 0 10000.000000
107.658805 2 0 4000000.000000
107.786634 2 3 1500.000000
107.940122 2 2 4000000.000000
108.749786 2 3 4000000.000000
108.993448 2 2 1500.000000
109.351159 2 1 1500.000000
109.422798 2 1 1500.000000
109.949204 2 2 1500.000000
110.434674 2 0 1000000.000000
110.927550 2 2 1500.000000
112.279760 2 1 10000.000000
112.467071 2 2 4000000.000000
112.848396 2 3 20000.000000
112.927663 2 0 100000.000000
113.630089 2 3 200000.000000
113.999817 2 1 10000.000000
114.168568 2 1 1500.000000
114.200288 2 0 3000000.000000
114.709020 2 1 200000.000000
114.921946 2 3 3000000.000000
114.956010 2 1 2000000.000000
115.282519 2 0 10000.000000
116.051932 2 0 1500.000000
117.028154 2 3 1000000.000000
118.452081 2 3 3000.000000
119.105138 2 1 3000000.000000
119.469852 2 3 1000000.000000
119.718194 2 2 1500.000000
120.059875 2 2 200000.000000
120.406562 2 3 1500.000000
120.630245 2 2 1500.000000
120.838108 2 1 4000000.000000
121.453951 2 0 4000000.000000
121.861599 2 3 3000.000000
122.278954 2 0 1500.000000
122.510517 2 1 10000.000000
123.049305 2 2 3000000.000000
123.054451 2 3 1500.000000
123.323616 2 0 1500.000000
123.422173 2 3 3000.000000
123.462225 2 0 3000000.000000
123.594736 2 1 3000.000000
123.688830 2 3 1500.000000
124.071314 2 1 1500.000000
124.836130 2 1 2000000.000000
125.887715 2 3 200000.000000
126.096935 2 0 2000000.000000
126.166911 2 2 2000000.000000
126.293080 2 1 1500.000000
127.383317 2 2 3000000.000000
127.491139 2 3 20000.000000
127.979485 2 2 1000000.000000
128.435129 2 0 1500.000000
128.686940 2 0 3000000.000000
128.708831 2 3 2000000.000000
129.220102 2 1 4000000.000000
129.543374 2 3 100000.000000
129.629699 2 3 200000.000000
129.658698 2 1 10000.000000
130.256763 2 0 100000.000000
130.345996 2 1 1500.000000
130.649475 2 1 1500.000000
131.561559 2 3 3000.000000
131.650165 2 2 3000.000000
132.155931 2 1 1500.000000
133.423189 2 1 200000.000000
133.567810 2 3 200000.000000
133.793646 2 2 200000.000000
133.952493 2 0 1500.000000
134.196717 2 1 3000000.000000
134.372509 2 2 10000.000000
134.613855 2 3 1500.000000
135.472340 2 0 1500.000000
135.499603 2 0 1000000.000000
135.987909 2 0 4000000.000000
136.730829 2 3 4000000.000000
136.855689 2 3 1500.000000
137.379835 2 3 3000000.000000
138.596887 2 3 3000.000000
138.815329 2 2 3000.000000
138.824986 2 2 200000.000000
139.146845 2 1 1500.000000
139.754947 2 2 4000000.000000
140.009479 2 2 1000000.000000
140.214452 2 2 1500.000000
140.621404 2 2 4000000.000000
141.048664 2 1 3000000.000000
141.100518 2 3 1500.000000
141.725547 2 0 1000000.000000
141.758210 2 2 1000000.000000
142.088957 2 0 1500.000000
142.383174 2 2 20000.000000
143.522861 2 1 10000.000000
143.580583 2 2 1500.000000
143.917616 2 3 1500.000000
143.953482 2 1 1500.000000
144.163718 2 0 200000.000000
144.464705 2 0 200000.000000
144.930077 2 1 1500.000000
145.030774 2 1 10000.000000
145.116484 2 1 100000.000000
145.337787 2 1 3000000.000000
146.583780 2 0 1500.000000
146.632674 2 3 1500.000000
147.396206 2 3 1500.000000
147.659789 2 1 1500.000000
147.663185 2 2 1500.000000
148.457527 2 3 1500.000000
148.459180 2 1 10000.000000
149.352710 2 3 3000000.000000
149.964322 2 1 100000.000000
149.966366 2 2 1500.000000
0.049599 3 2 4000000.000000
0.239820 3 0 1500.000000
0.312569 3 0 1000000.000000
0.612492 3 0 4000000.000000
1.889503 3 0 200000.000000
1.927452 3 3 1000000.000000
3.536163 3 1 4000000.000000
4.073633 3 1 1500.000000
4.078811 3 3 200000.000000
4.485263 3 0 100000.000000
5.698069 3 2 1000000.000000
6.621794 3 0 1000000.000000
6.630555 3 0 1000000.000000
6.686973 3 0 3000.000000
6.701779 3 0 10000.000000
6.895308 3 3 4000000.000000
9.107992 3 1 1500.000000
9.448789 3 3 1000000.000000
9.705881 3 0 20000.000000
11.145612 3 3 3000.000000
11.302045 3 0 100000.000000
11.402181 3 0 10000.000000
11.518810 3 1 1500.000000
11.566653 3 1 1500.000000
12.358693 3 1 1000000.000000
12.897414 3 2 4000000.000000
12.932445 3 0 4000000.000000
13.796992 3 3 1500.000000
13.892276 3 2 1500.000000
14.239110 3 2 10000.000000
14.412558 3 1 1500.000000
14.632088 3 2 1500.000000
14.947429 3 0 100000.000000
15.048270 3 0 10000.000000
15.419982 3 0 200000.000000
15.460259 3 0 200000.000000
15.610712 3 1 1500.000000
15.842227 3 1 1000000.000000
16.304665 3 2 200000.000000
16.654506 3 3 2000000.000000
16.665434 3 0 1500.000000
17.848713 3 3 3000.000000
18.878889 3 3 1500.000000
19.223620 3 1 1500.000000
21.097751 3 1 1500.000000
21.254551 3 1 1500.000000
21.288605 3 0 20000.000000
21.488244 3 1 1500.000000
21.672363 3 0 3000000.000000
21.966082 3 0 100000.000000
22.069048 3 0 3000.000000
22.251867 3 0 1500.000000
22.306760 3 0 10000.000000
22.765505 3 0 100000.000000
23.176756 3 3 1500.000000
23.414222 3 2 100000.000000
23.836892 3 0 1500.000000
24.134685 3 0 3000.000000
24.301838 3 3 100000.000000
25.175732 3 1 4000000.000000
25.540730 3 0 1500.000000
27.018840 3 3 4000000.000000
27.579223 3 1 100000.000000
27.760268 3 0 1000000.000000
28.203915 3 1 100000.000000
28.316118 3 1 10000.000000
28.813055 3 0 1500.000000
29.066876 3 2 4000000.000000
30.057732 3 2 1500.000000
30.130946 3 3 200000.000000
30.265915 3 1 1500.000000
30.282535 3 1 3000.000000
31.240322 3 3 1500.000000
31.572561 3 1 1500.000000
31.758341 3 2 3000.000000
32.399549 3 3 10000.000000
33.183729 3 1 20000.000000
33.464245 3 2 3000000.000000
33.919893 3 2 3000000.000000
34.026392 3 0 1500.000000
34.946000 3 2 20000.000000
35.268672 3 0 3000000.000000
35.496006 3 3 100000.000000
35.650587 3 3 1500.000000
35.728859 3 1 1500.000000
35.832770 3 3 200000.000000
36.015985 3 0 1000000.000000
36.543000 3 0 1500.000000
37.128531 3 2 3000000.000000
37.527544 3 3 200000.000000
37.574326 3 0 1500.000000
37.600971 3 3 3000000.000000
37.880426 3 1 10000.000000
38.811618 3 3 3000000.000000
39.193225 3 0 1500.000000
41.206226 3 3 1500.000000
41.790675 3 1 3000000.000000
41.801323 3 1 1500.000000
41.920438 3 2 20000.000000
42.043731 3 1 1500.000000
42.212020 3 3 3000.000000
42.915279 3 3 1500.000000
43.145100 3 2 4000000.000000
43.480894 3 3 1500.000000
43.588630 3 1 100000.000000
43.632101 3 1 100000.000000
44.271641 3 1 1000000.000000
44.352117 3 2 100000.000000
44.860661 3 3 200000.000000
45.110638 3 1 100000.000000
45.786160 3 1 3000000.000000
46.595154 3 2 3000000.000000
46.756324 3 0 3000.000000
46.774382 3 2 1000000.000000
47.381831 3 0 1000000.000000
47.415941 3 2 1000000.000000
47.517665 3 0 3000.000000
47.575009 3 3 200000.000000
47.803037 3 1 4000000.000000
48.196513 3 3 1500.000000
48.200530 3 1 4000000.000000
48.358320 3 3 1500.000000
49.047530 3 1 1500.000000
50.053479 3 0 4000000.000000
50.154361 3 2 1000000.000000
50.284502 3 0 1500.000000
50.995597 3 2 1500.000000
52.031959 3 1 3000000.000000
52.554497 3 2 1500.000000
52.753000 3 0 100000.000000
53.264337 3 3 200000.000000
53.380360 3 2 3000000.000000
53.681341 3 0 1500.000000
53.918326 3 2 3000000.000000
54.281217 3 0 3000.000000
54.476949 3 3 200000.000000
54.988669 3 1 1500.000000
55.154568 3 3 100000.000000
55.269673 3 3 3000000.000000
55.364336 3 3 3000000.000000
56.034440 3 0 1500.000000
56.775253 3 1 1500.000000
56.824180 3 2 4000000.000000
56.863417 3 0 1500.000000
57.001902 3 2 1500.000000
57.266184 3 3 1000000.000000
57.734661 3 0 100000.000000
58.344570 3 1 4000000.000000
59.356935 3 3 1500.000000
59.896882 3 2 3000000.000000
60.095674 3 0 3000000.000000
60.216664 3 0 4000000.000000
60.286605 3 0 4000000.000000
60.504959 3 0 1500.000000
60.812213 3 2 1500.000000
61.049208 3 1 4000000.000000
61.197884 3 3 10000.000000
61.327593 3 1 1500.000000
62.422806 3 2 10000.000000
62.662462 3 2 3000000.000000
62.674529 3 3 3000000.000000
62.871603 3 2 1500.000000
63.160213 3 3 3000000.000000
63.332571 3 3 100000.000000
63.407093 3 2 1500.000000
63.760768 3 2 1000000.000000
64.176183 3 3 100000.000000
64.667421 3 3 200000.000000
64.910930 3 2 3000.000000
64.969033 3 2 3000.000000
65.267639 3 0 1500.000000
65.860552 3 0 1500.000000
66.038201 3 3 100000.000000
66.332688 3 1 10000.000000
66.590413 3 3 100000.000000
66.632398 3 1 1500.000000
67.428077 3 0 100000.000000
67.878028 3 1 1500.000000
67.960588 3 2 1500.000000
68.450132 3 3 100000.000000
69.314961 3 2 1500.000000
69.385284 3 2 1000000.000000
69.582107 3 0 200000.000000
69.872119 3 0 3000.000000
70.772044 3 2 1500.000000
71.240385 3 0 1500.000000
71.272949 3 3 1500.000000
71.523431 3 1 4000000.000000
71.792519 3 1 1500.000000
72.645430 3 3 1000000.000000
73.105201 3 1 1000000.000000
73.306786 3 3 200000.000000
73.645214 3 0 20000.000000
74.011800 3 2 200000.000000
74.359445 3 2 1500.000000
74.846481 3 3 1500.000000
74.907082 3 2 20000.000000
74.944534 3 2 4000000.000000
75.059151 3 3 1500.000000
75.544191 3 2 1500.000000
75.921797 3 1 1500.000000
76.362614 3 3 20000.000000
77.258294 3 2 4000000.000000
77.447866 3 2 4000000.000000
77.990313 3 3 3000.000000
78.336471 3 0 4000000.000000
78.389659 3 2 1000000.000000
78.641312 3 3 1500.000000
78.657361 3 1 10000.000000
78.853823 3 0 4000000.000000
78.929866 3 2 1500.000000
79.512784 3 3 2000000.000000
79.516274 3 1 1000000.000000
79.692070 3 3 1500.000000
80.144030 3 0 200000.000000
80.465673 3 2 4000000.000000
80.792511 3 3 200000.000000
80.930104 3 2 1500.000000
81.052210 3 2 10000.000000
81.167138 3 1 1000000.000000
81.203437 3 2 1000000.000000
81.285700 3 3 10000.000000
82.351169 3 1 1000000.000000
82.745012 3 2 1000000.000000
82.932836 3 3 1000000.000000
83.327338 3 1 10000.000000
83.625043 3 2 200000.000000
83.777033 3 1 1500.000000
84.235323 3 2 100000.000000
84.307824 3 3 3000000.000000
84.872132 3 2 4000000.000000
85.771607 3 0 4000000.000000
85.780111 3 3 3000000.000000
85.812588 3 3 1500.000000
86.314422 3 2 1500.000000
86.319259 3 3 100000.000000
86.341274 3 2 1500.000000
86.561776 3 0 1500.000000
86.780305 3 0 3000000.000000
86.872325 3 2 1000000.000000
87.103885 3 1 1500.000000
87.336663 3 0 1500.000000
87.392555 3 0 4000000.000000
88.161856 3 2 100000.000000
90.008111 3 3 1500.000000
91.056251 3 1 1500.000000
92.714420 3 3 1500.000000
92.898146 3 3 1500.000000
93.031482 3 3 100000.000000
94.597641 3 3 3000.000000
95.142773 3 3 4000000.000000
95.300926 3 2 20000.000000
95.826622 3 1 100000.000000
96.479476 3 1 100000.000000
96.872826 3 1 100000.000000
97.157426 3 1 1500.000000
97.303689 3 2 4000000.000000
97.548707 3 1 4000000.000000
97.764730 3 0 100000.000000
98.209988 3 2 10000.000000
98.299345 3 1 3000.000000
98.577058 3 0 20000.000000
98.749503 3 1 200000.000000
98.901502 3 2 1000000.000000
99.094266 3 3 200000.000000
99.095178 3 2 10000.000000
99.351844 3 0 200000.000000
100.020568 3 0 1500.000000
100.191458 3 0 1500.000000
100.399685 3 0 1000000.000000
100.601278 3 0 200000.000000
100.634822 3 0 1500.000000
100.781069 3 3 200000.000000
101.116194 3 1 100000.000000
101.207038 3 1 200000.000000
101.665132 3 2 10000.000000
101.829763 3 3 1500.000000
102.246787 3 2 1500.000000
102.276022 3 3 1500.000000
102.293067 3 0 100000.000000
102.734503 3 1 1500.000000
103.098400 3 0 20000.000000
104.284173 3 0 3000.000000
104.409654 3 0 1500.000000
104.704291 3 1 1500.000000
104.993399 3 1 100000.000000
105.051407 3 1 1000000.000000
105.769547 3 0 1000000.000000
106.242801 3 3 3000000.000000
106.431098 3 0 1500.000000
106.891776 3 1 3000000.000000
107.008695 3 2 1500.000000
107.890762 3 2 3000.000000
108.340284 3 0 1500.000000
108.549095 3 0 1500.000000
109.114776 3 3 10000.000000
110.758655 3 3 1000000.000000
110.864237 3 3 1500.000000
110.937152 3 0 1000000.000000
111.882456 3 3 3000.000000
111.948428 3 3 10000.000000
112.095894 3 3 10000.000000
112.895943 3 2 200000.000000
113.097404 3 2 1500.000000
114.209754 3 0 100000.000000
114.217503 3 1 1500.000000
114.494065 3 1 200000.000000
114.795610 3 1 3000000.000000
115.088898 3 3 1500.000000
115.175608 3 0 200000.000000
115.450324 3 2 1000000.000000
115.642382 3 1 1000000.000000
115.860035 3 3 1500.000000
116.919381 3 1 200000.000000
117.726426 3 0 100000.000000
117.748008 3 0 1500.000000
117.880971 3 1 10000.000000
118.082173 3 0 1000000.000000
118.355921 3 2 1000000.000000
118.996271 3 1 1000000.000000
119.008696 3 1 20000.000000
119.518665 3 0 1000000.000000
119.758101 3 2 1500.000000
119.953962 3 2 200000.000000
120.064336 3 3 200000.000000
120.784330 3 1 10000.000000
121.088874 3 2 4000000.000000
121.235515 3 3 4000000.000000
121.238111 3 3 1500.000000
121.646805 3 0 1500.000000
121.665689 3 0 100000.000000
122.482298 3 2 10000.000000
123.226498 3 0 20000.000000
123.343858 3 2 1500.000000
123.499294 3 1 100000.000000
123.562115 3 1 1500.000000
124.275344 3 2 1000000.000000
124.749457 3 1 200000.000000
124.841243 3 0 100000.000000
124.890070 3 3 4000000.000000
125.207930 3 1 1500.000000
125.297426 3 1 1000000.000000
125.483271 3 3 100000.000000
125.582460 3 0 1500.000000
125.631861 3 0 1000000.000000
125.669904 3 1 3000000.000000
125.809863 3 1 100000.000000
125.823452 3 2 10000.000000
125.833417 3 2 100000.000000
126.072927 3 3 1500.000000
126.852124 3 0 1500.000000
128.116628 3 2 100000.000000
128.154962 3 3 3000000.000000
128.351326 3 3 1500.000000
128.978832 3 2 200000.000000
128.999555 3 2 1000000.000000
129.357752 3 3 3000.000000
129.651146 3 3 100000.000000
131.003999 3 3 1500.000000
131.084939 3 0 3000000.000000
131.478189 3 0 3000000.000000
131.843494 3 0 3000000.000000
131.909902 3 0 1500.000000
132.314332 3 2 4000000.000000
132.729982 3 3 10000.000000
133.591554 3 3 1500.000000
134.815405 3 3 200000.000000
134.879349 3 1 1000000.000000
135.399192 3 1 1500.000000
135.651354 3 1 1500.000000
135.933347 3 3 4000000.000000
136.176644 3 3 100000.000000
137.867088 3 3 1500.000000
138.580592 3 0 1500.000000
139.616661 3 3 3000.000000
140.049274 3 2 3000000.000000
140.240873 3 1 4000000.000000
140.344676 3 1 200000.000000
141.520664 3 0 4000000.000000
142.021986 3 1 200000.000000
142.369886 3 1 1000000.000000
142.697170 3 2 3000.000000
143.174660 3 1 1500.000000
143.385738 3 2 10000.000000
143.963081 3 1 100000.000000
144.184955 3 2 4000000.000000
144.579002 3 3 3000000.000000
144.716268 3 3 3000000.000000
144.857327 3 0 100000.000000
144.932269 3 0 1500.000000
145.517941 3 0 20000.000000
145.787232 3 3 200000.000000
146.613393 3 0 1500.000000
146.968486 3 3 1500.000000
147.091127 3 3 3000.000000
147.631289 3 0 20000.000000
148.203949 3 0 100000.000000
148.653771 3 1 1500.000000
149.824236 3 3 100000.000000
