0.035212 0 2 100000.000000
0.050097 0 1 1000000.000000
0.151421 0 3 200000.000000
0.174763 0 0 3000.000000
0.218756 0 1 20000.000000
0.625463 0 0 10000.000000
0.764238 0 3 100000.000000
0.916073 0 3 1000000.000000
1.014352 0 2 3000.000000
1.219864 0 2 1500.000000
1.252696 0 1 1000000.000000
1.273175 0 2 1500.000000
1.369407 0 3 20000.000000
1.719773 0 0 2000000.000000
1.939398 0 2 100000.000000
1.989915 0 1 1500.000000
2.225320 0 1 1500.000000
2.268803 0 3 200000.000000
2.711575 0 3 3000.000000
2.753979 0 0 1000000.000000
2.953005 0 3 100000.000000
2.953168 0 2 4000000.000000
2.964793 0 0 3000000.000000
2.981787 0 2 20000.000000
3.036540 0 2 3000.000000
3.090288 0 3 1500.000000
3.335473 0 0 1500.000000
3.419299 0 1 3000.000000
3.566212 0 2 200000.000000
4.200007 0 3 200000.000000
4.257916 0 0 3000000.000000
4.534066 0 0 4000000.000000
4.551419 0 3 4000000.000000
4.657839 0 2 1500.000000
4.874041 0 2 1500.000000
5.064522 0 3 1500.000000
5.187532 0 2 1500.000000
5.278327 0 3 1500.000000
5.506656 0 2 4000000.000000
6.013461 0 1 10000.000000
6.431407 0 3 200000.000000
6.610281 0 3 10000.000000
6.669327 0 1 4000000.000000
6.830188 0 3 1500.000000
6.902523 0 2 100000.000000
6.944403 0 0 10000.000000
6.993232 0 2 200000.000000
7.003211 0 1 3000000.000000
7.040731 0 0 4000000.000000
7.269841 0 0 3000000.000000
7.554251 0 2 1500.000000
7.635876 0 0 3000.000000
7.656269 0 0 2000000.000000
7.769044 0 3 4000000.000000
7.842028 0 2 1500.000000
7.846405 0 3 1500.000000
8.088243 0 1 100000.000000
8.138453 0 0 10000.000000
8.442682 0 0 3000000.000000
8.658876 0 3 1500.000000
8.704053 0 1 200000.000000
8.838478 0 1 3000.000000
9.016641 0 0 20000.000000
9.774318 0 2 3000000.000000
9.783712 0 2 3000000.000000
10.029541 0 0 1500.000000
10.033510 0 2 1500.000000
10.350195 0 0 10000.000000
10.493388 0 0 1500.000000
11.103957 0 1 10000.000000
11.148511 0 1 3000.000000
11.516954 0 3 20000.000000
11.588043 0 0 100000.000000
11.619033 0 1 4000000.000000
11.745886 0 3 200000.000000
11.808169 0 2 3000000.000000
11.929188 0 0 1000000.000000
12.045602 0 1 1500.000000
12.234044 0 2 100000.000000
12.325157 0 1 1500.000000
12.509757 0 1 1500.000000
12.517017 0 0 4000000.000000
12.644674 0 2 20000.000000
12.676086 0 2 1500.000000
12.848730 0 1 1500.000000
12.962335 0 1 100000.000000
13.178214 0 0 1000000.000000
13.505853 0 0 200000.000000
13.594359 0 0 100000.000000
13.890276 0 0 1000000.000000
14.240409 0 2 1500.000000
14.496119 0 1 100000.000000
15.443790 0 3 4000000.000000
15.592882 0 3 1500.000000
15.964731 0 1 2000000.000000
16.182894 0 2 3000.000000
16.368840 0 2 4000000.000000
16.467399 0 2 1500.000000
16.474719 0 3 1500.000000
16.843186 0 2 200000.000000
17.246137 0 3 1500.000000
17.637177 0 2 4000000.000000
17.716511 0 0 3000000.000000
17.734376 0 0 1500.000000
17.972772 0 1 1000000.000000
18.037072 0 0 100000.000000
18.047613 0 0 200000.000000
18.047890 0 2 100000.000000
18.162785 0 3 20000.000000
18.251231 0 0 100000.000000
18.290008 0 1 1500.000000
18.351226 0 3 3000.000000
18.358916 0 1 3000.000000
18.494812 0 3 1500.000000
18.523230 0 1 1500.000000
18.632963 0 1 3000000.000000
18.684063 0 1 1500.000000
18.897205 0 0 1500.000000
19.300548 0 2 4000000.000000
19.338046 0 2 4000000.000000
19.397937 0 2 1500.000000
19.821888 0 3 1500.000000
20.044565 0 0 1500.000000
20.117165 0 1 200000.000000
20.315947 0 2 200000.000000
20.542901 0 0 100000.000000
21.081829 0 0 1500.000000
21.118109 0 3 3000000.000000
21.520435 0 0 100000.000000
21.557249 0 1 1000000.000000
21.656115 0 0 1500.000000
21.820321 0 1 3000.000000
21.867193 0 2 4000000.000000
22.340821 0 3 1500.000000
22.516785 0 3 3000000.000000
22.681697 0 0 200000.000000
23.019568 0 0 1000000.000000
23.021230 0 3 1500.000000
23.044710 0 0 1500.000000
23.066956 0 3 1500.000000
23.080795 0 1 200000.000000
23.350495 0 1 10000.000000
23.532824 0 2 1500.000000
23.588674 0 2 10000.000000
23.892949 0 3 3000.000000
24.238776 0 3 4000000.000000
24.275877 0 2 3000.000000
24.538541 0 1 1500.000000
24.680121 0 3 10000.000000
24.744169 0 1 3000000.000000
24.753682 0 2 200000.000000
24.768958 0 3 1500.000000
25.115332 0 0 10000.000000
25.128805 0 2 10000.000000
25.455125 0 2 1000000.000000
25.512438 0 2 200000.000000
25.568604 0 1 100000.000000
25.617433 0 1 1000000.000000
25.761541 0 0 10000.000000
26.080213 0 2 1000000.000000
26.179131 0 3 3000000.000000
26.240878 0 2 1500.000000
26.279491 0 3 1500.000000
26.680091 0 2 200000.000000
26.713736 0 1 2000000.000000
26.838293 0 0 1500.000000
26.910987 0 0 20000.000000
26.953700 0 2 3000.000000
27.048509 0 1 1500.000000
27.277250 0 0 1500.000000
27.368261 0 2 100000.000000
27.463827 0 2 4000000.000000
27.546933 0 2 20000.000000
27.927292 0 0 20000.000000
27.933409 0 3 4000000.000000
28.154097 0 1 1500.000000
28.430022 0 0 10000.000000
28.585440 0 0 1500.000000
28.703716 0 3 1500.000000
28.705055 0 1 100000.000000
28.809235 0 2 3000000.000000
29.047003 0 0 200000.000000
29.479597 0 0 1000000.000000
29.544387 0 3 1500.000000
29.840548 0 2 3000.000000
29.963999 0 0 100000.000000
29.967231 0 2 1000000.000000
30.022245 0 1 1500.000000
30.038932 0 2 1000000.000000
30.214321 0 2 200000.000000
30.311795 0 3 3000.000000
30.494562 0 0 1500.000000
30.545616 0 3 4000000.000000
30.604637 0 3 3000000.000000
30.638348 0 3 100000.000000
30.745496 0 3 10000.000000
30.856407 0 2 1500.000000
30.927525 0 1 1500.000000
31.002273 0 1 200000.000000
31.090764 0 0 1500.000000
31.791466 0 0 1000000.000000
31.836297 0 0 100000.000000
31.928485 0 0 100000.000000
31.938250 0 3 200000.000000
31.991810 0 2 4000000.000000
32.107028 0 0 1500.000000
32.121875 0 1 2000000.000000
32.189633 0 2 200000.000000
32.342529 0 0 1000000.000000
32.534867 0 3 100000.000000
32.543807 0 2 20000.000000
32.596384 0 2 1500.000000
32.609956 0 1 1500.000000
32.689317 0 0 3000000.000000
32.703926 0 3 1000000.000000
32.815814 0 1 3000000.000000
32.835143 0 1 10000.000000
33.836967 0 3 1500.000000
34.008345 0 3 200000.000000
34.140064 0 0 3000.000000
34.350128 0 0 1500.000000
34.459612 0 0 20000.000000
34.803954 0 0 4000000.000000
35.360227 0 2 1500.000000
35.450445 0 3 1000000.000000
35.836193 0 0 100000.000000
36.120515 0 3 200000.000000
36.141656 0 3 100000.000000
36.446697 0 1 100000.000000
36.517193 0 2 200000.000000
36.563774 0 3 1500.000000
36.609187 0 1 3000.000000
36.832986 0 2 4000000.000000
36.909908 0 2 3000000.000000
36.927489 0 2 200000.000000
37.124817 0 3 2000000.000000
37.149754 0 2 200000.000000
37.268876 0 1 1500.000000
37.299502 0 1 4000000.000000
37.711881 0 3 10000.000000
37.845638 0 1 1500.000000
38.065547 0 3 100000.000000
38.475188 0 2 1000000.000000
38.823519 0 1 200000.000000
38.856824 0 1 100000.000000
38.901447 0 0 200000.000000
38.931971 0 3 1000000.000000
39.198790 0 1 200000.000000
39.233210 0 1 4000000.000000
39.277305 0 3 2000000.000000
39.322168 0 2 1500.000000
39.348231 0 3 3000.000000
39.526889 0 2 3000000.000000
39.844151 0 3 20000.000000
39.899639 0 3 4000000.000000
39.994947 0 0 1500.000000
40.032783 0 2 3000000.000000
40.081851 0 1 3000000.000000
40.199963 0 1 3000000.000000
40.428739 0 3 4000000.000000
40.614293 0 1 1500.000000
40.645083 0 3 1500.000000
41.143920 0 1 1000000.000000
41.239115 0 2 1500.000000
41.257324 0 0 10000.000000
41.307233 0 3 3000000.000000
41.504684 0 0 100000.000000
41.647963 0 0 10000.000000
42.064216 0 2 3000000.000000
42.083296 0 1 1500.000000
42.155608 0 2 3000000.000000
42.182099 0 2 1500.000000
42.361972 0 1 2000000.000000
42.446863 0 0 1500.000000
42.807223 0 1 1500.000000
43.179658 0 1 1500.000000
43.180499 0 3 100000.000000
43.429515 0 3 3000000.000000
43.441651 0 1 4000000.000000
44.151387 0 0 200000.000000
44.217113 0 3 4000000.000000
44.232368 0 0 1500.000000
44.261302 0 1 1500.000000
44.456283 0 1 100000.000000
44.526233 0 0 4000000.000000
44.653841 0 0 3000.000000
44.654938 0 1 3000000.000000
44.938799 0 2 20000.000000
45.005466 0 1 3000000.000000
45.035606 0 1 3000000.000000
45.048506 0 1 1500.000000
45.323906 0 1 4000000.000000
45.346899 0 3 1500.000000
45.389236 0 2 1500.000000
45.500352 0 2 10000.000000
45.592026 0 2 100000.000000
45.616810 0 1 1500.000000
45.699000 0 1 20000.000000
45.809123 0 3 1500.000000
45.981561 0 1 200000.000000
46.829116 0 2 3000000.000000
46.856463 0 1 1500.000000
47.093561 0 0 1000000.000000
47.139412 0 1 1500.000000
47.256409 0 1 1500.000000
47.430326 0 0 1000000.000000
47.641338 0 2 1500.000000
47.781516 0 3 1500.000000
47.791125 0 1 1500.000000
47.929590 0 2 2000000.000000
48.306737 0 3 1000000.000000
48.532867 0 2 4000000.000000
48.553693 0 2 4000000.000000
48.704618 0 2 100000.000000
49.490114 0 2 100000.000000
49.635547 0 0 200000.000000
49.697283 0 1 1000000.000000
50.066528 0 3 1500.000000
50.077629 0 0 3000.000000
50.428376 0 2 200000.000000
50.513188 0 0 1500.000000
50.659887 0 0 200000.000000
50.748796 0 3 200000.000000
50.915326 0 3 10000.000000
50.966913 0 1 3000000.000000
51.083236 0 1 1500.000000
51.378258 0 1 200000.000000
51.437275 0 1 1500.000000
51.577287 0 2 2000000.000000
51.608759 0 1 200000.000000
51.702867 0 3 20000.000000
51.911997 0 1 1000000.000000
52.085266 0 3 3000.000000
52.123568 0 1 1500.000000
52.285664 0 2 1500.000000
52.810725 0 1 3000000.000000
52.991468 0 2 10000.000000
53.025555 0 0 1500.000000
53.051876 0 1 10000.000000
53.241474 0 2 3000000.000000
53.793135 0 1 1500.000000
53.836119 0 2 20000.000000
53.838576 0 2 1500.000000
53.898718 0 2 3000000.000000
54.002103 0 3 1500.000000
54.045404 0 2 200000.000000
54.050716 0 2 3000.000000
54.216403 0 2 1000000.000000
54.275252 0 0 4000000.000000
54.282081 0 1 100000.000000
54.582163 0 2 1500.000000
54.856753 0 0 3000000.000000
54.871036 0 0 4000000.000000
55.218823 0 2 100000.000000
55.297301 0 0 100000.000000
55.624702 0 3 1000000.000000
55.700360 0 0 1500.000000
55.816667 0 3 3000000.000000
55.853829 0 1 1500.000000
55.858621 0 3 1500.000000
55.928856 0 2 1000000.000000
56.087242 0 2 1500.000000
56.165566 0 1 2000000.000000
56.274894 0 1 4000000.000000
56.278173 0 3 3000.000000
56.337827 0 0 1500.000000
56.487704 0 2 20000.000000
56.815291 0 2 10000.000000
56.816492 0 1 1000000.000000
56.947037 0 0 3000000.000000
57.075946 0 1 4000000.000000
57.093415 0 2 10000.000000
57.211325 0 1 4000000.000000
57.358486 0 3 4000000.000000
57.603372 0 3 100000.000000
57.604564 0 3 1500.000000
58.390318 0 0 4000000.000000
58.392985 0 1 1500.000000
58.447474 0 2 4000000.000000
58.826862 0 3 1500.000000
58.911739 0 2 1500.000000
58.997957 0 0 1500.000000
59.204580 0 3 1500.000000
59.294461 0 2 20000.000000
59.533302 0 3 1500.000000
59.746758 0 1 10000.000000
59.838748 0 2 1500.000000
59.870189 0 1 20000.000000
60.064963 0 1 1000000.000000
60.096394 0 2 1500.000000
60.226807 0 3 200000.000000
60.615370 0 2 1500.000000
60.806750 0 0 200000.000000
60.846388 0 1 4000000.000000
60.986567 0 2 1500.000000
61.029037 0 0 4000000.000000
61.250642 0 3 3000.000000
61.435758 0 0 1000000.000000
61.686809 0 3 10000.000000
61.733442 0 3 3000.000000
61.759654 0 1 200000.000000
62.072088 0 2 4000000.000000
62.326466 0 0 1000000.000000
62.359554 0 3 1500.000000
62.377531 0 3 3000000.000000
62.555442 0 2 1500.000000
62.820433 0 3 4000000.000000
62.886062 0 3 200000.000000
62.909748 0 3 100000.000000
63.266427 0 2 1500.000000
63.356518 0 1 1000000.000000
63.579913 0 2 4000000.000000
63.702539 0 3 10000.000000
63.720317 0 3 10000.000000
63.844349 0 2 4000000.000000
63.909896 0 0 100000.000000
64.282008 0 0 1500.000000
64.438001 0 3 3000.000000
64.456781 0 1 3000000.000000
64.471668 0 2 1500.000000
64.693117 0 3 1500.000000
64.701457 0 3 1500.000000
64.733617 0 0 4000000.000000
64.756060 0 2 200000.000000
65.226253 0 3 200000.000000
66.184972 0 1 1500.000000
66.414159 0 3 200000.000000
66.423453 0 0 1500.000000
66.522290 0 3 3000.000000
66.743804 0 0 4000000.000000
66.920273 0 3 1500.000000
67.199752 0 0 4000000.000000
67.852929 0 2 1500.000000
67.988134 0 3 1500.000000
68.228752 0 1 20000.000000
68.555197 0 3 1000000.000000
68.583305 0 1 2000000.000000
68.690745 0 0 100000.000000
69.171207 0 1 1500.000000
69.299348 0 1 1500.000000
69.555008 0 3 200000.000000
69.690387 0 0 1500.000000
69.692751 0 2 200000.000000
69.839627 0 0 4000000.000000
69.844619 0 1 2000000.000000
70.162530 0 2 2000000.000000
70.209972 0 0 4000000.000000
70.430332 0 3 1500.000000
70.482029 0 2 100000.000000
70.661603 0 1 4000000.000000
70.780181 0 0 200000.000000
71.128284 0 1 200000.000000
71.375466 0 3 3000.000000
71.483530 0 3 1000000.000000
71.501865 0 3 1500.000000
71.843975 0 1 1500.000000
71.885039 0 2 4000000.000000
71.959106 0 0 100000.000000
72.009829 0 3 3000000.000000
72.151397 0 2 100000.000000
72.184982 0 0 10000.000000
72.415645 0 0 1500.000000
72.443791 0 0 1500.000000
72.651924 0 2 10000.000000
73.047849 0 1 10000.000000
73.430978 0 2 1500.000000
73.580058 0 0 200000.000000
73.758326 0 3 100000.000000
73.872027 0 0 1000000.000000
74.259558 0 0 100000.000000
74.483055 0 2 3000000.000000
74.522413 0 2 20000.000000
74.551234 0 0 4000000.000000
74.684469 0 1 1500.000000
74.790039 0 3 1500.000000
75.036196 0 3 100000.000000
75.233776 0 1 1500.000000
75.291532 0 0 1500.000000
75.357235 0 2 1500.000000
75.433932 0 3 1000000.000000
75.464524 0 2 1500.000000
75.493375 0 1 3000000.000000
75.594369 0 1 100000.000000
75.751042 0 2 1500.000000
76.371714 0 2 3000000.000000
76.782529 0 2 1500.000000
76.802220 0 0 1500.000000
76.819203 0 0 4000000.000000
77.137385 0 3 200000.000000
77.257341 0 3 3000.000000
77.389332 0 2 1000000.000000
77.698451 0 3 4000000.000000
77.910041 0 1 3000000.000000
77.930859 0 0 100000.000000
78.021157 0 2 3000000.000000
78.263861 0 3 100000.000000
78.384368 0 1 3000000.000000
78.560194 0 3 1500.000000
78.608126 0 0 4000000.000000
78.619925 0 1 1500.000000
78.630226 0 0 1500.000000
78.748100 0 2 100000.000000
79.225004 0 3 100000.000000
79.288870 0 1 3000000.000000
79.298134 0 0 3000.000000
79.391793 0 2 1500.000000
79.400109 0 3 1000000.000000
79.477504 0 1 1000000.000000
79.665827 0 0 20000.000000
79.695308 0 0 1500.000000
79.733750 0 1 1500.000000
79.908849 0 0 1500.000000
80.025235 0 3 3000000.000000
80.121134 0 1 4000000.000000
80.198622 0 1 1500.000000
80.321522 0 1 200000.000000
80.574410 0 1 1000000.000000
80.740566 0 1 1500.000000
80.807893 0 1 1500.000000
80.955461 0 0 1500.000000
81.116811 0 3 4000000.000000
81.189993 0 0 3000000.000000
81.208447 0 3 3000000.000000
81.505293 0 2 1500.000000
81.758969 0 3 1500.000000
81.811351 0 2 1500.000000
81.914564 0 1 1500.000000
82.091015 0 3 3000.000000
82.388218 0 2 1500.000000
83.103963 0 3 2000000.000000
83.104986 0 3 200000.000000
83.309996 0 0 2000000.000000
83.480720 0 3 1500.000000
83.512272 0 1 1500.000000
83.603165 0 0 3000.000000
83.643568 0 3 1000000.000000
84.077494 0 3 2000000.000000
84.251352 0 1 100000.000000
84.487007 0 1 1500.000000
84.561567 0 2 200000.000000
84.591219 0 2 200000.000000
85.168268 0 1 10000.000000
85.387130 0 3 2000000.000000
85.484415 0 0 1000000.000000
85.913828 0 1 1500.000000
86.086060 0 0 4000000.000000
86.185264 0 0 1500.000000
86.193785 0 0 1500.000000
86.436757 0 1 3000000.000000
87.369044 0 0 10000.000000
87.399366 0 3 100000.000000
87.541447 0 0 1500.000000
87.832298 0 3 1000000.000000
87.845451 0 1 100000.000000
87.902771 0 1 1000000.000000
88.157963 0 1 4000000.000000
88.334335 0 0 1500.000000
88.524664 0 2 1000000.000000
88.953522 0 3 1500.000000
89.310114 0 0 1500.000000
89.320353 0 2 1500.000000
89.766232 0 0 1500.000000
90.012028 0 0 1500.000000
90.210377 0 1 1500.000000
90.221864 0 3 200000.000000
90.268052 0 3 3000.000000
90.304097 0 1 200000.000000
90.330433 0 1 1500.000000
90.378338 0 1 2000000.000000
90.933879 0 1 3000.000000
91.363070 0 2 3000000.000000
91.479145 0 1 4000000.000000
91.645013 0 1 1000000.000000
91.722755 0 1 4000000.000000
92.110222 0 2 200000.000000
92.111906 0 1 1500.000000
92.136053 0 1 10000.000000
92.192991 0 2 10000.000000
92.286689 0 3 20000.000000
92.517138 0 3 200000.000000
93.348095 0 1 3000000.000000
93.740716 0 0 20000.000000
93.864303 0 1 1500.000000
94.115135 0 3 4000000.000000
94.141492 0 1 2000000.000000
94.233167 0 0 20000.000000
94.564253 0 3 1500.000000
94.611846 0 2 1000000.000000
94.879300 0 1 100000.000000
95.127229 0 1 1500.000000
95.206514 0 1 1500.000000
95.210271 0 3 1500.000000
95.307199 0 1 3000000.000000
95.381252 0 0 1500.000000
95.937678 0 0 3000.000000
96.176805 0 2 100000.000000
96.739383 0 1 100000.000000
97.104164 0 1 1500.000000
97.298519 0 0 1500.000000
97.365387 0 1 1500.000000
97.543340 0 1 1500.000000
97.565096 0 1 1000000.000000
97.831137 0 3 100000.000000
98.218959 0 0 4000000.000000
98.485357 0 2 1500.000000
98.583644 0 3 20000.000000
98.804947 0 1 100000.000000
98.991754 0 2 200000.000000
99.170835 0 3 4000000.000000
99.366014 0 2 1500.000000
99.476475 0 1 10000.000000
99.550963 0 1 200000.000000
99.699593 0 2 1500.000000
99.782447 0 0 1500.000000
100.476250 0 3 3000000.000000
100.785063 0 0 1500.000000
101.331188 0 3 200000.000000
101.481134 0 0 1500.000000
101.835232 0 0 10000.000000
101.911690 0 2 10000.000000
101.969795 0 2 1500.000000
102.461615 0 2 1000000.000000
102.468151 0 3 3000.000000
102.630604 0 1 100000.000000
102.636671 0 2 3000000.000000
102.694632 0 1 1000000.000000
102.791804 0 3 1500.000000
102.987479 0 1 3000000.000000
103.148477 0 1 10000.000000
103.836215 0 1 100000.000000
103.944853 0 3 1500.000000
103.988211 0 0 3000.000000
104.358108 0 3 1000000.000000
104.395112 0 0 10000.000000
104.566000 0 1 4000000.000000
104.699326 0 2 4000000.000000
104.962145 0 3 1500.000000
104.986240 0 3 100000.000000
104.998722 0 1 1500.000000
105.034938 0 0 1500.000000
105.312283 0 0 100000.000000
105.616463 0 3 1500.000000
105.628700 0 1 1500.000000
105.664552 0 1 1500.000000
105.935541 0 3 1500.000000
106.018936 0 3 10000.000000
106.029470 0 0 1500.000000
106.190111 0 1 4000000.000000
106.580077 0 0 1000000.000000
106.620066 0 2 1000000.000000
106.632589 0 0 1000000.000000
106.720498 0 0 1500.000000
106.823784 0 2 1500.000000
107.172574 0 2 1500.000000
107.366450 0 0 20000.000000
107.691852 0 3 3000.000000
107.735950 0 0 1500.000000
107.858580 0 3 4000000.000000
107.881028 0 0 1500.000000
107.946122 0 0 100000.000000
108.176110 0 3 1000000.000000
108.283515 0 1 1500.000000
108.301655 0 2 1500.000000
108.419537 0 2 4000000.000000
108.769798 0 0 1500.000000
109.038526 0 3 3000.000000
109.396425 0 2 3000.000000
109.818856 0 3 3000.000000
109.919271 0 3 1500.000000
110.050451 0 3 1500.000000
111.422998 0 0 100000.000000
111.614247 0 3 1500.000000
111.726186 0 2 1000000.000000
111.780871 0 2 200000.000000
111.964746 0 0 3000000.000000
111.969352 0 1 3000000.000000
112.133756 0 1 200000.000000
112.240818 0 3 1500.000000
112.249406 0 1 200000.000000
112.378004 0 2 1500.000000
112.415697 0 2 1500.000000
112.616609 0 1 4000000.000000
112.963678 0 1 100000.000000
113.003936 0 0 3000000.000000
113.306831 0 2 100000.000000
113.569049 0 0 200000.000000
113.875433 0 3 200000.000000
114.316631 0 2 1500.000000
114.426313 0 3 10000.000000
114.469877 0 3 4000000.000000
114.666517 0 2 1500.000000
115.089996 0 2 20000.000000
115.094096 0 2 1500.000000
115.178793 0 3 4000000.000000
115.207034 0 3 200000.000000
115.341835 0 0 1500.000000
115.491044 0 2 100000.000000
115.513294 0 2 10000.000000
115.685237 0 2 20000.000000
115.975000 0 1 1500.000000
116.016666 0 2 3000.000000
116.397226 0 2 1500.000000
116.643799 0 1 3000.000000
116.737256 0 2 100000.000000
117.247360 0 1 20000.000000
117.731129 0 3 200000.000000
117.875540 0 1 1500.000000
118.018183 0 3 1500.000000
118.148211 0 3 1500.000000
118.479959 0 3 1500.000000
118.680851 0 3 1500.000000
118.840489 0 0 1500.000000
118.911404 0 1 10000.000000
119.088075 0 1 4000000.000000
119.148673 0 0 4000000.000000
119.253922 0 3 1500.000000
119.507775 0 0 3000000.000000
119.897173 0 0 10000.000000
120.243697 0 2 200000.000000
120.580827 0 2 100000.000000
120.631093 0 0 10000.000000
120.681799 0 2 4000000.000000
120.775147 0 3 3000000.000000
121.106186 0 2 3000000.000000
121.419774 0 3 3000000.000000
121.462723 0 1 100000.000000
121.675262 0 1 1500.000000
121.930714 0 0 1500.000000
122.087564 0 3 4000000.000000
122.627584 0 2 1500.000000
122.800720 0 0 200000.000000
122.958532 0 3 2000000.000000
122.973557 0 3 4000000.000000
122.976778 0 1 1500.000000
122.989719 0 2 1500.000000
123.021131 0 0 1500.000000
123.226013 0 1 3000000.000000
123.574344 0 1 4000000.000000
123.820429 0 0 4000000.000000
123.897572 0 3 4000000.000000
123.935733 0 0 1000000.000000
124.222672 0 2 1500.000000
124.690077 0 2 1500.000000
124.751325 0 1 1000000.000000
124.960173 0 0 4000000.000000
125.098430 0 2 200000.000000
125.122221 0 1 1000000.000000
125.267872 0 0 100000.000000
125.317442 0 0 1000000.000000
125.441972 0 2 1500.000000
125.509028 0 1 3000.000000
125.684368 0 2 1000000.000000
125.723798 0 2 4000000.000000
126.183153 0 2 1500.000000
126.272819 0 2 1500.000000
126.323056 0 2 100000.000000
126.323384 0 3 1500.000000
126.557038 0 0 3000000.000000
126.669967 0 3 1500.000000
126.748668 0 3 100000.000000
126.944468 0 1 100000.000000
127.274628 0 3 200000.000000
127.415789 0 2 200000.000000
127.552148 0 3 100000.000000
127.634666 0 1 1500.000000
127.655660 0 2 10000.000000
127.724937 0 1 20000.000000
128.078651 0 0 1500.000000
128.106152 0 3 20000.000000
128.123349 0 1 1000000.000000
128.190489 0 0 2000000.000000
128.414482 0 3 4000000.000000
128.523497 0 1 1500.000000
129.268450 0 1 200000.000000
129.464338 0 1 3000.000000
129.543760 0 0 3000000.000000
129.859653 0 2 20000.000000
129.869000 0 1 2000000.000000
130.294845 0 3 3000.000000
130.361263 0 3 100000.000000
130.373357 0 2 1500.000000
130.489903 0 2 1500.000000
130.571887 0 1 3000000.000000
130.692691 0 2 1500.000000
130.731043 0 0 1500.000000
130.765516 0 1 10000.000000
130.839297 0 0 1000000.000000
130.870389 0 0 20000.000000
131.049689 0 1 1500.000000
131.092645 0 1 1500.000000
131.356120 0 2 4000000.000000
131.447278 0 1 1500.000000
131.453046 0 1 3000000.000000
131.505323 0 0 1500.000000
132.077632 0 2 1500.000000
132.222533 0 0 200000.000000
132.425891 0 1 1500.000000
132.487807 0 0 1500.000000
132.773210 0 0 100000.000000
132.789671 0 3 20000.000000
132.791218 0 3 100000.000000
132.821611 0 1 1500.000000
133.162101 0 2 1500.000000
133.385040 0 0 1000000.000000
133.518720 0 3 1500.000000
133.871012 0 1 10000.000000
133.873966 0 3 1500.000000
133.883051 0 1 1000000.000000
134.126889 0 0 3000.000000
134.489427 0 0 1500.000000
134.528732 0 2 100000.000000
134.568232 0 0 20000.000000
135.384128 0 2 100000.000000
135.522422 0 2 1500.000000
135.836083 0 3 1500.000000
135.840638 0 2 1500.000000
136.078045 0 3 20000.000000
136.233924 0 1 1500.000000
136.476118 0 2 1500.000000
136.830663 0 0 1500.000000
136.995652 0 3 3000.000000
137.188558 0 3 3000000.000000
137.836254 0 0 100000.000000
137.986266 0 2 1000000.000000
138.148436 0 2 10000.000000
138.154392 0 3 1500.000000
138.224875 0 2 1500.000000
138.457620 0 0 20000.000000
138.527748 0 0 200000.000000
138.852797 0 2 1500.000000
138.906626 0 0 1500.000000
139.002470 0 2 200000.000000
139.061366 0 0 4000000.000000
139.098477 0 0 3000000.000000
139.391548 0 1 100000.000000
139.514965 0 0 1500.000000
139.581954 0 2 200000.000000
139.657882 0 2 100000.000000
139.764107 0 3 1500.000000
139.995381 0 2 1000000.000000
140.246637 0 2 20000.000000
140.330880 0 2 3000.000000
140.356478 0 1 10000.000000
140.665943 0 0 100000.000000
140.740855 0 1 10000.000000
140.804080 0 1 4000000.000000
141.219705 0 2 1500.000000
141.260220 0 1 1500.000000
141.277291 0 2 1500.000000
141.593293 0 1 4000000.000000
141.644829 0 2 100000.000000
141.878465 0 3 1500.000000
142.410426 0 0 10000.000000
142.487489 0 2 20000.000000
142.550924 0 1 200000.000000
142.655584 0 2 1500.000000
142.969736 0 2 1500.000000
143.206223 0 3 4000000.000000
143.242623 0 3 1500.000000
143.326673 0 1 1500.000000
143.551954 0 1 100000.000000
143.682073 0 1 3000000.000000
143.703813 0 1 200000.000000
143.832664 0 3 1500.000000
143.980855 0 0 100000.000000
144.048099 0 3 1500.000000
144.128555 0 2 200000.000000
144.178707 0 2 10000.000000
144.640267 0 0 3000.000000
144.773645 0 2 4000000.000000
144.794755 0 0 200000.000000
145.037154 0 1 1500.000000
145.434185 0 1 20000.000000
145.724191 0 3 1500.000000
145.845286 0 0 1500.000000
145.875087 0 0 1500.000000
145.889911 0 3 3000.000000
146.292900 0 2 100000.000000
146.392321 0 0 20000.000000
146.575795 0 0 4000000.000000
146.613543 0 1 4000000.000000
147.142467 0 2 1500.000000
147.181333 0 3 1000000.000000
147.223080 0 2 2000000.000000
147.286324 0 0 200000.000000
147.447327 0 1 200000.000000
147.560024 0 1 1500.000000
147.629016 0 3 100000.000000
147.855799 0 0 1500.000000
147.875412 0 2 100000.000000
148.069093 0 3 1500.000000
148.127753 0 2 100000.000000
148.202189 0 3 1500.000000
148.332924 0 2 100000.000000
148.686469 0 1 1500.000000
148.853257 0 3 2000000.000000
149.133406 0 3 1500.000000
149.504709 0 2 1500.000000
149.525910 0 1 3000000.000000
0.015263 1 1 1500.000000
0.220496 1 1 1000000.000000
0.232029 1 2 3000000.000000
0.243060 1 2 1500.000000
0.301188 1 0 3000000.000000
0.368955 1 0 200000.000000
0.467541 1 2 1500.000000
0.504624 1 0 1500.000000
0.719126 1 1 1500.000000
0.769970 1 1 3000.000000
0.793611 1 3 1500.000000
0.805708 1 2 10000.000000
0.930611 1 2 100000.000000
1.008077 1 0 10000.000000
1.335108 1 3 1000000.000000
1.465220 1 1 1500.000000
1.683985 1 3 3000000.000000
2.520223 1 0 1000000.000000
2.712039 1 0 1500.000000
2.712162 1 2 100000.000000
2.755781 1 0 4000000.000000
2.812653 1 2 4000000.000000
2.868215 1 1 1500.000000
3.473554 1 3 1500.000000
3.520775 1 1 20000.000000
3.950549 1 2 3000000.000000
4.026851 1 0 1500.000000
4.287912 1 3 3000.000000
4.297501 1 2 1500.000000
4.297817 1 2 10000.000000
4.487020 1 0 200000.000000
4.601191 1 2 1500.000000
4.731229 1 1 3000000.000000
5.192761 1 0 1500.000000
5.420183 1 0 20000.000000
5.943584 1 1 1500.000000
6.071972 1 1 3000000.000000
6.096013 1 3 1500.000000
6.152537 1 1 100000.000000
6.286022 1 1 2000000.000000
6.421731 1 3 1500.000000
6.584122 1 3 200000.000000
6.924417 1 0 4000000.000000
6.979205 1 1 4000000.000000
6.998711 1 1 3000000.000000
7.373217 1 3 1000000.000000
7.400760 1 3 200000.000000
7.488094 1 1 10000.000000
7.691153 1 0 10000.000000
7.821409 1 2 100000.000000
7.951446 1 1 1500.000000
8.197903 1 1 3000000.000000
8.286018 1 3 100000.000000
8.316521 1 1 4000000.000000
8.475010 1 3 4000000.000000
8.759479 1 0 1500.000000
8.761950 1 2 1500.000000
9.148342 1 2 200000.000000
9.176409 1 2 10000.000000
9.240774 1 0 1500.000000
9.369676 1 3 1500.000000
9.460177 1 1 2000000.000000
9.649386 1 2 1500.000000
10.003943 1 0 3000000.000000
10.227948 1 1 1500.000000
10.618684 1 3 4000000.000000
10.744815 1 2 1500.000000
11.081542 1 0 100000.000000
11.711989 1 1 10000.000000
11.732914 1 3 1500.000000
11.858886 1 1 1000000.000000
12.592250 1 3 1000000.000000
12.630669 1 2 10000.000000
12.897550 1 2 10000.000000
12.898596 1 0 200000.000000
13.257906 1 0 1500.000000
13.268413 1 2 3000000.000000
13.300993 1 3 1500.000000
13.423765 1 0 1500.000000
13.463829 1 3 1500.000000
13.535782 1 1 3000000.000000
13.730885 1 3 1500.000000
13.735471 1 3 1500.000000
13.904081 1 2 4000000.000000
14.261056 1 2 200000.000000
14.426199 1 1 1500.000000
14.459031 1 0 1000000.000000
15.279925 1 2 1500.000000
15.456256 1 1 2000000.000000
15.536741 1 3 100000.000000
15.802034 1 3 1500.000000
15.865698 1 2 1500.000000
15.874593 1 0 1500.000000
15.923952 1 2 1000000.000000
15.969403 1 0 200000.000000
16.074938 1 2 1500.000000
16.130924 1 3 3000000.000000
16.258130 1 1 1500.000000
16.396583 1 2 1500.000000
16.492388 1 0 10000.000000
16.656732 1 0 4000000.000000
16.704859 1 3 1500.000000
16.719654 1 2 4000000.000000
16.763207 1 3 4000000.000000
16.785496 1 2 1500.000000
16.801822 1 1 1500.000000
16.942872 1 1 1500.000000
16.964373 1 2 1500.000000
17.441373 1 0 1000000.000000
17.505321 1 2 1500.000000
17.552895 1 1 10000.000000
17.566484 1 2 4000000.000000
17.598157 1 3 20000.000000
17.909206 1 0 100000.000000
17.922317 1 3 200000.000000
17.992031 1 1 10000.000000
18.246431 1 1 1500.000000
18.246906 1 0 3000000.000000
18.925598 1 1 200000.000000
19.109425 1 3 3000000.000000
19.234158 1 1 2000000.000000
19.272914 1 0 10000.000000
19.457642 1 0 1500.000000
19.692754 1 3 1000000.000000
19.855199 1 3 3000.000000
19.936796 1 1 3000000.000000
20.141656 1 3 1000000.000000
20.318255 1 2 1500.000000
20.418003 1 2 200000.000000
20.637879 1 3 1500.000000
20.690552 1 2 1500.000000
20.883658 1 1 4000000.000000
21.185419 1 0 4000000.000000
21.810692 1 3 3000.000000
22.171431 1 0 1500.000000
22.873308 1 1 10000.000000
22.895609 1 2 3000000.000000
23.092483 1 3 1500.000000
23.265376 1 0 1500.000000
23.309236 1 3 3000.000000
23.410344 1 0 3000000.000000
23.582183 1 1 3000.000000
23.680121 1 3 1500.000000
23.975699 1 1 1500.000000
24.061120 1 1 2000000.000000
24.357247 1 3 200000.000000
24.782813 1 0 2000000.000000
25.394819 1 2 2000000.000000
25.404383 1 1 1500.000000
25.485722 1 2 3000000.000000
25.593867 1 3 20000.000000
25.678052 1 2 1000000.000000
26.019691 1 0 1500.000000
26.062120 1 0 3000000.000000
26.508641 1 3 2000000.000000
26.602026 1 1 4000000.000000
26.657110 1 3 100000.000000
26.713041 1 3 200000.000000
26.751439 1 1 10000.000000
27.291983 1 0 100000.000000
27.467701 1 1 1500.000000
27.664659 1 1 1500.000000
27.674912 1 3 3000.000000
27.943009 1 2 3000.000000
28.017214 1 1 1500.000000
28.082334 1 1 200000.000000
28.661937 1 3 200000.000000
28.669335 1 2 200000.000000
28.857698 1 0 1500.000000
28.913326 1 1 3000000.000000
29.916192 1 2 10000.000000
29.948366 1 3 1500.000000
29.985991 1 0 1500.000000
30.015334 1 0 1000000.000000
30.079765 1 0 4000000.000000
30.229291 1 3 4000000.000000
30.360420 1 3 1500.000000
30.424130 1 3 3000000.000000
30.461790 1 3 3000.000000
30.628457 1 2 3000.000000
30.669105 1 2 200000.000000
30.728789 1 1 1500.000000
31.197171 1 2 4000000.000000
31.353797 1 2 1000000.000000
31.491557 1 2 1500.000000
31.504626 1 2 4000000.000000
31.606765 1 1 3000000.000000
31.683944 1 3 1500.000000
31.726027 1 0 1000000.000000
31.815463 1 2 1000000.000000
31.836080 1 0 1500.000000
32.232058 1 2 20000.000000
32.243485 1 1 10000.000000
32.298617 1 2 1500.000000
32.374011 1 3 1500.000000
32.759228 1 1 1500.000000
32.990038 1 0 200000.000000
33.023725 1 0 200000.000000
33.160456 1 1 1500.000000
33.162432 1 1 10000.000000
33.193812 1 1 100000.000000
33.296114 1 1 3000000.000000
33.327276 1 0 1500.000000
33.380493 1 3 1500.000000
33.501957 1 3 1500.000000
33.868544 1 1 1500.000000
34.042396 1 2 1500.000000
34.184121 1 3 1500.000000
34.214640 1 1 10000.000000
34.323030 1 3 3000000.000000
34.352668 1 1 100000.000000
34.576864 1 2 1500.000000
34.853311 1 2 4000000.000000
35.560031 1 0 1500.000000
35.679963 1 0 1000000.000000
35.681143 1 0 4000000.000000
36.041654 1 0 200000.000000
36.112951 1 3 1000000.000000
36.151493 1 1 4000000.000000
36.286788 1 1 1500.000000
36.418905 1 3 200000.000000
36.479340 1 0 100000.000000
36.482818 1 2 1000000.000000
36.504618 1 0 1000000.000000
36.752444 1 0 1000000.000000
37.056457 1 0 3000.000000
37.103102 1 0 10000.000000
37.141770 1 3 4000000.000000
37.563785 1 1 1500.000000
37.564528 1 3 1000000.000000
37.617169 1 0 20000.000000
37.835170 1 3 3000.000000
37.875787 1 0 100000.000000
38.066369 1 0 10000.000000
38.160793 1 1 1500.000000
38.328508 1 1 1500.000000
38.501587 1 1 1000000.000000
38.707081 1 2 4000000.000000
38.863956 1 0 4000000.000000
39.016391 1 3 1500.000000
39.166423 1 2 1500.000000
39.226236 1 2 10000.000000
39.523019 1 1 1500.000000
40.069584 1 2 1500.000000
40.137726 1 0 100000.000000
40.547259 1 0 10000.000000
40.760866 1 0 200000.000000
41.035498 1 0 200000.000000
41.337338 1 1 1500.000000
41.941834 1 1 1000000.000000
42.345504 1 2 200000.000000
42.377030 1 3 2000000.000000
42.441665 1 0 1500.000000
42.478905 1 3 3000.000000
42.826284 1 3 1500.000000
43.118991 1 1 1500.000000
43.208516 1 1 1500.000000
43.210238 1 1 1500.000000
43.261527 1 0 20000.000000
43.289126 1 1 1500.000000
43.517173 1 0 3000000.000000
43.691284 1 0 100000.000000
43.758141 1 0 3000.000000
44.181900 1 0 1500.000000
44.212354 1 0 10000.000000
44.565330 1 0 100000.000000
44.642318 1 3 1500.000000
44.831216 1 2 100000.000000
45.205606 1 0 1500.000000
45.268201 1 0 3000.000000
45.294507 1 3 100000.000000
45.372027 1 1 4000000.000000
45.523033 1 0 1500.000000
46.803666 1 3 4000000.000000
46.920758 1 1 100000.000000
46.929703 1 0 1000000.000000
46.941185 1 1 100000.000000
47.002576 1 1 10000.000000
47.281006 1 0 1500.000000
47.438898 1 2 4000000.000000
47.773575 1 2 1500.000000
48.229092 1 3 200000.000000
48.480008 1 1 1500.000000
48.502513 1 1 3000.000000
48.872032 1 3 1500.000000
48.939563 1 1 1500.000000
48.977066 1 2 3000.000000
49.146787 1 3 10000.000000
49.384103 1 1 20000.000000
49.524045 1 2 3000000.000000
49.608835 1 2 3000000.000000
49.798668 1 0 1500.000000
49.852526 1 2 20000.000000
50.412103 1 0 3000000.000000
50.724031 1 3 100000.000000
50.761227 1 3 1500.000000
51.053872 1 1 1500.000000
51.093217 1 3 200000.000000
51.346211 1 0 1000000.000000
51.839161 1 0 1500.000000
51.896647 1 2 3000000.000000
52.096759 1 3 200000.000000
52.214531 1 0 1500.000000
52.226787 1 3 3000000.000000
52.385686 1 1 10000.000000
52.641499 1 3 3000000.000000
52.821542 1 0 1500.000000
53.002815 1 3 1500.000000
53.016919 1 1 3000000.000000
53.159303 1 1 1500.000000
53.385737 1 2 20000.000000
53.477233 1 1 1500.000000
53.479456 1 3 3000.000000
53.533151 1 3 1500.000000
53.781282 1 2 4000000.000000
53.845526 1 3 1500.000000
53.848252 1 1 100000.000000
53.933101 1 1 100000.000000
54.060796 1 1 1000000.000000
54.336590 1 2 100000.000000
54.792942 1 3 200000.000000
54.980675 1 1 100000.000000
55.613318 1 1 3000000.000000
55.665066 1 2 3000000.000000
55.902925 1 0 3000.000000
56.003515 1 2 1000000.000000
56.282957 1 0 1000000.000000
56.434877 1 2 1000000.000000
56.644573 1 0 3000.000000
57.062548 1 3 200000.000000
57.099654 1 1 4000000.000000
57.128125 1 3 1500.000000
57.303669 1 1 4000000.000000
57.367699 1 3 1500.000000
57.469614 1 1 1500.000000
57.497227 1 0 4000000.000000
57.662758 1 2 1000000.000000
57.664229 1 0 1500.000000
57.708516 1 2 1500.000000
57.734413 1 1 3000000.000000
57.772402 1 2 1500.000000
57.821203 1 0 100000.000000
57.867332 1 3 200000.000000
58.077476 1 2 3000000.000000
58.101926 1 0 1500.000000
58.146026 1 2 3000000.000000
58.472183 1 0 3000.000000
58.505905 1 3 200000.000000
58.684100 1 1 1500.000000
59.218381 1 3 100000.000000
59.278782 1 3 3000000.000000
59.746326 1 3 3000000.000000
59.880004 1 0 1500.000000
59.921785 1 1 1500.000000
59.944915 1 2 4000000.000000
60.109402 1 0 1500.000000
60.357871 1 2 1500.000000
60.582318 1 3 1000000.000000
60.949030 1 0 100000.000000
60.976265 1 1 4000000.000000
60.988381 1 3 1500.000000
61.147970 1 2 3000000.000000
61.257651 1 0 3000000.000000
61.360845 1 0 4000000.000000
61.382444 1 0 4000000.000000
61.514624 1 0 1500.000000
61.661461 1 2 1500.000000
61.725555 1 1 4000000.000000
61.830840 1 3 10000.000000
62.439730 1 1 1500.000000
62.517788 1 2 10000.000000
62.598675 1 2 3000000.000000
62.640848 1 3 3000000.000000
62.723538 1 2 1500.000000
63.090894 1 3 3000000.000000
63.195876 1 3 100000.000000
63.295892 1 2 1500.000000
63.301533 1 2 1000000.000000
63.615870 1 3 100000.000000
63.880970 1 3 200000.000000
64.092015 1 2 3000.000000
64.279427 1 2 3000.000000
64.635393 1 0 1500.000000
64.724128 1 0 1500.000000
64.890688 1 3 100000.000000
64.972672 1 1 10000.000000
65.092993 1 3 100000.000000
65.111352 1 1 1500.000000
65.283293 1 0 100000.000000
65.527864 1 1 1500.000000
65.557508 1 2 1500.000000
65.930825 1 3 100000.000000
66.373361 1 2 1500.000000
66.422588 1 2 1000000.000000
66.480674 1 0 200000.000000
66.480899 1 0 3000.000000
66.524876 1 2 1500.000000
66.563722 1 0 1500.000000
66.579118 1 3 1500.000000
66.700408 1 1 4000000.000000
67.024634 1 1 1500.000000
67.134063 1 3 1000000.000000
67.234130 1 1 1000000.000000
67.361150 1 3 200000.000000
67.384177 1 0 20000.000000
67.438848 1 2 200000.000000
67.512616 1 2 1500.000000
67.684891 1 3 1500.000000
67.901335 1 2 20000.000000
68.018750 1 2 4000000.000000
68.035981 1 3 1500.000000
68.100246 1 2 1500.000000
68.119800 1 1 1500.000000
68.155926 1 3 20000.000000
68.284673 1 2 4000000.000000
68.472099 1 2 4000000.000000
68.660613 1 3 3000.000000
68.832274 1 0 4000000.000000
68.843574 1 2 1000000.000000
69.259632 1 3 1500.000000
69.629089 1 1 10000.000000
70.071722 1 0 4000000.000000
70.163913 1 2 1500.000000
70.212563 1 3 2000000.000000
70.330468 1 1 1000000.000000
70.449301 1 3 1500.000000
70.623790 1 0 200000.000000
70.627468 1 2 4000000.000000
70.643147 1 3 200000.000000
70.670488 1 2 1500.000000
70.888301 1 2 10000.000000
70.900345 1 1 1000000.000000
70.947235 1 2 1000000.000000
71.118515 1 3 10000.000000
71.192450 1 1 1000000.000000
71.288355 1 2 1000000.000000
71.295318 1 3 1000000.000000
71.296168 1 1 10000.000000
71.425521 1 2 200000.000000
71.448340 1 1 1500.000000
71.966972 1 2 100000.000000
72.005243 1 3 3000000.000000
72.219272 1 2 4000000.000000
72.306810 1 0 4000000.000000
72.572468 1 3 3000000.000000
72.706445 1 3 1500.000000
72.713012 1 2 1500.000000
73.192885 1 3 100000.000000
73.419084 1 2 1500.000000
73.431087 1 0 1500.000000
73.465404 1 0 3000000.000000
73.847001 1 2 1000000.000000
73.901646 1 1 1500.000000
73.902814 1 0 1500.000000
73.997389 1 0 4000000.000000
73.999754 1 2 100000.000000
74.058303 1 3 1500.000000
74.932302 1 1 1500.000000
74.967799 1 3 1500.000000
74.973961 1 3 1500.000000
75.000841 1 3 100000.000000
75.114462 1 3 3000.000000
75.392631 1 3 4000000.000000
75.794153 1 2 20000.000000
76.020456 1 1 100000.000000
76.337536 1 1 100000.000000
76.705123 1 1 100000.000000
76.762455 1 1 1500.000000
76.932211 1 2 4000000.000000
76.980831 1 1 4000000.000000
77.646497 1 0 100000.000000
77.751326 1 2 10000.000000
77.910108 1 1 3000.000000
78.035548 1 0 20000.000000
78.096189 1 1 200000.000000
78.097178 1 2 1000000.000000
78.135744 1 3 200000.000000
78.371142 1 2 10000.000000
78.537220 1 0 200000.000000
78.815108 1 0 1500.000000
78.886622 1 0 1500.000000
78.922365 1 0 1000000.000000
78.961425 1 0 200000.000000
79.171133 1 0 1500.000000
79.239530 1 3 200000.000000
79.511985 1 1 100000.000000
79.520805 1 1 200000.000000
79.526016 1 2 10000.000000
79.611203 1 3 1500.000000
79.776824 1 2 1500.000000
79.788099 1 3 1500.000000
80.225865 1 0 100000.000000
80.658903 1 1 1500.000000
81.097182 1 0 20000.000000
81.117185 1 0 3000.000000
81.125426 1 0 1500.000000
81.376246 1 1 1500.000000
81.499036 1 1 100000.000000
81.586369 1 1 1000000.000000
81.706771 1 0 1000000.000000
81.834793 1 3 3000000.000000
82.079267 1 0 1500.000000
82.298633 1 1 3000000.000000
82.342435 1 2 1500.000000
82.444351 1 2 3000.000000
82.448038 1 0 1500.000000
82.456534 1 0 1500.000000
82.472179 1 3 10000.000000
82.599034 1 3 1000000.000000
82.706249 1 3 1500.000000
83.155803 1 0 1000000.000000
83.247402 1 3 3000.000000
83.303443 1 3 10000.000000
83.329981 1 3 10000.000000
83.516712 1 2 200000.000000
83.757572 1 2 1500.000000
84.173541 1 0 100000.000000
84.339922 1 1 1500.000000
84.488076 1 1 200000.000000
84.645283 1 1 3000000.000000
84.679844 1 3 1500.000000
84.763894 1 0 200000.000000
84.846594 1 2 1000000.000000
85.492479 1 1 1000000.000000
85.777303 1 3 1500.000000
86.192816 1 1 200000.000000
86.513825 1 0 100000.000000
86.674212 1 0 1500.000000
86.696435 1 1 10000.000000
86.829935 1 0 1000000.000000
86.926020 1 2 1000000.000000
87.072606 1 1 1000000.000000
87.079374 1 1 20000.000000
87.116959 1 0 1000000.000000
87.296012 1 2 1500.000000
87.364948 1 2 200000.000000
87.412645 1 3 200000.000000
87.674342 1 1 10000.000000
87.743670 1 2 4000000.000000
88.157658 1 3 4000000.000000
88.655889 1 3 1500.000000
89.054906 1 0 1500.000000
89.322893 1 0 100000.000000
89.653282 1 2 10000.000000
89.733366 1 0 20000.000000
89.957336 1 2 1500.000000
90.046946 1 1 100000.000000
90.297166 1 1 1500.000000
90.314500 1 2 1000000.000000
90.589357 1 1 200000.000000
90.846736 1 0 100000.000000
91.269510 1 3 4000000.000000
91.281556 1 1 1500.000000
91.399739 1 1 1000000.000000
91.592540 1 3 100000.000000
91.637585 1 0 1500.000000
91.688051 1 0 1000000.000000
91.817519 1 1 3000000.000000
91.818992 1 1 100000.000000
91.921378 1 2 10000.000000
92.282649 1 2 100000.000000
92.316349 1 3 1500.000000
92.324448 1 0 1500.000000
92.479041 1 2 100000.000000
92.895418 1 3 3000000.000000
93.127236 1 3 1500.000000
93.140288 1 2 200000.000000
93.454273 1 2 1000000.000000
93.506032 1 3 3000.000000
93.612058 1 3 100000.000000
93.800535 1 3 1500.000000
93.852570 1 0 3000000.000000
94.067930 1 0 3000000.000000
94.201753 1 0 3000000.000000
94.442652 1 0 1500.000000
94.717208 1 2 4000000.000000
94.942319 1 3 10000.000000
95.016577 1 3 1500.000000
95.084553 1 3 200000.000000
95.101609 1 1 1000000.000000
95.177181 1 1 1500.000000
95.985535 1 1 1500.000000
96.259076 1 3 4000000.000000
96.722333 1 3 100000.000000
96.915491 1 3 1500.000000
96.928408 1 0 1500.000000
97.130944 1 3 3000.000000
97.355972 1 2 3000000.000000
97.357995 1 1 4000000.000000
97.488888 1 1 200000.000000
97.703768 1 0 4000000.000000
97.706315 1 1 200000.000000
97.726938 1 1 1000000.000000
97.976319 1 2 3000.000000
98.002870 1 1 1500.000000
98.179437 1 2 10000.000000
98.276164 1 1 100000.000000
98.689049 1 2 4000000.000000
99.069278 1 3 3000000.000000
99.110335 1 3 3000000.000000
100.331984 1 0 100000.000000
100.487499 1 0 1500.000000
100.574758 1 0 20000.000000
100.728399 1 3 200000.000000
100.760793 1 0 1500.000000
101.369168 1 3 1500.000000
101.613022 1 3 3000.000000
101.623481 1 0 20000.000000
101.665718 1 0 100000.000000
102.197371 1 1 1500.000000
102.208817 1 3 100000.000000
102.214041 1 0 1500.000000
102.376954 1 3 100000.000000
102.490368 1 0 200000.000000
102.748211 1 0 3000.000000
102.892495 1 0 4000000.000000
102.945960 1 3 3000000.000000
102.977724 1 0 4000000.000000
103.018435 1 3 4000000.000000
103.092929 1 0 1500.000000
103.309387 1 3 3000.000000
103.316460 1 1 1500.000000
103.474304 1 0 200000.000000
103.502230 1 3 3000000.000000
104.128100 1 0 1500.000000
104.142866 1 3 4000000.000000
104.164006 1 1 4000000.000000
104.330172 1 3 1500.000000
104.421383 1 2 10000.000000
104.491461 1 3 4000000.000000
104.609992 1 3 3000000.000000
104.626893 1 2 1500.000000
104.871321 1 0 4000000.000000
105.071031 1 1 100000.000000
105.149655 1 1 1500.000000
105.149966 1 0 1500.000000
105.227658 1 2 1500.000000
105.253654 1 3 1500.000000
105.258554 1 2 3000000.000000
105.473105 1 3 100000.000000
105.571488 1 3 3000.000000
105.758687 1 2 20000.000000
105.867770 1 2 1500.000000
105.914794 1 1 20000.000000
106.643094 1 2 1500.000000
106.694954 1 2 10000.000000
106.715726 1 3 3000000.000000
106.856100 1 0 1500.000000
107.076924 1 3 100000.000000
107.081225 1 0 1000000.000000
107.154358 1 3 20000.000000
107.225792 1 1 200000.000000
107.469518 1 1 4000000.000000
107.515458 1 0 1500.000000
107.740899 1 2 1500.000000
107.799475 1 2 200000.000000
107.976093 1 2 3000000.000000
107.978277 1 2 10000.000000
107.993714 1 3 3000.000000
108.142807 1 0 20000.000000
108.237722 1 3 1500.000000
108.513669 1 2 1500.000000
108.614476 1 2 200000.000000
108.624837 1 3 20000.000000
108.859561 1 0 4000000.000000
109.155807 1 2 200000.000000
109.501273 1 3 20000.000000
109.530682 1 1 1500.000000
109.788596 1 3 20000.000000
109.961436 1 3 1500.000000
110.365480 1 0 100000.000000
110.390281 1 3 1500.000000
110.478412 1 3 1500.000000
110.572426 1 2 3000000.000000
110.610168 1 1 1500.000000
110.663813 1 3 10000.000000
110.785748 1 0 1500.000000
111.138164 1 0 1500.000000
111.387895 1 0 1500.000000
111.596665 1 0 1000000.000000
111.654818 1 2 3000000.000000
111.909750 1 3 100000.000000
111.955808 1 1 200000.000000
112.093122 1 1 1500.000000
112.169569 1 1 200000.000000
112.591768 1 2 1500.000000
112.596195 1 2 1000000.000000
112.734292 1 0 1500.000000
112.777980 1 3 100000.000000
112.800992 1 3 3000000.000000
112.925158 1 1 1500.000000
113.212872 1 2 20000.000000
113.223416 1 0 20000.000000
113.270870 1 1 100000.000000
113.426321 1 1 200000.000000
113.541334 1 0 200000.000000
113.883425 1 0 1000000.000000
114.238157 1 0 3000000.000000
114.411508 1 0 100000.000000
114.753789 1 2 200000.000000
115.583200 1 1 4000000.000000
115.877965 1 3 1500.000000
115.911559 1 1 4000000.000000
115.911739 1 1 1500.000000
116.150221 1 3 1000000.000000
116.445264 1 2 1500.000000
117.088468 1 3 3000.000000
117.156878 1 2 1000000.000000
117.184219 1 2 1500.000000
117.380563 1 3 20000.000000
117.622864 1 1 1500.000000
117.640330 1 2 1500.000000
117.663715 1 3 3000000.000000
117.812015 1 2 2000000.000000
118.191146 1 3 100000.000000
118.272212 1 0 1500.000000
118.339447 1 0 3000000.000000
118.429717 1 0 1000000.000000
118.481102 1 0 100000.000000
118.653857 1 3 10000.000000
118.991999 1 3 10000.000000
119.240064 1 3 3000.000000
119.326748 1 1 3000000.000000
119.547400 1 2 1000000.000000
119.710411 1 1 10000.000000
119.764235 1 2 1500.000000
119.851874 1 1 3000000.000000
120.211184 1 3 1500.000000
120.468562 1 2 1500.000000
120.518987 1 3 1500.000000
120.584908 1 2 1000000.000000
120.679678 1 1 1500.000000
120.699079 1 3 1500.000000
120.981080 1 1 20000.000000
121.008942 1 0 1500.000000
121.117065 1 2 1500.000000
121.527852 1 1 100000.000000
121.581532 1 1 1000000.000000
121.692597 1 0 1000000.000000
121.857099 1 1 200000.000000
122.096412 1 1 1500.000000
122.099470 1 0 1500.000000
122.502593 1 3 1500.000000
122.631142 1 2 1500.000000
122.776511 1 1 1500.000000
123.178156 1 2 3000.000000
123.623995 1 0 1500.000000
124.042450 1 3 10000.000000
124.231496 1 1 3000000.000000
124.322245 1 3 3000000.000000
124.555557 1 0 1500.000000
124.555644 1 0 1500.000000
124.860781 1 0 1500.000000
124.938276 1 3 1500.000000
125.117969 1 1 1500.000000
125.152663 1 1 1500.000000
125.171426 1 3 3000000.000000
125.185743 1 0 3000.000000
125.427168 1 1 200000.000000
125.497789 1 3 100000.000000
125.570217 1 3 3000000.000000
125.623172 1 2 1500.000000
125.834025 1 0 200000.000000
125.946669 1 0 3000.000000
126.037618 1 1 4000000.000000
126.139981 1 3 3000.000000
126.198825 1 1 1500.000000
126.386480 1 2 1500.000000
126.738881 1 2 1500.000000
126.972866 1 1 1500.000000
127.006395 1 1 100000.000000
127.038920 1 2 1500.000000
127.058425 1 0 1000000.000000
127.071719 1 2 3000000.000000
127.103695 1 1 3000000.000000
127.120453 1 0 1000000.000000
127.373996 1 2 3000000.000000
127.382860 1 0 1500.000000
127.428151 1 0 4000000.000000
127.647579 1 1 1500.000000
127.723874 1 0 1500.000000
127.826231 1 3 1500.000000
128.165820 1 0 200000.000000
128.210611 1 3 1500.000000
129.008109 1 3 1500.000000
129.061634 1 2 4000000.000000
129.070531 1 3 1500.000000
129.160592 1 1 100000.000000
129.320117 1 2 10000.000000
129.331697 1 1 10000.000000
129.338264 1 1 10000.000000
129.477967 1 0 1500.000000
129.533982 1 0 100000.000000
129.791672 1 2 3000.000000
129.855921 1 1 1000000.000000
129.891042 1 1 3000000.000000
129.962785 1 0 3000.000000
129.973678 1 2 200000.000000
130.000810 1 2 1000000.000000
130.015908 1 3 100000.000000
130.600747 1 2 100000.000000
130.722838 1 1 1500.000000
130.821038 1 1 1500.000000
130.843493 1 1 2000000.000000
130.999124 1 2 2000000.000000
131.071344 1 3 1500.000000
131.401652 1 0 10000.000000
131.498357 1 2 1500.000000
131.508633 1 3 3000000.000000
131.987037 1 0 4000000.000000
132.034432 1 0 10000.000000
132.135321 1 1 1000000.000000
132.748531 1 2 100000.000000
132.865547 1 1 1500.000000
133.218494 1 1 1500.000000
133.266340 1 1 1500.000000
133.271195 1 1 3000000.000000
133.395050 1 1 3000.000000
133.473648 1 1 1500.000000
133.474573 1 1 3000000.000000
133.590977 1 1 4000000.000000
133.636546 1 2 1500.000000
133.687665 1 3 200000.000000
133.917074 1 2 3000000.000000
133.923635 1 2 3000.000000
133.959591 1 3 200000.000000
134.034911 1 1 1500.000000
134.097384 1 3 1500.000000
134.534932 1 1 1500.000000
134.590439 1 0 3000000.000000
134.735564 1 0 1500.000000
134.833083 1 2 4000000.000000
134.955279 1 0 100000.000000
135.163985 1 3 3000000.000000
135.313729 1 1 1500.000000
135.442743 1 1 3000.000000
135.458163 1 1 1500.000000
135.478664 1 1 2000000.000000
135.488167 1 1 1500.000000
135.633421 1 3 3000000.000000
135.693828 1 2 10000.000000
135.801600 1 1 1500.000000
135.820597 1 0 4000000.000000
136.163104 1 3 200000.000000
136.442765 1 0 10000.000000
136.549569 1 3 1500.000000
136.569822 1 0 1500.000000
136.815311 1 1 20000.000000
137.117943 1 0 2000000.000000
137.142820 1 3 1500.000000
137.228194 1 1 100000.000000
137.366039 1 1 1000000.000000
137.730817 1 0 1500.000000
137.926397 1 2 200000.000000
137.960889 1 1 1500.000000
138.094772 1 0 4000000.000000
138.129119 1 1 1500.000000
138.331883 1 3 1500.000000
138.424589 1 2 1500.000000
138.452051 1 2 200000.000000
138.530121 1 1 10000.000000
138.851506 1 3 1500.000000
139.129987 1 3 1000000.000000
139.500340 1 3 1500.000000
139.857128 1 1 3000000.000000
140.445845 1 1 3000.000000
140.546550 1 2 3000000.000000
140.660592 1 0 1500.000000
141.003844 1 0 1500.000000
141.430000 1 0 1500.000000
141.588559 1 1 1500.000000
141.771254 1 2 1500.000000
141.817893 1 3 3000000.000000
142.302394 1 3 20000.000000
142.708970 1 0 4000000.000000
143.225169 1 0 10000.000000
143.294287 1 2 3000.000000
143.472974 1 3 1500.000000
143.476472 1 1 4000000.000000
143.570827 1 1 200000.000000
143.886494 1 0 3000000.000000
143.915855 1 1 4000000.000000
143.969263 1 1 1500.000000
144.133250 1 2 1500.000000
144.231406 1 0 3000000.000000
144.284033 1 3 1500.000000
144.305054 1 3 10000.000000
144.525789 1 3 3000000.000000
144.701071 1 3 4000000.000000
144.725238 1 0 4000000.000000
144.751750 1 3 100000.000000
145.083002 1 0 1500.000000
145.151627 1 0 3000.000000
145.158726 1 3 1500.000000
145.430375 1 2 1500.000000
145.502038 1 0 1500.000000
146.506653 1 3 4000000.000000
147.005704 1 2 1500.000000
147.053484 1 2 1500.000000
147.082636 1 1 1500.000000
147.130899 1 2 3000.000000
147.163232 1 0 1500.000000
147.267679 1 2 4000000.000000
147.512502 1 0 200000.000000
147.551894 1 2 1500.000000
147.942686 1 0 1000000.000000
148.114459 1 1 100000.000000
148.429074 1 0 200000.000000
148.504131 1 1 4000000.000000
148.739258 1 3 1500.000000
148.882423 1 0 200000.000000
148.931559 1 2 3000000.000000
149.066479 1 0 3000000.000000
149.635649 1 3 4000000.000000
149.664864 1 0 4000000.000000
149.800111 1 1 1500.000000
149.896513 1 1 1500.000000
149.963544 1 1 1500.000000
149.968579 1 2 1500.000000
0.271399 2 1 1500.000000
0.393803 2 2 4000000.000000
0.546175 2 2 1500.000000
0.833857 2 3 3000000.000000
1.228582 2 0 1500.000000
1.290426 2 2 100000.000000
1.530246 2 3 1500.000000
1.648692 2 2 4000000.000000
1.829790 2 1 3000.000000
1.887583 2 2 1500.000000
2.160695 2 1 1000000.000000
2.392425 2 0 1500.000000
2.486989 2 2 1500.000000
2.497505 2 0 1500.000000
2.507104 2 2 200000.000000
2.786072 2 0 3000000.000000
2.873151 2 3 1000000.000000
3.421701 2 1 1500.000000
3.501806 2 1 3000.000000
3.535129 2 0 20000.000000
3.552893 2 0 4000000.000000
3.711443 2 1 1000000.000000
3.774145 2 0 1500.000000
3.804086 2 2 3000.000000
4.005799 2 2 100000.000000
4.454586 2 1 20000.000000
4.505026 2 3 4000000.000000
4.595716 2 2 1000000.000000
4.721754 2 3 100000.000000
4.949833 2 0 3000000.000000
5.076306 2 1 1500.000000
5.103819 2 1 200000.000000
5.212715 2 3 100000.000000
5.233200 2 1 3000000.000000
5.385326 2 3 1500.000000
5.665874 2 3 3000.000000
5.962325 2 3 3000000.000000
6.175220 2 3 1000000.000000
6.475648 2 0 3000000.000000
6.810927 2 0 2000000.000000
6.925356 2 2 200000.000000
6.928173 2 2 1500.000000
7.189156 2 3 3000000.000000
7.481520 2 3 4000000.000000
7.525517 2 3 3000.000000
7.765818 2 0 2000000.000000
7.778538 2 0 100000.000000
7.907245 2 0 1000000.000000
8.583142 2 3 3000000.000000
8.601623 2 1 1500.000000
9.173252 2 3 4000000.000000
9.527503 2 2 3000000.000000
10.079696 2 0 1500.000000
10.244890 2 2 1500.000000
10.661821 2 3 1000000.000000
10.752311 2 0 4000000.000000
10.867478 2 0 100000.000000
11.136482 2 2 20000.000000
11.385741 2 3 200000.000000
11.419367 2 1 4000000.000000
12.107536 2 1 1500.000000
12.178532 2 2 1500.000000
12.450524 2 2 1000000.000000
12.509386 2 1 3000.000000
12.752894 2 3 1500.000000
12.986710 2 0 3000000.000000
13.070302 2 2 10000.000000
13.315233 2 1 20000.000000
13.326633 2 0 1500.000000
13.394061 2 0 1500.000000
13.521348 2 1 2000000.000000
13.578450 2 0 10000.000000
13.738368 2 2 1500.000000
13.918916 2 0 3000000.000000
14.013816 2 0 3000.000000
14.309621 2 3 20000.000000
14.332643 2 3 1500.000000
15.138529 2 2 4000000.000000
15.146490 2 3 1500.000000
15.184976 2 0 4000000.000000
15.389040 2 2 1500.000000
15.395357 2 1 100000.000000
15.431906 2 3 1500.000000
15.473225 2 0 2000000.000000
15.989033 2 1 100000.000000
16.122764 2 2 1500.000000
16.246340 2 0 20000.000000
16.399706 2 0 1000000.000000
16.589539 2 0 1500.000000
16.627266 2 0 1500.000000
16.799375 2 3 1500.000000
17.044642 2 1 100000.000000
17.051038 2 1 4000000.000000
17.259799 2 0 1500.000000
17.342513 2 0 3000.000000
17.367319 2 3 200000.000000
17.546858 2 1 200000.000000
17.649616 2 3 3000000.000000
17.825526 2 3 1500.000000
17.866468 2 3 1500.000000
18.354716 2 3 1500.000000
18.397438 2 0 2000000.000000
18.609889 2 3 100000.000000
18.624857 2 2 3000000.000000
18.672948 2 1 1000000.000000
18.731972 2 0 100000.000000
18.962289 2 1 3000000.000000
19.069190 2 3 200000.000000
19.151841 2 1 1500.000000
19.290306 2 3 1500.000000
19.350642 2 0 100000.000000
19.467940 2 0 1500.000000
19.596188 2 3 1500.000000
20.299302 2 1 4000000.000000
20.342987 2 3 1500.000000
20.568334 2 0 3000000.000000
20.695293 2 1 1500.000000
21.145566 2 2 10000.000000
21.248837 2 0 1000000.000000
21.268968 2 3 3000000.000000
21.350646 2 2 4000000.000000
21.571855 2 2 4000000.000000
21.833519 2 1 4000000.000000
21.841820 2 2 1500.000000
21.861356 2 1 3000000.000000
22.477630 2 0 1500.000000
22.575173 2 3 10000.000000
22.794062 2 2 200000.000000
22.902680 2 3 10000.000000
22.953406 2 2 10000.000000
23.134277 2 3 3000.000000
23.329370 2 1 100000.000000
23.444092 2 2 100000.000000
23.531640 2 0 3000000.000000
23.533983 2 3 1500.000000
23.543861 2 0 3000000.000000
23.857345 2 3 100000.000000
23.894195 2 0 1500.000000
24.157020 2 0 1500.000000
24.513132 2 2 200000.000000
24.789565 2 3 1000000.000000
25.073307 2 2 1000000.000000
25.288805 2 2 1500.000000
25.403347 2 2 1000000.000000
25.471394 2 3 4000000.000000
25.553559 2 0 1500.000000
25.592766 2 2 100000.000000
26.141707 2 2 10000.000000
26.234825 2 0 1500.000000
26.273360 2 2 3000.000000
26.335443 2 2 10000.000000
26.424240 2 0 10000.000000
26.436940 2 2 100000.000000
27.424084 2 1 10000.000000
27.481998 2 3 100000.000000
27.526684 2 0 200000.000000
27.688278 2 2 10000.000000
27.800709 2 2 100000.000000
28.170819 2 3 1000000.000000
28.212706 2 2 3000000.000000
28.214887 2 0 1500.000000
28.937757 2 1 100000.000000
29.159171 2 0 20000.000000
29.206225 2 2 1500.000000
29.216325 2 2 1500.000000
29.304261 2 0 10000.000000
29.453614 2 3 10000.000000
29.464001 2 1 200000.000000
29.566924 2 2 3000000.000000
29.925816 2 0 3000.000000
30.015995 2 1 2000000.000000
30.060667 2 0 3000000.000000
30.232662 2 2 3000.000000
30.258031 2 0 4000000.000000
30.691310 2 2 1500.000000
30.859195 2 0 1500.000000
31.099955 2 1 10000.000000
31.260875 2 0 200000.000000
31.270912 2 0 1500.000000
31.384886 2 3 1500.000000
31.516804 2 3 200000.000000
31.767257 2 2 3000000.000000
31.894998 2 0 1500.000000
31.950821 2 0 200000.000000
31.993129 2 1 1000000.000000
32.061065 2 0 1500.000000
32.143685 2 0 100000.000000
32.526502 2 2 3000000.000000
32.657403 2 3 1500.000000
33.088995 2 0 100000.000000
33.172420 2 1 1500.000000
33.215217 2 0 20000.000000
33.250632 2 1 1500.000000
33.447736 2 0 100000.000000
33.800833 2 3 1500.000000
33.868298 2 0 1500.000000
34.024466 2 3 100000.000000
34.263380 2 0 20000.000000
34.423904 2 2 200000.000000
34.687329 2 2 1500.000000
34.960320 2 0 200000.000000
34.994604 2 2 100000.000000
35.163166 2 2 1500.000000
35.339852 2 3 100000.000000
35.421728 2 3 1000000.000000
35.775025 2 3 3000000.000000
35.881664 2 3 4000000.000000
36.012080 2 3 1500.000000
36.048081 2 3 100000.000000
36.137842 2 1 1000000.000000
36.183225 2 3 10000.000000
36.629577 2 0 100000.000000
36.764042 2 0 1500.000000
36.870614 2 1 200000.000000
36.957523 2 1 1500.000000
37.160778 2 1 1000000.000000
37.193940 2 1 1500.000000
37.263258 2 2 20000.000000
37.278463 2 1 1000000.000000
37.372961 2 1 1500.000000
37.420541 2 0 1500.000000
37.620921 2 1 10000.000000
37.629484 2 3 1500.000000
37.771977 2 3 4000000.000000
38.062818 2 3 200000.000000
38.123292 2 1 200000.000000
38.243406 2 2 1000000.000000
38.539817 2 0 200000.000000
38.553057 2 3 3000000.000000
38.618119 2 0 1000000.000000
38.661621 2 1 20000.000000
38.662328 2 2 3000000.000000
38.710182 2 2 3000000.000000
38.741238 2 3 4000000.000000
38.754626 2 2 4000000.000000
38.957246 2 3 1500.000000
38.979344 2 1 4000000.000000
39.376786 2 2 3000000.000000
39.931620 2 0 1500.000000
39.999897 2 3 1500.000000
40.031557 2 3 100000.000000
40.050328 2 2 1500.000000
40.055849 2 3 100000.000000
40.327715 2 0 200000.000000
40.521824 2 1 1000000.000000
40.619135 2 2 10000.000000
41.169862 2 2 10000.000000
41.365647 2 1 3000000.000000
41.502809 2 2 1500.000000
41.780870 2 3 3000000.000000
41.861642 2 1 1500.000000
42.103416 2 3 3000000.000000
42.229183 2 3 100000.000000
42.245580 2 2 1500.000000
42.260611 2 0 1500.000000
42.360596 2 0 1500.000000
42.434269 2 3 200000.000000
42.439831 2 0 10000.000000
42.482507 2 1 100000.000000
42.553355 2 0 1500.000000
42.789746 2 1 4000000.000000
42.897322 2 1 100000.000000
42.904435 2 3 4000000.000000
42.914622 2 0 200000.000000
43.155058 2 3 1000000.000000
43.271871 2 2 10000.000000
43.446140 2 2 1500.000000
43.489703 2 2 3000000.000000
43.838374 2 3 200000.000000
43.982503 2 2 1500.000000
44.307524 2 2 1500.000000
44.680462 2 2 3000.000000
44.696877 2 0 1500.000000
44.916896 2 3 200000.000000
45.037129 2 3 3000.000000
45.173606 2 0 1500.000000
45.197402 2 2 3000000.000000
46.374628 2 0 3000000.000000
46.502807 2 0 1000000.000000
46.584677 2 3 200000.000000
46.590032 2 3 200000.000000
46.662167 2 3 1500.000000
46.737070 2 2 4000000.000000
46.755872 2 0 10000.000000
46.856308 2 1 4000000.000000
46.964450 2 1 3000000.000000
46.987882 2 0 20000.000000
47.151287 2 1 100000.000000
47.201601 2 3 1500.000000
47.648827 2 2 1000000.000000
48.059352 2 0 100000.000000
48.287818 2 3 3000000.000000
48.533298 2 0 3000000.000000
48.610398 2 0 1500.000000
48.718929 2 3 1500.000000
48.946124 2 3 1500.000000
49.168828 2 0 1500.000000
49.174140 2 0 100000.000000
49.501069 2 3 1500.000000
49.604142 2 0 1500.000000
49.759791 2 2 1500.000000
50.341924 2 1 3000000.000000
50.347189 2 2 1500.000000
50.368257 2 3 200000.000000
50.390774 2 3 1500.000000
51.144053 2 3 1500.000000
51.169746 2 0 10000.000000
51.335042 2 2 200000.000000
51.444937 2 1 1000000.000000
51.585745 2 1 4000000.000000
51.746742 2 1 1500.000000
51.807832 2 3 1000000.000000
52.135966 2 3 3000.000000
52.444333 2 0 100000.000000
52.542193 2 0 2000000.000000
52.594892 2 0 1500.000000
52.680516 2 2 200000.000000
52.914223 2 1 3000000.000000
52.987447 2 3 1000000.000000
52.991903 2 1 100000.000000
53.252190 2 1 3000000.000000
53.263347 2 3 1500.000000
53.397799 2 3 3000.000000
53.397911 2 3 1000000.000000
53.402145 2 0 1500.000000
53.527478 2 1 1500.000000
53.850850 2 1 3000000.000000
53.897950 2 3 1500.000000
53.905282 2 0 1000000.000000
54.035082 2 0 3000.000000
54.061230 2 3 20000.000000
54.071665 2 2 200000.000000
54.148736 2 1 100000.000000
54.167341 2 2 1500.000000
54.317941 2 3 4000000.000000
54.362954 2 3 1500.000000
54.592057 2 1 3000000.000000
54.603070 2 3 1500.000000
54.787548 2 0 200000.000000
54.814197 2 1 10000.000000
54.824287 2 2 1500.000000
55.248779 2 1 2000000.000000
55.787427 2 3 4000000.000000
56.583338 2 1 1500.000000
56.645959 2 3 1500.000000
56.702401 2 3 1500.000000
56.839139 2 1 4000000.000000
56.859235 2 1 3000000.000000
56.936950 2 1 1500.000000
57.085587 2 2 3000000.000000
57.219275 2 3 100000.000000
57.481808 2 2 1500.000000
57.530839 2 0 3000000.000000
57.638095 2 1 1000000.000000
57.725891 2 3 3000000.000000
58.006722 2 0 200000.000000
58.227291 2 1 1500.000000
58.393039 2 1 1500.000000
58.879732 2 2 10000.000000
58.888695 2 0 3000000.000000
58.895188 2 3 1500.000000
59.013507 2 1 20000.000000
59.056593 2 2 3000000.000000
59.098707 2 2 1000000.000000
59.144902 2 1 1500.000000
59.225083 2 0 1500.000000
59.228390 2 3 1000000.000000
59.310914 2 1 3000000.000000
59.888077 2 3 1500.000000
60.026486 2 0 100000.000000
60.343481 2 1 3000000.000000
60.405133 2 0 1500.000000
60.606099 2 2 1500.000000
60.756969 2 3 1500.000000
60.791797 2 0 3000.000000
60.995201 2 3 20000.000000
61.034671 2 0 1500.000000
61.094953 2 0 1500.000000
61.194198 2 2 3000000.000000
61.342384 2 1 4000000.000000
61.355507 2 3 1500.000000
61.371897 2 0 100000.000000
62.137919 2 0 1500.000000
62.148256 2 2 100000.000000
62.434155 2 0 100000.000000
62.860542 2 2 1500.000000
63.026168 2 2 3000000.000000
63.065629 2 0 1500.000000
63.087701 2 0 1000000.000000
63.390505 2 2 3000000.000000
63.511288 2 3 1500.000000
63.622608 2 3 1000000.000000
63.704477 2 1 2000000.000000
63.747579 2 1 100000.000000
64.179393 2 2 200000.000000
64.322089 2 2 3000.000000
64.646168 2 1 4000000.000000
64.858171 2 0 1500.000000
64.862043 2 1 3000000.000000
64.956681 2 1 1000000.000000
65.048124 2 0 10000.000000
65.228146 2 3 1500.000000
65.384599 2 2 4000000.000000
65.393428 2 3 3000000.000000
65.423556 2 2 1500.000000
65.504596 2 2 3000000.000000
65.625714 2 2 100000.000000
65.732570 2 1 1500.000000
65.779451 2 1 200000.000000
66.060300 2 2 100000.000000
66.117338 2 2 3000000.000000
66.236149 2 1 1000000.000000
66.406638 2 0 3000000.000000
66.467818 2 0 3000.000000
66.585293 2 3 10000.000000
66.817943 2 2 1000000.000000
66.944114 2 2 1500.000000
66.982053 2 1 200000.000000
67.071784 2 0 1500.000000
67.207044 2 3 4000000.000000
67.297900 2 2 1000000.000000
67.619824 2 1 200000.000000
67.717283 2 3 3000.000000
67.742312 2 0 1500.000000
67.980461 2 1 1500.000000
68.359991 2 0 10000.000000
68.415529 2 0 1500.000000
68.785400 2 2 3000.000000
68.845036 2 2 2000000.000000
68.992197 2 1 1500.000000
69.002750 2 1 3000.000000
69.270050 2 0 200000.000000
69.384584 2 1 1000000.000000
69.567251 2 3 3000000.000000
69.571901 2 3 3000000.000000
69.961879 2 0 1500.000000
69.962963 2 0 100000.000000
70.360083 2 2 1500.000000
70.513970 2 0 100000.000000
70.690314 2 0 20000.000000
70.695300 2 2 4000000.000000
70.705550 2 1 1500.000000
70.844896 2 2 1500.000000
70.987863 2 2 200000.000000
70.992363 2 2 1500.000000
71.079046 2 2 1500.000000
71.120916 2 2 1500.000000
71.567456 2 2 3000.000000
71.688358 2 1 1000000.000000
71.811263 2 1 1500.000000
71.920338 2 0 10000.000000
71.932253 2 1 3000.000000
71.991477 2 3 1000000.000000
72.000173 2 0 10000.000000
72.245184 2 3 1500.000000
72.919823 2 0 20000.000000
72.955514 2 1 3000000.000000
72.997526 2 3 200000.000000
73.026649 2 1 3000.000000
73.205810 2 1 100000.000000
73.387163 2 0 1500.000000
73.629181 2 3 1500.000000
73.667408 2 2 1500.000000
73.703226 2 2 200000.000000
73.762599 2 3 1500.000000
73.879301 2 3 1500.000000
74.021980 2 0 10000.000000
74.445422 2 0 1500.000000
74.683696 2 1 100000.000000
74.971530 2 2 20000.000000
75.393424 2 1 4000000.000000
75.473983 2 1 1500.000000
75.533959 2 0 1500.000000
75.559544 2 2 4000000.000000
75.647717 2 1 3000000.000000
76.007535 2 1 3000.000000
76.281605 2 3 3000000.000000
76.335122 2 3 4000000.000000
76.388001 2 1 1500.000000
76.595684 2 1 100000.000000
76.734254 2 0 4000000.000000
77.052701 2 1 1500.000000
77.082719 2 1 10000.000000
77.259618 2 0 1500.000000
77.737895 2 2 2000000.000000
77.780880 2 2 1500.000000
77.801304 2 2 1500.000000
77.841708 2 1 1500.000000
78.010518 2 3 1500.000000
78.071137 2 0 3000.000000
78.114695 2 3 1000000.000000
78.485588 2 1 1500.000000
78.515056 2 1 1500.000000
78.621583 2 0 1500.000000
78.624085 2 2 1000000.000000
78.704705 2 3 1500.000000
78.737188 2 1 100000.000000
78.843894 2 0 200000.000000
78.904001 2 2 10000.000000
78.974540 2 1 4000000.000000
79.117956 2 3 1500.000000
79.184347 2 3 100000.000000
79.312603 2 3 1500.000000
79.316333 2 0 1500.000000
79.629180 2 0 4000000.000000
79.854753 2 3 3000.000000
79.897919 2 1 1500.000000
80.070770 2 2 1000000.000000
80.259040 2 2 1500.000000
80.266341 2 0 100000.000000
80.398944 2 3 200000.000000
80.399684 2 3 200000.000000
80.464191 2 0 3000.000000
80.825029 2 0 1500.000000
80.947746 2 0 10000.000000
81.157561 2 2 1500.000000
81.198066 2 1 200000.000000
81.208353 2 1 1500.000000
81.443713 2 2 10000.000000
81.819235 2 0 1500.000000
81.825568 2 1 1500.000000
81.982869 2 2 20000.000000
82.570527 2 0 1500.000000
82.616867 2 0 200000.000000
82.651144 2 3 1500.000000
82.796482 2 3 1500.000000
82.851327 2 0 4000000.000000
82.906676 2 0 4000000.000000
82.984369 2 2 100000.000000
83.198171 2 3 1500.000000
83.304581 2 1 1500.000000
83.467980 2 1 1000000.000000
83.755958 2 3 20000.000000
84.061443 2 0 3000000.000000
84.265590 2 3 100000.000000
84.361625 2 0 1000000.000000
84.363178 2 3 3000.000000
84.485559 2 2 3000.000000
84.732959 2 3 100000.000000
84.862773 2 2 3000.000000
85.045965 2 3 1500.000000
85.109101 2 2 1500.000000
85.132126 2 0 3000000.000000
85.271183 2 0 200000.000000
85.333398 2 2 1500.000000
85.752049 2 0 1500.000000
86.007509 2 2 200000.000000
86.284728 2 2 200000.000000
86.300596 2 0 4000000.000000
86.377389 2 3 1500.000000
86.387550 2 2 1500.000000
86.555749 2 0 1500.000000
86.816162 2 1 200000.000000
87.398556 2 2 1500.000000
88.069905 2 1 1500.000000
88.478672 2 0 20000.000000
88.490602 2 2 1500.000000
88.496779 2 3 3000000.000000
88.572383 2 0 100000.000000
88.589823 2 0 1000000.000000
89.127881 2 0 3000000.000000
89.147090 2 1 4000000.000000
89.237968 2 1 1000000.000000
89.937690 2 3 1500.000000
89.965264 2 2 20000.000000
89.971321 2 1 1500.000000
90.187509 2 1 1500.000000
90.395140 2 3 200000.000000
90.451700 2 3 3000000.000000
91.021587 2 0 1000000.000000
91.141672 2 1 2000000.000000
91.268589 2 0 1000000.000000
91.377681 2 2 1500.000000
91.715842 2 1 1500.000000
91.731336 2 0 1500.000000
91.842408 2 0 1500.000000
92.371636 2 1 1500.000000
92.765046 2 2 100000.000000
92.977386 2 1 200000.000000
93.036565 2 0 2000000.000000
93.067887 2 0 200000.000000
93.210874 2 1 1000000.000000
93.211522 2 2 1500.000000
93.228765 2 0 1500.000000
93.397690 2 1 1500.000000
93.432045 2 2 1500.000000
94.057254 2 0 1500.000000
94.248529 2 2 3000.000000
94.319096 2 3 100000.000000
94.517399 2 0 2000000.000000
94.575688 2 1 3000.000000
94.634545 2 3 1500.000000
95.109586 2 2 4000000.000000
95.208418 2 1 2000000.000000
95.217714 2 2 1500.000000
95.266490 2 3 200000.000000
95.359492 2 3 1500.000000
95.587747 2 0 3000000.000000
96.183358 2 0 2000000.000000
96.190646 2 0 3000.000000
96.194904 2 1 200000.000000
96.864579 2 0 10000.000000
97.611123 2 1 1500.000000
97.770221 2 0 1500.000000
97.811095 2 1 100000.000000
97.979445 2 3 3000.000000
98.522126 2 1 3000000.000000
98.540986 2 1 1500.000000
98.624169 2 3 4000000.000000
98.789323 2 2 3000.000000
98.969456 2 0 200000.000000
99.103423 2 0 20000.000000
99.225372 2 2 20000.000000
99.751626 2 2 1500.000000
100.006867 2 1 1500.000000
100.115940 2 0 1500.000000
100.126906 2 0 1500.000000
100.330638 2 3 1000000.000000
100.434852 2 2 1500.000000
100.635768 2 2 3000000.000000
100.805705 2 0 1500.000000
100.896506 2 2 1500.000000
101.052884 2 0 4000000.000000
101.093269 2 0 1500.000000
101.133700 2 2 1500.000000
101.275963 2 2 100000.000000
101.427382 2 0 1000000.000000
101.651557 2 2 1500.000000
101.717988 2 3 3000.000000
102.568037 2 2 100000.000000
102.866405 2 2 100000.000000
103.052390 2 2 1500.000000
103.072855 2 3 1500.000000
103.670316 2 1 4000000.000000
103.703096 2 1 20000.000000
103.806812 2 1 1500.000000
103.857427 2 1 100000.000000
103.922697 2 2 4000000.000000
103.937412 2 3 3000.000000
104.195909 2 2 4000000.000000
104.455081 2 0 10000.000000
104.644000 2 0 10000.000000
104.760740 2 2 100000.000000
104.923527 2 0 10000.000000
104.956498 2 3 200000.000000
105.430203 2 1 200000.000000
105.583357 2 0 3000.000000
105.894697 2 0 20000.000000
106.274210 2 1 1500.000000
106.372632 2 1 3000000.000000
106.579648 2 1 1500.000000
106.751556 2 3 1000000.000000
106.771778 2 2 1500.000000
106.962507 2 0 10000.000000
107.032214 2 3 10000.000000
107.693556 2 3 200000.000000
107.696497 2 2 4000000.000000
107.894092 2 0 200000.000000
108.101349 2 2 200000.000000
108.331840 2 2 10000.000000
108.633602 2 2 100000.000000
108.868001 2 2 1500.000000
108.968956 2 3 1500.000000
109.306644 2 2 100000.000000
109.423258 2 0 4000000.000000
109.542842 2 2 3000.000000
109.636650 2 2 1500.000000
109.687954 2 0 1500.000000
109.690566 2 2 3000000.000000
109.790951 2 2 1500.000000
110.450192 2 3 200000.000000
110.519356 2 1 1000000.000000
110.714818 2 1 1500.000000
110.739936 2 2 4000000.000000
110.745736 2 2 4000000.000000
110.898618 2 0 1000000.000000
110.950435 2 1 20000.000000
110.986997 2 3 1500.000000
111.742412 2 2 1500.000000
111.960726 2 1 10000.000000
112.020361 2 1 100000.000000
112.122020 2 0 1500.000000
112.266154 2 1 20000.000000
112.707895 2 0 1000000.000000
112.799263 2 0 100000.000000
113.023748 2 1 1500.000000
113.031697 2 0 10000.000000
113.215255 2 1 1500.000000
113.228105 2 3 1500.000000
113.427661 2 1 1500.000000
113.987478 2 0 200000.000000
114.210643 2 2 1500.000000
114.445562 2 1 200000.000000
114.460191 2 2 1500.000000
114.487929 2 3 100000.000000
114.519844 2 1 1500.000000
115.024264 2 2 1500.000000
115.038172 2 0 10000.000000
115.139893 2 1 1000000.000000
115.140677 2 3 200000.000000
115.338855 2 3 1500.000000
115.445152 2 1 100000.000000
115.533363 2 2 1000000.000000
115.595713 2 1 200000.000000
115.661684 2 2 1500.000000
115.743352 2 3 1000000.000000
115.760933 2 1 200000.000000
116.633038 2 0 1500.000000
117.139924 2 2 4000000.000000
117.172694 2 1 200000.000000
117.200804 2 1 100000.000000
117.284462 2 3 1500.000000
117.305322 2 0 3000000.000000
118.157548 2 3 1500.000000
118.187206 2 0 1500.000000
118.193950 2 3 20000.000000
118.212302 2 2 1500.000000
118.486104 2 2 2000000.000000
118.758314 2 3 10000.000000
118.810281 2 1 100000.000000
118.835719 2 3 1500.000000
118.951125 2 0 4000000.000000
119.318753 2 1 20000.000000
119.559337 2 2 1500.000000
119.806350 2 2 200000.000000
119.863080 2 2 100000.000000
120.146915 2 1 1000000.000000
120.183389 2 2 200000.000000
120.658706 2 0 1000000.000000
120.906824 2 3 1000000.000000
120.962370 2 3 3000000.000000
121.302944 2 3 10000.000000
121.556852 2 3 1000000.000000
122.018664 2 1 200000.000000
122.056396 2 2 1000000.000000
122.571407 2 0 3000000.000000
122.682618 2 3 100000.000000
123.076538 2 1 1500.000000
123.179678 2 0 1500.000000
123.419460 2 1 1500.000000
123.633722 2 2 1500.000000
123.930530 2 1 1000000.000000
123.989801 2 0 1000000.000000
124.021641 2 1 1500.000000
124.249450 2 1 1500.000000
124.493041 2 1 1500.000000
124.753765 2 2 1500.000000
124.830414 2 2 1000000.000000
125.466536 2 2 2000000.000000
125.604009 2 1 1500.000000
125.707139 2 3 1500.000000
126.209795 2 1 10000.000000
126.758814 2 2 3000000.000000
126.763922 2 3 1500.000000
126.889760 2 1 1500.000000
127.131645 2 1 1500.000000
127.141446 2 3 10000.000000
127.167264 2 3 1500.000000
127.240226 2 2 3000.000000
127.312267 2 0 2000000.000000
127.372178 2 0 3000.000000
127.707769 2 1 1500.000000
127.824944 2 1 1500.000000
127.923244 2 0 1500.000000
128.182453 2 3 4000000.000000
128.476197 2 0 1500.000000
128.526823 2 3 1500.000000
128.532405 2 1 1500.000000
128.614509 2 0 1500.000000
128.637188 2 3 1500.000000
128.658418 2 1 10000.000000
128.716155 2 1 100000.000000
128.786161 2 3 2000000.000000
129.296710 2 0 200000.000000
130.012547 2 0 1500.000000
130.442411 2 1 3000000.000000
130.464767 2 1 4000000.000000
130.579636 2 3 1500.000000
130.729473 2 2 1500.000000
130.807010 2 2 3000000.000000
131.082891 2 1 4000000.000000
131.306702 2 0 1000000.000000
131.360674 2 1 100000.000000
131.419524 2 1 1500.000000
131.427268 2 1 100000.000000
131.539845 2 3 1500.000000
131.698063 2 1 3000000.000000
132.057470 2 3 100000.000000
132.184596 2 1 3000.000000
132.350429 2 1 1500.000000
132.435141 2 3 1000000.000000
132.464089 2 2 100000.000000
132.597946 2 1 3000000.000000
132.769467 2 2 2000000.000000
133.272168 2 1 3000000.000000
133.296029 2 1 1500.000000
133.389182 2 0 3000.000000
133.445923 2 2 100000.000000
133.768301 2 2 1500.000000
134.055149 2 2 100000.000000
134.146832 2 3 200000.000000
134.220711 2 2 3000000.000000
134.479582 2 3 3000.000000
134.598979 2 0 1500.000000
134.883400 2 0 1500.000000
135.054782 2 2 1500.000000
135.300779 2 1 1000000.000000
135.320103 2 3 200000.000000
135.570469 2 2 200000.000000
135.719540 2 2 1500.000000
136.237791 2 2 100000.000000
136.262325 2 1 3000000.000000
136.403885 2 0 2000000.000000
137.438320 2 3 3000000.000000
137.476925 2 2 1500.000000
137.734777 2 1 1500.000000
138.032491 2 0 1500.000000
138.163055 2 2 1500.000000
138.418818 2 0 10000.000000
138.624452 2 3 3000.000000
138.954865 2 1 1500.000000
138.982191 2 3 10000.000000
139.135414 2 3 1500.000000
139.971131 2 0 1500.000000
139.971561 2 0 4000000.000000
139.994948 2 1 3000000.000000
140.200055 2 1 1500.000000
140.296713 2 1 100000.000000
140.339175 2 2 1500.000000
140.573458 2 3 2000000.000000
140.577528 2 2 1500.000000
140.667697 2 2 4000000.000000
140.727151 2 0 200000.000000
140.733252 2 1 3000000.000000
141.074475 2 0 1500.000000
141.656319 2 1 200000.000000
141.808990 2 3 10000.000000
141.972782 2 3 200000.000000
142.071590 2 3 1500.000000
142.375612 2 3 1500.000000
142.375662 2 2 100000.000000
142.414885 2 2 1000000.000000
142.433269 2 3 3000000.000000
142.492309 2 1 10000.000000
142.515323 2 3 2000000.000000
142.525224 2 1 1500.000000
142.704116 2 1 2000000.000000
142.896733 2 0 100000.000000
142.980839 2 1 1500.000000
143.089581 2 3 4000000.000000
143.107289 2 3 1500.000000
143.203490 2 2 1500.000000
143.237751 2 1 1500.000000
143.882776 2 0 200000.000000
143.969452 2 0 200000.000000
144.020174 2 0 3000000.000000
144.041883 2 0 1500.000000
144.215139 2 2 3000000.000000
144.346431 2 1 4000000.000000
144.540254 2 0 1500.000000
144.757337 2 3 200000.000000
145.187872 2 3 1500.000000
145.322462 2 1 1500.000000
145.343002 2 3 3000000.000000
145.368051 2 1 100000.000000
145.642506 2 3 1000000.000000
145.744627 2 2 3000000.000000
145.814904 2 2 3000.000000
145.815212 2 2 20000.000000
145.835432 2 1 2000000.000000
146.180135 2 2 20000.000000
146.364104 2 1 10000.000000
146.631011 2 0 1000000.000000
146.907935 2 1 1500.000000
147.124284 2 2 1500.000000
147.236901 2 2 3000000.000000
147.426335 2 2 1500.000000
147.729328 2 3 1500.000000
148.041571 2 1 200000.000000
148.631356 2 2 3000000.000000
148.819861 2 0 10000.000000
149.075391 2 3 4000000.000000
149.314893 2 3 200000.000000
149.449043 2 2 3000.000000
149.597571 2 0 3000000.000000
149.873060 2 1 3000000.000000
149.885248 2 1 1500.000000
0.071186 3 0 100000.000000
0.323636 3 2 1000000.000000
1.362324 3 2 2000000.000000
1.446181 3 2 200000.000000
1.555925 3 2 1000000.000000
1.612328 3 2 200000.000000
1.649736 3 0 3000000.000000
1.777567 3 3 200000.000000
1.897153 3 2 1500.000000
2.040039 3 1 10000.000000
2.812281 3 2 3000000.000000
2.942959 3 2 3000000.000000
3.424017 3 2 3000000.000000
3.471681 3 0 20000.000000
3.570037 3 0 1500.000000
3.655245 3 2 100000.000000
3.755752 3 2 4000000.000000
3.978581 3 1 1500.000000
4.066880 3 0 2000000.000000
4.136950 3 1 100000.000000
4.140453 3 0 1500.000000
4.187948 3 0 1500.000000
4.383900 3 3 100000.000000
4.455386 3 3 200000.000000
4.492206 3 3 3000000.000000
4.555095 3 2 200000.000000
4.963011 3 1 1500.000000
5.160540 3 2 1500.000000
5.198897 3 3 1500.000000
5.296726 3 3 2000000.000000
6.279246 3 3 3000000.000000
6.301306 3 0 1500.000000
6.458915 3 1 1000000.000000
6.525645 3 1 200000.000000
6.632335 3 1 100000.000000
6.748379 3 0 1500.000000
6.831846 3 3 3000.000000
7.173867 3 2 20000.000000
7.428285 3 1 1500.000000
7.563215 3 0 100000.000000
7.775863 3 2 1500.000000
7.824014 3 2 1500.000000
8.148782 3 3 2000000.000000
8.219103 3 2 1500.000000
8.241894 3 2 1500.000000
8.248490 3 3 200000.000000
8.408659 3 2 4000000.000000
8.413827 3 2 10000.000000
8.425293 3 1 3000000.000000
8.538036 3 1 2000000.000000
8.569925 3 2 200000.000000
8.609806 3 0 4000000.000000
8.886895 3 2 1000000.000000
8.912090 3 0 1500.000000
9.027489 3 0 1500.000000
9.378882 3 0 1500.000000
9.409245 3 2 3000000.000000
9.894431 3 1 200000.000000
10.182646 3 2 1500.000000
10.196127 3 1 3000000.000000
10.288146 3 1 3000.000000
10.324754 3 1 1500.000000
10.347809 3 3 100000.000000
10.593958 3 3 1500.000000
10.654891 3 2 200000.000000
10.810101 3 0 1000000.000000
11.086775 3 1 1500.000000
11.097876 3 2 4000000.000000
11.132049 3 3 200000.000000
11.166759 3 3 4000000.000000
11.491081 3 2 1500.000000
11.598394 3 1 4000000.000000
12.368921 3 1 3000.000000
12.459322 3 3 200000.000000
12.516000 3 1 100000.000000
12.587032 3 3 200000.000000
12.850097 3 0 1500.000000
13.489715 3 2 1500.000000
13.624079 3 3 20000.000000
13.662483 3 0 100000.000000
13.694573 3 1 100000.000000
13.739690 3 3 1500.000000
13.821154 3 1 1500.000000
13.942372 3 2 10000.000000
14.107517 3 0 1500.000000
14.137684 3 3 1500.000000
14.321591 3 1 1500.000000
14.341145 3 3 1500.000000
14.581393 3 2 3000000.000000
14.769119 3 2 1500.000000
14.806147 3 2 10000.000000
15.129630 3 2 1000000.000000
15.305784 3 2 4000000.000000
15.411497 3 2 200000.000000
15.670358 3 1 200000.000000
15.690014 3 0 200000.000000
15.805457 3 3 100000.000000
16.015686 3 0 1500.000000
16.164287 3 0 1500.000000
16.312933 3 0 3000.000000
16.870365 3 1 4000000.000000
17.314251 3 3 100000.000000
17.550192 3 3 1500.000000
17.793828 3 1 3000000.000000
17.820302 3 1 200000.000000
17.917444 3 0 4000000.000000
18.043749 3 2 1500.000000
18.473733 3 2 1500.000000
18.703525 3 2 1500.000000
18.754037 3 2 2000000.000000
18.772308 3 2 1500.000000
19.544510 3 1 100000.000000
19.839110 3 1 1500.000000
19.865153 3 1 1500.000000
19.954947 3 1 100000.000000
20.073239 3 2 10000.000000
20.169223 3 0 1500.000000
20.261292 3 0 1000000.000000
20.275587 3 0 1500.000000
20.492039 3 0 1500.000000
20.679393 3 2 3000000.000000
20.732261 3 0 1500.000000
20.880181 3 3 1000000.000000
20.899492 3 0 100000.000000
21.046218 3 2 1500.000000
21.184151 3 1 3000000.000000
21.228594 3 1 1500.000000
21.311676 3 2 1500.000000
21.366497 3 1 10000.000000
21.477012 3 1 1500.000000
22.350983 3 1 1500.000000
22.735882 3 0 1500.000000
22.983344 3 1 1500.000000
23.100629 3 1 3000.000000
23.143947 3 2 3000000.000000
23.292068 3 2 3000.000000
23.379201 3 3 100000.000000
23.608402 3 0 1500.000000
23.610917 3 1 1500.000000
23.700866 3 0 1500.000000
23.865414 3 0 100000.000000
23.983023 3 0 4000000.000000
23.988579 3 1 1500.000000
24.061676 3 0 1500.000000
24.079180 3 3 200000.000000
24.157814 3 0 100000.000000
24.309095 3 1 1500.000000
24.321564 3 2 1500.000000
24.753706 3 0 3000000.000000
24.781765 3 3 1500.000000
25.202764 3 2 10000.000000
25.298325 3 3 1500.000000
25.414588 3 3 1500.000000
25.614847 3 3 10000.000000
26.094193 3 1 2000000.000000
26.328718 3 0 3000.000000
26.473348 3 2 1500.000000
26.592781 3 2 2000000.000000
26.838760 3 3 100000.000000
26.940584 3 1 1500.000000
26.971559 3 0 4000000.000000
27.350853 3 3 10000.000000
27.664874 3 1 1500.000000
27.746922 3 3 1500.000000
27.818630 3 1 3000000.000000
27.872745 3 0 1500.000000
28.097475 3 3 4000000.000000
28.121889 3 0 4000000.000000
28.489319 3 0 20000.000000
28.650587 3 3 1500.000000
28.778843 3 0 1000000.000000
28.991512 3 2 1500.000000
29.032660 3 0 10000.000000
29.920990 3 1 2000000.000000
30.818568 3 3 1500.000000
30.859213 3 2 1500.000000
30.929967 3 3 4000000.000000
31.046450 3 1 20000.000000
31.189400 3 2 200000.000000
31.191037 3 1 200000.000000
31.217658 3 3 1500.000000
31.532017 3 3 4000000.000000
31.573139 3 2 2000000.000000
31.614879 3 2 20000.000000
31.670074 3 0 1500.000000
31.695822 3 3 1500.000000
31.769351 3 1 1000000.000000
31.784693 3 2 1500.000000
32.002788 3 1 1500.000000
32.485630 3 0 1000000.000000
32.578830 3 1 1500.000000
32.654084 3 1 1000000.000000
32.878170 3 3 100000.000000
33.093984 3 0 20000.000000
33.169356 3 3 1500.000000
33.259229 3 2 1000000.000000
33.278441 3 3 200000.000000
33.643600 3 2 4000000.000000
34.497989 3 1 1500.000000
34.610902 3 3 1500.000000
35.069408 3 1 200000.000000
35.590758 3 1 1500.000000
35.595294 3 3 100000.000000
36.120252 3 3 200000.000000
36.263060 3 2 3000000.000000
36.429572 3 2 1500.000000
36.499542 3 2 3000000.000000
36.519988 3 3 100000.000000
36.582502 3 1 1000000.000000
36.953115 3 0 1500.000000
36.955698 3 1 1000000.000000
37.129871 3 0 1500.000000
37.402959 3 3 1500.000000
37.673857 3 2 3000000.000000
38.073717 3 2 10000.000000
38.161998 3 2 1500.000000
38.470880 3 0 100000.000000
38.569972 3 2 4000000.000000
38.957145 3 3 3000000.000000
39.045163 3 0 10000.000000
39.312982 3 1 20000.000000
39.560835 3 1 4000000.000000
39.611042 3 1 1500.000000
39.632348 3 2 1000000.000000
39.659014 3 0 100000.000000
39.835243 3 0 10000.000000
39.897341 3 0 1500.000000
40.082077 3 2 1500.000000
40.122698 3 2 100000.000000
40.330294 3 0 10000.000000
40.349632 3 1 1500.000000
40.677043 3 3 200000.000000
40.705971 3 3 1500.000000
41.298257 3 1 4000000.000000
41.306129 3 3 1500.000000
41.492555 3 0 10000.000000
41.672814 3 0 200000.000000
42.487619 3 0 200000.000000
42.557808 3 3 4000000.000000
42.816434 3 0 1500.000000
43.331723 3 0 1500.000000
43.388947 3 1 3000.000000
43.783782 3 0 1000000.000000
43.887771 3 0 10000.000000
43.890502 3 3 1000000.000000
43.991250 3 2 1500.000000
44.054811 3 3 1500.000000
44.068397 3 2 3000000.000000
44.341657 3 3 100000.000000
44.382472 3 1 200000.000000
44.650440 3 0 1000000.000000
44.825733 3 3 100000.000000
44.976328 3 3 1500.000000
45.181939 3 2 1000000.000000
45.222379 3 2 100000.000000
45.234130 3 2 1500.000000
45.290107 3 3 1500.000000
45.348753 3 3 4000000.000000
45.582112 3 2 100000.000000
45.629420 3 2 200000.000000
45.682253 3 3 3000000.000000
45.689240 3 1 1500.000000
46.039236 3 2 3000000.000000
46.062436 3 1 100000.000000
46.194227 3 2 1500.000000
46.217185 3 0 200000.000000
46.299947 3 0 1500.000000
46.303957 3 3 3000000.000000
46.487462 3 3 3000000.000000
46.735112 3 2 3000000.000000
46.838649 3 0 1500.000000
47.001270 3 3 3000.000000
47.222435 3 3 1500.000000
47.631097 3 2 3000000.000000
47.648116 3 1 3000.000000
47.991510 3 2 200000.000000
48.003283 3 1 20000.000000
48.203483 3 0 1500.000000
48.579851 3 3 1500.000000
48.695271 3 1 1500.000000
49.068103 3 0 200000.000000
49.266313 3 0 3000.000000
49.285857 3 1 100000.000000
49.376241 3 3 3000.000000
49.593108 3 1 1500.000000
49.901118 3 1 4000000.000000
49.981319 3 1 200000.000000
50.057809 3 0 1500.000000
50.592713 3 3 1000000.000000
50.652515 3 1 3000000.000000
51.149269 3 3 1500.000000
51.225024 3 2 3000000.000000
51.276736 3 3 4000000.000000
51.286514 3 0 4000000.000000
51.365408 3 3 200000.000000
51.525915 3 3 1500.000000
51.548918 3 3 10000.000000
51.886757 3 3 1500.000000
52.431808 3 0 1000000.000000
53.125106 3 1 4000000.000000
53.174710 3 0 3000000.000000
53.191624 3 3 4000000.000000
53.328216 3 0 1500.000000
53.406214 3 2 100000.000000
53.554497 3 2 3000.000000
53.582258 3 0 200000.000000
53.654083 3 3 10000.000000
53.901482 3 2 200000.000000
53.951872 3 0 1000000.000000
54.877204 3 0 100000.000000
54.928684 3 0 1500.000000
55.352916 3 3 100000.000000
55.782423 3 0 1500.000000
56.153825 3 0 1500.000000
56.559115 3 2 10000.000000
56.832991 3 1 200000.000000
56.927443 3 1 20000.000000
57.033076 3 0 3000000.000000
57.070599 3 0 4000000.000000
57.115617 3 0 200000.000000
57.188557 3 3 10000.000000
57.513322 3 0 1500.000000
57.753188 3 3 1500.000000
57.826999 3 1 1000000.000000
57.845525 3 1 100000.000000
57.983129 3 0 10000.000000
58.093357 3 1 1500.000000
58.378370 3 1 10000.000000
58.513945 3 2 3000000.000000
58.883341 3 1 1500.000000
58.933507 3 3 1500.000000
59.081506 3 3 200000.000000
59.093690 3 3 1500.000000
59.206231 3 1 10000.000000
59.366936 3 2 100000.000000
59.435270 3 2 100000.000000
59.858519 3 3 20000.000000
59.876251 3 0 3000.000000
60.272055 3 1 4000000.000000
60.408505 3 2 20000.000000
60.646225 3 2 100000.000000
60.766845 3 0 1500.000000
60.778537 3 2 1500.000000
60.844210 3 1 200000.000000
61.125881 3 3 4000000.000000
61.161431 3 1 1000000.000000
61.449310 3 2 10000.000000
61.779928 3 3 3000.000000
61.808876 3 3 20000.000000
61.875804 3 1 1500.000000
61.943566 3 2 4000000.000000
62.070849 3 3 1500.000000
62.197654 3 1 100000.000000
62.866638 3 0 3000000.000000
63.157066 3 0 200000.000000
63.349685 3 2 100000.000000
63.624441 3 1 1000000.000000
63.887950 3 3 3000000.000000
63.944898 3 0 1500.000000
63.958691 3 3 1500.000000
64.237229 3 3 1500.000000
64.264697 3 1 1500.000000
64.295428 3 0 20000.000000
64.303201 3 3 1500.000000
64.490751 3 1 4000000.000000
64.505397 3 2 1500.000000
64.961364 3 3 200000.000000
65.209951 3 1 20000.000000
65.329144 3 1 1500.000000
65.455752 3 3 1500.000000
65.734766 3 3 1500.000000
65.969704 3 0 3000000.000000
66.244607 3 0 200000.000000
66.344319 3 3 3000000.000000
66.472803 3 0 1500.000000
66.520311 3 3 3000000.000000
66.607524 3 3 200000.000000
66.650981 3 1 4000000.000000
66.753224 3 1 1500.000000
66.799865 3 0 1500.000000
66.887062 3 0 1500.000000
67.151451 3 1 1500.000000
67.223831 3 3 3000000.000000
67.512074 3 3 1500.000000
67.746161 3 3 100000.000000
67.891790 3 2 200000.000000
67.923698 3 0 100000.000000
67.990771 3 3 1000000.000000
68.165421 3 2 1500.000000
68.205437 3 0 20000.000000
68.312100 3 2 1000000.000000
68.352794 3 1 10000.000000
68.601846 3 0 4000000.000000
68.846489 3 1 1500.000000
68.873416 3 2 10000.000000
68.882145 3 3 3000000.000000
69.011836 3 3 100000.000000
69.482426 3 1 3000000.000000
70.003488 3 3 1500.000000
70.145369 3 3 3000000.000000
70.583820 3 0 200000.000000
70.590557 3 1 3000.000000
70.666013 3 0 200000.000000
70.690984 3 1 1500.000000
70.707720 3 0 1500.000000
70.863513 3 0 1500.000000
70.902553 3 1 10000.000000
71.285584 3 3 100000.000000
71.523486 3 0 1500.000000
71.602808 3 2 20000.000000
71.650158 3 2 1500.000000
72.068742 3 1 1500.000000
72.404421 3 1 1500.000000
72.927084 3 1 100000.000000
73.021381 3 3 1500.000000
73.072145 3 3 200000.000000
73.337486 3 2 100000.000000
73.687787 3 0 1000000.000000
73.823062 3 1 1000000.000000
74.006743 3 0 1000000.000000
74.321292 3 2 3000000.000000
74.332306 3 3 1500.000000
74.367351 3 1 1500.000000
74.605058 3 0 200000.000000
74.700533 3 0 3000000.000000
74.836284 3 0 3000000.000000
74.851624 3 3 1500.000000
74.967933 3 0 4000000.000000
75.134197 3 3 1500.000000
75.378807 3 1 3000000.000000
75.455005 3 2 4000000.000000
75.830433 3 2 1500.000000
75.881356 3 1 100000.000000
75.892174 3 2 1500.000000
76.094367 3 3 200000.000000
76.182779 3 0 3000000.000000
76.253102 3 2 4000000.000000
76.307185 3 1 3000.000000
76.330565 3 2 200000.000000
77.235359 3 1 10000.000000
77.238586 3 0 1000000.000000
77.423880 3 1 2000000.000000
77.502866 3 2 1500.000000
77.704034 3 1 1500.000000
78.502935 3 3 200000.000000
78.619020 3 0 100000.000000
78.705006 3 3 1500.000000
78.802179 3 1 100000.000000
78.862864 3 1 4000000.000000
79.184611 3 2 1500.000000
79.198106 3 1 1500.000000
79.651649 3 3 1500.000000
79.871276 3 2 3000000.000000
79.957122 3 2 1500.000000
80.102729 3 2 2000000.000000
80.370156 3 3 4000000.000000
80.380091 3 0 20000.000000
81.470469 3 3 3000000.000000
81.724756 3 1 100000.000000
82.168533 3 0 1500.000000
82.280857 3 2 1500.000000
82.399597 3 1 3000.000000
82.942774 3 3 1500.000000
82.962018 3 1 200000.000000
83.028476 3 1 2000000.000000
83.259205 3 2 10000.000000
83.271893 3 2 200000.000000
83.428827 3 1 1500.000000
83.614112 3 1 20000.000000
83.639943 3 1 1500.000000
83.836732 3 3 1500.000000
83.874846 3 3 3000.000000
84.188514 3 0 3000000.000000
84.227521 3 2 3000000.000000
84.324338 3 2 10000.000000
84.340576 3 2 100000.000000
84.518939 3 3 1500.000000
84.795475 3 2 1500.000000
84.847569 3 2 4000000.000000
85.123861 3 3 100000.000000
85.406037 3 3 4000000.000000
85.461810 3 2 3000.000000
85.538226 3 2 1500.000000
85.682164 3 2 1500.000000
85.714824 3 3 1500.000000
85.817511 3 0 100000.000000
85.821866 3 3 1000000.000000
86.396086 3 3 100000.000000
86.627074 3 1 1500.000000
86.775152 3 1 4000000.000000
86.943809 3 0 4000000.000000
87.477666 3 3 2000000.000000
87.485322 3 2 100000.000000
87.512613 3 1 1500.000000
88.058974 3 1 1500.000000
88.219249 3 0 3000000.000000
88.394789 3 2 3000.000000
88.492325 3 2 1500.000000
88.836884 3 1 3000000.000000
89.110564 3 1 3000.000000
89.120468 3 0 1500.000000
89.439968 3 0 3000000.000000
89.545680 3 0 2000000.000000
89.732608 3 3 3000000.000000
89.802710 3 0 3000.000000
89.988635 3 0 1500.000000
90.016704 3 3 1500.000000
90.036761 3 3 3000000.000000
90.616831 3 1 3000000.000000
91.093337 3 2 3000.000000
91.198865 3 2 100000.000000
91.316357 3 2 200000.000000
91.616133 3 0 100000.000000
91.731670 3 1 200000.000000
91.758532 3 2 1000000.000000
91.813688 3 3 3000000.000000
91.870318 3 3 3000.000000
91.896914 3 2 1500.000000
92.097080 3 2 200000.000000
92.197746 3 0 1500.000000
92.325529 3 2 1500.000000
92.618179 3 3 4000000.000000
92.749637 3 0 200000.000000
93.074146 3 0 1500.000000
93.109681 3 3 100000.000000
93.210512 3 3 100000.000000
93.373038 3 1 10000.000000
93.522281 3 2 200000.000000
93.573070 3 2 1500.000000
93.588690 3 3 4000000.000000
93.770786 3 2 1000000.000000
93.952065 3 3 1000000.000000
93.955366 3 1 1500.000000
93.968169 3 1 1500.000000
94.080774 3 3 3000000.000000
94.401003 3 2 4000000.000000
94.631984 3 2 3000000.000000
94.633463 3 0 4000000.000000
94.794240 3 3 1500.000000
95.154863 3 3 100000.000000
95.270961 3 2 10000.000000
95.316705 3 0 4000000.000000
96.470488 3 3 3000000.000000
96.476821 3 1 4000000.000000
96.523356 3 2 3000.000000
96.733004 3 2 3000000.000000
96.865339 3 3 1500.000000
96.964220 3 1 1500.000000
97.046489 3 3 1500.000000
97.230437 3 0 200000.000000
97.232445 3 0 1500.000000
97.383161 3 0 3000000.000000
97.488216 3 3 100000.000000
97.566062 3 0 1500.000000
97.683328 3 0 200000.000000
97.844641 3 1 1500.000000
97.907480 3 1 3000.000000
97.945275 3 2 1500.000000
97.957459 3 0 1500.000000
98.053247 3 2 200000.000000
98.132483 3 0 10000.000000
98.525196 3 2 3000000.000000
98.581564 3 2 1000000.000000
98.607020 3 3 4000000.000000
98.718988 3 2 1500.000000
98.870106 3 0 1000000.000000
99.045441 3 1 1500.000000
99.273850 3 0 100000.000000
99.286484 3 1 100000.000000
99.727351 3 3 100000.000000
99.944648 3 3 20000.000000
99.944697 3 0 3000000.000000
100.041263 3 2 4000000.000000
100.422120 3 1 1500.000000
100.426445 3 2 100000.000000
100.660531 3 1 4000000.000000
100.693873 3 0 4000000.000000
100.736719 3 1 100000.000000
100.849895 3 0 4000000.000000
100.951954 3 0 1500.000000
101.044353 3 0 200000.000000
101.379256 3 1 1500.000000
101.450785 3 1 10000.000000
101.813800 3 2 1500.000000
101.975562 3 2 100000.000000
102.041379 3 3 1500.000000
102.315723 3 2 20000.000000
102.329938 3 2 3000.000000
103.035547 3 3 1500.000000
103.068829 3 3 1500.000000
103.116052 3 2 1500.000000
103.505134 3 0 200000.000000
103.683357 3 1 100000.000000
104.420602 3 2 4000000.000000
104.426674 3 2 1500.000000
104.916544 3 3 1000000.000000
105.144833 3 3 2000000.000000
105.194687 3 1 3000.000000
105.603952 3 2 1500.000000
105.643552 3 2 1500.000000
105.678967 3 1 1500.000000
105.703042 3 1 1500.000000
105.734117 3 1 1000000.000000
106.096914 3 3 200000.000000
106.270987 3 2 1500.000000
106.442189 3 2 1500.000000
106.699759 3 0 1500.000000
106.706773 3 0 3000.000000
106.987150 3 3 10000.000000
107.315078 3 2 1500.000000
107.333537 3 0 3000000.000000
107.553182 3 1 1500.000000
107.583408 3 2 1500.000000
107.639501 3 3 4000000.000000
107.656812 3 1 1500.000000
108.113909 3 0 3000000.000000
108.334528 3 3 1500.000000
108.486758 3 1 200000.000000
108.681076 3 1 10000.000000
108.682395 3 1 3000000.000000
108.826002 3 0 3000000.000000
108.896562 3 0 1000000.000000
109.119849 3 1 200000.000000
109.224551 3 1 200000.000000
109.345997 3 2 20000.000000
109.348384 3 2 1500.000000
109.484983 3 0 2000000.000000
109.589236 3 2 4000000.000000
109.808235 3 1 200000.000000
110.077329 3 2 1000000.000000
110.206589 3 3 200000.000000
110.547301 3 1 1500.000000
110.575544 3 0 1500.000000
110.710392 3 3 3000000.000000
110.860165 3 0 4000000.000000
110.937547 3 0 3000.000000
110.959912 3 3 1000000.000000
111.061444 3 0 1500.000000
111.593894 3 1 3000000.000000
111.641694 3 0 20000.000000
111.767363 3 0 3000.000000
111.829863 3 3 1500.000000
111.839761 3 2 3000.000000
111.874333 3 3 3000.000000
111.896743 3 3 100000.000000
112.023933 3 3 4000000.000000
112.299523 3 0 1000000.000000
112.320286 3 1 100000.000000
112.634951 3 3 3000.000000
112.701434 3 1 1500.000000
112.782826 3 0 1500.000000
112.785393 3 3 200000.000000
112.858525 3 2 3000.000000
112.924850 3 3 3000.000000
113.201650 3 0 4000000.000000
113.260279 3 0 1500.000000
113.304807 3 3 1500.000000
113.654056 3 1 1500.000000
113.654830 3 0 1000000.000000
113.677836 3 1 1500.000000
113.745922 3 1 100000.000000
113.761936 3 3 10000.000000
114.012145 3 1 1500.000000
114.211539 3 1 3000000.000000
114.304486 3 1 4000000.000000
114.668766 3 0 1500.000000
114.780270 3 0 3000.000000
115.116860 3 1 1000000.000000
115.617835 3 3 10000.000000
115.717655 3 2 100000.000000
116.208184 3 0 100000.000000
116.239310 3 0 1500.000000
116.572561 3 1 200000.000000
117.044641 3 1 3000000.000000
117.045685 3 1 1000000.000000
117.050980 3 2 1000000.000000
117.287529 3 3 1500.000000
117.350524 3 0 1500.000000
117.382070 3 1 1000000.000000
117.532385 3 0 1500.000000
117.786364 3 0 200000.000000
117.812467 3 0 4000000.000000
117.994927 3 0 3000000.000000
118.106630 3 2 3000000.000000
118.382489 3 1 3000.000000
118.613515 3 2 1500.000000
118.617335 3 3 4000000.000000
119.052935 3 1 1500.000000
119.062243 3 3 3000000.000000
119.648259 3 3 1500.000000
119.901251 3 1 1500.000000
120.069974 3 3 1500.000000
120.178696 3 2 100000.000000
120.232285 3 0 3000000.000000
120.249457 3 0 200000.000000
120.290845 3 2 100000.000000
120.331050 3 1 3000000.000000
120.543227 3 0 3000.000000
120.605664 3 3 1500.000000
120.737940 3 0 200000.000000
121.201336 3 0 200000.000000
121.393371 3 2 1500.000000
121.546656 3 1 4000000.000000
121.567306 3 0 1000000.000000
121.567444 3 2 1500.000000
121.691313 3 1 100000.000000
122.025365 3 0 1000000.000000
122.091088 3 3 4000000.000000
122.130601 3 3 3000000.000000
122.161055 3 2 100000.000000
122.194303 3 0 3000000.000000
122.281259 3 0 3000000.000000
122.429228 3 2 1500.000000
122.541696 3 2 100000.000000
122.668810 3 3 10000.000000
122.712093 3 1 20000.000000
122.927983 3 0 200000.000000
123.204443 3 3 1500.000000
123.521954 3 0 1500.000000
123.844755 3 2 20000.000000
123.942023 3 3 3000.000000
124.049176 3 2 1500.000000
124.107438 3 3 1500.000000
124.184052 3 2 10000.000000
124.841465 3 1 1500.000000
124.881314 3 1 1500.000000
125.077597 3 0 200000.000000
125.115007 3 2 1500.000000
125.130333 3 2 1500.000000
125.674577 3 3 1500.000000
125.712143 3 2 20000.000000
125.714755 3 1 1500.000000
125.789033 3 0 1500.000000
126.223517 3 0 1500.000000
126.499826 3 3 1500.000000
126.519620 3 3 10000.000000
127.184025 3 1 3000.000000
127.470265 3 2 1500.000000
127.592108 3 2 3000000.000000
128.087911 3 2 1500.000000
128.183907 3 0 4000000.000000
128.466987 3 0 3000000.000000
128.549520 3 1 1500.000000
128.654192 3 2 20000.000000
128.731673 3 2 1500.000000
128.752285 3 0 100000.000000
128.979361 3 1 1500.000000
129.414724 3 3 10000.000000
129.431807 3 1 1000000.000000
129.648510 3 2 1500.000000
129.923211 3 1 10000.000000
130.068377 3 3 200000.000000
130.071926 3 2 1500.000000
130.267458 3 2 20000.000000
130.448622 3 1 1500.000000
130.503237 3 0 10000.000000
130.544508 3 3 1500.000000
131.236709 3 1 4000000.000000
131.350158 3 3 3000000.000000
131.702728 3 3 1500.000000
131.948234 3 0 100000.000000
131.998954 3 2 10000.000000
132.395605 3 1 1500.000000
132.458274 3 0 100000.000000
132.678256 3 0 100000.000000
132.707656 3 0 1500.000000
132.736810 3 0 20000.000000
132.745106 3 3 3000000.000000
133.145060 3 1 1500.000000
133.222306 3 3 1500.000000
133.531011 3 1 1500.000000
133.573582 3 0 200000.000000
133.709819 3 1 4000000.000000
133.962752 3 1 1500.000000
134.028235 3 1 20000.000000
134.081858 3 2 4000000.000000
134.092455 3 1 1000000.000000
134.200131 3 3 1500.000000
134.228698 3 2 1500.000000
134.358772 3 1 1500.000000
134.508664 3 2 1500.000000
134.567056 3 0 3000000.000000
135.114965 3 1 1000000.000000
135.279011 3 0 1500.000000
135.593038 3 1 1500.000000
135.603090 3 0 1000000.000000
135.725873 3 0 1500.000000
135.913384 3 0 10000.000000
135.916323 3 2 3000000.000000
135.930072 3 1 2000000.000000
135.991412 3 2 100000.000000
136.018918 3 0 100000.000000
136.178380 3 1 100000.000000
136.184060 3 2 200000.000000
136.293597 3 3 1500.000000
136.332513 3 2 1500.000000
136.525427 3 1 1500.000000
136.687568 3 3 10000.000000
136.811958 3 3 1500.000000
136.829315 3 0 3000000.000000
136.924653 3 0 1500.000000
137.227740 3 3 1500.000000
137.420573 3 1 10000.000000
137.480021 3 1 1000000.000000
138.069739 3 1 100000.000000
138.467628 3 2 1000000.000000
138.588759 3 2 1500.000000
138.709632 3 3 1500.000000
139.147670 3 2 3000000.000000
139.152944 3 3 1500.000000
139.319500 3 0 4000000.000000
139.379927 3 3 4000000.000000
139.532569 3 0 1500.000000
140.005364 3 3 3000000.000000
140.107960 3 3 1500.000000
140.386589 3 0 1500.000000
140.642649 3 0 1500.000000
140.779108 3 3 1500.000000
140.831075 3 3 1500.000000
140.968907 3 0 1500.000000
141.911254 3 2 1500.000000
141.961971 3 3 4000000.000000
142.122129 3 0 200000.000000
142.257628 3 0 10000.000000
142.267211 3 3 1500.000000
142.353186 3 1 1500.000000
142.658527 3 1 1500.000000
142.974322 3 1 1500.000000
143.574501 3 3 1500.000000
143.581747 3 1 10000.000000
143.785205 3 0 1500.000000
143.887561 3 1 1500.000000
143.903379 3 0 1500.000000
144.161914 3 1 3000000.000000
144.436759 3 0 3000.000000
144.852768 3 3 10000.000000
145.422943 3 3 20000.000000
145.503850 3 0 1000000.000000
145.583197 3 1 200000.000000
146.034338 3 3 3000000.000000
146.295386 3 0 3000000.000000
146.388167 3 1 3000000.000000
146.523868 3 0 200000.000000
146.642133 3 2 3000000.000000
146.648235 3 3 100000.000000
146.761067 3 2 4000000.000000
146.838221 3 0 1500.000000
146.876651 3 0 3000000.000000
147.177005 3 0 200000.000000
147.264146 3 0 4000000.000000
147.285958 3 3 1000000.000000
147.291957 3 0 1500.000000
147.763985 3 3 1500.000000
147.936586 3 3 4000000.000000
147.964937 3 0 1500.000000
147.980883 3 1 1500.000000
148.121426 3 2 1500.000000
148.354753 3 1 20000.000000
148.373960 3 1 4000000.000000
148.640066 3 2 200000.000000
148.794804 3 3 200000.000000
149.296802 3 0 1000000.000000
149.521682 3 1 1500.000000
149.544208 3 1 1000000.000000
149.571852 3 3 1000000.000000
149.589955 3 2 1500.000000
149.944330 3 1 100000.000000
