0.483618 0 2 100000.000000
0.526834 0 1 1000000.000000
0.603043 0 3 200000.000000
0.746145 0 0 3000.000000
0.840995 0 1 20000.000000
0.875022 0 0 10000.000000
0.898262 0 3 100000.000000
2.605778 0 3 1000000.000000
2.655346 0 2 3000.000000
2.738164 0 2 1500.000000
2.917001 0 1 1000000.000000
3.143548 0 2 1500.000000
3.409454 0 3 20000.000000
3.809321 0 0 2000000.000000
3.861930 0 2 100000.000000
3.950338 0 1 1500.000000
4.016723 0 1 1500.000000
4.319176 0 3 200000.000000
4.481485 0 3 3000.000000
4.685423 0 0 1000000.000000
4.801328 0 3 100000.000000
4.842872 0 2 4000000.000000
4.889282 0 0 3000000.000000
5.040301 0 2 20000.000000
5.176126 0 2 3000.000000
5.396340 0 3 1500.000000
5.935378 0 0 1500.000000
5.954434 0 1 3000.000000
6.180704 0 2 200000.000000
6.315103 0 3 200000.000000
6.791054 0 0 3000000.000000
7.001823 0 0 4000000.000000
7.051064 0 3 4000000.000000
7.202950 0 2 1500.000000
7.212183 0 2 1500.000000
7.568109 0 3 1500.000000
8.061568 0 2 1500.000000
8.449777 0 3 1500.000000
9.309894 0 2 4000000.000000
9.573397 0 1 10000.000000
9.628770 0 3 200000.000000
9.983963 0 3 10000.000000
10.288357 0 1 4000000.000000
10.308178 0 3 1500.000000
10.427893 0 2 100000.000000
10.488974 0 0 10000.000000
10.551545 0 2 200000.000000
10.948579 0 1 3000000.000000
11.278538 0 0 4000000.000000
11.347530 0 0 3000000.000000
11.413077 0 2 1500.000000
12.615208 0 0 3000.000000
12.828114 0 0 2000000.000000
12.938435 0 3 4000000.000000
13.012528 0 2 1500.000000
13.239635 0 3 1500.000000
13.491982 0 1 100000.000000
13.659727 0 0 10000.000000
13.722468 0 0 3000000.000000
13.741025 0 3 1500.000000
13.894873 0 1 200000.000000
14.031197 0 1 3000.000000
14.350460 0 0 20000.000000
14.488322 0 2 3000000.000000
14.562957 0 2 3000000.000000
14.772565 0 0 1500.000000
15.161132 0 2 1500.000000
15.458839 0 0 10000.000000
15.737975 0 0 1500.000000
15.738592 0 1 10000.000000
15.841027 0 1 3000.000000
15.972581 0 3 20000.000000
16.325828 0 0 100000.000000
16.381577 0 1 4000000.000000
16.464921 0 3 200000.000000
16.624463 0 2 3000000.000000
16.862558 0 0 1000000.000000
17.424709 0 1 1500.000000
17.466466 0 2 100000.000000
17.612471 0 1 1500.000000
18.236311 0 1 1500.000000
18.371154 0 0 4000000.000000
18.596518 0 2 20000.000000
18.773522 0 2 1500.000000
19.312665 0 1 1500.000000
19.351582 0 1 100000.000000
19.376862 0 0 1000000.000000
19.534383 0 0 200000.000000
19.818539 0 0 100000.000000
19.970542 0 0 1000000.000000
20.183611 0 2 1500.000000
20.212014 0 1 100000.000000
20.449838 0 3 4000000.000000
20.693720 0 3 1500.000000
20.776077 0 1 2000000.000000
20.849084 0 2 3000.000000
20.890968 0 2 4000000.000000
21.140546 0 2 1500.000000
21.241027 0 3 1500.000000
21.372975 0 2 200000.000000
21.455612 0 3 1500.000000
21.691409 0 2 4000000.000000
21.757091 0 0 3000000.000000
21.813549 0 0 1500.000000
21.992390 0 1 1000000.000000
23.079667 0 0 100000.000000
23.405047 0 0 200000.000000
23.424151 0 2 100000.000000
24.142832 0 3 20000.000000
24.454031 0 0 100000.000000
24.520039 0 1 1500.000000
24.596821 0 3 3000.000000
24.655204 0 1 3000.000000
24.676931 0 3 1500.000000
24.892339 0 1 1500.000000
24.997465 0 1 3000000.000000
25.061946 0 1 1500.000000
25.242080 0 0 1500.000000
25.264226 0 2 4000000.000000
25.482903 0 2 4000000.000000
25.573675 0 2 1500.000000
25.574156 0 3 1500.000000
25.628317 0 0 1500.000000
26.304900 0 1 200000.000000
26.368735 0 2 200000.000000
26.436511 0 0 100000.000000
26.777737 0 0 1500.000000
27.013680 0 3 3000000.000000
27.194754 0 0 100000.000000
27.254868 0 1 1000000.000000
27.549223 0 0 1500.000000
27.590400 0 1 3000.000000
27.689730 0 2 4000000.000000
27.892310 0 3 1500.000000
28.003797 0 3 3000000.000000
28.025690 0 0 200000.000000
28.376539 0 0 1000000.000000
28.751702 0 3 1500.000000
28.753002 0 0 1500.000000
28.807093 0 3 1500.000000
28.852987 0 1 200000.000000
28.855175 0 1 10000.000000
29.348385 0 2 1500.000000
29.350231 0 2 10000.000000
29.995204 0 3 3000.000000
30.085618 0 3 4000000.000000
30.121698 0 2 3000.000000
30.329294 0 1 1500.000000
30.783774 0 3 10000.000000
30.820804 0 1 3000000.000000
31.121622 0 2 200000.000000
31.953692 0 3 1500.000000
32.256212 0 0 10000.000000
32.310655 0 2 10000.000000
32.330767 0 2 1000000.000000
32.410103 0 2 200000.000000
32.565495 0 1 100000.000000
32.675605 0 1 1000000.000000
32.854984 0 0 10000.000000
32.920739 0 2 1000000.000000
33.708700 0 3 3000000.000000
33.941312 0 2 1500.000000
34.210370 0 3 1500.000000
34.405046 0 2 200000.000000
34.410748 0 1 2000000.000000
34.854636 0 0 1500.000000
35.313233 0 0 20000.000000
35.333151 0 2 3000.000000
35.382976 0 1 1500.000000
35.666903 0 0 1500.000000
35.893688 0 2 100000.000000
36.505051 0 2 4000000.000000
37.093118 0 2 20000.000000
37.105473 0 0 20000.000000
37.548370 0 3 4000000.000000
37.563722 0 1 1500.000000
37.892702 0 0 10000.000000
38.094333 0 0 1500.000000
38.577470 0 3 1500.000000
38.579897 0 1 100000.000000
38.929971 0 2 3000000.000000
39.267363 0 0 200000.000000
39.638405 0 0 1000000.000000
39.779087 0 3 1500.000000
39.796448 0 2 3000.000000
40.098624 0 0 100000.000000
40.102074 0 2 1000000.000000
40.239909 0 1 1500.000000
40.272161 0 2 1000000.000000
40.306885 0 2 200000.000000
40.357243 0 3 3000.000000
40.627906 0 0 1500.000000
40.938796 0 3 4000000.000000
41.062033 0 3 3000000.000000
41.069877 0 3 100000.000000
41.157342 0 3 10000.000000
41.272213 0 2 1500.000000
41.358856 0 1 1500.000000
41.508614 0 1 200000.000000
41.995577 0 0 1500.000000
42.362182 0 0 1000000.000000
42.654392 0 0 100000.000000
42.664392 0 0 100000.000000
42.833883 0 3 200000.000000
43.385820 0 2 4000000.000000
43.443264 0 0 1500.000000
43.539518 0 1 2000000.000000
43.564337 0 2 200000.000000
43.863214 0 0 1000000.000000
44.031642 0 3 100000.000000
44.658741 0 2 20000.000000
45.322097 0 2 1500.000000
45.505548 0 1 1500.000000
45.571124 0 0 3000000.000000
45.647520 0 3 1000000.000000
46.151078 0 1 3000000.000000
46.427463 0 1 10000.000000
46.816658 0 3 1500.000000
46.923959 0 3 200000.000000
47.728481 0 0 3000.000000
47.801443 0 0 1500.000000
48.160792 0 0 20000.000000
48.213515 0 0 4000000.000000
48.732095 0 2 1500.000000
48.732990 0 3 1000000.000000
48.858590 0 0 100000.000000
49.036302 0 3 200000.000000
49.066908 0 3 100000.000000
49.111085 0 1 100000.000000
49.207391 0 2 200000.000000
49.245894 0 3 1500.000000
49.305098 0 1 3000.000000
49.316889 0 2 4000000.000000
49.540890 0 2 3000000.000000
49.660263 0 2 200000.000000
49.804834 0 3 2000000.000000
50.179768 0 2 200000.000000
50.520404 0 1 1500.000000
50.606256 0 1 4000000.000000
50.791694 0 3 10000.000000
50.836618 0 1 1500.000000
51.243841 0 3 100000.000000
51.366129 0 2 1000000.000000
51.549652 0 1 200000.000000
51.609999 0 1 100000.000000
52.329676 0 0 200000.000000
52.370449 0 3 1000000.000000
52.416737 0 1 200000.000000
52.434419 0 1 4000000.000000
52.442012 0 3 2000000.000000
52.498837 0 2 1500.000000
52.501151 0 3 3000.000000
52.645821 0 2 3000000.000000
53.229520 0 3 20000.000000
53.488534 0 3 4000000.000000
53.627655 0 0 1500.000000
53.726473 0 2 3000000.000000
54.020853 0 1 3000000.000000
54.116121 0 1 3000000.000000
54.214345 0 3 4000000.000000
54.750191 0 1 1500.000000
54.945038 0 3 1500.000000
55.258768 0 1 1000000.000000
55.309863 0 2 1500.000000
55.568201 0 0 10000.000000
55.773073 0 3 3000000.000000
55.970152 0 0 100000.000000
56.059935 0 0 10000.000000
56.380634 0 2 3000000.000000
56.765205 0 1 1500.000000
56.830794 0 2 3000000.000000
57.470325 0 2 1500.000000
57.687375 0 1 2000000.000000
57.727611 0 0 1500.000000
58.259086 0 1 1500.000000
58.433281 0 1 1500.000000
59.172441 0 3 100000.000000
59.300985 0 3 3000000.000000
59.458650 0 1 4000000.000000
59.468019 0 0 200000.000000
59.566311 0 3 4000000.000000
60.450486 0 0 1500.000000
60.467238 0 1 1500.000000
60.543882 0 1 100000.000000
60.675433 0 0 4000000.000000
60.803068 0 0 3000.000000
60.935013 0 1 3000000.000000
61.273667 0 2 20000.000000
61.372436 0 1 3000000.000000
61.488699 0 1 3000000.000000
61.616883 0 1 1500.000000
61.622405 0 1 4000000.000000
62.058995 0 3 1500.000000
62.255591 0 2 1500.000000
62.519598 0 2 10000.000000
63.190735 0 2 100000.000000
63.205201 0 1 1500.000000
63.610765 0 1 20000.000000
64.102983 0 3 1500.000000
64.211588 0 1 200000.000000
64.341590 0 2 3000000.000000
64.441197 0 1 1500.000000
64.499973 0 0 1000000.000000
64.571860 0 1 1500.000000
64.946192 0 1 1500.000000
64.981902 0 0 1000000.000000
65.002663 0 2 1500.000000
65.695671 0 3 1500.000000
65.735619 0 1 1500.000000
66.002447 0 2 2000000.000000
66.504428 0 3 1000000.000000
66.594380 0 2 4000000.000000
67.447794 0 2 4000000.000000
67.476080 0 2 100000.000000
68.153391 0 2 100000.000000
68.885490 0 0 200000.000000
69.368693 0 1 1000000.000000
69.451735 0 3 1500.000000
69.499218 0 0 3000.000000
69.648923 0 2 200000.000000
70.332205 0 0 1500.000000
70.538114 0 0 200000.000000
70.554386 0 3 200000.000000
70.798301 0 3 10000.000000
70.856911 0 1 3000000.000000
70.967385 0 1 1500.000000
71.024247 0 1 200000.000000
71.259853 0 1 1500.000000
71.484885 0 2 2000000.000000
71.539309 0 1 200000.000000
71.815112 0 3 20000.000000
72.078444 0 1 1000000.000000
72.565633 0 3 3000.000000
72.785079 0 1 1500.000000
72.949593 0 2 1500.000000
73.131439 0 1 3000000.000000
73.233708 0 2 10000.000000
73.683401 0 0 1500.000000
74.176203 0 1 10000.000000
74.182199 0 2 3000000.000000
74.927734 0 1 1500.000000
74.936210 0 2 20000.000000
75.144723 0 2 1500.000000
75.195977 0 2 3000000.000000
75.340093 0 3 1500.000000
75.359772 0 2 200000.000000
75.555077 0 2 3000.000000
75.641979 0 2 1000000.000000
75.836146 0 0 4000000.000000
76.225403 0 1 100000.000000
76.342333 0 2 1500.000000
76.618561 0 0 3000000.000000
76.728076 0 0 4000000.000000
76.751853 0 2 100000.000000
76.865679 0 0 100000.000000
76.906052 0 3 1000000.000000
77.175151 0 0 1500.000000
77.509497 0 3 3000000.000000
77.555222 0 1 1500.000000
77.918771 0 3 1500.000000
78.168167 0 2 1000000.000000
78.188181 0 2 1500.000000
78.270517 0 1 2000000.000000
78.382134 0 1 4000000.000000
78.474496 0 3 3000.000000
78.610025 0 0 1500.000000
78.631719 0 2 20000.000000
78.929396 0 2 10000.000000
79.334942 0 1 1000000.000000
79.361813 0 0 3000000.000000
79.400803 0 1 4000000.000000
79.657821 0 2 10000.000000
80.221699 0 1 4000000.000000
80.240717 0 3 4000000.000000
80.858982 0 3 100000.000000
80.868446 0 3 1500.000000
81.060826 0 0 4000000.000000
81.085747 0 1 1500.000000
81.512093 0 2 4000000.000000
81.548137 0 3 1500.000000
81.642906 0 2 1500.000000
81.765041 0 0 1500.000000
81.768566 0 3 1500.000000
82.106741 0 2 20000.000000
82.154436 0 3 1500.000000
82.833547 0 1 10000.000000
82.899460 0 2 1500.000000
83.370480 0 1 20000.000000
83.434828 0 1 1000000.000000
83.725116 0 2 1500.000000
83.880655 0 3 200000.000000
83.914626 0 2 1500.000000
84.197369 0 0 200000.000000
84.790007 0 1 4000000.000000
85.020809 0 2 1500.000000
85.407517 0 0 4000000.000000
85.522959 0 3 3000.000000
85.603570 0 0 1000000.000000
86.048597 0 3 10000.000000
86.185171 0 3 3000.000000
86.497928 0 1 200000.000000
86.499383 0 2 4000000.000000
86.700918 0 0 1000000.000000
86.948764 0 3 1500.000000
87.102848 0 3 3000000.000000
87.299513 0 2 1500.000000
87.333534 0 3 4000000.000000
88.733074 0 3 200000.000000
88.796788 0 3 100000.000000
88.830402 0 2 1500.000000
88.862243 0 1 1000000.000000
89.395061 0 2 4000000.000000
89.536470 0 3 10000.000000
89.588269 0 3 10000.000000
89.665174 0 2 4000000.000000
89.718740 0 0 100000.000000
89.887467 0 0 1500.000000
90.059127 0 3 3000.000000
90.436643 0 1 3000000.000000
90.443271 0 2 1500.000000
90.510711 0 3 1500.000000
91.450090 0 3 1500.000000
91.717627 0 0 4000000.000000
91.752722 0 2 200000.000000
91.827750 0 3 200000.000000
92.471814 0 1 1500.000000
92.633164 0 3 200000.000000
92.640454 0 0 1500.000000
93.185832 0 3 3000.000000
93.545686 0 0 4000000.000000
94.059865 0 3 1500.000000
94.104225 0 0 4000000.000000
94.422583 0 2 1500.000000
94.761853 0 3 1500.000000
94.959949 0 1 20000.000000
95.473851 0 3 1000000.000000
95.743653 0 1 2000000.000000
95.932483 0 0 100000.000000
96.444295 0 1 1500.000000
96.608471 0 1 1500.000000
96.636398 0 3 200000.000000
97.532346 0 0 1500.000000
97.772390 0 2 200000.000000
98.433425 0 0 4000000.000000
98.435614 0 1 2000000.000000
98.779790 0 2 2000000.000000
99.002584 0 0 4000000.000000
99.009507 0 3 1500.000000
99.097965 0 2 100000.000000
99.368320 0 1 4000000.000000
99.412861 0 0 200000.000000
99.442289 0 1 200000.000000
99.468010 0 3 3000.000000
99.534543 0 3 1000000.000000
99.613495 0 3 1500.000000
99.858023 0 1 1500.000000
100.361775 0 2 4000000.000000
100.418788 0 0 100000.000000
100.735891 0 3 3000000.000000
100.979819 0 2 100000.000000
101.122047 0 0 10000.000000
101.228064 0 0 1500.000000
101.247988 0 0 1500.000000
101.379602 0 2 10000.000000
101.671840 0 1 10000.000000
101.789441 0 2 1500.000000
102.005323 0 0 200000.000000
102.499676 0 3 100000.000000
102.834270 0 0 1000000.000000
103.109512 0 0 100000.000000
103.214506 0 2 3000000.000000
103.321595 0 2 20000.000000
103.398928 0 0 4000000.000000
104.412635 0 1 1500.000000
104.683909 0 3 1500.000000
104.895737 0 3 100000.000000
104.907017 0 1 1500.000000
105.460865 0 0 1500.000000
105.927170 0 2 1500.000000
106.295235 0 3 1000000.000000
106.725644 0 2 1500.000000
107.010354 0 1 3000000.000000
107.117754 0 1 100000.000000
107.938774 0 2 1500.000000
108.042558 0 2 3000000.000000
108.456470 0 2 1500.000000
108.668434 0 0 1500.000000
108.721345 0 0 4000000.000000
109.015200 0 3 200000.000000
109.162748 0 3 3000.000000
109.555383 0 2 1000000.000000
109.662841 0 3 4000000.000000
109.875523 0 1 3000000.000000
109.964650 0 0 100000.000000
110.137957 0 2 3000000.000000
110.197286 0 3 100000.000000
110.252040 0 1 3000000.000000
110.544917 0 3 1500.000000
110.546491 0 0 4000000.000000
110.629098 0 1 1500.000000
110.766559 0 0 1500.000000
111.371680 0 2 100000.000000
111.561542 0 3 100000.000000
111.711240 0 1 3000000.000000
111.947335 0 0 3000.000000
111.960594 0 2 1500.000000
112.141216 0 3 1000000.000000
112.397572 0 1 1000000.000000
112.466947 0 0 20000.000000
112.509608 0 0 1500.000000
112.657887 0 1 1500.000000
113.108761 0 0 1500.000000
113.429644 0 3 3000000.000000
113.634708 0 1 4000000.000000
114.045679 0 1 1500.000000
114.091931 0 1 200000.000000
114.618760 0 1 1000000.000000
115.153148 0 1 1500.000000
115.219356 0 1 1500.000000
115.334462 0 0 1500.000000
115.472938 0 3 4000000.000000
115.903211 0 0 3000000.000000
116.163273 0 3 3000000.000000
116.382903 0 2 1500.000000
116.402352 0 3 1500.000000
116.541621 0 2 1500.000000
117.024349 0 1 1500.000000
117.141924 0 3 3000.000000
117.650514 0 2 1500.000000
117.689146 0 3 2000000.000000
117.760639 0 3 200000.000000
117.772977 0 0 2000000.000000
117.904492 0 3 1500.000000
118.315267 0 1 1500.000000
118.630366 0 0 3000.000000
119.220289 0 3 1000000.000000
119.305497 0 3 2000000.000000
119.456190 0 1 100000.000000
119.474062 0 1 1500.000000
120.066788 0 2 200000.000000
120.291002 0 2 200000.000000
121.311283 0 1 10000.000000
121.386902 0 3 2000000.000000
122.347512 0 0 1000000.000000
123.026129 0 1 1500.000000
124.064370 0 0 4000000.000000
124.088077 0 0 1500.000000
124.252704 0 0 1500.000000
125.019377 0 1 3000000.000000
125.569041 0 0 10000.000000
125.685497 0 3 100000.000000
125.740127 0 0 1500.000000
126.670922 0 3 1000000.000000
127.110177 0 1 100000.000000
127.613616 0 1 1000000.000000
127.657494 0 1 4000000.000000
127.853913 0 0 1500.000000
127.935657 0 2 1000000.000000
128.621603 0 3 1500.000000
128.933539 0 0 1500.000000
129.119206 0 2 1500.000000
129.138627 0 0 1500.000000
129.207951 0 0 1500.000000
129.264945 0 1 1500.000000
129.316927 0 3 200000.000000
129.359256 0 3 3000.000000
129.470953 0 1 200000.000000
129.593095 0 1 1500.000000
129.728890 0 1 2000000.000000
129.799330 0 1 3000.000000
129.983394 0 2 3000000.000000
130.413442 0 1 4000000.000000
130.503313 0 1 1000000.000000
130.789462 0 1 4000000.000000
131.079543 0 2 200000.000000
131.301730 0 1 1500.000000
131.436887 0 1 10000.000000
131.592843 0 2 10000.000000
131.605400 0 3 20000.000000
132.315090 0 3 200000.000000
132.770899 0 1 3000000.000000
132.973090 0 0 20000.000000
133.485314 0 1 1500.000000
134.094546 0 3 4000000.000000
134.224864 0 1 2000000.000000
134.258904 0 0 20000.000000
134.277009 0 3 1500.000000
134.308561 0 2 1000000.000000
134.355329 0 1 100000.000000
134.762477 0 1 1500.000000
134.873805 0 1 1500.000000
135.069866 0 3 1500.000000
135.274896 0 1 3000000.000000
135.338743 0 0 1500.000000
135.342045 0 0 3000.000000
135.380624 0 2 100000.000000
135.574817 0 1 100000.000000
135.575674 0 1 1500.000000
135.979590 0 0 1500.000000
136.427083 0 1 1500.000000
137.000172 0 1 1500.000000
137.353742 0 1 1000000.000000
137.590367 0 3 100000.000000
137.597497 0 0 4000000.000000
137.653246 0 2 1500.000000
137.691555 0 3 20000.000000
137.780916 0 1 100000.000000
137.807835 0 2 200000.000000
137.844420 0 3 4000000.000000
138.430607 0 2 1500.000000
138.453665 0 1 10000.000000
138.479483 0 1 200000.000000
138.709616 0 2 1500.000000
139.373791 0 0 1500.000000
139.374650 0 3 3000000.000000
139.524711 0 0 1500.000000
139.932171 0 3 200000.000000
139.987906 0 0 1500.000000
140.828824 0 0 10000.000000
140.917613 0 2 10000.000000
140.925464 0 2 1500.000000
141.158349 0 2 1000000.000000
141.274877 0 3 3000.000000
141.787757 0 1 100000.000000
141.793376 0 2 3000000.000000
142.418880 0 1 1000000.000000
142.443298 0 3 1500.000000
142.509127 0 1 3000000.000000
142.658234 0 1 10000.000000
142.711840 0 1 100000.000000
142.802493 0 3 1500.000000
143.263228 0 0 3000.000000
143.449143 0 3 1000000.000000
143.495370 0 0 10000.000000
143.512441 0 1 4000000.000000
144.002541 0 2 4000000.000000
144.434121 0 3 1500.000000
144.522593 0 3 100000.000000
144.623623 0 1 1500.000000
144.633685 0 0 1500.000000
145.130833 0 0 100000.000000
145.280349 0 3 1500.000000
145.429143 0 1 1500.000000
145.660921 0 1 1500.000000
145.809565 0 3 1500.000000
145.899566 0 3 10000.000000
146.377696 0 0 1500.000000
146.656341 0 1 4000000.000000
146.809546 0 0 1000000.000000
146.848860 0 2 1000000.000000
146.985971 0 0 1000000.000000
147.770201 0 0 1500.000000
147.779062 0 2 1500.000000
147.812478 0 2 1500.000000
148.038712 0 0 20000.000000
148.434988 0 3 3000.000000
149.157013 0 0 1500.000000
149.936337 0 3 4000000.000000
0.573212 1 0 1500.000000
1.247229 1 0 100000.000000
1.426649 1 3 1000000.000000
1.629561 1 1 1500.000000
1.667698 1 2 1500.000000
1.941688 1 2 4000000.000000
2.289196 1 0 1500.000000
2.819870 1 3 3000.000000
2.902405 1 2 3000.000000
3.140155 1 3 3000.000000
3.578006 1 3 1500.000000
3.594252 1 3 1500.000000
3.745269 1 0 100000.000000
3.846165 1 3 1500.000000
4.543979 1 2 1000000.000000
4.913818 1 2 200000.000000
5.013141 1 0 3000000.000000
5.039065 1 1 3000000.000000
5.040017 1 1 200000.000000
5.132969 1 3 1500.000000
5.177646 1 1 200000.000000
5.595007 1 2 1500.000000
5.777901 1 2 1500.000000
5.800973 1 1 4000000.000000
5.979005 1 1 100000.000000
6.286048 1 0 3000000.000000
6.391301 1 2 100000.000000
6.863436 1 0 200000.000000
7.130519 1 3 200000.000000
7.583226 1 2 1500.000000
7.703079 1 3 10000.000000
7.813110 1 3 4000000.000000
9.324624 1 2 1500.000000
9.346393 1 2 20000.000000
9.575156 1 2 1500.000000
9.615015 1 3 4000000.000000
9.936446 1 3 200000.000000
10.234615 1 0 1500.000000
10.470127 1 2 100000.000000
10.653918 1 2 10000.000000
11.198822 1 2 20000.000000
11.249508 1 1 1500.000000
11.360439 1 2 3000.000000
11.409065 1 2 1500.000000
11.745455 1 1 3000.000000
12.212746 1 2 100000.000000
12.378755 1 1 20000.000000
12.842597 1 3 200000.000000
12.988935 1 1 1500.000000
13.246485 1 3 1500.000000
13.260745 1 3 1500.000000
13.404038 1 3 1500.000000
13.517160 1 3 1500.000000
13.568548 1 0 1500.000000
14.133252 1 1 10000.000000
14.398674 1 1 4000000.000000
14.637705 1 0 4000000.000000
15.013087 1 3 1500.000000
15.132409 1 0 3000000.000000
15.415573 1 0 10000.000000
15.479217 1 2 200000.000000
15.777677 1 2 100000.000000
15.799012 1 0 10000.000000
15.992261 1 2 4000000.000000
16.644183 1 3 3000000.000000
16.660596 1 2 3000000.000000
16.916556 1 3 3000000.000000
17.687999 1 1 100000.000000
17.723898 1 1 1500.000000
17.743146 1 0 1500.000000
18.068779 1 3 4000000.000000
18.478252 1 2 1500.000000
18.515624 1 0 200000.000000
19.344303 1 3 2000000.000000
19.616476 1 3 4000000.000000
19.772584 1 1 1500.000000
19.774757 1 2 1500.000000
20.328543 1 0 1500.000000
20.414230 1 1 3000000.000000
20.444307 1 1 4000000.000000
20.477103 1 0 4000000.000000
20.678102 1 3 4000000.000000
21.857476 1 0 1000000.000000
22.029669 1 2 1500.000000
22.406730 1 2 1500.000000
22.416189 1 1 1000000.000000
22.473076 1 0 4000000.000000
22.577007 1 2 200000.000000
23.080613 1 1 1000000.000000
23.138384 1 0 100000.000000
23.661153 1 0 1000000.000000
23.690217 1 2 1500.000000
23.868566 1 1 3000.000000
23.942675 1 2 1000000.000000
24.047678 1 2 4000000.000000
24.098351 1 2 1500.000000
24.169350 1 2 1500.000000
24.256395 1 2 100000.000000
24.385440 1 3 1500.000000
24.831878 1 0 3000000.000000
24.882323 1 3 1500.000000
25.384833 1 3 100000.000000
25.676526 1 1 100000.000000
25.849205 1 3 200000.000000
25.924722 1 2 200000.000000
26.146650 1 3 100000.000000
26.339741 1 1 1500.000000
26.640558 1 2 10000.000000
27.469136 1 1 20000.000000
27.903216 1 0 1500.000000
28.468199 1 3 20000.000000
28.494146 1 1 1000000.000000
28.495835 1 0 2000000.000000
28.556346 1 3 4000000.000000
28.597795 1 1 1500.000000
29.296430 1 1 200000.000000
29.690385 1 1 3000.000000
29.798935 1 0 3000000.000000
29.921244 1 2 20000.000000
30.198386 1 1 2000000.000000
30.406686 1 3 3000.000000
30.549788 1 3 100000.000000
30.712166 1 2 1500.000000
30.766463 1 2 1500.000000
30.978446 1 1 3000000.000000
30.981797 1 2 1500.000000
31.027038 1 0 1500.000000
31.221857 1 1 10000.000000
31.477761 1 0 1000000.000000
31.496561 1 0 20000.000000
31.522155 1 1 1500.000000
31.831419 1 1 1500.000000
31.894198 1 2 4000000.000000
32.436461 1 1 1500.000000
32.529242 1 1 3000000.000000
32.564633 1 0 1500.000000
32.680721 1 2 1500.000000
32.723089 1 0 200000.000000
32.870351 1 1 1500.000000
33.262139 1 0 1500.000000
33.417800 1 0 100000.000000
33.445374 1 3 20000.000000
33.734126 1 3 100000.000000
33.748019 1 1 1500.000000
34.823235 1 2 1500.000000
34.844155 1 0 1000000.000000
35.078301 1 3 1500.000000
35.710295 1 1 10000.000000
35.787059 1 3 1500.000000
35.802308 1 1 1000000.000000
35.806268 1 0 3000.000000
35.820506 1 0 1500.000000
35.946118 1 2 100000.000000
37.234953 1 0 20000.000000
37.425863 1 2 100000.000000
37.560840 1 2 1500.000000
38.195065 1 3 1500.000000
38.284383 1 2 1500.000000
38.401243 1 3 20000.000000
38.431483 1 1 1500.000000
38.597069 1 2 1500.000000
38.766531 1 0 1500.000000
38.770982 1 3 3000.000000
39.242633 1 3 3000000.000000
39.856394 1 0 100000.000000
40.191239 1 2 1000000.000000
40.851477 1 2 10000.000000
40.896515 1 3 1500.000000
41.483511 1 2 1500.000000
41.559713 1 0 20000.000000
42.090816 1 0 200000.000000
42.555710 1 2 1500.000000
42.781797 1 0 1500.000000
42.836626 1 2 200000.000000
42.933555 1 0 4000000.000000
43.224034 1 0 3000000.000000
43.618241 1 1 100000.000000
43.987359 1 0 1500.000000
44.069247 1 2 200000.000000
44.337609 1 2 100000.000000
44.684533 1 3 1500.000000
45.128145 1 2 1000000.000000
45.222866 1 2 20000.000000
45.305401 1 2 3000.000000
45.375162 1 1 10000.000000
45.827785 1 0 100000.000000
46.477130 1 1 10000.000000
46.530281 1 1 4000000.000000
46.632453 1 2 1500.000000
47.056006 1 1 1500.000000
47.280338 1 2 1500.000000
47.366433 1 1 4000000.000000
47.495026 1 2 100000.000000
47.509963 1 3 1500.000000
47.681622 1 0 10000.000000
47.748358 1 2 20000.000000
48.250214 1 1 200000.000000
48.268245 1 2 1500.000000
48.326630 1 2 1500.000000
48.599154 1 3 4000000.000000
48.731197 1 3 1500.000000
48.902920 1 1 1500.000000
48.906970 1 1 100000.000000
49.024435 1 1 3000000.000000
49.444392 1 1 200000.000000
49.590674 1 3 1500.000000
49.734087 1 0 100000.000000
49.939418 1 3 1500.000000
50.307200 1 2 200000.000000
50.660602 1 2 10000.000000
50.864566 1 0 3000.000000
51.012695 1 2 4000000.000000
51.062969 1 0 200000.000000
51.166537 1 1 1500.000000
51.203459 1 1 20000.000000
51.504771 1 3 1500.000000
51.695163 1 0 1500.000000
52.211784 1 0 1500.000000
53.365532 1 3 3000.000000
53.498979 1 2 100000.000000
53.655758 1 0 20000.000000
53.823313 1 0 4000000.000000
53.931581 1 1 4000000.000000
53.961971 1 2 1500.000000
53.967150 1 3 1000000.000000
54.095122 1 2 2000000.000000
54.148415 1 0 200000.000000
54.195928 1 1 200000.000000
54.328587 1 1 1500.000000
55.084854 1 3 100000.000000
55.174002 1 0 1500.000000
55.345774 1 2 100000.000000
55.561450 1 3 1500.000000
55.782096 1 2 100000.000000
55.801176 1 3 1500.000000
55.825514 1 2 100000.000000
56.034830 1 1 1500.000000
56.518336 1 3 2000000.000000
57.719529 1 3 1500.000000
57.892627 1 2 1500.000000
58.272439 1 1 3000000.000000
58.682646 1 1 1500.000000
58.876597 1 1 1000000.000000
60.481891 1 2 3000000.000000
60.558871 1 2 1500.000000
60.607450 1 0 3000000.000000
61.120251 1 0 200000.000000
61.263873 1 2 1500.000000
61.608397 1 0 1500.000000
62.280996 1 1 1500.000000
62.889224 1 1 3000.000000
62.930192 1 3 1500.000000
63.124797 1 2 10000.000000
63.680784 1 2 100000.000000
63.804213 1 0 10000.000000
63.859763 1 3 1000000.000000
63.913398 1 1 1500.000000
63.971057 1 3 3000000.000000
63.993226 1 0 1000000.000000
64.903062 1 0 1500.000000
65.179607 1 2 100000.000000
65.546648 1 0 4000000.000000
65.560634 1 2 4000000.000000
65.611501 1 1 1500.000000
65.769060 1 3 1500.000000
66.388376 1 1 20000.000000
66.500898 1 2 3000000.000000
66.613502 1 0 1500.000000
67.433776 1 3 3000.000000
67.635928 1 2 1500.000000
68.332132 1 2 10000.000000
69.177635 1 0 200000.000000
69.298874 1 2 1500.000000
69.328101 1 1 3000000.000000
69.485444 1 0 1500.000000
69.513601 1 0 20000.000000
69.560900 1 1 1500.000000
70.248840 1 1 3000000.000000
70.498192 1 3 1500.000000
70.997361 1 1 100000.000000
71.545812 1 1 2000000.000000
71.552278 1 3 1500.000000
71.819596 1 3 200000.000000
71.869226 1 0 4000000.000000
72.127495 1 1 4000000.000000
72.294509 1 1 3000000.000000
72.438122 1 3 1000000.000000
72.588297 1 3 200000.000000
72.751925 1 1 10000.000000
72.780117 1 0 10000.000000
73.111790 1 2 100000.000000
73.623492 1 1 1500.000000
73.665726 1 1 3000000.000000
73.860651 1 3 100000.000000
73.982763 1 1 4000000.000000
74.148158 1 3 4000000.000000
74.243764 1 0 1500.000000
74.375503 1 2 1500.000000
74.727777 1 2 200000.000000
75.123533 1 2 10000.000000
75.749668 1 0 1500.000000
76.201651 1 3 1500.000000
76.678533 1 1 2000000.000000
76.747599 1 2 1500.000000
76.758694 1 0 3000000.000000
77.286227 1 1 1500.000000
77.434049 1 3 4000000.000000
77.448413 1 2 1500.000000
77.648536 1 0 100000.000000
78.267089 1 1 10000.000000
78.344264 1 3 1500.000000
78.394901 1 1 1000000.000000
78.411238 1 3 1000000.000000
78.746467 1 2 10000.000000
79.115105 1 2 10000.000000
79.494426 1 0 200000.000000
80.022650 1 0 1500.000000
80.449689 1 2 3000000.000000
81.214538 1 3 1500.000000
81.679862 1 0 1500.000000
81.890076 1 3 1500.000000
81.982263 1 1 3000000.000000
81.983190 1 3 1500.000000
82.259988 1 3 1500.000000
82.743798 1 2 4000000.000000
82.899958 1 2 200000.000000
83.367938 1 1 1500.000000
83.682500 1 0 1000000.000000
84.181870 1 2 1500.000000
84.241166 1 1 2000000.000000
84.474207 1 3 100000.000000
85.218878 1 3 1500.000000
85.461101 1 2 1500.000000
86.339196 1 0 1500.000000
86.890119 1 2 1000000.000000
87.514885 1 0 200000.000000
87.787182 1 2 1500.000000
88.053167 1 3 3000000.000000
88.412407 1 1 1500.000000
88.545536 1 2 1500.000000
89.041587 1 0 10000.000000
89.126612 1 0 4000000.000000
89.336020 1 3 1500.000000
89.564879 1 2 4000000.000000
90.204714 1 3 4000000.000000
90.439684 1 2 1500.000000
90.443353 1 1 1500.000000
90.857708 1 1 1500.000000
90.870877 1 2 1500.000000
91.001604 1 0 1000000.000000
91.217142 1 2 1500.000000
91.219582 1 1 10000.000000
91.516327 1 2 4000000.000000
91.582263 1 3 20000.000000
91.802383 1 0 100000.000000
92.160752 1 3 200000.000000
92.522836 1 1 10000.000000
92.545897 1 1 1500.000000
92.729438 1 0 3000000.000000
93.352999 1 1 200000.000000
93.385681 1 3 3000000.000000
93.583420 1 1 2000000.000000
93.604812 1 0 10000.000000
93.804339 1 0 1500.000000
93.835616 1 3 1000000.000000
94.067702 1 3 3000.000000
94.359035 1 1 3000000.000000
94.751355 1 3 1000000.000000
94.954573 1 2 1500.000000
95.132695 1 2 200000.000000
95.282020 1 3 1500.000000
96.054200 1 2 1500.000000
96.665200 1 1 4000000.000000
96.701933 1 0 4000000.000000
97.794945 1 3 3000.000000
98.226101 1 0 1500.000000
98.365697 1 1 10000.000000
98.386185 1 2 3000000.000000
98.732079 1 3 1500.000000
98.812711 1 0 1500.000000
99.231090 1 3 3000.000000
99.506809 1 0 3000000.000000
99.631170 1 1 3000.000000
99.791961 1 3 1500.000000
100.064752 1 1 1500.000000
100.146657 1 1 2000000.000000
100.355372 1 3 200000.000000
100.494865 1 0 2000000.000000
100.506647 1 2 2000000.000000
100.771361 1 1 1500.000000
100.854244 1 2 3000000.000000
101.096225 1 3 20000.000000
101.186152 1 2 1000000.000000
101.439964 1 0 1500.000000
101.682312 1 0 3000000.000000
102.017075 1 3 2000000.000000
102.030856 1 1 4000000.000000
102.385926 1 3 100000.000000
102.442331 1 3 200000.000000
102.498032 1 1 10000.000000
102.610801 1 0 100000.000000
102.712322 1 1 1500.000000
102.839492 1 1 1500.000000
103.220025 1 3 3000.000000
103.244738 1 2 3000.000000
103.632046 1 1 1500.000000
104.219079 1 1 200000.000000
104.308332 1 3 200000.000000
104.625493 1 2 200000.000000
105.084807 1 0 1500.000000
105.220104 1 1 3000000.000000
105.225109 1 2 10000.000000
105.320151 1 3 1500.000000
105.431229 1 0 1500.000000
105.475690 1 0 1000000.000000
105.944251 1 0 4000000.000000
105.979661 1 3 4000000.000000
105.998375 1 3 1500.000000
106.120406 1 3 3000000.000000
106.155479 1 3 3000.000000
106.292764 1 2 3000.000000
106.445007 1 2 200000.000000
106.462106 1 1 1500.000000
107.024324 1 2 4000000.000000
107.233763 1 2 1000000.000000
107.314315 1 2 1500.000000
107.401098 1 2 4000000.000000
107.972044 1 1 3000000.000000
108.388885 1 3 1500.000000
108.633343 1 0 1000000.000000
109.137297 1 2 1000000.000000
109.209314 1 0 1500.000000
109.891749 1 2 20000.000000
110.229313 1 1 10000.000000
110.840919 1 2 1500.000000
111.127838 1 3 1500.000000
111.152578 1 1 1500.000000
111.186628 1 0 200000.000000
111.274893 1 0 200000.000000
111.418439 1 1 1500.000000
111.842003 1 1 10000.000000
112.165721 1 1 100000.000000
112.494973 1 1 3000000.000000
113.286473 1 0 1500.000000
113.363877 1 3 1500.000000
114.231157 1 3 1500.000000
114.300752 1 1 1500.000000
114.328298 1 2 1500.000000
114.392311 1 3 1500.000000
114.590492 1 1 10000.000000
114.805465 1 3 3000000.000000
115.260203 1 1 100000.000000
115.338157 1 2 1500.000000
115.998811 1 2 4000000.000000
116.101392 1 0 1500.000000
116.541030 1 0 1000000.000000
116.706775 1 0 4000000.000000
116.721165 1 0 200000.000000
116.957196 1 3 1000000.000000
117.359870 1 1 4000000.000000
117.867843 1 1 1500.000000
118.477810 1 3 200000.000000
119.936525 1 0 100000.000000
119.975456 1 2 1000000.000000
120.188672 1 0 1000000.000000
120.309737 1 0 1000000.000000
121.121989 1 0 3000.000000
121.327537 1 0 10000.000000
121.551228 1 3 4000000.000000
121.816697 1 1 1500.000000
121.888029 1 3 1000000.000000
121.912897 1 0 20000.000000
122.043770 1 3 3000.000000
123.032021 1 0 100000.000000
123.394299 1 0 10000.000000
123.649857 1 1 1500.000000
123.702299 1 1 1500.000000
123.984129 1 1 1000000.000000
124.358193 1 2 4000000.000000
124.514370 1 0 4000000.000000
124.522951 1 3 1500.000000
124.614175 1 2 1500.000000
124.623367 1 2 10000.000000
125.075208 1 1 1500.000000
125.226588 1 2 1500.000000
125.597485 1 0 100000.000000
126.623001 1 0 10000.000000
128.260121 1 0 200000.000000
128.274246 1 0 200000.000000
128.459256 1 1 1500.000000
128.498855 1 1 1000000.000000
128.711718 1 2 200000.000000
128.734171 1 3 2000000.000000
128.877872 1 0 1500.000000
128.922061 1 3 3000.000000
128.966419 1 3 1500.000000
128.994945 1 1 1500.000000
129.228586 1 1 1500.000000
129.574556 1 1 1500.000000
129.759846 1 0 20000.000000
129.949599 1 1 1500.000000
129.961741 1 0 3000000.000000
130.103687 1 0 100000.000000
130.131604 1 0 3000.000000
130.593683 1 0 1500.000000
130.890999 1 0 10000.000000
131.252006 1 0 100000.000000
131.335680 1 3 1500.000000
131.406733 1 2 100000.000000
132.283745 1 0 1500.000000
132.558748 1 0 3000.000000
132.607992 1 3 100000.000000
132.632267 1 1 4000000.000000
132.673015 1 0 1500.000000
132.716825 1 3 4000000.000000
132.743730 1 1 100000.000000
132.951758 1 0 1000000.000000
133.467837 1 1 100000.000000
133.667018 1 1 10000.000000
133.924947 1 0 1500.000000
134.042187 1 2 4000000.000000
134.086475 1 2 1500.000000
134.103227 1 3 200000.000000
134.202354 1 1 1500.000000
134.223001 1 1 3000.000000
134.265250 1 3 1500.000000
134.606288 1 1 1500.000000
134.669536 1 2 3000.000000
134.683697 1 3 10000.000000
135.090449 1 1 20000.000000
135.261619 1 2 3000000.000000
135.889079 1 2 3000000.000000
136.177492 1 0 1500.000000
136.406169 1 2 20000.000000
136.445557 1 0 3000000.000000
137.161139 1 3 100000.000000
137.397427 1 3 1500.000000
137.437815 1 1 1500.000000
137.549905 1 3 200000.000000
137.977121 1 0 1000000.000000
138.334780 1 0 1500.000000
138.526517 1 2 3000000.000000
138.527250 1 3 200000.000000
138.763668 1 0 1500.000000
138.907954 1 3 3000000.000000
139.278660 1 1 10000.000000
139.329636 1 3 3000000.000000
139.438242 1 0 1500.000000
139.691069 1 3 1500.000000
139.917970 1 1 3000000.000000
140.337423 1 1 1500.000000
141.022573 1 2 20000.000000
141.101541 1 1 1500.000000
141.233666 1 3 3000.000000
141.333598 1 3 1500.000000
141.564860 1 2 4000000.000000
141.662805 1 3 1500.000000
141.707071 1 1 100000.000000
141.821781 1 1 100000.000000
142.007399 1 1 1000000.000000
142.878638 1 2 100000.000000
143.270057 1 3 200000.000000
143.307876 1 1 100000.000000
143.320387 1 1 3000000.000000
143.862022 1 2 3000000.000000
143.885567 1 0 3000.000000
143.894215 1 2 1000000.000000
143.984488 1 0 1000000.000000
144.173359 1 2 1000000.000000
144.369529 1 0 3000.000000
144.440869 1 3 200000.000000
144.559904 1 1 4000000.000000
144.812952 1 3 1500.000000
145.198748 1 1 4000000.000000
145.239464 1 3 1500.000000
145.294465 1 1 1500.000000
145.507020 1 0 4000000.000000
145.753291 1 2 1000000.000000
145.938712 1 0 1500.000000
146.128401 1 2 1500.000000
146.208241 1 1 3000000.000000
146.671894 1 2 1500.000000
147.639902 1 0 100000.000000
147.749969 1 3 200000.000000
148.009930 1 2 3000000.000000
148.140775 1 0 1500.000000
148.255168 1 2 3000000.000000
148.566343 1 0 3000.000000
149.232547 1 3 200000.000000
149.523547 1 1 1500.000000
149.830117 1 3 100000.000000
0.019279 2 3 3000000.000000
0.361048 2 3 3000000.000000
0.407564 2 0 1500.000000
0.863167 2 1 1500.000000
1.060469 2 2 4000000.000000
1.090553 2 0 1500.000000
2.029218 2 2 1500.000000
2.152490 2 3 1000000.000000
2.305065 2 0 100000.000000
2.587138 2 1 4000000.000000
3.015223 2 3 1500.000000
3.112251 2 2 3000000.000000
3.245669 2 0 3000000.000000
3.501293 2 0 4000000.000000
3.523449 2 0 4000000.000000
3.568724 2 0 1500.000000
3.808306 2 2 1500.000000
3.813326 2 1 4000000.000000
4.679540 2 3 10000.000000
4.974593 2 1 1500.000000
5.212994 2 2 10000.000000
5.937615 2 2 3000000.000000
6.116372 2 3 3000000.000000
6.796141 2 2 1500.000000
6.867773 2 3 3000000.000000
7.095664 2 3 100000.000000
7.421772 2 2 1500.000000
7.624622 2 2 1000000.000000
7.851366 2 3 100000.000000
8.653206 2 3 200000.000000
8.967825 2 2 3000.000000
8.997594 2 2 3000.000000
9.650363 2 0 1500.000000
9.720587 2 0 1500.000000
9.917786 2 3 100000.000000
10.027558 2 1 10000.000000
10.711320 2 3 100000.000000
10.784030 2 1 1500.000000
11.247856 2 0 100000.000000
11.758407 2 1 1500.000000
11.954502 2 2 1500.000000
12.063027 2 3 100000.000000
12.106959 2 2 1500.000000
12.303538 2 2 1000000.000000
12.384895 2 0 200000.000000
12.481092 2 0 3000.000000
12.778041 2 2 1500.000000
12.818370 2 0 1500.000000
12.818957 2 3 1500.000000
12.830730 2 1 4000000.000000
12.832308 2 1 1500.000000
13.449662 2 3 1000000.000000
13.551486 2 1 1000000.000000
13.615723 2 3 200000.000000
13.842589 2 0 20000.000000
13.902434 2 2 200000.000000
14.964971 2 2 1500.000000
15.074165 2 3 1500.000000
15.609737 2 2 20000.000000
15.610624 2 2 4000000.000000
15.862189 2 3 1500.000000
15.880564 2 2 1500.000000
16.400277 2 1 1500.000000
16.710774 2 3 20000.000000
16.793413 2 2 4000000.000000
17.023770 2 2 4000000.000000
17.266189 2 3 3000.000000
17.565332 2 0 4000000.000000
17.739073 2 2 1000000.000000
17.832248 2 3 1500.000000
17.958323 2 1 10000.000000
18.649692 2 0 4000000.000000
19.420715 2 2 1500.000000
19.437853 2 3 2000000.000000
20.107588 2 1 1000000.000000
20.507241 2 3 1500.000000
20.534854 2 0 200000.000000
20.580138 2 2 4000000.000000
20.630989 2 3 200000.000000
20.746767 2 2 1500.000000
20.759796 2 2 10000.000000
21.501339 2 1 1000000.000000
21.555083 2 2 1000000.000000
22.958785 2 3 10000.000000
23.267658 2 1 1000000.000000
23.761460 2 2 1000000.000000
24.082059 2 3 1000000.000000
24.329335 2 1 10000.000000
24.729337 2 2 200000.000000
24.902342 2 1 1500.000000
24.994725 2 2 100000.000000
25.018030 2 3 3000000.000000
25.200218 2 2 4000000.000000
25.949815 2 0 4000000.000000
26.445952 2 3 3000000.000000
26.558127 2 3 1500.000000
26.683201 2 2 1500.000000
26.971136 2 3 100000.000000
27.111522 2 2 1500.000000
27.634075 2 0 1500.000000
27.774618 2 0 3000000.000000
27.831587 2 2 1000000.000000
28.383938 2 1 1500.000000
29.271882 2 0 1500.000000
29.478467 2 0 4000000.000000
29.690505 2 2 100000.000000
30.480971 2 3 1500.000000
30.530963 2 1 1500.000000
30.903185 2 3 1500.000000
30.965415 2 3 1500.000000
31.149538 2 3 100000.000000
31.180229 2 3 3000.000000
31.233962 2 3 4000000.000000
31.670236 2 2 20000.000000
31.892393 2 1 100000.000000
31.914795 2 1 100000.000000
31.937538 2 1 100000.000000
31.971985 2 1 1500.000000
31.996211 2 2 4000000.000000
32.126954 2 1 4000000.000000
32.165240 2 0 100000.000000
32.683353 2 2 10000.000000
33.002939 2 1 3000.000000
33.673618 2 0 20000.000000
33.783899 2 1 200000.000000
34.137322 2 2 1000000.000000
34.150893 2 3 200000.000000
34.404844 2 2 10000.000000
34.464153 2 0 200000.000000
34.556334 2 0 1500.000000
34.563790 2 0 1500.000000
35.426553 2 0 1000000.000000
35.501036 2 0 200000.000000
35.748446 2 0 1500.000000
36.062326 2 3 200000.000000
36.221231 2 1 100000.000000
36.314282 2 1 200000.000000
36.665266 2 2 10000.000000
36.734714 2 3 1500.000000
36.782572 2 2 1500.000000
37.039953 2 3 1500.000000
37.281339 2 0 100000.000000
37.326999 2 1 1500.000000
37.723901 2 0 20000.000000
37.789143 2 0 3000.000000
38.121910 2 0 1500.000000
38.211248 2 1 1500.000000
38.237250 2 1 100000.000000
38.401729 2 1 1000000.000000
38.600737 2 0 1000000.000000
38.732987 2 3 3000000.000000
38.883487 2 0 1500.000000
39.071889 2 1 3000000.000000
39.199969 2 2 1500.000000
39.484416 2 2 3000.000000
39.852410 2 0 1500.000000
40.040657 2 0 1500.000000
40.081915 2 3 10000.000000
40.192325 2 3 1000000.000000
40.943142 2 3 1500.000000
41.134940 2 0 1000000.000000
41.134975 2 3 3000.000000
41.248049 2 3 10000.000000
41.369147 2 3 10000.000000
42.180182 2 2 200000.000000
42.277508 2 2 1500.000000
42.340153 2 0 100000.000000
42.457645 2 1 1500.000000
42.662244 2 1 200000.000000
43.111741 2 1 3000000.000000
43.721147 2 3 1500.000000
43.777127 2 0 200000.000000
43.989364 2 2 1000000.000000
44.081279 2 1 1000000.000000
44.138681 2 3 1500.000000
44.483071 2 1 200000.000000
44.486656 2 0 100000.000000
44.914256 2 0 1500.000000
45.083467 2 1 10000.000000
45.377063 2 0 1000000.000000
45.665027 2 2 1000000.000000
45.971515 2 1 1000000.000000
46.066020 2 1 20000.000000
46.266779 2 0 1000000.000000
46.344949 2 2 1500.000000
46.585418 2 2 200000.000000
46.585997 2 3 200000.000000
46.894637 2 1 10000.000000
46.993493 2 2 4000000.000000
47.485195 2 3 4000000.000000
47.772996 2 3 1500.000000
47.782681 2 0 1500.000000
47.894975 2 0 100000.000000
47.901602 2 2 10000.000000
48.196816 2 0 20000.000000
48.273579 2 2 1500.000000
48.336637 2 1 100000.000000
48.352969 2 1 1500.000000
48.472944 2 2 1000000.000000
49.411371 2 1 200000.000000
49.484093 2 0 100000.000000
49.896048 2 3 4000000.000000
49.908546 2 1 1500.000000
50.086228 2 1 1000000.000000
50.178053 2 3 100000.000000
50.818626 2 0 1500.000000
50.947208 2 0 1000000.000000
51.377458 2 1 3000000.000000
51.387302 2 1 100000.000000
51.449743 2 2 10000.000000
51.648316 2 2 100000.000000
51.819150 2 3 1500.000000
52.618349 2 0 1500.000000
52.677354 2 2 100000.000000
52.680110 2 3 3000000.000000
52.736179 2 3 1500.000000
52.786112 2 2 200000.000000
52.809334 2 2 1000000.000000
52.821974 2 3 3000.000000
52.888532 2 3 100000.000000
52.888980 2 3 1500.000000
52.921147 2 0 3000000.000000
52.953290 2 0 3000000.000000
52.958773 2 0 3000000.000000
53.586015 2 0 1500.000000
53.980105 2 2 4000000.000000
54.035845 2 3 10000.000000
54.082937 2 3 1500.000000
54.224203 2 3 200000.000000
54.569407 2 1 1000000.000000
55.427983 2 1 1500.000000
55.719333 2 1 1500.000000
56.308501 2 3 4000000.000000
56.606641 2 3 100000.000000
56.884723 2 3 1500.000000
57.049771 2 0 1500.000000
57.445314 2 3 3000.000000
57.607943 2 2 3000000.000000
57.698302 2 1 4000000.000000
57.878537 2 1 200000.000000
57.927136 2 0 4000000.000000
57.945202 2 1 200000.000000
58.027111 2 1 1000000.000000
58.434391 2 2 3000.000000
58.558754 2 1 1500.000000
58.565105 2 2 10000.000000
58.727563 2 1 100000.000000
59.082573 2 2 4000000.000000
59.130413 2 3 3000000.000000
59.551882 2 3 3000000.000000
59.748840 2 0 100000.000000
59.821388 2 0 1500.000000
59.980022 2 0 20000.000000
59.981177 2 3 200000.000000
60.328770 2 0 1500.000000
60.512354 2 3 1500.000000
60.771131 2 3 3000.000000
61.507253 2 0 20000.000000
61.942614 2 0 100000.000000
62.164988 2 1 1500.000000
62.723230 2 3 100000.000000
64.244364 2 0 1500.000000
64.579226 2 3 100000.000000
65.073357 2 0 200000.000000
65.128024 2 0 3000.000000
65.305064 2 0 4000000.000000
65.328716 2 3 3000000.000000
65.918942 2 0 4000000.000000
66.285899 2 3 4000000.000000
66.567654 2 0 1500.000000
66.748657 2 3 3000.000000
66.963136 2 1 1500.000000
67.003090 2 0 200000.000000
67.229205 2 3 3000000.000000
67.279650 2 0 1500.000000
67.523807 2 3 4000000.000000
67.756906 2 1 4000000.000000
67.772069 2 3 1500.000000
68.367083 2 2 10000.000000
68.736688 2 3 4000000.000000
69.005854 2 3 3000000.000000
69.120241 2 2 1500.000000
69.280253 2 0 4000000.000000
69.777480 2 1 100000.000000
70.407076 2 1 1500.000000
70.825515 2 0 1500.000000
71.064104 2 2 1500.000000
71.171870 2 3 1500.000000
71.313050 2 2 3000000.000000
71.541621 2 3 100000.000000
71.834273 2 3 3000.000000
72.190848 2 2 20000.000000
72.490514 2 2 1500.000000
72.875325 2 1 20000.000000
73.418863 2 2 1500.000000
73.439875 2 2 10000.000000
73.489820 2 3 3000000.000000
73.491866 2 0 1500.000000
73.493842 2 3 100000.000000
74.153371 2 0 1000000.000000
74.422260 2 3 20000.000000
74.687349 2 1 200000.000000
74.719219 2 1 4000000.000000
74.793060 2 0 1500.000000
74.872842 2 2 1500.000000
75.302173 2 2 200000.000000
75.388295 2 2 3000000.000000
75.600649 2 2 10000.000000
75.805199 2 3 3000.000000
75.828283 2 0 20000.000000
75.893893 2 3 1500.000000
76.077816 2 2 1500.000000
76.117189 2 2 200000.000000
76.318283 2 3 20000.000000
76.463733 2 0 4000000.000000
76.471063 2 2 200000.000000
76.717208 2 3 20000.000000
76.728049 2 1 1500.000000
77.349574 2 3 20000.000000
77.359156 2 3 1500.000000
78.176499 2 0 100000.000000
78.236113 2 3 1500.000000
78.395625 2 3 1500.000000
78.667166 2 2 3000000.000000
78.691802 2 1 1500.000000
78.755177 2 3 10000.000000
78.913486 2 0 1500.000000
78.959282 2 0 1500.000000
80.408772 2 0 1500.000000
80.719908 2 0 1000000.000000
81.425193 2 2 3000000.000000
81.624686 2 3 100000.000000
81.637307 2 1 200000.000000
82.087771 2 1 1500.000000
82.112049 2 1 200000.000000
82.318237 2 2 1500.000000
83.052418 2 2 1000000.000000
83.332556 2 0 1500.000000
83.422446 2 3 100000.000000
83.655169 2 3 3000000.000000
84.440265 2 1 1500.000000
84.479905 2 2 20000.000000
84.550953 2 0 20000.000000
84.600510 2 1 100000.000000
84.609068 2 1 200000.000000
85.043985 2 0 200000.000000
85.270356 2 0 1000000.000000
85.389944 2 0 3000000.000000
85.608320 2 0 100000.000000
85.861362 2 2 200000.000000
86.056120 2 1 4000000.000000
86.391693 2 3 1500.000000
86.457267 2 1 4000000.000000
86.672619 2 1 1500.000000
86.717878 2 3 1000000.000000
86.758226 2 2 1500.000000
87.108832 2 3 3000.000000
87.110729 2 2 1000000.000000
87.245246 2 2 1500.000000
87.310223 2 3 20000.000000
87.477465 2 1 1500.000000
87.500631 2 2 1500.000000
87.767452 2 3 3000000.000000
87.782000 2 2 2000000.000000
87.797321 2 3 100000.000000
87.905706 2 0 1500.000000
87.954850 2 0 3000000.000000
87.985794 2 0 1000000.000000
88.042055 2 0 100000.000000
88.191566 2 3 10000.000000
88.238130 2 3 10000.000000
88.383026 2 3 3000.000000
88.619059 2 1 3000000.000000
88.641024 2 2 1000000.000000
88.982052 2 1 10000.000000
89.069426 2 2 1500.000000
89.563771 2 1 3000000.000000
89.705417 2 3 1500.000000
89.781523 2 2 1500.000000
89.884236 2 3 1500.000000
90.254810 2 2 1000000.000000
90.274750 2 1 1500.000000
90.395119 2 3 1500.000000
90.432665 2 1 20000.000000
90.469119 2 0 1500.000000
90.565717 2 2 1500.000000
91.592344 2 1 100000.000000
91.698696 2 1 1000000.000000
91.758834 2 0 1000000.000000
91.906493 2 1 200000.000000
92.195744 2 1 1500.000000
92.468766 2 0 1500.000000
92.670292 2 3 1500.000000
92.916618 2 2 1500.000000
93.642863 2 1 1500.000000
94.119612 2 2 3000.000000
94.191318 2 0 1500.000000
94.467730 2 3 10000.000000
94.820849 2 1 3000000.000000
95.054855 2 3 3000000.000000
95.147795 2 0 1500.000000
95.260560 2 0 1500.000000
95.668555 2 0 1500.000000
96.107171 2 3 1500.000000
96.168245 2 1 1500.000000
96.284804 2 1 1500.000000
96.521847 2 3 3000000.000000
96.737824 2 0 3000.000000
97.318477 2 1 200000.000000
97.537353 2 3 100000.000000
97.703605 2 3 3000000.000000
97.759275 2 2 1500.000000
97.861671 2 0 200000.000000
97.958672 2 0 3000.000000
98.473205 2 1 4000000.000000
98.574808 2 3 3000.000000
98.655806 2 1 1500.000000
98.926011 2 2 1500.000000
98.929751 2 2 1500.000000
98.944070 2 1 1500.000000
98.989257 2 1 100000.000000
99.031402 2 2 1500.000000
99.189655 2 0 1000000.000000
99.430651 2 2 3000000.000000
99.488383 2 1 3000000.000000
99.887929 2 0 1000000.000000
99.901944 2 2 3000000.000000
100.164979 2 0 1500.000000
100.303162 2 0 4000000.000000
100.316904 2 1 1500.000000
100.378920 2 0 1500.000000
100.598254 2 3 1500.000000
101.714416 2 0 200000.000000
102.118179 2 3 1500.000000
102.520211 2 3 1500.000000
103.235651 2 2 4000000.000000
103.549283 2 3 1500.000000
103.742188 2 1 100000.000000
104.240496 2 2 10000.000000
104.261542 2 1 10000.000000
104.366559 2 1 10000.000000
104.658862 2 0 1500.000000
104.755038 2 0 100000.000000
104.787153 2 2 3000.000000
104.848540 2 1 1000000.000000
104.923072 2 1 3000000.000000
105.265979 2 0 3000.000000
105.529463 2 2 200000.000000
105.652694 2 2 1000000.000000
105.729624 2 3 100000.000000
105.881376 2 2 100000.000000
106.180023 2 1 1500.000000
106.862296 2 1 1500.000000
106.944302 2 1 2000000.000000
107.101782 2 2 2000000.000000
107.112986 2 3 1500.000000
107.266551 2 0 10000.000000
107.290033 2 2 1500.000000
107.522752 2 3 3000000.000000
107.660673 2 0 4000000.000000
108.490763 2 0 10000.000000
108.632563 2 1 1000000.000000
109.260337 2 2 100000.000000
109.273933 2 1 1500.000000
109.334715 2 1 1500.000000
109.721812 2 1 1500.000000
110.375486 2 1 3000000.000000
110.406377 2 1 3000.000000
110.454616 2 1 1500.000000
110.595000 2 1 3000000.000000
110.626895 2 1 4000000.000000
110.704171 2 2 1500.000000
111.050963 2 3 200000.000000
111.118899 2 2 3000000.000000
111.133063 2 2 3000.000000
111.288138 2 3 200000.000000
111.523261 2 1 1500.000000
111.544285 2 3 1500.000000
111.616495 2 1 1500.000000
111.964477 2 0 3000000.000000
112.118065 2 0 1500.000000
112.519359 2 2 4000000.000000
112.522940 2 0 100000.000000
112.723929 2 3 3000000.000000
112.836858 2 1 1500.000000
113.126876 2 1 3000.000000
113.202620 2 1 1500.000000
113.210516 2 1 2000000.000000
113.306329 2 1 1500.000000
113.685375 2 3 3000000.000000
113.906762 2 2 10000.000000
113.919198 2 1 1500.000000
113.967837 2 0 4000000.000000
114.379704 2 3 200000.000000
114.658110 2 0 10000.000000
114.675771 2 3 1500.000000
114.803106 2 0 1500.000000
114.861501 2 1 20000.000000
114.941187 2 0 2000000.000000
115.057322 2 3 1500.000000
115.526821 2 1 100000.000000
115.705011 2 1 1000000.000000
115.707163 2 0 1500.000000
115.756203 2 2 200000.000000
116.312368 2 1 1500.000000
116.358216 2 0 4000000.000000
116.448840 2 1 1500.000000
117.326228 2 3 1500.000000
117.655749 2 2 1500.000000
117.714297 2 2 200000.000000
117.890171 2 1 10000.000000
118.022733 2 3 1500.000000
118.041015 2 3 1000000.000000
118.101239 2 3 1500.000000
118.448060 2 1 3000000.000000
118.740694 2 1 3000.000000
118.874742 2 2 3000000.000000
119.035242 2 0 1500.000000
119.330694 2 0 1500.000000
119.475563 2 0 1500.000000
119.520126 2 1 1500.000000
119.969499 2 2 1500.000000
120.779199 2 3 3000000.000000
120.880206 2 3 20000.000000
121.166401 2 0 4000000.000000
121.209192 2 0 10000.000000
121.278960 2 2 3000.000000
121.528687 2 3 1500.000000
121.570245 2 1 4000000.000000
121.605373 2 1 200000.000000
122.184743 2 0 3000000.000000
122.846259 2 1 4000000.000000
123.562355 2 1 1500.000000
123.677841 2 2 1500.000000
123.793720 2 0 3000000.000000
124.045807 2 3 1500.000000
124.633789 2 3 10000.000000
124.792128 2 3 3000000.000000
124.986086 2 3 4000000.000000
125.721395 2 0 4000000.000000
126.156437 2 3 100000.000000
126.422238 2 0 1500.000000
127.356970 2 0 3000.000000
127.422136 2 3 1500.000000
127.437996 2 2 1500.000000
127.479920 2 0 1500.000000
127.756154 2 3 4000000.000000
127.849684 2 2 1500.000000
128.326746 2 2 1500.000000
128.377955 2 1 1500.000000
128.953213 2 2 3000.000000
129.055547 2 0 1500.000000
129.304492 2 2 4000000.000000
129.614140 2 0 200000.000000
129.693518 2 2 1500.000000
129.911113 2 0 1000000.000000
130.089601 2 1 100000.000000
130.379552 2 0 200000.000000
130.887029 2 1 4000000.000000
131.399167 2 3 1500.000000
131.645882 2 0 200000.000000
131.674725 2 2 3000000.000000
131.704952 2 0 3000000.000000
131.711649 2 3 4000000.000000
132.027954 2 0 4000000.000000
132.136919 2 1 1500.000000
132.322114 2 1 1500.000000
132.652242 2 1 1500.000000
132.754948 2 2 1500.000000
132.953502 2 1 1500.000000
133.790720 2 2 4000000.000000
133.997205 2 2 1500.000000
134.451379 2 3 3000000.000000
134.730817 2 0 1500.000000
134.993944 2 2 100000.000000
135.643723 2 3 1500.000000
136.407138 2 2 4000000.000000
136.954144 2 1 3000.000000
137.451737 2 2 1500.000000
137.856124 2 1 1000000.000000
137.937108 2 0 1500.000000
138.192589 2 2 1500.000000
138.592823 2 0 1500.000000
138.662400 2 2 200000.000000
139.065043 2 0 3000000.000000
139.798108 2 3 1000000.000000
140.498357 2 1 1500.000000
140.746790 2 1 3000.000000
140.753781 2 0 20000.000000
140.857547 2 0 4000000.000000
141.064449 2 1 1000000.000000
141.266862 2 0 1500.000000
141.895869 2 2 3000.000000
141.966174 2 2 100000.000000
142.118022 2 1 20000.000000
142.510271 2 3 4000000.000000
143.028541 2 2 1000000.000000
143.947619 2 3 100000.000000
144.514558 2 0 3000000.000000
145.053546 2 1 1500.000000
145.133663 2 1 200000.000000
145.217843 2 3 100000.000000
145.682274 2 1 3000000.000000
145.943700 2 3 1500.000000
146.140501 2 3 3000.000000
146.233647 2 3 3000000.000000
146.297972 2 3 1000000.000000
146.566647 2 0 3000000.000000
146.799353 2 0 2000000.000000
147.083074 2 2 200000.000000
147.087612 2 2 1500.000000
147.155985 2 3 3000000.000000
147.635755 2 3 4000000.000000
147.744739 2 3 3000.000000
147.818410 2 0 2000000.000000
148.094785 2 0 100000.000000
148.556705 2 0 1000000.000000
148.605505 2 3 3000000.000000
148.772434 2 1 1500.000000
148.793107 2 3 4000000.000000
148.802005 2 2 3000000.000000
149.059111 2 0 1500.000000
149.925649 2 2 1500.000000
0.083275 3 3 1000000.000000
0.421814 3 0 4000000.000000
0.899811 3 0 100000.000000
0.971382 3 2 20000.000000
1.320157 3 3 200000.000000
1.452056 3 1 4000000.000000
1.492075 3 1 1500.000000
1.834960 3 2 1500.000000
2.185985 3 2 1000000.000000
2.357218 3 1 3000.000000
2.368690 3 3 1500.000000
2.795396 3 0 3000000.000000
2.827053 3 2 10000.000000
2.916779 3 1 20000.000000
3.166232 3 0 1500.000000
3.308293 3 0 1500.000000
3.357067 3 1 2000000.000000
3.517852 3 0 10000.000000
3.927382 3 2 1500.000000
4.075841 3 0 3000000.000000
4.295772 3 0 3000.000000
4.358992 3 3 20000.000000
4.367001 3 3 1500.000000
4.557091 3 2 4000000.000000
4.684458 3 3 1500.000000
5.318694 3 0 4000000.000000
5.374507 3 2 1500.000000
6.054111 3 1 100000.000000
6.264542 3 3 1500.000000
7.345081 3 0 2000000.000000
7.353325 3 1 100000.000000
7.677969 3 2 1500.000000
7.697650 3 0 20000.000000
7.797280 3 0 1000000.000000
8.387715 3 0 1500.000000
9.513588 3 0 1500.000000
9.649401 3 3 1500.000000
9.732419 3 1 100000.000000
10.065679 3 1 4000000.000000
10.622557 3 0 1500.000000
10.632995 3 0 3000.000000
10.993587 3 3 200000.000000
11.449496 3 1 200000.000000
11.603112 3 3 3000000.000000
11.636563 3 3 1500.000000
11.723077 3 3 1500.000000
12.360189 3 3 1500.000000
12.612660 3 0 2000000.000000
13.128382 3 3 100000.000000
13.355819 3 2 3000000.000000
13.465461 3 1 1000000.000000
13.480133 3 0 100000.000000
13.642205 3 1 3000000.000000
13.758404 3 3 200000.000000
13.945680 3 1 1500.000000
14.144896 3 3 1500.000000
14.258933 3 0 100000.000000
15.001070 3 0 1500.000000
15.091745 3 3 1500.000000
15.138483 3 1 4000000.000000
15.332142 3 3 1500.000000
16.318506 3 0 3000000.000000
16.813912 3 1 1500.000000
17.287375 3 2 10000.000000
17.563439 3 0 1000000.000000
17.752754 3 3 3000000.000000
17.852858 3 2 4000000.000000
17.901431 3 2 4000000.000000
18.071698 3 1 4000000.000000
18.315753 3 2 1500.000000
18.514537 3 1 3000000.000000
18.733282 3 0 1500.000000
19.011100 3 3 10000.000000
19.024131 3 2 200000.000000
19.593706 3 3 10000.000000
19.636881 3 2 10000.000000
19.675823 3 3 3000.000000
19.736264 3 1 100000.000000
19.786135 3 2 100000.000000
19.879668 3 0 3000000.000000
20.705631 3 3 1500.000000
20.788206 3 0 3000000.000000
21.136228 3 3 100000.000000
21.357993 3 0 1500.000000
21.430286 3 0 1500.000000
21.441035 3 2 200000.000000
21.711625 3 3 1000000.000000
21.834987 3 2 1000000.000000
22.250776 3 2 1500.000000
22.316825 3 2 1000000.000000
22.741674 3 3 4000000.000000
22.833346 3 0 1500.000000
22.947307 3 2 100000.000000
23.226343 3 2 10000.000000
23.270030 3 0 1500.000000
23.382164 3 2 3000.000000
23.451455 3 2 10000.000000
23.917571 3 0 10000.000000
24.141781 3 2 100000.000000
24.422106 3 1 10000.000000
24.734061 3 3 100000.000000
24.971302 3 0 200000.000000
25.731097 3 2 10000.000000
26.175213 3 2 100000.000000
27.020425 3 3 1000000.000000
27.241296 3 2 3000000.000000
27.613129 3 0 1500.000000
27.960428 3 1 100000.000000
28.157050 3 0 20000.000000
28.713982 3 2 1500.000000
28.749335 3 2 1500.000000
28.922013 3 0 10000.000000
29.132963 3 3 10000.000000
29.496608 3 1 200000.000000
29.512926 3 2 3000000.000000
29.560556 3 0 3000.000000
29.565020 3 1 2000000.000000
29.728369 3 0 3000000.000000
29.835582 3 2 3000.000000
30.158966 3 0 4000000.000000
30.571159 3 2 1500.000000
30.767179 3 0 1500.000000
30.889227 3 1 10000.000000
30.919232 3 0 200000.000000
30.966691 3 0 1500.000000
31.199640 3 3 1500.000000
31.220383 3 3 200000.000000
31.478093 3 2 3000000.000000
31.490144 3 0 1500.000000
31.824565 3 0 200000.000000
31.870919 3 1 1000000.000000
31.992244 3 0 1500.000000
32.035124 3 0 100000.000000
32.528697 3 2 3000000.000000
32.700883 3 3 1500.000000
32.945738 3 0 100000.000000
32.991641 3 1 1500.000000
33.200801 3 0 20000.000000
33.203247 3 1 1500.000000
33.377063 3 0 100000.000000
33.390378 3 3 1500.000000
33.504083 3 0 1500.000000
34.009219 3 3 100000.000000
34.032967 3 0 20000.000000
34.108002 3 2 200000.000000
34.808097 3 2 1500.000000
34.982482 3 0 200000.000000
35.265742 3 2 100000.000000
35.292584 3 2 1500.000000
35.478031 3 3 100000.000000
35.524203 3 3 1000000.000000
35.612908 3 3 3000000.000000
36.254455 3 3 4000000.000000
37.092474 3 3 1500.000000
37.512580 3 3 100000.000000
37.651192 3 1 1000000.000000
37.697536 3 3 10000.000000
37.721166 3 0 100000.000000
37.762196 3 0 1500.000000
37.849399 3 1 200000.000000
38.276920 3 1 1500.000000
38.686343 3 1 1000000.000000
39.011882 3 1 1500.000000
39.214325 3 2 20000.000000
39.329650 3 1 1000000.000000
39.414465 3 1 1500.000000
40.031370 3 0 1500.000000
40.053810 3 1 10000.000000
40.312667 3 3 1500.000000
40.398971 3 3 4000000.000000
40.504412 3 3 200000.000000
40.780203 3 1 200000.000000
40.911076 3 2 1000000.000000
40.914979 3 0 200000.000000
41.321909 3 3 3000000.000000
41.646515 3 0 1000000.000000
41.726305 3 1 20000.000000
42.070184 3 2 3000000.000000
42.080653 3 2 3000000.000000
42.836811 3 3 4000000.000000
43.029021 3 2 4000000.000000
43.178574 3 3 1500.000000
43.396998 3 1 4000000.000000
43.601714 3 2 3000000.000000
43.771524 3 0 1500.000000
44.112444 3 3 1500.000000
44.191167 3 3 100000.000000
44.495598 3 2 1500.000000
44.698074 3 3 100000.000000
44.824475 3 0 200000.000000
45.219662 3 1 1000000.000000
45.361424 3 2 10000.000000
45.413786 3 2 10000.000000
45.505954 3 1 3000000.000000
45.936607 3 2 1500.000000
46.101450 3 3 3000000.000000
46.213869 3 1 1500.000000
46.278970 3 3 3000000.000000
46.639080 3 3 100000.000000
46.802028 3 2 1500.000000
47.952365 3 0 1500.000000
48.384917 3 0 1500.000000
48.435647 3 3 200000.000000
48.512912 3 0 10000.000000
48.919155 3 1 100000.000000
50.740547 3 0 1500.000000
50.983368 3 1 4000000.000000
51.012863 3 1 100000.000000
51.290129 3 3 4000000.000000
51.744206 3 0 200000.000000
51.858171 3 3 1000000.000000
51.922431 3 2 10000.000000
52.078411 3 2 1500.000000
52.331154 3 2 3000000.000000
52.804793 3 3 200000.000000
53.490871 3 2 1500.000000
53.602874 3 2 1500.000000
53.670797 3 2 3000.000000
53.870286 3 0 1500.000000
54.010735 3 3 200000.000000
54.119552 3 3 3000.000000
54.350183 3 0 1500.000000
54.390745 3 2 3000000.000000
54.449276 3 0 3000000.000000
54.575824 3 0 1000000.000000
54.772932 3 3 200000.000000
55.036867 3 3 200000.000000
55.074950 3 3 1500.000000
55.453812 3 2 4000000.000000
55.533142 3 0 10000.000000
55.583817 3 1 4000000.000000
55.700862 3 1 3000000.000000
55.727788 3 0 20000.000000
56.134846 3 1 100000.000000
56.386486 3 3 1500.000000
57.489391 3 2 1000000.000000
57.510705 3 0 100000.000000
57.733245 3 3 3000000.000000
57.809799 3 0 3000000.000000
58.158261 3 0 1500.000000
58.406426 3 3 1500.000000
58.485485 3 3 1500.000000
58.491741 3 0 1500.000000
58.670191 3 0 100000.000000
58.919868 3 3 1500.000000
58.987283 3 0 1500.000000
59.249915 3 2 1500.000000
59.629648 3 1 3000000.000000
60.324375 3 2 1500.000000
60.462429 3 3 200000.000000
60.462739 3 3 1500.000000
61.168417 3 3 1500.000000
61.198718 3 0 10000.000000
61.310416 3 2 200000.000000
61.434181 3 1 1000000.000000
61.905294 3 1 4000000.000000
61.922931 3 1 1500.000000
62.001587 3 3 1000000.000000
62.461601 3 3 3000.000000
62.898991 3 0 100000.000000
62.918078 3 0 2000000.000000
62.988029 3 0 1500.000000
63.076990 3 2 200000.000000
63.108999 3 1 3000000.000000
63.570133 3 3 1000000.000000
63.710599 3 1 100000.000000
63.823101 3 1 3000000.000000
63.930667 3 3 1500.000000
63.948485 3 3 3000.000000
64.140535 3 3 1000000.000000
64.496707 3 0 1500.000000
64.837191 3 1 1500.000000
64.985922 3 1 3000000.000000
65.532211 3 3 1500.000000
65.838066 3 0 1000000.000000
65.868865 3 0 3000.000000
65.894022 3 3 20000.000000
66.063230 3 2 200000.000000
66.285560 3 1 100000.000000
66.483540 3 2 1500.000000
66.494462 3 3 4000000.000000
66.534477 3 3 1500.000000
67.512288 3 1 3000000.000000
67.860191 3 3 1500.000000
67.952476 3 0 200000.000000
68.421085 3 1 10000.000000
69.209280 3 2 1500.000000
69.270881 3 1 2000000.000000
69.575286 3 3 4000000.000000
69.943172 3 1 1500.000000
70.194461 3 3 1500.000000
70.196593 3 3 1500.000000
70.350379 3 1 4000000.000000
70.357144 3 1 3000000.000000
70.377203 3 1 1500.000000
70.910731 3 2 3000000.000000
71.191309 3 3 100000.000000
71.465976 3 2 1500.000000
71.508300 3 0 3000000.000000
72.568487 3 1 1000000.000000
72.770915 3 3 3000000.000000
72.973880 3 0 200000.000000
73.112850 3 1 1500.000000
73.537524 3 1 1500.000000
73.596447 3 2 10000.000000
74.091743 3 0 3000000.000000
74.305733 3 3 1500.000000
74.676099 3 1 20000.000000
74.825818 3 2 3000000.000000
74.865390 3 2 1000000.000000
74.997635 3 1 1500.000000
75.091569 3 0 1500.000000
75.294919 3 3 1000000.000000
75.361497 3 1 3000000.000000
75.625867 3 3 1500.000000
75.880826 3 0 100000.000000
76.050465 3 1 3000000.000000
76.567420 3 0 1500.000000
76.674081 3 2 1500.000000
77.225528 3 3 1500.000000
77.608109 3 0 3000.000000
78.224287 3 3 20000.000000
78.816275 3 0 1500.000000
79.043950 3 0 1500.000000
79.052527 3 2 3000000.000000
79.075692 3 1 4000000.000000
79.083003 3 3 1500.000000
79.285007 3 0 100000.000000
79.551248 3 0 1500.000000
79.573360 3 2 100000.000000
79.677719 3 0 100000.000000
79.682377 3 2 1500.000000
79.720869 3 2 3000000.000000
79.898598 3 0 1500.000000
80.753844 3 0 1000000.000000
80.922853 3 2 3000000.000000
81.135777 3 3 1500.000000
81.236774 3 3 1000000.000000
81.552284 3 1 2000000.000000
81.637422 3 1 100000.000000
81.761902 3 2 200000.000000
81.895999 3 2 3000.000000
82.040507 3 1 4000000.000000
82.372072 3 0 1500.000000
82.587589 3 1 3000000.000000
82.726745 3 1 1000000.000000
83.341414 3 0 10000.000000
83.439242 3 3 1500.000000
83.722586 3 2 4000000.000000
83.766054 3 3 3000000.000000
84.005699 3 2 1500.000000
84.110676 3 2 3000000.000000
84.159940 3 2 100000.000000
84.729663 3 1 1500.000000
84.746785 3 1 200000.000000
84.940280 3 2 100000.000000
85.246958 3 2 3000000.000000
85.489231 3 1 1000000.000000
85.530625 3 0 3000000.000000
85.731860 3 0 3000.000000
86.112320 3 3 10000.000000
86.749671 3 2 1000000.000000
86.866184 3 2 1500.000000
86.917220 3 1 200000.000000
87.058911 3 0 1500.000000
87.174420 3 3 4000000.000000
87.482407 3 2 1000000.000000
87.538109 3 1 200000.000000
87.708232 3 3 3000.000000
87.884488 3 0 1500.000000
87.926540 3 1 1500.000000
87.958143 3 0 10000.000000
88.851524 3 0 1500.000000
88.943284 3 2 3000.000000
89.575711 3 2 2000000.000000
89.579754 3 1 1500.000000
89.720783 3 1 3000.000000
89.754386 3 0 200000.000000
89.944315 3 1 1000000.000000
90.427338 3 3 3000000.000000
90.545002 3 3 3000000.000000
90.951914 3 0 1500.000000
90.967436 3 0 100000.000000
90.971723 3 2 1500.000000
91.294159 3 0 100000.000000
91.325210 3 0 20000.000000
91.426817 3 2 4000000.000000
92.035206 3 1 1500.000000
92.074061 3 2 1500.000000
92.076535 3 2 200000.000000
92.173976 3 2 1500.000000
92.305369 3 2 1500.000000
92.696712 3 2 1500.000000
92.849822 3 2 3000.000000
93.338088 3 1 1000000.000000
93.418494 3 1 1500.000000
93.680985 3 0 10000.000000
94.192133 3 1 3000.000000
94.511843 3 3 1000000.000000
94.593114 3 0 10000.000000
94.952281 3 3 1500.000000
95.191870 3 0 20000.000000
95.334512 3 1 3000000.000000
95.647026 3 3 200000.000000
96.402135 3 1 3000.000000
96.568119 3 1 100000.000000
96.631361 3 0 1500.000000
97.361590 3 3 1500.000000
97.506035 3 2 1500.000000
97.612315 3 2 200000.000000
97.954615 3 3 1500.000000
98.856285 3 3 1500.000000
99.064594 3 0 10000.000000
99.300574 3 0 1500.000000
99.333134 3 1 100000.000000
99.360160 3 2 20000.000000
99.397184 3 1 4000000.000000
99.516651 3 1 1500.000000
99.676736 3 0 1500.000000
99.885457 3 2 4000000.000000
99.916732 3 1 3000000.000000
100.223679 3 1 3000.000000
100.251819 3 3 3000000.000000
100.925655 3 3 4000000.000000
100.963468 3 1 1500.000000
101.199431 3 1 100000.000000
101.203574 3 0 4000000.000000
101.728191 3 1 1500.000000
102.207985 3 1 10000.000000
102.470671 3 0 1500.000000
102.624708 3 2 2000000.000000
102.842190 3 2 1500.000000
102.915113 3 2 1500.000000
102.945610 3 1 1500.000000
103.015862 3 3 1500.000000
103.265691 3 0 3000.000000
103.428861 3 3 1000000.000000
103.583035 3 1 1500.000000
104.069603 3 1 1500.000000
104.134104 3 0 1500.000000
104.491544 3 2 1000000.000000
105.128771 3 3 1500.000000
105.765575 3 1 100000.000000
106.405889 3 0 200000.000000
106.564764 3 2 10000.000000
107.171175 3 1 4000000.000000
107.195402 3 3 1500.000000
107.410735 3 3 100000.000000
107.412377 3 3 1500.000000
107.419783 3 0 1500.000000
108.427810 3 0 4000000.000000
108.507986 3 3 3000.000000
109.140063 3 1 1500.000000
109.165245 3 2 1000000.000000
109.365165 3 2 1500.000000
109.741304 3 0 100000.000000
109.822544 3 3 200000.000000
110.041955 3 3 200000.000000
110.271698 3 0 3000.000000
110.836775 3 0 1500.000000
110.951957 3 0 10000.000000
110.978177 3 2 1500.000000
111.534869 3 1 200000.000000
111.786612 3 1 1500.000000
112.078175 3 2 10000.000000
112.443604 3 0 1500.000000
112.633003 3 1 1500.000000
112.729956 3 2 20000.000000
113.315077 3 0 1500.000000
113.336837 3 0 200000.000000
113.763984 3 3 1500.000000
114.183449 3 3 1500.000000
114.539740 3 0 4000000.000000
114.699353 3 0 4000000.000000
114.857068 3 2 100000.000000
115.276686 3 3 1500.000000
115.379911 3 1 1500.000000
116.053166 3 1 1000000.000000
116.170018 3 3 20000.000000
116.578664 3 0 3000000.000000
116.682290 3 3 100000.000000
116.772674 3 0 1000000.000000
116.932810 3 3 3000.000000
117.729910 3 2 3000.000000
117.953016 3 3 100000.000000
118.025808 3 2 3000.000000
118.838922 3 3 1500.000000
118.946831 3 2 1500.000000
119.399856 3 0 3000000.000000
119.505010 3 0 200000.000000
120.305038 3 2 1500.000000
120.352587 3 0 1500.000000
120.834198 3 2 200000.000000
120.902902 3 2 200000.000000
120.957038 3 0 4000000.000000
121.243274 3 3 1500.000000
121.688483 3 2 1500.000000
121.811801 3 0 1500.000000
121.952585 3 1 200000.000000
122.442798 3 2 1500.000000
122.654699 3 1 1500.000000
122.809667 3 0 20000.000000
122.908597 3 2 1500.000000
123.123549 3 3 3000000.000000
123.311743 3 0 100000.000000
123.326492 3 0 1000000.000000
123.333138 3 0 3000000.000000
123.358660 3 1 4000000.000000
123.469640 3 1 1000000.000000
123.526578 3 3 1500.000000
124.240937 3 2 20000.000000
124.323009 3 1 1500.000000
124.560505 3 1 1500.000000
124.628650 3 3 200000.000000
124.980181 3 3 3000000.000000
125.249378 3 0 1000000.000000
125.481457 3 1 2000000.000000
125.775686 3 0 1000000.000000
125.836798 3 2 1500.000000
126.091020 3 1 1500.000000
126.511235 3 0 1500.000000
126.724405 3 0 1500.000000
126.801535 3 1 1500.000000
126.873694 3 2 100000.000000
127.010490 3 1 200000.000000
127.022692 3 0 2000000.000000
127.081982 3 0 200000.000000
127.102656 3 1 1000000.000000
127.534669 3 2 1500.000000
127.621892 3 0 1500.000000
128.699064 3 1 1500.000000
128.907519 3 2 1500.000000
129.457909 3 0 1500.000000
129.484813 3 2 3000.000000
129.779579 3 3 100000.000000
130.362553 3 0 2000000.000000
131.093560 3 1 3000.000000
131.306820 3 3 1500.000000
131.392074 3 2 4000000.000000
131.434912 3 1 2000000.000000
131.742252 3 2 1500.000000
131.831393 3 3 200000.000000
131.949365 3 3 1500.000000
132.132728 3 0 3000000.000000
132.146622 3 0 2000000.000000
132.516521 3 0 3000.000000
132.560316 3 1 200000.000000
133.292769 3 0 10000.000000
133.580210 3 1 1500.000000
133.584262 3 0 1500.000000
134.125202 3 1 100000.000000
134.348055 3 3 3000.000000
134.565052 3 1 3000000.000000
134.733292 3 1 1500.000000
134.735034 3 3 4000000.000000
135.523652 3 2 3000.000000
135.562185 3 0 200000.000000
135.773766 3 0 20000.000000
135.815018 3 2 20000.000000
135.821749 3 2 1500.000000
135.975852 3 1 1500.000000
136.233397 3 0 1500.000000
136.406301 3 0 1500.000000
136.649725 3 3 1000000.000000
136.770431 3 2 1500.000000
137.016289 3 2 3000000.000000
137.018058 3 0 1500.000000
137.132794 3 2 1500.000000
137.836378 3 0 4000000.000000
137.880324 3 0 1500.000000
138.095906 3 2 1500.000000
138.113292 3 2 100000.000000
138.129355 3 0 1000000.000000
138.390373 3 2 1500.000000
138.551169 3 3 3000.000000
138.578920 3 2 100000.000000
138.643316 3 2 100000.000000
138.920717 3 2 1500.000000
139.322780 3 3 1500.000000
139.635734 3 1 4000000.000000
139.642918 3 1 20000.000000
139.747208 3 1 1500.000000
140.095439 3 1 100000.000000
140.264629 3 2 4000000.000000
140.433524 3 3 3000.000000
140.652895 3 2 4000000.000000
141.089433 3 0 10000.000000
141.539159 3 0 10000.000000
142.120546 3 2 100000.000000
142.229641 3 0 10000.000000
143.346367 3 3 200000.000000
143.449109 3 1 200000.000000
143.770702 3 0 3000.000000
143.822442 3 0 20000.000000
143.961161 3 1 1500.000000
144.436868 3 1 3000000.000000
145.115864 3 1 1500.000000
145.172462 3 3 1000000.000000
145.194833 3 2 1500.000000
145.229905 3 0 10000.000000
145.241556 3 3 10000.000000
145.804299 3 3 200000.000000
146.147932 3 2 4000000.000000
146.310066 3 0 200000.000000
146.531257 3 2 200000.000000
146.558976 3 2 10000.000000
146.666524 3 2 100000.000000
146.872534 3 2 1500.000000
148.038021 3 3 1500.000000
148.052601 3 2 100000.000000
148.563066 3 0 4000000.000000
148.827311 3 2 3000.000000
149.065150 3 2 1500.000000
149.227536 3 0 1500.000000
149.643222 3 2 3000000.000000
149.669410 3 2 1500.000000
149.872915 3 3 200000.000000
