1.242072 0 3 1000000.000000
1.304826 0 2 1500.000000
1.726177 0 2 3000000.000000
2.008627 0 0 1000000.000000
2.314524 0 3 1500.000000
3.707873 0 0 1000000.000000
3.738699 0 3 1500.000000
4.070104 0 3 1500.000000
4.975607 0 0 1500.000000
5.241423 0 2 10000.000000
5.316720 0 2 4000000.000000
6.025333 0 0 4000000.000000
7.076456 0 3 1500.000000
7.205063 0 0 1500.000000
7.341637 0 1 1000000.000000
7.600539 0 1 1000000.000000
7.653891 0 0 100000.000000
8.141083 0 2 200000.000000
8.375474 0 0 4000000.000000
9.348965 0 0 3000.000000
9.609432 0 1 100000.000000
10.096686 0 2 3000.000000
10.126983 0 1 1000000.000000
10.492725 0 2 1500.000000
10.541642 0 1 200000.000000
10.560171 0 2 1000000.000000
10.989071 0 3 1500.000000
11.025120 0 3 1500.000000
11.569864 0 1 1000000.000000
11.596180 0 1 100000.000000
12.427020 0 0 4000000.000000
13.085789 0 2 1500.000000
13.395811 0 2 200000.000000
14.793288 0 3 1500.000000
14.880331 0 2 1500.000000
15.085635 0 1 1000000.000000
15.121348 0 0 3000000.000000
15.205939 0 0 10000.000000
15.207298 0 1 1500.000000
16.034358 0 3 20000.000000
16.252342 0 2 1000000.000000
16.299439 0 1 3000000.000000
16.827151 0 0 1500.000000
17.353242 0 1 1500.000000
17.370510 0 3 1500.000000
17.459469 0 0 2000000.000000
18.974522 0 1 10000.000000
19.301521 0 0 1500.000000
19.407239 0 3 200000.000000
19.510470 0 2 3000000.000000
19.555838 0 2 1000000.000000
19.866808 0 1 10000.000000
20.017028 0 3 200000.000000
20.775061 0 0 1000000.000000
21.083258 0 3 100000.000000
21.415253 0 2 100000.000000
21.428578 0 0 4000000.000000
21.669817 0 3 20000.000000
21.707774 0 3 4000000.000000
22.845545 0 2 1000000.000000
22.911789 0 3 1500.000000
24.203595 0 2 4000000.000000
24.240919 0 0 20000.000000
24.285759 0 0 1500.000000
24.314936 0 1 1500.000000
24.644885 0 1 3000.000000
25.023231 0 3 1500.000000
25.282797 0 2 4000000.000000
25.522272 0 3 3000000.000000
25.650749 0 3 1500.000000
26.225097 0 1 10000.000000
26.284012 0 3 3000000.000000
26.924020 0 1 1500.000000
27.180850 0 2 1500.000000
27.210690 0 3 3000.000000
27.883254 0 3 10000.000000
28.332492 0 2 3000000.000000
28.348830 0 3 1000000.000000
28.464531 0 3 100000.000000
28.595970 0 2 1500.000000
28.960090 0 2 1500.000000
29.089525 0 3 1500.000000
29.405695 0 1 3000000.000000
29.614514 0 0 200000.000000
30.212510 0 3 3000000.000000
30.665342 0 2 1500.000000
30.869661 0 0 1500.000000
30.934097 0 2 1000000.000000
31.107864 0 0 1000000.000000
31.179867 0 2 100000.000000
31.737873 0 0 100000.000000
31.856699 0 2 1500.000000
31.973801 0 2 3000.000000
32.371373 0 0 3000.000000
34.097905 0 1 200000.000000
34.771115 0 1 1500.000000
34.963394 0 1 3000000.000000
35.239996 0 1 1000000.000000
36.050912 0 2 3000.000000
36.491051 0 2 10000.000000
36.824388 0 0 1500.000000
37.046455 0 2 1500.000000
37.821769 0 2 1500.000000
38.112570 0 2 1000000.000000
38.410160 0 0 1500.000000
38.461511 0 2 1500.000000
38.668649 0 1 1000000.000000
38.721976 0 2 1500.000000
38.842004 0 2 10000.000000
38.869714 0 0 100000.000000
39.413540 0 1 20000.000000
39.463563 0 3 100000.000000
40.512452 0 1 1500.000000
40.668240 0 1 1500.000000
40.836475 0 1 1500.000000
41.516695 0 1 1500.000000
41.815098 0 0 1500.000000
43.597219 0 1 10000.000000
43.661905 0 3 4000000.000000
43.848170 0 0 1500.000000
43.979589 0 3 20000.000000
44.335849 0 3 200000.000000
44.644890 0 0 10000.000000
44.752842 0 3 3000000.000000
44.967083 0 3 4000000.000000
45.490773 0 2 20000.000000
45.766776 0 0 200000.000000
45.930964 0 3 1500.000000
46.602744 0 1 3000000.000000
47.355907 0 1 1500.000000
47.405593 0 3 1500.000000
47.589237 0 3 1500.000000
47.652680 0 1 1000000.000000
47.776089 0 1 1500.000000
48.322965 0 0 1500.000000
48.591510 0 3 1500.000000
48.707415 0 1 1500.000000
48.992175 0 0 1500.000000
50.167411 0 3 1500.000000
50.168147 0 3 20000.000000
50.261801 0 3 1000000.000000
50.430281 0 3 1500.000000
50.576385 0 2 1500.000000
50.634200 0 1 100000.000000
50.721461 0 2 3000.000000
50.926751 0 1 20000.000000
51.576287 0 1 1000000.000000
51.626677 0 1 1500.000000
51.751949 0 1 2000000.000000
51.773162 0 3 200000.000000
52.229301 0 1 4000000.000000
52.415065 0 0 10000.000000
52.509089 0 1 1500.000000
52.625128 0 3 3000000.000000
52.679184 0 0 3000000.000000
52.690416 0 0 2000000.000000
53.265268 0 0 1500.000000
53.489816 0 2 200000.000000
54.229401 0 2 3000000.000000
54.579297 0 2 1000000.000000
54.878905 0 3 1500.000000
55.161944 0 2 1000000.000000
56.032034 0 0 3000000.000000
56.269414 0 3 100000.000000
57.270976 0 3 1500.000000
57.446352 0 2 1500.000000
57.609687 0 2 1500.000000
57.613677 0 2 4000000.000000
58.049760 0 3 3000000.000000
58.222464 0 0 100000.000000
58.393380 0 3 1500.000000
58.839132 0 2 4000000.000000
58.936059 0 0 1500.000000
59.292394 0 2 1500.000000
59.870768 0 0 1000000.000000
59.891212 0 2 10000.000000
60.703209 0 3 1500.000000
60.892112 0 0 1500.000000
61.146321 0 1 200000.000000
61.167001 0 0 1500.000000
61.845820 0 2 1500.000000
62.115276 0 0 1500.000000
62.122142 0 1 3000000.000000
62.509083 0 0 1500.000000
62.521154 0 3 1500.000000
62.895570 0 3 4000000.000000
63.786081 0 1 20000.000000
64.110592 0 2 100000.000000
64.552310 0 1 1500.000000
64.715641 0 3 20000.000000
65.501931 0 0 1500.000000
65.553931 0 1 3000000.000000
66.231352 0 2 1500.000000
66.239398 0 3 4000000.000000
66.514397 0 1 1500.000000
67.161542 0 3 2000000.000000
67.793996 0 2 2000000.000000
68.470203 0 0 4000000.000000
68.502944 0 1 3000000.000000
68.956408 0 3 3000.000000
68.970376 0 0 20000.000000
69.078795 0 3 1500.000000
69.239112 0 3 1500.000000
69.345480 0 2 2000000.000000
69.539784 0 1 3000000.000000
69.825085 0 2 100000.000000
69.978775 0 3 1500.000000
70.045933 0 0 4000000.000000
70.241457 0 1 2000000.000000
70.427774 0 1 1500.000000
70.606959 0 3 1500.000000
71.602529 0 2 1500.000000
71.699631 0 0 100000.000000
72.111318 0 0 1500.000000
73.555110 0 2 1500.000000
73.988857 0 2 1000000.000000
74.444145 0 1 3000000.000000
75.200943 0 0 1500.000000
75.340139 0 2 4000000.000000
75.349714 0 0 3000000.000000
75.386127 0 0 1500.000000
75.413867 0 0 4000000.000000
75.558537 0 3 2000000.000000
75.724927 0 0 3000000.000000
76.082669 0 0 1500.000000
76.262315 0 3 20000.000000
76.663496 0 2 10000.000000
76.921336 0 0 20000.000000
76.985509 0 3 3000.000000
77.222309 0 3 3000000.000000
77.874868 0 3 1500.000000
78.138650 0 3 1500.000000
78.283625 0 2 1500.000000
78.301593 0 0 1500.000000
78.554111 0 2 1500.000000
78.596588 0 3 1500.000000
78.951565 0 3 20000.000000
78.962586 0 1 3000000.000000
79.500942 0 0 200000.000000
79.600190 0 3 4000000.000000
79.826213 0 3 1500.000000
80.271073 0 3 100000.000000
80.915783 0 3 1500.000000
81.059251 0 3 1500.000000
81.123689 0 3 1500.000000
81.196118 0 3 100000.000000
81.428890 0 0 1500.000000
81.451626 0 2 10000.000000
81.515889 0 2 3000000.000000
82.003871 0 3 2000000.000000
83.028110 0 2 200000.000000
83.400493 0 2 1500.000000
84.198441 0 2 3000.000000
84.491435 0 0 4000000.000000
84.594241 0 0 1500.000000
85.147236 0 2 1500.000000
85.392301 0 1 1500.000000
85.595347 0 0 200000.000000
85.754475 0 0 200000.000000
86.062070 0 2 1500.000000
86.314874 0 2 3000000.000000
86.352491 0 1 1500.000000
86.411671 0 0 2000000.000000
86.720512 0 0 1500.000000
87.230749 0 1 1500.000000
87.607815 0 2 200000.000000
87.643380 0 2 2000000.000000
87.675934 0 1 200000.000000
87.819280 0 3 100000.000000
88.130851 0 2 1500.000000
88.696832 0 1 20000.000000
88.735207 0 3 4000000.000000
89.334030 0 1 4000000.000000
89.493748 0 3 1500.000000
89.531652 0 3 3000000.000000
89.550337 0 0 1500.000000
89.831047 0 3 4000000.000000
90.312600 0 3 1000000.000000
90.812418 0 0 1500.000000
91.064947 0 1 10000.000000
91.146639 0 3 1500.000000
91.191723 0 0 3000000.000000
91.213307 0 3 1500.000000
91.283985 0 1 1500.000000
91.727431 0 0 100000.000000
91.971269 0 2 100000.000000
91.980182 0 3 4000000.000000
92.764221 0 0 3000.000000
92.818039 0 0 100000.000000
93.191992 0 1 1500.000000
93.262389 0 2 10000.000000
93.400777 0 0 100000.000000
93.934697 0 2 100000.000000
94.659659 0 1 100000.000000
94.861282 0 3 4000000.000000
94.890460 0 3 4000000.000000
95.878872 0 2 1500.000000
96.387002 0 3 3000000.000000
96.457034 0 1 1500.000000
97.246876 0 0 1000000.000000
97.391436 0 3 1000000.000000
97.690699 0 3 10000.000000
97.834048 0 3 1500.000000
98.051561 0 2 1500.000000
98.338445 0 3 10000.000000
98.642568 0 3 200000.000000
99.067618 0 0 200000.000000
99.265959 0 3 200000.000000
99.534652 0 3 100000.000000
100.051712 0 0 1500.000000
100.296507 0 2 1500.000000
100.381894 0 0 3000.000000
100.525740 0 2 100000.000000
100.587347 0 2 1500.000000
100.643277 0 3 4000000.000000
100.657924 0 1 1000000.000000
100.897734 0 0 1500.000000
100.934756 0 0 4000000.000000
103.139060 0 0 100000.000000
103.161572 0 2 100000.000000
103.189264 0 1 200000.000000
103.350693 0 1 1500.000000
103.522009 0 1 10000.000000
103.766665 0 3 1500.000000
104.031267 0 0 1500.000000
104.131744 0 2 1500.000000
104.149376 0 2 1500.000000
104.431938 0 3 1500.000000
104.464273 0 1 1500.000000
104.490218 0 0 4000000.000000
105.183281 0 3 1000000.000000
105.341733 0 2 4000000.000000
105.729208 0 2 10000.000000
106.669072 0 2 1500.000000
107.029591 0 0 200000.000000
107.153641 0 2 10000.000000
107.929352 0 2 1500.000000
108.867101 0 2 1500.000000
109.245354 0 3 3000000.000000
109.407904 0 3 1500.000000
109.537317 0 0 20000.000000
109.687677 0 1 3000000.000000
109.969344 0 3 4000000.000000
110.426581 0 2 1500.000000
110.586583 0 1 4000000.000000
110.793381 0 0 20000.000000
111.356543 0 1 1500.000000
111.467108 0 3 100000.000000
111.826628 0 0 10000.000000
112.643501 0 2 1500.000000
114.061152 0 2 1000000.000000
114.089930 0 1 20000.000000
114.717341 0 3 4000000.000000
114.822725 0 3 1000000.000000
114.875159 0 0 3000000.000000
114.925555 0 1 1500.000000
115.327047 0 3 4000000.000000
115.352925 0 2 3000000.000000
115.377602 0 3 3000.000000
116.010879 0 2 1500.000000
116.446494 0 3 1500.000000
116.990085 0 1 1500.000000
117.803389 0 0 1500.000000
118.091927 0 0 1500.000000
118.640962 0 2 10000.000000
119.219791 0 0 1500.000000
119.352942 0 2 1000000.000000
119.379622 0 0 1000000.000000
119.384513 0 0 2000000.000000
119.426957 0 3 1500.000000
120.032550 0 1 1500.000000
120.104695 0 0 4000000.000000
120.528808 0 2 1500.000000
120.544363 0 2 10000.000000
120.657149 0 2 3000000.000000
120.823230 0 2 1500.000000
120.858582 0 2 1500.000000
120.957172 0 2 200000.000000
121.303329 0 3 1500.000000
121.906936 0 2 10000.000000
121.946988 0 0 1500.000000
122.634388 0 1 4000000.000000
122.637494 0 3 1000000.000000
122.819451 0 3 1500.000000
122.895707 0 0 1000000.000000
122.974884 0 3 1500.000000
123.120426 0 2 3000000.000000
123.148667 0 1 3000000.000000
123.414880 0 1 100000.000000
123.561512 0 2 4000000.000000
123.565577 0 3 3000000.000000
123.896023 0 1 4000000.000000
124.177999 0 3 1500.000000
124.680339 0 3 1500.000000
124.717624 0 2 1500.000000
124.759231 0 0 3000.000000
125.071100 0 3 200000.000000
125.195121 0 1 3000000.000000
125.349001 0 3 1500.000000
125.424084 0 1 1500.000000
125.453829 0 3 1500.000000
126.532637 0 1 1500.000000
126.931241 0 3 4000000.000000
126.947307 0 3 20000.000000
127.334096 0 2 4000000.000000
127.487923 0 0 3000000.000000
127.565876 0 2 1500.000000
127.603941 0 3 100000.000000
127.704916 0 1 4000000.000000
128.367461 0 0 1500.000000
128.703304 0 0 200000.000000
128.743320 0 3 1500.000000
129.055054 0 3 100000.000000
129.447396 0 2 1500.000000
129.972329 0 1 4000000.000000
129.985544 0 2 1500.000000
130.150074 0 0 100000.000000
130.586020 0 3 1500.000000
130.594317 0 3 1500.000000
130.627919 0 0 3000000.000000
130.651094 0 3 100000.000000
131.888373 0 3 200000.000000
132.094418 0 2 1500.000000
132.098130 0 3 1500.000000
132.129206 0 2 1500.000000
132.357725 0 3 100000.000000
132.701346 0 0 200000.000000
132.717076 0 2 1500.000000
133.027526 0 3 200000.000000
133.201678 0 2 4000000.000000
133.644587 0 1 1500.000000
133.943122 0 1 200000.000000
134.007462 0 0 1500.000000
134.168498 0 1 2000000.000000
134.210283 0 2 3000000.000000
134.437275 0 1 1000000.000000
134.699285 0 2 4000000.000000
135.377356 0 3 1500.000000
135.413498 0 3 1500.000000
135.763741 0 0 200000.000000
135.819178 0 2 100000.000000
135.892870 0 0 1500.000000
136.473245 0 2 4000000.000000
136.718039 0 2 1500.000000
137.616939 0 3 1500.000000
138.551874 0 1 1500.000000
138.774492 0 0 1500.000000
138.810559 0 2 1000000.000000
139.110499 0 3 100000.000000
139.527247 0 0 20000.000000
139.583741 0 1 1500.000000
139.616584 0 0 1500.000000
139.737428 0 2 1500.000000
140.912301 0 0 3000000.000000
141.093847 0 2 4000000.000000
141.410136 0 3 20000.000000
141.425411 0 0 2000000.000000
141.434129 0 2 1500.000000
141.530373 0 1 1500.000000
141.651922 0 3 3000000.000000
141.679455 0 0 10000.000000
142.089699 0 1 3000000.000000
142.292469 0 3 4000000.000000
142.525560 0 2 200000.000000
142.628842 0 3 1500.000000
142.658490 0 1 4000000.000000
142.813765 0 0 4000000.000000
143.304859 0 0 1500.000000
143.449481 0 0 1500.000000
143.694119 0 3 1500.000000
144.029334 0 1 200000.000000
144.123281 0 2 1500.000000
144.421971 0 1 4000000.000000
144.452786 0 3 1500.000000
144.552679 0 1 3000.000000
144.676533 0 0 1500.000000
144.752577 0 3 1500.000000
145.079965 0 3 1500.000000
145.093410 0 1 100000.000000
145.121762 0 1 100000.000000
145.595266 0 3 3000.000000
145.625426 0 0 2000000.000000
146.232598 0 3 1500.000000
146.738737 0 1 3000.000000
146.758245 0 2 1000000.000000
147.013143 0 2 1500.000000
147.035402 0 3 3000000.000000
147.370289 0 1 4000000.000000
147.855148 0 2 1500.000000
147.867247 0 0 100000.000000
148.013873 0 3 1500.000000
148.076776 0 1 10000.000000
148.577669 0 1 1000000.000000
148.782625 0 0 100000.000000
149.746575 0 1 200000.000000
0.350058 1 2 1500.000000
1.013686 1 0 1000000.000000
1.087248 1 0 3000.000000
1.136376 1 0 4000000.000000
1.202138 1 0 200000.000000
1.918550 1 3 4000000.000000
1.971364 1 1 1000000.000000
3.596159 1 3 1500.000000
3.674169 1 3 200000.000000
3.944861 1 3 4000000.000000
4.025262 1 1 3000000.000000
4.294834 1 3 100000.000000
4.439530 1 0 1000000.000000
4.936408 1 3 3000000.000000
4.972160 1 3 100000.000000
5.349897 1 2 20000.000000
5.363775 1 1 200000.000000
6.280946 1 1 200000.000000
6.483772 1 3 3000000.000000
7.209376 1 0 4000000.000000
7.244043 1 3 3000.000000
7.500403 1 1 1500.000000
7.526467 1 1 1500.000000
7.879916 1 3 3000000.000000
7.947906 1 2 1500.000000
8.559835 1 0 1500.000000
8.664099 1 0 1500.000000
8.711035 1 2 3000.000000
9.203557 1 1 20000.000000
9.257809 1 0 1000000.000000
9.618461 1 1 3000.000000
9.766482 1 2 3000000.000000
9.822164 1 2 100000.000000
9.894226 1 1 200000.000000
10.084589 1 0 100000.000000
10.534267 1 0 20000.000000
10.785107 1 0 20000.000000
11.261316 1 0 200000.000000
11.285600 1 2 1500.000000
13.081720 1 2 1500.000000
13.567455 1 1 3000.000000
14.117899 1 0 1500.000000
14.267075 1 3 4000000.000000
14.365410 1 1 1500.000000
14.400907 1 3 4000000.000000
14.445281 1 0 1500.000000
14.701271 1 0 1500.000000
14.846908 1 0 10000.000000
15.540649 1 2 3000000.000000
15.728102 1 3 100000.000000
15.828905 1 2 1500.000000
16.417945 1 2 3000000.000000
17.128346 1 1 3000000.000000
17.136574 1 3 20000.000000
17.436708 1 1 100000.000000
17.854958 1 0 200000.000000
18.556028 1 1 1500.000000
18.751705 1 3 1500.000000
19.125301 1 3 1500.000000
19.276369 1 0 1500.000000
19.646946 1 2 2000000.000000
19.777991 1 0 1500.000000
20.083942 1 3 1500.000000
20.611268 1 1 1500.000000
20.653849 1 1 1500.000000
20.659458 1 1 4000000.000000
21.215581 1 0 1000000.000000
21.419301 1 1 1000000.000000
21.845516 1 2 4000000.000000
21.882978 1 0 1500.000000
22.420356 1 2 1500.000000
22.533855 1 2 4000000.000000
22.833102 1 2 1000000.000000
23.004257 1 3 10000.000000
23.473171 1 2 10000.000000
23.770751 1 0 100000.000000
24.114422 1 0 20000.000000
24.330048 1 2 200000.000000
25.401602 1 0 1500.000000
26.021818 1 1 1000000.000000
26.150166 1 0 3000000.000000
26.216414 1 0 1500.000000
26.497118 1 2 200000.000000
26.619295 1 1 200000.000000
26.641424 1 2 1000000.000000
26.650334 1 3 100000.000000
26.720957 1 2 100000.000000
26.931203 1 0 200000.000000
27.015303 1 3 20000.000000
27.447143 1 2 1500.000000
27.725332 1 3 1500.000000
27.745765 1 1 1500.000000
28.309773 1 3 100000.000000
28.588298 1 2 100000.000000
28.907131 1 3 100000.000000
29.339139 1 1 100000.000000
29.405175 1 2 1500.000000
29.881912 1 3 3000.000000
30.368970 1 3 3000000.000000
30.945497 1 0 4000000.000000
31.595299 1 1 2000000.000000
32.412993 1 1 200000.000000
32.421019 1 1 200000.000000
32.422703 1 0 200000.000000
32.576061 1 1 20000.000000
33.165364 1 1 100000.000000
33.366845 1 1 3000.000000
33.949741 1 3 200000.000000
34.586762 1 2 1500.000000
34.655242 1 3 1500.000000
34.866351 1 1 20000.000000
34.899887 1 0 4000000.000000
35.020950 1 2 100000.000000
35.246729 1 0 3000000.000000
35.623074 1 3 4000000.000000
36.623789 1 2 100000.000000
36.818692 1 1 4000000.000000
37.556343 1 0 100000.000000
37.943706 1 1 200000.000000
38.447185 1 3 1500.000000
38.606201 1 3 1500.000000
38.829690 1 2 1500.000000
39.005822 1 3 3000000.000000
39.210791 1 0 200000.000000
39.273626 1 2 3000.000000
39.683578 1 2 1500.000000
39.975591 1 0 100000.000000
40.176170 1 0 4000000.000000
40.821478 1 1 3000.000000
40.833335 1 3 1500.000000
40.986731 1 1 1500.000000
41.022396 1 0 1500.000000
41.056197 1 1 100000.000000
41.942075 1 1 1500.000000
42.430566 1 2 20000.000000
42.788883 1 0 4000000.000000
43.811923 1 0 20000.000000
44.716030 1 2 4000000.000000
45.041715 1 3 1500.000000
45.514033 1 0 3000.000000
46.367913 1 2 10000.000000
46.467003 1 1 10000.000000
46.728923 1 0 20000.000000
46.891569 1 1 1000000.000000
47.276320 1 2 1500.000000
47.476705 1 1 1500.000000
47.531472 1 2 1500.000000
47.790065 1 2 100000.000000
47.899553 1 3 100000.000000
48.366040 1 1 1500.000000
48.898110 1 3 200000.000000
48.965203 1 2 3000000.000000
48.970217 1 3 100000.000000
49.077364 1 3 1500.000000
49.141469 1 3 20000.000000
49.167145 1 0 3000000.000000
49.175378 1 2 3000000.000000
49.245201 1 0 4000000.000000
49.781142 1 3 1000000.000000
50.137898 1 0 3000000.000000
50.625109 1 3 1500.000000
50.797173 1 0 4000000.000000
50.814340 1 3 20000.000000
50.858986 1 1 1500.000000
50.919518 1 1 3000.000000
51.162330 1 3 1500.000000
51.289235 1 0 1500.000000
52.293417 1 0 200000.000000
53.559014 1 2 4000000.000000
53.819291 1 2 200000.000000
54.499806 1 2 1500.000000
54.835002 1 3 3000000.000000
54.898465 1 3 3000000.000000
55.054512 1 3 3000000.000000
55.078200 1 1 1500.000000
55.611295 1 3 1500.000000
55.679282 1 0 1500.000000
55.849637 1 2 100000.000000
56.392734 1 2 1000000.000000
56.935037 1 2 3000000.000000
57.105897 1 1 3000000.000000
57.172901 1 0 200000.000000
57.443314 1 0 200000.000000
57.548435 1 1 10000.000000
57.896465 1 3 4000000.000000
58.079414 1 0 100000.000000
58.331447 1 1 100000.000000
58.695144 1 2 4000000.000000
59.000607 1 2 3000000.000000
59.167570 1 3 100000.000000
59.628816 1 0 3000000.000000
60.125380 1 0 1000000.000000
60.294010 1 2 1500.000000
60.408697 1 1 10000.000000
60.505401 1 1 1500.000000
60.905481 1 1 200000.000000
61.005267 1 1 3000000.000000
61.096297 1 0 1500.000000
61.287285 1 2 1500.000000
61.561502 1 0 1500.000000
62.169128 1 0 100000.000000
62.230468 1 3 4000000.000000
62.235831 1 3 1500.000000
62.450605 1 2 200000.000000
63.156555 1 3 1500.000000
63.363065 1 1 1000000.000000
63.818313 1 3 3000000.000000
64.182943 1 1 1500.000000
64.677654 1 0 3000000.000000
65.083544 1 3 1000000.000000
65.337284 1 1 4000000.000000
65.625897 1 1 1500.000000
65.733117 1 1 1500.000000
66.534895 1 0 20000.000000
66.601999 1 3 1500.000000
66.617024 1 1 100000.000000
66.686190 1 0 100000.000000
66.998832 1 1 100000.000000
67.040681 1 2 4000000.000000
67.285918 1 1 200000.000000
67.321457 1 0 3000000.000000
67.477260 1 2 1500.000000
67.902222 1 0 10000.000000
68.279965 1 1 20000.000000
68.753965 1 1 20000.000000
69.085308 1 3 3000000.000000
69.456763 1 0 200000.000000
70.183341 1 1 3000000.000000
70.340575 1 1 1500.000000
70.377585 1 1 10000.000000
70.545516 1 2 1500.000000
70.726611 1 0 1000000.000000
70.907584 1 3 1500.000000
71.348780 1 2 200000.000000
72.025113 1 0 4000000.000000
72.446934 1 3 100000.000000
72.664829 1 2 1500.000000
73.000220 1 3 200000.000000
73.548153 1 0 100000.000000
73.565691 1 3 100000.000000
74.545724 1 1 10000.000000
74.961000 1 0 4000000.000000
75.065055 1 2 3000.000000
75.074721 1 0 3000.000000
75.093484 1 3 200000.000000
75.243921 1 0 3000000.000000
75.423208 1 0 3000.000000
75.511820 1 1 3000.000000
75.643553 1 1 4000000.000000
75.771444 1 0 4000000.000000
75.949700 1 3 4000000.000000
76.474343 1 1 1500.000000
76.654883 1 1 1500.000000
77.015828 1 3 4000000.000000
77.101654 1 2 1500.000000
77.632627 1 3 1500.000000
77.793774 1 1 100000.000000
77.804961 1 1 200000.000000
78.057997 1 1 200000.000000
78.523558 1 0 3000.000000
78.637881 1 3 3000000.000000
78.977285 1 2 20000.000000
79.422524 1 1 1500.000000
79.462296 1 2 200000.000000
79.668327 1 3 10000.000000
80.477651 1 0 200000.000000
80.515014 1 2 1500.000000
81.243587 1 3 100000.000000
81.339061 1 2 4000000.000000
81.484255 1 2 1500.000000
81.617238 1 1 200000.000000
81.686141 1 0 1000000.000000
81.848085 1 1 4000000.000000
81.879574 1 3 100000.000000
82.027629 1 3 3000.000000
82.221804 1 2 3000.000000
82.481282 1 3 1500.000000
82.661298 1 1 4000000.000000
83.150899 1 0 1000000.000000
83.212652 1 3 3000000.000000
83.394200 1 1 3000000.000000
83.706158 1 1 100000.000000
83.890162 1 0 100000.000000
84.717504 1 0 1500.000000
84.772676 1 3 1000000.000000
84.860836 1 3 1500.000000
85.329259 1 3 1500.000000
85.868111 1 3 1500.000000
85.887147 1 1 1500.000000
86.484519 1 2 2000000.000000
86.643201 1 1 200000.000000
86.801045 1 2 4000000.000000
86.810479 1 2 100000.000000
87.397019 1 1 10000.000000
87.679411 1 2 1500.000000
87.829680 1 2 4000000.000000
87.850421 1 3 3000000.000000
88.507080 1 3 200000.000000
89.271336 1 0 200000.000000
89.329269 1 3 4000000.000000
90.115563 1 1 10000.000000
90.944161 1 3 1500.000000
91.051875 1 2 1500.000000
91.201643 1 1 3000000.000000
91.246748 1 1 1500.000000
91.250755 1 3 1000000.000000
91.300585 1 1 3000000.000000
91.318429 1 0 100000.000000
91.328510 1 0 1500.000000
91.730908 1 1 200000.000000
91.837282 1 2 1500.000000
91.929091 1 1 3000000.000000
91.983510 1 3 200000.000000
92.022844 1 1 100000.000000
92.041654 1 0 3000.000000
92.164820 1 2 1500.000000
92.386938 1 3 3000000.000000
92.820845 1 3 4000000.000000
93.080252 1 0 3000000.000000
93.620789 1 0 4000000.000000
93.723941 1 0 10000.000000
93.945140 1 1 1500.000000
94.700920 1 0 3000000.000000
95.321525 1 0 1500.000000
95.322051 1 2 1500.000000
95.381269 1 2 1500.000000
95.457395 1 1 1500.000000
95.689841 1 2 3000000.000000
95.751889 1 0 200000.000000
96.003373 1 3 100000.000000
96.234392 1 0 100000.000000
96.475085 1 3 3000.000000
96.546709 1 3 1000000.000000
96.867069 1 0 3000000.000000
97.128100 1 2 1500.000000
97.885845 1 1 200000.000000
97.886833 1 3 10000.000000
98.264943 1 0 4000000.000000
98.401891 1 3 1500.000000
99.040683 1 3 1500.000000
99.352890 1 3 1500.000000
99.787196 1 2 200000.000000
99.802821 1 0 1000000.000000
100.657368 1 1 3000.000000
100.973739 1 0 20000.000000
101.293980 1 2 4000000.000000
101.514630 1 2 1500.000000
101.965396 1 3 10000.000000
102.192577 1 3 1000000.000000
102.234301 1 0 100000.000000
102.543773 1 3 100000.000000
102.814872 1 0 20000.000000
103.217997 1 0 100000.000000
103.617036 1 1 3000000.000000
103.620366 1 2 1500.000000
103.757078 1 2 1000000.000000
103.765932 1 1 1500.000000
103.903222 1 1 1000000.000000
103.972448 1 1 1500.000000
104.177372 1 2 100000.000000
104.283553 1 3 1500.000000
104.580741 1 1 100000.000000
104.869233 1 1 3000.000000
105.001324 1 2 200000.000000
105.505125 1 3 1500.000000
105.649164 1 2 4000000.000000
105.662699 1 0 4000000.000000
105.869131 1 0 1500.000000
106.122645 1 3 10000.000000
106.443238 1 1 1000000.000000
106.583167 1 1 1500.000000
107.227387 1 2 100000.000000
107.471319 1 3 1500.000000
107.522299 1 3 1500.000000
107.624788 1 2 10000.000000
108.358396 1 1 1500.000000
108.513642 1 2 1500.000000
108.568758 1 2 1500.000000
108.892117 1 2 200000.000000
109.025160 1 0 3000000.000000
109.030841 1 3 100000.000000
109.390873 1 3 200000.000000
109.684663 1 1 1500.000000
110.166749 1 0 100000.000000
111.585398 1 0 200000.000000
112.758445 1 2 200000.000000
113.110826 1 0 4000000.000000
113.150190 1 3 200000.000000
113.467534 1 0 100000.000000
113.540283 1 0 100000.000000
113.638946 1 1 3000000.000000
113.882757 1 0 10000.000000
114.120674 1 0 1500.000000
114.274846 1 3 4000000.000000
114.315692 1 3 100000.000000
114.325220 1 0 3000000.000000
114.639644 1 2 100000.000000
114.644184 1 2 1500.000000
114.845909 1 3 1500.000000
115.148950 1 0 200000.000000
115.154349 1 0 200000.000000
115.274861 1 1 1000000.000000
115.431795 1 2 1500.000000
115.527993 1 0 100000.000000
115.994695 1 0 4000000.000000
116.060610 1 2 1500.000000
116.072036 1 3 1000000.000000
116.251538 1 0 4000000.000000
116.689779 1 1 1500.000000
116.856063 1 2 200000.000000
117.031555 1 0 1500.000000
117.090681 1 3 3000000.000000
117.091451 1 3 1500.000000
117.412847 1 2 200000.000000
117.468860 1 0 1000000.000000
118.677545 1 2 100000.000000
118.867265 1 0 1500.000000
118.909305 1 0 4000000.000000
118.960785 1 1 1500.000000
119.119668 1 1 3000.000000
119.250170 1 2 1500.000000
120.241673 1 2 100000.000000
120.410635 1 2 100000.000000
120.463636 1 0 1500.000000
120.710165 1 2 4000000.000000
121.315524 1 0 1500.000000
121.515685 1 2 1500.000000
121.686779 1 1 10000.000000
121.770807 1 1 1500.000000
121.900007 1 3 1500.000000
122.282567 1 1 3000000.000000
122.301216 1 1 1500.000000
122.510950 1 2 200000.000000
122.721529 1 3 1500.000000
122.730765 1 3 1000000.000000
123.325207 1 0 1500.000000
123.532115 1 0 100000.000000
123.883653 1 2 3000.000000
124.416934 1 0 10000.000000
125.249686 1 2 1500.000000
125.451658 1 1 1500.000000
125.576331 1 1 200000.000000
126.049839 1 2 200000.000000
126.552252 1 0 100000.000000
127.050421 1 1 100000.000000
127.052424 1 1 4000000.000000
127.208796 1 2 1000000.000000
127.415680 1 3 3000.000000
127.708897 1 1 4000000.000000
128.070837 1 3 20000.000000
128.148641 1 0 1500.000000
128.187777 1 1 1500.000000
128.204954 1 1 1500.000000
128.522801 1 3 4000000.000000
128.865500 1 1 100000.000000
128.936966 1 0 100000.000000
129.617906 1 3 1500.000000
129.930814 1 2 3000000.000000
130.076227 1 0 2000000.000000
130.118852 1 2 20000.000000
130.140073 1 3 1500.000000
130.623252 1 0 3000000.000000
130.635837 1 2 1000000.000000
130.985084 1 1 100000.000000
131.448207 1 3 3000000.000000
131.560437 1 3 1500.000000
131.687988 1 3 2000000.000000
131.913072 1 3 3000.000000
132.103885 1 3 3000000.000000
132.207793 1 1 200000.000000
132.259060 1 3 3000000.000000
132.523965 1 0 1000000.000000
132.541891 1 0 4000000.000000
133.259516 1 1 4000000.000000
133.265426 1 1 100000.000000
133.329187 1 2 1500.000000
133.446934 1 2 10000.000000
133.557824 1 1 4000000.000000
133.679494 1 3 3000000.000000
133.926835 1 0 4000000.000000
134.211137 1 2 100000.000000
134.259877 1 1 1500.000000
134.342018 1 0 1500.000000
134.363473 1 1 3000000.000000
134.523905 1 3 1500.000000
134.887889 1 1 1500.000000
134.930322 1 1 200000.000000
135.730629 1 1 100000.000000
135.760864 1 3 4000000.000000
136.216002 1 1 4000000.000000
136.262046 1 1 3000.000000
136.458123 1 1 10000.000000
136.898083 1 3 200000.000000
137.423046 1 1 100000.000000
137.522125 1 1 10000.000000
137.590767 1 0 1500.000000
137.705860 1 1 1500.000000
137.724626 1 1 4000000.000000
138.201979 1 1 200000.000000
138.811120 1 2 100000.000000
139.005714 1 2 1500.000000
139.314904 1 3 1500.000000
139.397740 1 0 20000.000000
139.500162 1 0 1500.000000
139.670638 1 3 200000.000000
139.839944 1 0 100000.000000
139.952146 1 1 1500.000000
140.229127 1 0 3000.000000
140.288928 1 1 3000000.000000
140.397970 1 2 10000.000000
140.568527 1 3 20000.000000
140.825190 1 2 3000.000000
140.919625 1 3 1500.000000
140.982181 1 2 4000000.000000
141.100742 1 3 1500.000000
141.183812 1 1 100000.000000
141.677365 1 3 1500.000000
141.752758 1 0 4000000.000000
142.583174 1 1 4000000.000000
142.829480 1 3 100000.000000
142.971151 1 1 3000000.000000
142.986881 1 0 1500.000000
142.999934 1 1 100000.000000
143.284149 1 3 100000.000000
143.557274 1 2 100000.000000
144.533998 1 1 3000000.000000
145.107591 1 0 200000.000000
145.310145 1 2 1500.000000
145.446226 1 3 1500.000000
145.821454 1 1 200000.000000
146.472712 1 1 1500.000000
146.500627 1 3 1500.000000
146.544885 1 3 4000000.000000
146.718794 1 0 1500.000000
146.786615 1 3 4000000.000000
146.853280 1 0 100000.000000
147.183584 1 2 3000000.000000
147.567368 1 0 10000.000000
147.612314 1 1 1500.000000
148.117771 1 2 4000000.000000
148.937330 1 1 20000.000000
149.667527 1 1 3000.000000
149.738564 1 3 1500.000000
149.938145 1 2 4000000.000000
0.351594 2 0 100000.000000
0.812846 2 1 100000.000000
0.813463 2 1 3000000.000000
0.892808 2 1 1500.000000
0.982921 2 0 200000.000000
1.265042 2 0 1500.000000
1.707979 2 0 1500.000000
1.921698 2 0 4000000.000000
3.196861 2 1 100000.000000
3.736032 2 3 100000.000000
4.225399 2 0 3000000.000000
4.303417 2 2 1500.000000
4.831807 2 1 3000.000000
4.967944 2 3 100000.000000
4.993125 2 3 1500.000000
5.011222 2 2 1000000.000000
5.413121 2 0 100000.000000
6.013874 2 0 1000000.000000
6.401211 2 0 1500.000000
6.732649 2 2 3000000.000000
7.190077 2 3 3000000.000000
7.431181 2 3 3000000.000000
7.717308 2 3 1500.000000
8.084516 2 3 1500.000000
8.768029 2 0 1000000.000000
9.558206 2 3 1500.000000
10.069846 2 3 3000000.000000
10.212075 2 2 100000.000000
10.561511 2 1 1000000.000000
10.570989 2 0 1000000.000000
10.621083 2 3 1500.000000
10.835619 2 0 4000000.000000
10.928134 2 2 3000000.000000
11.052314 2 1 200000.000000
11.547952 2 3 200000.000000
11.968909 2 2 1500.000000
12.075195 2 3 1500.000000
12.170409 2 2 200000.000000
12.435030 2 2 100000.000000
12.557500 2 3 100000.000000
12.714739 2 3 1500.000000
13.213066 2 3 4000000.000000
13.620088 2 3 1500.000000
14.688926 2 3 1500.000000
14.874433 2 2 200000.000000
14.890570 2 2 10000.000000
14.975235 2 3 200000.000000
15.263877 2 1 10000.000000
15.368852 2 3 1500.000000
15.431451 2 0 4000000.000000
15.682121 2 2 200000.000000
16.608727 2 1 4000000.000000
16.812371 2 0 10000.000000
17.218142 2 0 3000000.000000
17.269583 2 1 100000.000000
17.513250 2 1 1500.000000
17.829346 2 1 100000.000000
17.853510 2 3 1500.000000
18.039323 2 1 3000.000000
18.095555 2 1 10000.000000
18.105471 2 3 200000.000000
18.315197 2 1 3000000.000000
18.648186 2 2 1000000.000000
18.801114 2 3 1500.000000
18.997576 2 0 4000000.000000
19.110717 2 0 2000000.000000
19.281265 2 2 100000.000000
20.011603 2 0 200000.000000
20.100888 2 0 3000.000000
20.121943 2 1 10000.000000
20.273538 2 3 1500.000000
20.544663 2 2 100000.000000
20.736589 2 2 100000.000000
21.000620 2 1 1500.000000
21.311167 2 0 3000000.000000
21.913744 2 2 1500.000000
21.998054 2 2 3000000.000000
22.842838 2 1 1500.000000
22.940037 2 1 1500.000000
23.011908 2 1 100000.000000
23.506066 2 0 3000000.000000
23.648089 2 1 4000000.000000
23.772552 2 2 200000.000000
24.278376 2 1 1500.000000
25.504575 2 2 1000000.000000
25.884697 2 0 3000.000000
26.096221 2 0 1500.000000
26.507896 2 2 1500.000000
26.553455 2 0 2000000.000000
27.021028 2 1 200000.000000
27.087176 2 1 1500.000000
27.480776 2 0 1500.000000
27.915160 2 3 1000000.000000
27.990199 2 3 1500.000000
28.315816 2 2 100000.000000
28.725980 2 2 1500.000000
29.236672 2 2 1500.000000
29.243420 2 1 1000000.000000
29.295186 2 1 10000.000000
30.038567 2 0 200000.000000
30.313234 2 0 10000.000000
30.420659 2 0 100000.000000
30.969759 2 3 20000.000000
31.554330 2 2 1500.000000
31.712917 2 1 1500.000000
32.337628 2 3 4000000.000000
32.684707 2 3 1500.000000
32.731443 2 2 1500.000000
32.956183 2 1 200000.000000
32.987428 2 2 100000.000000
32.993537 2 3 1500.000000
33.149169 2 2 100000.000000
33.160106 2 0 100000.000000
33.202322 2 2 1500.000000
33.203687 2 2 4000000.000000
33.361902 2 0 1500.000000
34.178586 2 3 4000000.000000
34.227476 2 3 4000000.000000
34.241105 2 3 100000.000000
34.369907 2 1 1000000.000000
35.084753 2 1 1500.000000
35.596057 2 0 1500.000000
35.691003 2 0 10000.000000
35.708961 2 2 20000.000000
35.886183 2 0 10000.000000
36.132133 2 0 1500.000000
36.508043 2 2 3000000.000000
36.632118 2 1 4000000.000000
36.701887 2 3 2000000.000000
37.501049 2 0 100000.000000
37.564778 2 2 1500.000000
37.975579 2 0 1500.000000
38.276813 2 1 1500.000000
38.605475 2 3 20000.000000
39.173705 2 2 4000000.000000
39.499008 2 2 200000.000000
39.847456 2 0 1500.000000
39.897504 2 0 1500.000000
40.101802 2 0 4000000.000000
40.547821 2 1 1500.000000
41.459400 2 3 1500.000000
41.557382 2 0 3000000.000000
41.570499 2 1 1500.000000
41.596957 2 0 1500.000000
41.947596 2 1 1500.000000
42.196748 2 1 100000.000000
42.772076 2 0 4000000.000000
43.431019 2 0 1500.000000
44.023148 2 2 20000.000000
44.372200 2 3 4000000.000000
44.558237 2 3 4000000.000000
44.708187 2 3 1500.000000
44.709679 2 3 1500.000000
45.090146 2 0 1500.000000
45.272998 2 2 100000.000000
45.610199 2 0 20000.000000
45.779487 2 3 3000000.000000
45.783035 2 3 4000000.000000
46.163009 2 2 1000000.000000
46.664322 2 0 200000.000000
47.020942 2 3 200000.000000
47.584562 2 2 10000.000000
47.616677 2 0 20000.000000
48.751740 2 1 1000000.000000
48.988718 2 1 2000000.000000
49.077954 2 2 4000000.000000
49.201946 2 1 3000000.000000
49.210589 2 0 1500.000000
50.495961 2 1 4000000.000000
50.930469 2 0 100000.000000
51.082090 2 1 1500.000000
51.729999 2 0 3000000.000000
52.011514 2 1 10000.000000
52.545137 2 1 2000000.000000
52.644653 2 2 1500.000000
53.015335 2 3 4000000.000000
53.039069 2 0 200000.000000
53.490334 2 1 100000.000000
53.674131 2 0 20000.000000
54.288460 2 2 1500.000000
54.775699 2 3 200000.000000
55.059083 2 2 200000.000000
55.577473 2 1 1500.000000
57.042032 2 1 20000.000000
57.128699 2 2 10000.000000
57.230874 2 1 1500.000000
57.276973 2 1 200000.000000
57.321216 2 1 1500.000000
57.631765 2 1 3000.000000
57.956059 2 3 1500.000000
58.111897 2 0 3000000.000000
58.865560 2 1 200000.000000
59.193688 2 0 100000.000000
59.230145 2 0 1500.000000
59.416157 2 1 1500.000000
59.610612 2 3 10000.000000
59.672849 2 2 1500.000000
59.716946 2 0 3000.000000
60.102393 2 0 1500.000000
60.294529 2 2 200000.000000
60.368725 2 2 4000000.000000
60.848525 2 2 100000.000000
60.977386 2 2 20000.000000
61.091536 2 3 200000.000000
61.254664 2 2 100000.000000
61.257605 2 3 100000.000000
61.634070 2 0 200000.000000
61.934260 2 3 100000.000000
62.049229 2 3 1500.000000
62.687060 2 2 2000000.000000
62.694242 2 2 3000000.000000
63.267501 2 0 100000.000000
63.346089 2 2 3000000.000000
63.485602 2 0 10000.000000
63.899661 2 2 1500.000000
64.363711 2 1 4000000.000000
64.737518 2 3 20000.000000
64.886037 2 1 10000.000000
65.576725 2 3 1500.000000
65.725137 2 0 1500.000000
66.259667 2 2 100000.000000
66.312033 2 3 1500.000000
66.377455 2 1 1500.000000
66.452611 2 3 1500.000000
66.550887 2 2 1000000.000000
66.698190 2 1 1500.000000
66.712662 2 2 3000000.000000
66.891428 2 0 1500.000000
66.917300 2 2 200000.000000
67.112691 2 3 1000000.000000
67.132852 2 0 1500.000000
67.138227 2 2 3000.000000
67.185280 2 0 1500.000000
67.510131 2 0 1500.000000
67.961055 2 3 3000.000000
68.636466 2 0 1500.000000
68.887736 2 0 10000.000000
68.918676 2 3 1500.000000
69.017502 2 2 1500.000000
69.591302 2 2 20000.000000
69.759806 2 0 1500.000000
69.771068 2 0 1500.000000
70.185478 2 0 1500.000000
70.321315 2 0 1500.000000
70.385347 2 1 3000000.000000
70.929569 2 0 100000.000000
71.039608 2 0 1500.000000
71.446880 2 0 2000000.000000
71.484144 2 1 1500.000000
71.731589 2 3 100000.000000
71.743678 2 1 20000.000000
72.046146 2 1 200000.000000
72.486900 2 2 1500.000000
72.686378 2 3 100000.000000
73.377356 2 3 1500.000000
73.383575 2 0 2000000.000000
73.428590 2 0 200000.000000
73.638444 2 3 100000.000000
74.647491 2 1 200000.000000
74.914461 2 3 10000.000000
75.044408 2 2 1500.000000
75.436306 2 0 200000.000000
76.220942 2 1 3000.000000
76.436829 2 2 3000000.000000
76.910426 2 1 4000000.000000
77.371078 2 2 1500.000000
77.582725 2 0 100000.000000
77.906169 2 3 3000000.000000
77.956387 2 0 200000.000000
78.086874 2 3 1500.000000
78.158226 2 3 20000.000000
78.392324 2 3 3000.000000
78.752412 2 0 100000.000000
78.881789 2 0 100000.000000
79.062807 2 1 1000000.000000
79.157928 2 0 1500.000000
79.584457 2 3 20000.000000
79.824774 2 2 1500.000000
79.845377 2 0 20000.000000
80.339429 2 3 100000.000000
80.411620 2 2 1500.000000
80.640821 2 3 1500.000000
80.914772 2 1 4000000.000000
80.955090 2 2 1500.000000
80.969093 2 1 200000.000000
81.335816 2 0 3000000.000000
81.663232 2 1 1500.000000
81.941334 2 0 1500.000000
82.236100 2 2 1500.000000
82.340654 2 3 100000.000000
82.390582 2 0 1500.000000
83.950307 2 0 3000.000000
84.063373 2 3 4000000.000000
84.769053 2 3 1000000.000000
84.896974 2 3 1500.000000
85.001996 2 1 3000.000000
85.104754 2 0 1500.000000
85.145103 2 1 1500.000000
85.249051 2 0 4000000.000000
85.586880 2 2 1500.000000
85.925978 2 0 1500.000000
85.956334 2 2 1500.000000
86.606722 2 2 3000000.000000
86.934156 2 0 10000.000000
87.685773 2 3 1500.000000
88.219881 2 1 1500.000000
88.592887 2 3 20000.000000
88.755599 2 2 3000000.000000
88.927877 2 3 200000.000000
89.096982 2 2 4000000.000000
89.448580 2 0 3000.000000
89.472999 2 1 2000000.000000
89.609962 2 1 1500.000000
89.938057 2 1 1500.000000
90.208794 2 1 100000.000000
90.400119 2 2 200000.000000
90.851291 2 2 200000.000000
90.901558 2 3 10000.000000
90.939231 2 0 1500.000000
91.053801 2 1 1500.000000
91.332229 2 3 3000000.000000
91.639522 2 3 100000.000000
91.770733 2 3 200000.000000
91.946092 2 0 3000000.000000
92.644674 2 3 100000.000000
92.645753 2 2 1000000.000000
92.696985 2 3 100000.000000
92.877864 2 0 100000.000000
92.993844 2 1 3000.000000
93.032088 2 1 1500.000000
93.122592 2 1 4000000.000000
94.436140 2 3 3000000.000000
95.024205 2 0 200000.000000
95.717604 2 0 1500.000000
95.723064 2 2 1500.000000
95.850218 2 0 3000000.000000
95.897874 2 0 200000.000000
96.456846 2 3 4000000.000000
96.766023 2 0 1500.000000
96.989521 2 2 200000.000000
97.080183 2 3 200000.000000
97.219468 2 0 1000000.000000
98.176342 2 3 4000000.000000
98.201429 2 2 3000.000000
98.235242 2 2 1500.000000
98.243315 2 2 1000000.000000
98.538354 2 2 10000.000000
98.773144 2 3 4000000.000000
99.971604 2 1 3000.000000
100.491308 2 3 4000000.000000
100.807765 2 1 1500.000000
100.878893 2 1 1500.000000
101.712007 2 2 1000000.000000
101.996383 2 0 1500.000000
102.157822 2 0 1500.000000
102.387452 2 3 3000.000000
102.527342 2 3 1500.000000
103.483510 2 1 4000000.000000
103.557003 2 3 4000000.000000
103.603904 2 3 1500.000000
103.719367 2 2 1500.000000
104.103684 2 2 20000.000000
104.189433 2 0 10000.000000
104.466570 2 0 100000.000000
104.559663 2 1 1500.000000
104.773433 2 0 3000000.000000
104.942438 2 3 3000000.000000
104.945501 2 3 1500.000000
105.117672 2 2 1500.000000
105.293680 2 0 1500.000000
105.950452 2 2 4000000.000000
106.189402 2 2 1500.000000
106.206999 2 2 1500.000000
106.894661 2 1 10000.000000
106.920785 2 3 20000.000000
107.246039 2 0 20000.000000
107.285712 2 2 1500.000000
107.317246 2 2 10000.000000
107.810155 2 3 10000.000000
108.435471 2 3 20000.000000
108.515902 2 2 100000.000000
109.058170 2 2 100000.000000
110.239624 2 1 20000.000000
111.529924 2 2 10000.000000
111.589648 2 1 4000000.000000
111.625007 2 2 1500.000000
111.971065 2 2 200000.000000
112.176167 2 1 1500.000000
112.715629 2 3 3000000.000000
113.180169 2 3 200000.000000
113.599561 2 3 4000000.000000
114.130306 2 0 3000.000000
114.300142 2 1 200000.000000
114.828827 2 0 3000.000000
115.574493 2 1 3000000.000000
116.178933 2 1 1500.000000
116.628615 2 3 1500.000000
117.674112 2 0 1000000.000000
117.965195 2 1 1500.000000
118.038088 2 0 100000.000000
118.093035 2 1 1000000.000000
118.672864 2 1 20000.000000
119.029415 2 2 1500.000000
119.215941 2 1 3000000.000000
119.622178 2 1 100000.000000
119.980712 2 0 1000000.000000
120.230033 2 3 1500.000000
120.241281 2 2 200000.000000
120.778725 2 3 1500.000000
121.313512 2 0 3000000.000000
121.837913 2 1 3000.000000
122.845038 2 3 1500.000000
123.071246 2 1 20000.000000
123.543207 2 2 4000000.000000
123.796846 2 1 1500.000000
123.883086 2 0 3000000.000000
124.818589 2 1 3000000.000000
124.830079 2 3 100000.000000
124.921345 2 0 4000000.000000
125.234890 2 1 1000000.000000
125.255073 2 0 1500.000000
125.652330 2 2 3000.000000
125.765047 2 2 1500.000000
126.064914 2 3 200000.000000
126.292062 2 2 100000.000000
126.316434 2 1 1500.000000
126.472658 2 1 1500.000000
126.758490 2 1 1500.000000
126.837292 2 3 100000.000000
127.303972 2 0 3000000.000000
127.751973 2 1 100000.000000
127.911896 2 0 4000000.000000
128.060467 2 1 1500.000000
129.088542 2 2 1500.000000
129.231651 2 3 4000000.000000
130.323736 2 0 4000000.000000
130.473126 2 1 100000.000000
131.172226 2 2 1500.000000
131.490799 2 3 10000.000000
131.543030 2 1 4000000.000000
131.735128 2 0 10000.000000
131.909117 2 1 10000.000000
132.179725 2 3 20000.000000
132.401739 2 3 1500.000000
132.455783 2 1 1500.000000
132.696690 2 0 4000000.000000
132.758873 2 3 1500.000000
132.901193 2 1 200000.000000
133.011748 2 3 100000.000000
133.491384 2 3 4000000.000000
133.693366 2 3 20000.000000
133.778892 2 1 2000000.000000
134.124966 2 1 1500.000000
134.359884 2 0 1000000.000000
134.506703 2 0 4000000.000000
134.624405 2 2 1500.000000
134.668657 2 1 1000000.000000
134.942675 2 2 1500.000000
134.942907 2 2 1500.000000
135.246081 2 3 1500.000000
135.365562 2 1 1500.000000
135.562672 2 2 200000.000000
135.619170 2 3 1500.000000
135.758060 2 1 4000000.000000
135.829623 2 3 1500.000000
136.386169 2 0 1500.000000
136.534365 2 3 3000000.000000
137.525966 2 3 1500.000000
137.645637 2 0 200000.000000
137.695744 2 1 100000.000000
138.227550 2 1 1000000.000000
138.268980 2 1 1500.000000
138.765355 2 3 1500.000000
138.898329 2 3 3000000.000000
139.098645 2 0 1500.000000
139.255814 2 0 1500.000000
140.141597 2 2 100000.000000
140.750197 2 2 1000000.000000
140.874651 2 3 1500.000000
140.995144 2 0 1500.000000
141.171383 2 0 1500.000000
141.260335 2 1 200000.000000
141.822823 2 2 100000.000000
141.860739 2 0 3000000.000000
142.223224 2 3 20000.000000
142.519670 2 3 4000000.000000
142.669593 2 1 2000000.000000
143.188556 2 3 2000000.000000
143.188896 2 3 1500.000000
143.763960 2 1 100000.000000
144.019272 2 1 3000000.000000
144.082871 2 1 1500.000000
144.311204 2 1 2000000.000000
144.950062 2 0 200000.000000
147.504108 2 2 1500.000000
148.554044 2 2 1500.000000
148.754232 2 1 1500.000000
149.466137 2 2 4000000.000000
149.592520 2 3 1500.000000
0.088688 3 1 1000000.000000
0.195348 3 0 1500.000000
0.898696 3 0 1500.000000
1.146127 3 0 2000000.000000
1.341983 3 2 100000.000000
1.740199 3 2 100000.000000
1.901604 3 3 1500.000000
2.461960 3 2 1500.000000
2.530015 3 2 2000000.000000
2.531193 3 3 3000000.000000
2.621294 3 3 3000000.000000
2.690839 3 3 3000000.000000
3.525169 3 0 10000.000000
4.189453 3 1 100000.000000
4.972241 3 3 1500.000000
6.333521 3 0 1500.000000
6.555563 3 3 1000000.000000
6.571130 3 1 20000.000000
7.088278 3 3 4000000.000000
7.283423 3 3 3000.000000
7.291687 3 1 3000000.000000
7.337932 3 1 100000.000000
7.342620 3 0 10000.000000
7.402903 3 0 1000000.000000
7.834374 3 2 1500.000000
8.024053 3 0 1500.000000
8.100203 3 0 200000.000000
8.249047 3 3 200000.000000
8.783212 3 3 200000.000000
9.551854 3 2 100000.000000
9.700864 3 0 1500.000000
10.002607 3 3 100000.000000
10.608708 3 0 200000.000000
10.634400 3 3 3000000.000000
11.230554 3 1 1500.000000
12.132828 3 0 1500.000000
12.526866 3 3 1500.000000
12.642560 3 2 100000.000000
12.682096 3 1 3000000.000000
12.689117 3 1 10000.000000
13.244206 3 1 4000000.000000
13.295899 3 1 1500.000000
13.411572 3 1 1500.000000
13.702607 3 2 3000000.000000
14.026229 3 0 1500.000000
14.139672 3 3 200000.000000
14.352788 3 0 200000.000000
14.528570 3 1 1500.000000
14.827217 3 2 1000000.000000
15.462367 3 3 10000.000000
16.405609 3 3 3000.000000
16.478347 3 2 200000.000000
16.592280 3 1 1000000.000000
16.802004 3 2 3000000.000000
17.251049 3 3 1500.000000
17.420171 3 3 1500.000000
17.555733 3 1 1500.000000
17.709171 3 3 1000000.000000
17.987570 3 1 1500.000000
18.068719 3 0 1500.000000
18.172748 3 2 4000000.000000
18.723236 3 2 1500.000000
19.190597 3 2 4000000.000000
19.410622 3 2 3000.000000
19.457665 3 0 200000.000000
19.498408 3 0 1500.000000
19.522556 3 1 4000000.000000
20.194596 3 1 200000.000000
20.382649 3 0 1500.000000
20.606689 3 1 2000000.000000
20.997264 3 3 4000000.000000
21.518386 3 0 2000000.000000
21.835553 3 1 100000.000000
21.936073 3 3 200000.000000
22.116007 3 1 1500.000000
22.273391 3 3 1500.000000
22.443506 3 3 1500.000000
22.487080 3 2 1500.000000
22.508281 3 1 100000.000000
22.656662 3 1 1500.000000
23.223560 3 2 20000.000000
23.378267 3 0 1500.000000
23.878901 3 1 100000.000000
24.362301 3 1 100000.000000
24.500908 3 1 1500.000000
24.575682 3 0 10000.000000
25.103808 3 3 10000.000000
25.567055 3 1 10000.000000
25.626257 3 0 1500.000000
25.909395 3 2 1500.000000
26.196653 3 0 10000.000000
26.517767 3 1 1500.000000
27.652934 3 0 1500.000000
27.682754 3 0 1500.000000
28.028609 3 3 4000000.000000
28.046812 3 3 200000.000000
28.108878 3 3 100000.000000
28.957965 3 0 3000.000000
29.039165 3 1 3000.000000
29.048520 3 1 3000000.000000
29.242740 3 1 3000.000000
29.423928 3 3 4000000.000000
29.676808 3 3 1500.000000
30.155215 3 1 3000000.000000
30.321249 3 1 1500.000000
30.420921 3 1 4000000.000000
30.584090 3 1 3000000.000000
30.684838 3 0 20000.000000
31.138298 3 1 4000000.000000
31.211585 3 3 1500.000000
31.305051 3 1 1500.000000
31.905197 3 2 3000000.000000
32.233365 3 1 100000.000000
32.298488 3 1 4000000.000000
32.367453 3 0 3000000.000000
32.714578 3 2 3000000.000000
32.910700 3 1 200000.000000
33.506416 3 2 1500.000000
33.689807 3 2 2000000.000000
33.910535 3 3 1500.000000
34.325990 3 2 100000.000000
34.728208 3 0 2000000.000000
35.181261 3 2 1500.000000
35.506409 3 1 100000.000000
35.548799 3 0 4000000.000000
36.172502 3 0 20000.000000
36.568326 3 2 1000000.000000
36.587580 3 2 3000.000000
37.177848 3 0 1500.000000
37.633947 3 3 1000000.000000
37.711573 3 3 1500.000000
37.989969 3 2 2000000.000000
38.068416 3 2 1500.000000
38.391732 3 0 10000.000000
38.738690 3 3 2000000.000000
38.883650 3 3 200000.000000
39.459144 3 0 1500.000000
39.589046 3 2 3000.000000
40.055867 3 3 3000000.000000
40.402356 3 2 4000000.000000
40.416450 3 0 200000.000000
40.686650 3 1 10000.000000
41.220999 3 0 3000.000000
41.320254 3 2 1500.000000
41.503920 3 3 1500.000000
41.711232 3 1 200000.000000
41.994504 3 2 1500.000000
42.975041 3 2 4000000.000000
43.224232 3 0 3000.000000
43.257607 3 1 200000.000000
43.399505 3 2 4000000.000000
43.405061 3 2 200000.000000
43.465603 3 0 3000000.000000
43.484651 3 0 100000.000000
43.645143 3 3 1500.000000
43.750955 3 3 100000.000000
44.293560 3 0 100000.000000
44.699195 3 2 1500.000000
45.967581 3 0 2000000.000000
46.390774 3 1 100000.000000
46.532337 3 2 3000.000000
46.687938 3 2 1500.000000
46.707073 3 2 1000000.000000
46.889214 3 1 3000000.000000
47.101520 3 3 4000000.000000
47.131775 3 3 3000000.000000
47.624926 3 0 3000.000000
47.863432 3 3 1500.000000
48.226156 3 1 1500.000000
48.661829 3 0 1500.000000
48.698335 3 2 1500.000000
49.156233 3 0 1500.000000
49.307909 3 0 1500.000000
49.386796 3 3 1500.000000
49.691396 3 2 200000.000000
49.978667 3 0 1500.000000
50.393041 3 2 100000.000000
50.616749 3 1 1500.000000
50.939038 3 2 100000.000000
51.362276 3 0 20000.000000
51.475636 3 1 1500.000000
51.505872 3 2 4000000.000000
52.504393 3 0 10000.000000
52.519265 3 2 1500.000000
52.700989 3 1 1000000.000000
53.118209 3 1 100000.000000
53.159719 3 2 3000000.000000
53.217930 3 1 3000000.000000
53.662564 3 3 100000.000000
54.294006 3 3 1000000.000000
54.411290 3 0 1500.000000
54.434590 3 2 3000000.000000
54.626900 3 1 100000.000000
54.922226 3 0 200000.000000
55.448452 3 2 1500.000000
55.918750 3 1 1500.000000
56.338047 3 3 100000.000000
56.752077 3 1 1500.000000
56.922330 3 1 1500.000000
58.982543 3 0 1500.000000
59.067964 3 1 1500.000000
60.303236 3 1 100000.000000
60.993925 3 3 3000000.000000
61.048961 3 3 1500.000000
61.213104 3 3 10000.000000
61.280308 3 0 2000000.000000
61.282708 3 2 1500.000000
61.720150 3 3 1500.000000
61.735701 3 2 1000000.000000
62.495480 3 3 4000000.000000
62.700071 3 3 1500.000000
63.054198 3 0 4000000.000000
64.246066 3 1 1000000.000000
64.640795 3 1 1500.000000
64.919554 3 0 10000.000000
65.503482 3 1 4000000.000000
65.701100 3 2 3000000.000000
65.898300 3 1 10000.000000
65.900277 3 1 4000000.000000
66.145620 3 0 1500.000000
66.317284 3 3 3000000.000000
66.953208 3 1 1500.000000
66.973274 3 3 200000.000000
67.142993 3 0 10000.000000
67.266597 3 3 1500.000000
67.437181 3 2 200000.000000
67.526873 3 1 1500.000000
67.535333 3 0 4000000.000000
67.936506 3 3 1500.000000
68.159353 3 0 1000000.000000
69.564168 3 2 10000.000000
69.736688 3 1 1500.000000
69.770926 3 0 1500.000000
69.885713 3 2 1500.000000
69.971674 3 3 100000.000000
70.160590 3 2 100000.000000
70.209324 3 2 1500.000000
70.854937 3 3 200000.000000
70.997236 3 3 1500.000000
71.763990 3 0 3000000.000000
71.824546 3 3 1500.000000
72.124580 3 0 1000000.000000
72.514492 3 1 1000000.000000
72.759513 3 2 4000000.000000
72.822065 3 1 10000.000000
72.863846 3 0 1500.000000
73.096299 3 0 10000.000000
73.419488 3 0 1500.000000
73.432723 3 3 4000000.000000
73.880483 3 2 3000000.000000
74.137007 3 0 4000000.000000
74.358020 3 0 1500.000000
74.370477 3 0 1500.000000
74.696583 3 0 200000.000000
74.702148 3 3 1000000.000000
74.892025 3 2 1000000.000000
75.378721 3 3 4000000.000000
75.542154 3 3 3000.000000
75.814324 3 3 1000000.000000
75.996684 3 0 1500.000000
76.034507 3 0 20000.000000
76.450813 3 0 1500.000000
76.930521 3 1 1000000.000000
76.995623 3 1 1500.000000
77.015493 3 2 100000.000000
77.208499 3 3 1500.000000
77.340044 3 0 2000000.000000
78.139203 3 0 1500.000000
78.439252 3 3 10000.000000
79.013273 3 3 3000.000000
79.229628 3 1 1500.000000
79.399799 3 1 4000000.000000
79.512234 3 0 1500.000000
79.634138 3 0 100000.000000
79.882824 3 1 1500.000000
80.192047 3 3 200000.000000
80.837476 3 1 4000000.000000
81.109937 3 3 100000.000000
81.511224 3 3 1500.000000
81.604377 3 0 4000000.000000
81.774143 3 0 4000000.000000
82.708339 3 3 200000.000000
83.966018 3 3 1500.000000
85.970038 3 0 1500.000000
86.794773 3 1 1500.000000
87.048282 3 1 1500.000000
87.272986 3 1 3000.000000
87.712447 3 3 100000.000000
87.825233 3 2 4000000.000000
88.010197 3 0 1500.000000
88.215535 3 0 100000.000000
88.459424 3 2 1000000.000000
89.098450 3 3 20000.000000
89.112547 3 1 1000000.000000
89.263791 3 1 10000.000000
89.559093 3 0 1500.000000
89.884392 3 0 100000.000000
90.281830 3 1 1000000.000000
90.641940 3 3 3000.000000
91.120161 3 3 1500.000000
91.536339 3 1 1500.000000
91.783280 3 3 3000000.000000
91.834938 3 3 4000000.000000
91.864632 3 3 1500.000000
92.235097 3 1 100000.000000
92.891199 3 1 1500.000000
93.063653 3 2 1500.000000
93.077152 3 0 200000.000000
93.493846 3 0 1000000.000000
93.850514 3 0 1500.000000
94.107909 3 2 200000.000000
94.216129 3 3 1500.000000
94.317456 3 3 4000000.000000
94.360207 3 2 2000000.000000
94.640828 3 2 1500.000000
94.666796 3 3 100000.000000
94.996871 3 2 200000.000000
95.177953 3 1 1500.000000
95.401249 3 0 3000000.000000
95.520493 3 2 100000.000000
95.564698 3 3 1500.000000
95.806078 3 0 1500.000000
96.640966 3 3 1500.000000
96.751076 3 3 4000000.000000
96.866032 3 1 1500.000000
97.024685 3 2 100000.000000
97.232746 3 3 200000.000000
97.253211 3 1 4000000.000000
98.066705 3 2 100000.000000
98.245061 3 2 4000000.000000
98.610297 3 1 200000.000000
99.521590 3 0 4000000.000000
99.537844 3 0 20000.000000
99.842008 3 0 20000.000000
100.093015 3 2 2000000.000000
100.397698 3 2 3000000.000000
101.046976 3 3 1500.000000
101.252033 3 0 3000000.000000
101.269507 3 2 1500.000000
101.872738 3 2 1500.000000
102.187257 3 3 1500.000000
102.444242 3 2 4000000.000000
102.832235 3 2 3000.000000
103.304622 3 1 3000.000000
103.540306 3 0 2000000.000000
103.566975 3 1 200000.000000
104.263186 3 1 3000.000000
104.277961 3 1 3000000.000000
104.630820 3 0 200000.000000
104.841976 3 1 1500.000000
104.864385 3 0 10000.000000
104.962445 3 0 10000.000000
105.076033 3 2 1500.000000
106.050565 3 2 1500.000000
106.924614 3 0 1500.000000
107.115641 3 0 4000000.000000
107.123857 3 1 100000.000000
107.280602 3 1 3000000.000000
107.334792 3 3 4000000.000000
108.299436 3 3 10000.000000
108.602950 3 2 1500.000000
108.688325 3 0 1500.000000
108.786522 3 3 1000000.000000
109.372211 3 0 1500.000000
109.645418 3 3 4000000.000000
109.712399 3 1 2000000.000000
109.865722 3 2 3000000.000000
110.025903 3 3 200000.000000
110.274279 3 2 100000.000000
110.557925 3 1 1000000.000000
110.859172 3 1 100000.000000
110.904890 3 1 1000000.000000
111.352647 3 1 200000.000000
111.393321 3 1 1500.000000
111.533592 3 2 3000000.000000
112.087043 3 3 3000000.000000
112.127507 3 2 100000.000000
112.158224 3 0 1500.000000
112.245419 3 1 1500.000000
112.690894 3 0 200000.000000
112.796808 3 2 3000000.000000
113.005466 3 3 200000.000000
113.267928 3 3 1500.000000
113.368192 3 1 1500.000000
113.439070 3 3 100000.000000
113.678487 3 0 3000000.000000
113.915973 3 0 1500.000000
114.225611 3 3 1500.000000
114.503548 3 1 1500.000000
114.698653 3 1 1500.000000
115.188169 3 2 1500.000000
115.921517 3 3 10000.000000
115.985748 3 0 100000.000000
116.173852 3 1 100000.000000
116.244932 3 0 1500.000000
117.278660 3 1 100000.000000
117.672935 3 2 1000000.000000
118.154332 3 3 1500.000000
118.219814 3 3 100000.000000
118.293360 3 0 1500.000000
118.850079 3 2 20000.000000
119.837345 3 3 2000000.000000
119.968594 3 2 2000000.000000
120.191887 3 0 1500.000000
120.421250 3 0 1000000.000000
120.620839 3 2 200000.000000
120.719501 3 2 1500.000000
120.928028 3 2 1500.000000
120.996698 3 1 3000000.000000
121.056688 3 3 1500.000000
121.221791 3 0 10000.000000
121.391576 3 0 1500.000000
121.782724 3 1 100000.000000
121.937395 3 0 200000.000000
121.964061 3 3 10000.000000
122.546329 3 2 1500.000000
123.196669 3 1 1500.000000
123.515248 3 0 1000000.000000
123.519956 3 1 1500.000000
123.818315 3 3 3000.000000
124.730407 3 3 1500.000000
124.954364 3 3 3000000.000000
125.116010 3 3 100000.000000
125.335914 3 0 3000000.000000
125.367653 3 0 1500.000000
125.748478 3 2 3000.000000
126.178907 3 0 3000.000000
126.339802 3 2 3000000.000000
126.669867 3 1 200000.000000
126.773915 3 1 1500.000000
127.324818 3 3 3000000.000000
127.359939 3 2 1500.000000
127.640945 3 1 1500.000000
128.039464 3 0 200000.000000
128.118310 3 3 1500.000000
128.292168 3 3 1500.000000
129.063624 3 0 100000.000000
129.469066 3 0 10000.000000
129.497607 3 3 3000.000000
130.242186 3 1 200000.000000
130.490100 3 3 1500.000000
130.672711 3 3 1500.000000
131.286207 3 2 200000.000000
131.528966 3 0 1000000.000000
132.377887 3 1 1500.000000
132.599432 3 0 100000.000000
132.850784 3 1 1500.000000
132.884833 3 1 1000000.000000
132.974326 3 0 4000000.000000
133.077564 3 1 4000000.000000
133.361287 3 0 1500.000000
133.602029 3 2 1500.000000
133.779235 3 3 10000.000000
134.143088 3 0 3000000.000000
134.540052 3 2 3000.000000
134.633065 3 2 10000.000000
134.678729 3 1 4000000.000000
134.783181 3 1 4000000.000000
135.092986 3 3 1000000.000000
135.593945 3 2 100000.000000
136.131414 3 3 100000.000000
136.180154 3 1 200000.000000
136.783108 3 0 1500.000000
137.405373 3 3 100000.000000
138.274672 3 3 3000000.000000
138.732948 3 1 3000000.000000
138.933965 3 0 4000000.000000
139.166287 3 3 1500.000000
140.215840 3 2 100000.000000
140.937036 3 2 1500.000000
141.047659 3 1 3000000.000000
141.183627 3 2 1500.000000
141.489002 3 1 3000000.000000
142.023840 3 1 100000.000000
142.172190 3 2 4000000.000000
142.207925 3 1 3000000.000000
142.306134 3 2 1000000.000000
142.454558 3 2 1500.000000
142.664027 3 0 20000.000000
142.673874 3 0 200000.000000
142.743799 3 1 1500.000000
142.785619 3 2 3000000.000000
143.059085 3 0 4000000.000000
143.272223 3 1 1500.000000
143.781665 3 2 3000000.000000
144.066053 3 3 4000000.000000
144.091424 3 3 200000.000000
144.129539 3 2 100000.000000
144.186577 3 1 3000.000000
144.215410 3 1 1500.000000
144.342520 3 3 3000000.000000
144.747659 3 1 1000000.000000
145.055939 3 1 200000.000000
145.707049 3 1 1500.000000
146.022125 3 0 3000000.000000
146.087172 3 1 1500.000000
146.185763 3 2 1500.000000
146.938876 3 2 1500.000000
147.432373 3 2 1500.000000
148.338986 3 1 1500.000000
148.480215 3 2 1500.000000
149.993228 3 3 3000000.000000
