0.022263 0 2 100000.000000
0.379226 0 1 1000000.000000
0.387787 0 3 200000.000000
0.657206 0 0 3000.000000
0.741814 0 1 20000.000000
0.808096 0 0 10000.000000
0.814657 0 3 100000.000000
0.986567 0 3 1000000.000000
1.167729 0 2 3000.000000
1.207534 0 2 1500.000000
1.297894 0 1 1000000.000000
1.361328 0 2 1500.000000
1.457300 0 3 20000.000000
1.475453 0 0 2000000.000000
1.536081 0 2 100000.000000
2.143923 0 1 1500.000000
2.296768 0 1 1500.000000
2.420000 0 3 200000.000000
2.475157 0 3 3000.000000
2.525434 0 0 1000000.000000
2.684963 0 3 100000.000000
2.826728 0 2 4000000.000000
2.973095 0 0 3000000.000000
3.298504 0 2 20000.000000
3.508417 0 2 3000.000000
4.688617 0 3 1500.000000
4.764224 0 0 1500.000000
4.819692 0 1 3000.000000
5.062192 0 2 200000.000000
5.183720 0 3 200000.000000
5.549521 0 0 3000000.000000
5.574271 0 0 4000000.000000
6.089103 0 3 4000000.000000
6.208096 0 2 1500.000000
6.827813 0 2 1500.000000
7.557453 0 3 1500.000000
7.558038 0 2 1500.000000
7.569270 0 3 1500.000000
7.692700 0 2 4000000.000000
7.837990 0 1 10000.000000
8.619916 0 3 200000.000000
8.625129 0 3 10000.000000
9.185427 0 1 4000000.000000
9.390400 0 3 1500.000000
9.431928 0 2 100000.000000
9.443733 0 0 10000.000000
9.539424 0 2 200000.000000
9.557807 0 1 3000000.000000
9.764597 0 0 4000000.000000
10.289241 0 0 3000000.000000
10.870061 0 2 1500.000000
11.372489 0 0 3000.000000
11.604759 0 0 2000000.000000
11.863617 0 3 4000000.000000
11.868851 0 2 1500.000000
11.925148 0 3 1500.000000
11.946050 0 1 100000.000000
12.504346 0 0 10000.000000
12.524111 0 0 3000000.000000
13.037648 0 3 1500.000000
13.498270 0 1 200000.000000
13.930963 0 1 3000.000000
14.261729 0 0 20000.000000
14.956251 0 2 3000000.000000
15.338861 0 2 3000000.000000
16.152752 0 0 1500.000000
16.465142 0 2 1500.000000
16.637459 0 0 10000.000000
16.807770 0 0 1500.000000
17.096924 0 1 10000.000000
17.307012 0 1 3000.000000
17.350122 0 3 20000.000000
17.447081 0 0 100000.000000
17.572654 0 1 4000000.000000
17.783430 0 3 200000.000000
17.901347 0 2 3000000.000000
18.231718 0 0 1000000.000000
18.364994 0 1 1500.000000
18.596056 0 2 100000.000000
18.790774 0 1 1500.000000
19.161087 0 1 1500.000000
19.220795 0 0 4000000.000000
19.268439 0 2 20000.000000
19.681387 0 2 1500.000000
20.138552 0 1 1500.000000
20.468685 0 1 100000.000000
21.974833 0 0 1000000.000000
22.435978 0 0 200000.000000
22.608906 0 0 100000.000000
22.805397 0 0 1000000.000000
23.044080 0 2 1500.000000
23.244971 0 1 100000.000000
23.719295 0 3 4000000.000000
24.309661 0 3 1500.000000
24.472108 0 1 2000000.000000
24.477321 0 2 3000.000000
24.487406 0 2 4000000.000000
24.495010 0 2 1500.000000
24.864559 0 3 1500.000000
25.009569 0 2 200000.000000
25.743418 0 3 1500.000000
25.745111 0 2 4000000.000000
26.064593 0 0 3000000.000000
26.096805 0 0 1500.000000
26.355351 0 1 1000000.000000
26.782314 0 0 100000.000000
26.847540 0 0 200000.000000
27.044209 0 2 100000.000000
27.106838 0 3 20000.000000
27.374152 0 0 100000.000000
27.386176 0 1 1500.000000
27.642639 0 3 3000.000000
27.644952 0 1 3000.000000
28.387534 0 3 1500.000000
28.486508 0 1 1500.000000
28.800528 0 1 3000000.000000
28.843443 0 1 1500.000000
28.910594 0 0 1500.000000
29.440453 0 2 4000000.000000
30.055242 0 2 4000000.000000
30.168732 0 2 1500.000000
30.595263 0 3 1500.000000
30.801113 0 0 1500.000000
31.234985 0 1 200000.000000
31.281167 0 2 200000.000000
31.349289 0 0 100000.000000
31.426302 0 0 1500.000000
31.443431 0 3 3000000.000000
31.448214 0 0 100000.000000
31.552960 0 1 1000000.000000
31.896425 0 0 1500.000000
31.909941 0 1 3000.000000
32.083475 0 2 4000000.000000
32.153175 0 3 1500.000000
32.195733 0 3 3000000.000000
32.673444 0 0 200000.000000
32.706821 0 0 1000000.000000
32.900691 0 3 1500.000000
33.206502 0 0 1500.000000
33.547045 0 3 1500.000000
33.894005 0 1 200000.000000
33.949013 0 1 10000.000000
34.002168 0 2 1500.000000
34.113653 0 2 10000.000000
34.219262 0 3 3000.000000
34.857691 0 3 4000000.000000
35.026475 0 2 3000.000000
35.584262 0 1 1500.000000
35.776537 0 3 10000.000000
35.954474 0 1 3000000.000000
36.076753 0 2 200000.000000
36.798375 0 3 1500.000000
36.898041 0 0 10000.000000
37.143061 0 2 10000.000000
37.309726 0 2 1000000.000000
37.396637 0 2 200000.000000
37.706279 0 1 100000.000000
37.937547 0 1 1000000.000000
38.227703 0 0 10000.000000
38.228085 0 2 1000000.000000
38.278143 0 3 3000000.000000
38.408280 0 2 1500.000000
38.567937 0 3 1500.000000
39.271320 0 2 200000.000000
40.101217 0 1 2000000.000000
40.342281 0 0 1500.000000
40.676109 0 0 20000.000000
40.700370 0 2 3000.000000
41.109347 0 1 1500.000000
41.198957 0 0 1500.000000
41.291676 0 2 100000.000000
41.502413 0 2 4000000.000000
41.506138 0 2 20000.000000
41.709850 0 0 20000.000000
41.901042 0 3 4000000.000000
42.091249 0 1 1500.000000
42.336964 0 0 10000.000000
42.793159 0 0 1500.000000
42.830741 0 3 1500.000000
42.857121 0 1 100000.000000
42.939081 0 2 3000000.000000
43.022971 0 0 200000.000000
43.215057 0 0 1000000.000000
43.287739 0 3 1500.000000
43.485555 0 2 3000.000000
43.516276 0 0 100000.000000
43.596530 0 2 1000000.000000
43.793810 0 1 1500.000000
43.961331 0 2 1000000.000000
44.519519 0 2 200000.000000
45.370488 0 3 3000.000000
45.478139 0 0 1500.000000
45.698489 0 3 4000000.000000
46.081319 0 3 3000000.000000
46.210422 0 3 100000.000000
46.358977 0 3 10000.000000
46.419724 0 2 1500.000000
46.432051 0 1 1500.000000
46.830090 0 1 200000.000000
46.895109 0 0 1500.000000
47.276011 0 0 1000000.000000
47.386879 0 0 100000.000000
47.405118 0 0 100000.000000
47.738647 0 3 200000.000000
48.432599 0 2 4000000.000000
48.807676 0 0 1500.000000
48.857787 0 1 2000000.000000
48.967780 0 2 200000.000000
49.104947 0 0 1000000.000000
49.288489 0 3 100000.000000
49.448254 0 2 20000.000000
49.520577 0 2 1500.000000
49.814794 0 1 1500.000000
50.089242 0 0 3000000.000000
50.110126 0 3 1000000.000000
50.137302 0 1 3000000.000000
50.332499 0 1 10000.000000
50.427190 0 3 1500.000000
50.452741 0 3 200000.000000
50.467418 0 0 3000.000000
50.781920 0 0 1500.000000
50.961760 0 0 20000.000000
51.040749 0 0 4000000.000000
51.709797 0 2 1500.000000
52.179497 0 3 1000000.000000
52.189590 0 0 100000.000000
52.453363 0 3 200000.000000
52.627015 0 3 100000.000000
52.731859 0 1 100000.000000
53.161606 0 2 200000.000000
53.468169 0 3 1500.000000
53.567454 0 1 3000.000000
53.803893 0 2 4000000.000000
54.174041 0 2 3000000.000000
54.329076 0 2 200000.000000
54.460173 0 3 2000000.000000
54.978562 0 2 200000.000000
55.238297 0 1 1500.000000
55.295447 0 1 4000000.000000
55.370152 0 3 10000.000000
55.510984 0 1 1500.000000
55.527616 0 3 100000.000000
55.919581 0 2 1000000.000000
56.028016 0 1 200000.000000
56.561148 0 1 100000.000000
56.583750 0 0 200000.000000
56.618810 0 3 1000000.000000
56.761760 0 1 200000.000000
57.109794 0 1 4000000.000000
57.546489 0 3 2000000.000000
57.566517 0 2 1500.000000
57.768982 0 3 3000.000000
58.051012 0 2 3000000.000000
58.057248 0 3 20000.000000
58.506175 0 3 4000000.000000
58.522324 0 0 1500.000000
59.124043 0 2 3000000.000000
59.161479 0 1 3000000.000000
59.315625 0 1 3000000.000000
59.404121 0 3 4000000.000000
59.945516 0 1 1500.000000
59.990215 0 3 1500.000000
60.543026 0 1 1000000.000000
60.699783 0 2 1500.000000
60.848917 0 0 10000.000000
61.534047 0 3 3000000.000000
61.853167 0 0 100000.000000
62.002229 0 0 10000.000000
62.224846 0 2 3000000.000000
62.788244 0 1 1500.000000
63.215994 0 2 3000000.000000
63.312466 0 2 1500.000000
63.317913 0 1 2000000.000000
63.596957 0 0 1500.000000
63.969833 0 1 1500.000000
64.227323 0 1 1500.000000
64.257494 0 3 100000.000000
64.264713 0 3 3000000.000000
64.298108 0 1 4000000.000000
64.420504 0 0 200000.000000
64.499189 0 3 4000000.000000
64.589812 0 0 1500.000000
64.791073 0 1 1500.000000
64.837325 0 1 100000.000000
65.133524 0 0 4000000.000000
65.254734 0 0 3000.000000
65.424360 0 1 3000000.000000
65.659680 0 2 20000.000000
65.715663 0 1 3000000.000000
65.945320 0 1 3000000.000000
65.987139 0 1 1500.000000
66.061522 0 1 4000000.000000
66.600881 0 3 1500.000000
67.167000 0 2 1500.000000
67.257421 0 2 10000.000000
67.571392 0 2 100000.000000
67.704919 0 1 1500.000000
68.161963 0 1 20000.000000
68.287080 0 3 1500.000000
68.292520 0 1 200000.000000
68.395899 0 2 3000000.000000
68.668845 0 1 1500.000000
68.682344 0 0 1000000.000000
68.736877 0 1 1500.000000
68.789553 0 1 1500.000000
69.147133 0 0 1000000.000000
69.530745 0 2 1500.000000
69.607632 0 3 1500.000000
69.929249 0 1 1500.000000
70.038039 0 2 2000000.000000
70.121442 0 3 1000000.000000
70.399334 0 2 4000000.000000
70.507001 0 2 4000000.000000
70.678842 0 2 100000.000000
70.711555 0 2 100000.000000
70.728111 0 0 200000.000000
71.085301 0 1 1000000.000000
71.410186 0 3 1500.000000
71.669232 0 0 3000.000000
71.722062 0 2 200000.000000
71.764665 0 0 1500.000000
72.117534 0 0 200000.000000
72.231313 0 3 200000.000000
72.375609 0 3 10000.000000
72.756705 0 1 3000000.000000
73.212052 0 1 1500.000000
73.616105 0 1 200000.000000
73.630714 0 1 1500.000000
74.081939 0 2 2000000.000000
74.358834 0 1 200000.000000
74.887627 0 3 20000.000000
74.986391 0 1 1000000.000000
75.557917 0 3 3000.000000
75.576836 0 1 1500.000000
75.588887 0 2 1500.000000
75.691420 0 1 3000000.000000
75.880002 0 2 10000.000000
75.910964 0 0 1500.000000
76.114834 0 1 10000.000000
77.002214 0 2 3000000.000000
77.093092 0 1 1500.000000
77.470262 0 2 20000.000000
77.655553 0 2 1500.000000
77.867394 0 2 3000000.000000
77.867908 0 3 1500.000000
78.025616 0 2 200000.000000
78.054571 0 2 3000.000000
78.060667 0 2 1000000.000000
78.094437 0 0 4000000.000000
78.199940 0 1 100000.000000
78.410923 0 2 1500.000000
78.680247 0 0 3000000.000000
79.105539 0 0 4000000.000000
79.153620 0 2 100000.000000
79.359440 0 0 100000.000000
79.584889 0 3 1000000.000000
79.831367 0 0 1500.000000
79.969649 0 3 3000000.000000
79.997446 0 1 1500.000000
80.144874 0 3 1500.000000
80.208832 0 2 1000000.000000
80.303761 0 2 1500.000000
80.710577 0 1 2000000.000000
80.728764 0 1 4000000.000000
80.951864 0 3 3000.000000
81.063668 0 0 1500.000000
81.271578 0 2 20000.000000
81.305028 0 2 10000.000000
81.329627 0 1 1000000.000000
81.420379 0 0 3000000.000000
82.751717 0 1 4000000.000000
83.079847 0 2 10000.000000
83.355502 0 1 4000000.000000
83.513079 0 3 4000000.000000
84.086586 0 3 100000.000000
84.201559 0 3 1500.000000
84.680408 0 0 4000000.000000
84.901982 0 1 1500.000000
85.413404 0 2 4000000.000000
85.630100 0 3 1500.000000
85.853734 0 2 1500.000000
85.868774 0 0 1500.000000
85.942094 0 3 1500.000000
86.514366 0 2 20000.000000
87.106609 0 3 1500.000000
87.116488 0 1 10000.000000
87.195711 0 2 1500.000000
87.359376 0 1 20000.000000
87.998973 0 1 1000000.000000
88.047804 0 2 1500.000000
88.177303 0 3 200000.000000
88.362239 0 2 1500.000000
88.635675 0 0 200000.000000
88.750247 0 1 4000000.000000
89.351810 0 2 1500.000000
89.426945 0 0 4000000.000000
90.101450 0 3 3000.000000
90.191894 0 0 1000000.000000
90.254766 0 3 10000.000000
90.493688 0 3 3000.000000
90.520013 0 1 200000.000000
90.832410 0 2 4000000.000000
90.862120 0 0 1000000.000000
91.097821 0 3 1500.000000
91.512807 0 3 3000000.000000
91.861881 0 2 1500.000000
92.057218 0 3 4000000.000000
92.135730 0 3 200000.000000
92.195889 0 3 100000.000000
92.229342 0 2 1500.000000
92.650401 0 1 1000000.000000
93.516064 0 2 4000000.000000
93.701435 0 3 10000.000000
93.715359 0 3 10000.000000
94.164217 0 2 4000000.000000
94.515987 0 0 100000.000000
95.025051 0 0 1500.000000
95.291114 0 3 3000.000000
95.590111 0 1 3000000.000000
95.622839 0 2 1500.000000
95.910066 0 3 1500.000000
95.989269 0 3 1500.000000
96.288515 0 0 4000000.000000
96.456110 0 2 200000.000000
96.530039 0 3 200000.000000
96.558883 0 1 1500.000000
96.814246 0 3 200000.000000
96.912356 0 0 1500.000000
97.053220 0 3 3000.000000
97.218488 0 0 4000000.000000
97.376152 0 3 1500.000000
97.524945 0 0 4000000.000000
97.671014 0 2 1500.000000
97.850488 0 3 1500.000000
99.442988 0 1 20000.000000
99.744022 0 3 1000000.000000
99.867050 0 1 2000000.000000
100.214585 0 0 100000.000000
100.281896 0 1 1500.000000
100.436927 0 1 1500.000000
100.570841 0 3 200000.000000
100.664795 0 0 1500.000000
100.711784 0 2 200000.000000
100.836592 0 0 4000000.000000
100.840012 0 1 2000000.000000
101.217027 0 2 2000000.000000
101.433966 0 0 4000000.000000
101.680463 0 3 1500.000000
101.799704 0 2 100000.000000
102.077221 0 1 4000000.000000
102.240151 0 0 200000.000000
102.450242 0 1 200000.000000
102.450854 0 3 3000.000000
102.481985 0 3 1000000.000000
102.603113 0 3 1500.000000
103.057680 0 1 1500.000000
103.208592 0 2 4000000.000000
103.239032 0 0 100000.000000
103.815971 0 3 3000000.000000
104.142832 0 2 100000.000000
104.508442 0 0 10000.000000
104.600845 0 0 1500.000000
104.678850 0 0 1500.000000
104.699235 0 2 10000.000000
104.702974 0 1 10000.000000
104.839228 0 2 1500.000000
105.312982 0 0 200000.000000
105.462461 0 3 100000.000000
105.880448 0 0 1000000.000000
106.864798 0 0 100000.000000
106.951564 0 2 3000000.000000
107.230632 0 2 20000.000000
107.447310 0 0 4000000.000000
107.604876 0 1 1500.000000
107.835636 0 3 1500.000000
108.017203 0 3 100000.000000
108.215061 0 1 1500.000000
108.245188 0 0 1500.000000
108.281299 0 2 1500.000000
108.307744 0 3 1000000.000000
108.442271 0 2 1500.000000
108.445648 0 1 3000000.000000
108.713749 0 1 100000.000000
108.921599 0 2 1500.000000
108.940712 0 2 3000000.000000
109.466334 0 2 1500.000000
109.678065 0 0 1500.000000
109.839505 0 0 4000000.000000
110.186543 0 3 200000.000000
110.603441 0 3 3000.000000
110.751100 0 2 1000000.000000
110.776422 0 3 4000000.000000
111.164238 0 1 3000000.000000
111.506517 0 0 100000.000000
111.555801 0 2 3000000.000000
111.787412 0 3 100000.000000
111.796443 0 1 3000000.000000
112.276054 0 3 1500.000000
112.312957 0 0 4000000.000000
112.329536 0 1 1500.000000
112.402340 0 0 1500.000000
112.411354 0 2 100000.000000
112.685869 0 3 100000.000000
112.765381 0 1 3000000.000000
112.839785 0 0 3000.000000
112.882165 0 2 1500.000000
112.951803 0 3 1000000.000000
113.170126 0 1 1000000.000000
113.445860 0 0 20000.000000
113.543891 0 0 1500.000000
113.662965 0 1 1500.000000
113.716293 0 0 1500.000000
114.031910 0 3 3000000.000000
114.445959 0 1 4000000.000000
114.666667 0 1 1500.000000
114.876920 0 1 200000.000000
115.002603 0 1 1000000.000000
115.236066 0 1 1500.000000
115.441586 0 1 1500.000000
115.470732 0 0 1500.000000
115.660711 0 3 4000000.000000
116.135269 0 0 3000000.000000
117.016364 0 3 3000000.000000
117.267063 0 2 1500.000000
117.779087 0 3 1500.000000
118.050129 0 2 1500.000000
118.238218 0 1 1500.000000
118.317065 0 3 3000.000000
118.567554 0 2 1500.000000
118.868943 0 3 2000000.000000
120.103283 0 3 200000.000000
120.120313 0 0 2000000.000000
120.173307 0 3 1500.000000
120.346367 0 1 1500.000000
120.354802 0 0 3000.000000
120.577097 0 3 1000000.000000
120.739221 0 3 2000000.000000
121.289116 0 1 100000.000000
121.387428 0 1 1500.000000
121.733320 0 2 200000.000000
122.117276 0 2 200000.000000
122.373110 0 1 10000.000000
122.421373 0 3 2000000.000000
122.744689 0 0 1000000.000000
123.209542 0 1 1500.000000
123.245706 0 0 4000000.000000
123.340816 0 0 1500.000000
123.427856 0 0 1500.000000
123.511828 0 1 3000000.000000
123.868174 0 0 10000.000000
124.160488 0 3 100000.000000
124.325689 0 0 1500.000000
124.440567 0 3 1000000.000000
124.504146 0 1 100000.000000
124.770868 0 1 1000000.000000
124.835369 0 1 4000000.000000
125.300749 0 0 1500.000000
125.335397 0 2 1000000.000000
126.041874 0 3 1500.000000
126.219467 0 0 1500.000000
126.440247 0 2 1500.000000
126.708100 0 0 1500.000000
127.056857 0 0 1500.000000
127.283801 0 1 1500.000000
127.322428 0 3 200000.000000
127.927535 0 3 3000.000000
128.143639 0 1 200000.000000
128.302469 0 1 1500.000000
128.389474 0 1 2000000.000000
128.410044 0 1 3000.000000
128.458206 0 2 3000000.000000
128.550587 0 1 4000000.000000
128.559305 0 1 1000000.000000
128.647017 0 1 4000000.000000
128.818228 0 2 200000.000000
128.856507 0 1 1500.000000
129.537341 0 1 10000.000000
130.019633 0 2 10000.000000
130.492735 0 3 20000.000000
130.512665 0 3 200000.000000
130.605597 0 1 3000000.000000
130.846023 0 0 20000.000000
131.393730 0 1 1500.000000
131.459078 0 3 4000000.000000
131.518212 0 1 2000000.000000
131.521547 0 0 20000.000000
131.668521 0 3 1500.000000
131.813442 0 2 1000000.000000
131.950508 0 1 100000.000000
132.163383 0 1 1500.000000
132.798224 0 1 1500.000000
132.934485 0 3 1500.000000
133.373383 0 1 3000000.000000
134.060123 0 0 1500.000000
134.139890 0 0 3000.000000
134.202491 0 2 100000.000000
134.631626 0 1 100000.000000
134.788364 0 1 1500.000000
134.872196 0 0 1500.000000
135.212258 0 1 1500.000000
135.334101 0 1 1500.000000
135.537847 0 1 1000000.000000
135.550406 0 3 100000.000000
136.149258 0 0 4000000.000000
136.216162 0 2 1500.000000
136.566753 0 3 20000.000000
136.620340 0 1 100000.000000
136.943218 0 2 200000.000000
137.098489 0 3 4000000.000000
137.120179 0 2 1500.000000
137.384972 0 1 10000.000000
137.608546 0 1 200000.000000
137.881103 0 2 1500.000000
138.095171 0 0 1500.000000
138.152015 0 3 3000000.000000
138.284017 0 0 1500.000000
138.973110 0 3 200000.000000
139.550406 0 0 1500.000000
139.642621 0 0 10000.000000
139.752584 0 2 10000.000000
139.800165 0 2 1500.000000
140.285451 0 2 1000000.000000
140.415122 0 3 3000.000000
140.492961 0 1 100000.000000
140.670157 0 2 3000000.000000
140.769310 0 1 1000000.000000
140.866074 0 3 1500.000000
141.735323 0 1 3000000.000000
142.339031 0 1 10000.000000
142.395634 0 1 100000.000000
142.433540 0 3 1500.000000
142.452336 0 0 3000.000000
142.698123 0 3 1000000.000000
142.884590 0 0 10000.000000
143.150085 0 1 4000000.000000
143.370339 0 2 4000000.000000
143.383218 0 3 1500.000000
143.716311 0 3 100000.000000
143.758649 0 1 1500.000000
143.800077 0 0 1500.000000
144.015888 0 0 100000.000000
144.039349 0 3 1500.000000
144.240742 0 1 1500.000000
144.345944 0 1 1500.000000
144.597764 0 3 1500.000000
145.121198 0 3 10000.000000
145.331663 0 0 1500.000000
145.845468 0 1 4000000.000000
145.978888 0 0 1000000.000000
146.469598 0 2 1000000.000000
146.569094 0 0 1000000.000000
146.605342 0 0 1500.000000
146.686445 0 2 1500.000000
146.888446 0 2 1500.000000
147.061076 0 0 20000.000000
147.245614 0 3 3000.000000
147.397166 0 0 1500.000000
147.432033 0 3 4000000.000000
147.435508 0 0 1500.000000
147.488115 0 0 100000.000000
147.677459 0 3 1000000.000000
147.925220 0 1 1500.000000
148.756223 0 2 1500.000000
148.827287 0 2 4000000.000000
148.827418 0 0 1500.000000
149.294973 0 3 3000.000000
149.330361 0 2 3000.000000
149.384535 0 3 3000.000000
149.517619 0 3 1500.000000
149.827647 0 3 1500.000000
0.108615 1 0 100000.000000
0.582809 1 3 1500.000000
0.644897 1 2 1000000.000000
0.661822 1 2 200000.000000
0.686187 1 0 3000000.000000
0.942034 1 1 3000000.000000
1.109137 1 1 200000.000000
1.164277 1 3 1500.000000
1.436104 1 1 200000.000000
1.500382 1 2 1500.000000
1.655557 1 2 1500.000000
1.769090 1 1 4000000.000000
1.874130 1 1 100000.000000
1.879024 1 0 3000000.000000
1.944290 1 2 100000.000000
2.022413 1 0 200000.000000
2.119274 1 3 200000.000000
2.263417 1 2 1500.000000
2.848255 1 3 10000.000000
2.937839 1 3 4000000.000000
2.946044 1 2 1500.000000
3.095639 1 2 20000.000000
3.344320 1 2 1500.000000
3.390939 1 3 4000000.000000
3.469303 1 3 200000.000000
3.984333 1 0 1500.000000
4.053826 1 2 100000.000000
4.073286 1 2 10000.000000
4.478832 1 2 20000.000000
4.559047 1 1 1500.000000
4.705332 1 2 3000.000000
4.771096 1 2 1500.000000
4.947651 1 1 3000.000000
5.012904 1 2 100000.000000
5.155522 1 1 20000.000000
5.886627 1 3 200000.000000
5.895372 1 1 1500.000000
6.236148 1 3 1500.000000
6.236926 1 3 1500.000000
6.254825 1 3 1500.000000
6.644226 1 3 1500.000000
6.734575 1 0 1500.000000
6.911790 1 1 10000.000000
7.082765 1 1 4000000.000000
7.090496 1 0 4000000.000000
7.417187 1 3 1500.000000
7.492988 1 0 3000000.000000
8.454252 1 0 10000.000000
9.026651 1 2 200000.000000
9.151206 1 2 100000.000000
9.216320 1 0 10000.000000
9.358942 1 2 4000000.000000
9.670117 1 3 3000000.000000
9.692792 1 2 3000000.000000
10.544570 1 3 3000000.000000
10.602506 1 1 100000.000000
10.626986 1 1 1500.000000
10.688874 1 0 1500.000000
10.872272 1 3 4000000.000000
10.885077 1 2 1500.000000
10.895158 1 0 200000.000000
10.897292 1 3 2000000.000000
10.902206 1 3 4000000.000000
11.271563 1 1 1500.000000
11.772039 1 2 1500.000000
12.227355 1 0 1500.000000
12.443983 1 1 3000000.000000
13.621861 1 1 4000000.000000
14.073200 1 0 4000000.000000
14.106953 1 3 4000000.000000
14.220965 1 0 1000000.000000
14.227945 1 2 1500.000000
14.251279 1 2 1500.000000
14.549383 1 1 1000000.000000
14.958531 1 0 4000000.000000
14.960607 1 2 200000.000000
14.967235 1 1 1000000.000000
15.050824 1 0 100000.000000
15.724637 1 0 1000000.000000
15.917678 1 2 1500.000000
16.134422 1 1 3000.000000
16.663139 1 2 1000000.000000
16.689082 1 2 4000000.000000
16.738689 1 2 1500.000000
16.889817 1 2 1500.000000
17.019462 1 2 100000.000000
17.217365 1 3 1500.000000
17.475650 1 0 3000000.000000
17.545748 1 3 1500.000000
17.850691 1 3 100000.000000
17.981435 1 1 100000.000000
18.245969 1 3 200000.000000
18.271975 1 2 200000.000000
18.396963 1 3 100000.000000
18.457895 1 1 1500.000000
18.885071 1 2 10000.000000
18.912399 1 1 20000.000000
19.527973 1 0 1500.000000
19.596351 1 3 20000.000000
19.601946 1 1 1000000.000000
19.602535 1 0 2000000.000000
19.833350 1 3 4000000.000000
20.123233 1 1 1500.000000
20.197264 1 1 200000.000000
20.228588 1 1 3000.000000
20.663415 1 0 3000000.000000
20.682485 1 2 20000.000000
20.744807 1 1 2000000.000000
21.072648 1 3 3000.000000
21.143523 1 3 100000.000000
21.184573 1 2 1500.000000
21.225247 1 2 1500.000000
21.915365 1 1 3000000.000000
22.109476 1 2 1500.000000
22.331187 1 0 1500.000000
22.777850 1 1 10000.000000
22.922177 1 0 1000000.000000
23.612613 1 0 20000.000000
23.671604 1 1 1500.000000
23.685173 1 1 1500.000000
24.358634 1 2 4000000.000000
24.441671 1 1 1500.000000
24.502636 1 1 3000000.000000
24.513065 1 0 1500.000000
25.051015 1 2 1500.000000
25.848173 1 0 200000.000000
25.946262 1 1 1500.000000
26.288310 1 0 1500.000000
26.460735 1 0 100000.000000
27.418474 1 3 20000.000000
27.479846 1 3 100000.000000
27.504443 1 1 1500.000000
27.554055 1 2 1500.000000
28.280189 1 0 1000000.000000
28.311765 1 3 1500.000000
28.424319 1 1 10000.000000
29.182333 1 3 1500.000000
29.392543 1 1 1000000.000000
29.458750 1 0 3000.000000
29.537018 1 0 1500.000000
29.748951 1 2 100000.000000
29.775118 1 0 20000.000000
29.934316 1 2 100000.000000
30.084326 1 2 1500.000000
30.134128 1 3 1500.000000
30.307844 1 2 1500.000000
30.607243 1 3 20000.000000
30.680149 1 1 1500.000000
30.690087 1 2 1500.000000
30.860668 1 0 1500.000000
31.047746 1 3 3000.000000
31.188288 1 3 3000000.000000
31.315267 1 0 100000.000000
32.182831 1 2 1000000.000000
32.273490 1 2 10000.000000
32.460392 1 3 1500.000000
32.480753 1 2 1500.000000
32.489176 1 0 20000.000000
32.545293 1 0 200000.000000
32.655931 1 2 1500.000000
32.853905 1 0 1500.000000
33.082269 1 2 200000.000000
33.366605 1 0 4000000.000000
33.440235 1 0 3000000.000000
33.630344 1 1 100000.000000
33.916286 1 0 1500.000000
34.006805 1 2 200000.000000
34.055764 1 2 100000.000000
34.539337 1 3 1500.000000
34.847019 1 2 1000000.000000
35.039960 1 2 20000.000000
35.185875 1 2 3000.000000
35.533133 1 1 10000.000000
35.661271 1 0 100000.000000
35.729504 1 1 10000.000000
35.845962 1 1 4000000.000000
36.106354 1 2 1500.000000
36.254802 1 1 1500.000000
36.755650 1 2 1500.000000
37.443236 1 1 4000000.000000
37.445993 1 2 100000.000000
38.060481 1 3 1500.000000
38.137045 1 0 10000.000000
38.303217 1 2 20000.000000
38.591262 1 1 200000.000000
38.867249 1 2 1500.000000
39.114116 1 2 1500.000000
39.649138 1 3 4000000.000000
39.665365 1 3 1500.000000
40.612518 1 1 1500.000000
41.508668 1 1 100000.000000
41.521990 1 1 3000000.000000
41.776739 1 1 200000.000000
41.855241 1 3 1500.000000
42.620344 1 0 100000.000000
42.667245 1 3 1500.000000
42.830547 1 2 200000.000000
43.364658 1 2 10000.000000
43.537937 1 0 3000.000000
43.614608 1 2 4000000.000000
43.869073 1 0 200000.000000
44.127545 1 1 1500.000000
44.250732 1 1 20000.000000
44.288240 1 3 1500.000000
44.390233 1 0 1500.000000
44.427505 1 0 1500.000000
44.650378 1 3 3000.000000
44.837465 1 2 100000.000000
45.059578 1 0 20000.000000
45.236381 1 0 4000000.000000
45.303569 1 1 4000000.000000
45.327069 1 2 1500.000000
45.338619 1 3 1000000.000000
45.351800 1 2 2000000.000000
45.575321 1 0 200000.000000
46.177488 1 1 200000.000000
46.412727 1 1 1500.000000
46.779712 1 3 100000.000000
46.898215 1 0 1500.000000
46.905482 1 2 100000.000000
47.138293 1 3 1500.000000
47.186152 1 2 100000.000000
47.681323 1 3 1500.000000
47.748599 1 2 100000.000000
48.200706 1 1 1500.000000
48.268834 1 3 2000000.000000
49.069810 1 3 1500.000000
49.089997 1 2 1500.000000
49.123853 1 1 3000000.000000
49.177101 1 1 1500.000000
49.304816 1 1 1000000.000000
50.044939 1 2 3000000.000000
50.136233 1 2 1500.000000
50.255404 1 0 3000000.000000
50.520489 1 0 200000.000000
50.612203 1 2 1500.000000
50.974095 1 0 1500.000000
51.087358 1 1 1500.000000
51.754880 1 1 3000.000000
52.273002 1 3 1500.000000
52.301142 1 2 10000.000000
52.334102 1 2 100000.000000
53.208297 1 0 10000.000000
53.364237 1 3 1000000.000000
53.530733 1 1 1500.000000
53.578348 1 3 3000000.000000
53.683796 1 0 1000000.000000
53.858377 1 0 1500.000000
53.935343 1 2 100000.000000
54.129488 1 0 4000000.000000
54.505300 1 2 4000000.000000
54.669290 1 1 1500.000000
54.873135 1 3 1500.000000
55.191141 1 1 20000.000000
55.204929 1 2 3000000.000000
55.272333 1 0 1500.000000
55.821097 1 3 3000.000000
55.995370 1 2 1500.000000
55.999285 1 2 10000.000000
56.096965 1 0 200000.000000
56.116294 1 2 1500.000000
56.662522 1 1 3000000.000000
56.670545 1 0 1500.000000
56.693489 1 0 20000.000000
57.358108 1 1 1500.000000
57.703137 1 1 3000000.000000
57.912872 1 3 1500.000000
58.031844 1 1 100000.000000
58.200721 1 1 2000000.000000
58.260998 1 3 1500.000000
58.678518 1 3 200000.000000
58.871686 1 0 4000000.000000
58.982743 1 1 4000000.000000
59.171425 1 1 3000000.000000
59.221974 1 3 1000000.000000
59.403072 1 3 200000.000000
59.791128 1 1 10000.000000
59.896881 1 0 10000.000000
60.107691 1 2 100000.000000
60.276500 1 1 1500.000000
60.381801 1 1 3000000.000000
60.466789 1 3 100000.000000
60.504344 1 1 4000000.000000
60.605044 1 3 4000000.000000
60.688915 1 0 1500.000000
60.854650 1 2 1500.000000
60.969700 1 2 200000.000000
61.244310 1 2 10000.000000
61.494333 1 0 1500.000000
61.674488 1 3 1500.000000
61.883016 1 1 2000000.000000
62.710373 1 2 1500.000000
62.889818 1 0 3000000.000000
62.956432 1 1 1500.000000
63.257134 1 3 4000000.000000
63.390852 1 2 1500.000000
64.078465 1 0 100000.000000
64.422730 1 1 10000.000000
64.745453 1 3 1500.000000
65.781496 1 1 1000000.000000
66.104846 1 3 1000000.000000
66.210716 1 2 10000.000000
66.290041 1 2 10000.000000
66.371232 1 0 200000.000000
66.754335 1 0 1500.000000
66.791713 1 2 3000000.000000
66.815636 1 3 1500.000000
67.013308 1 0 1500.000000
67.065957 1 3 1500.000000
67.154553 1 1 3000000.000000
67.168713 1 3 1500.000000
67.185830 1 3 1500.000000
67.433632 1 2 4000000.000000
68.396125 1 2 200000.000000
68.449305 1 1 1500.000000
68.824501 1 0 1000000.000000
69.307692 1 2 1500.000000
69.328454 1 1 2000000.000000
69.528281 1 3 100000.000000
69.632511 1 3 1500.000000
69.995507 1 2 1500.000000
70.072119 1 0 1500.000000
70.190097 1 2 1000000.000000
70.319794 1 0 200000.000000
70.409048 1 2 1500.000000
70.701845 1 3 3000000.000000
70.725968 1 1 1500.000000
70.766639 1 2 1500.000000
71.260951 1 0 10000.000000
71.566069 1 0 4000000.000000
71.597128 1 3 1500.000000
71.647410 1 2 4000000.000000
72.200852 1 3 4000000.000000
72.275620 1 2 1500.000000
72.974780 1 1 1500.000000
73.119947 1 1 1500.000000
73.933032 1 2 1500.000000
73.939396 1 0 1000000.000000
73.986522 1 2 1500.000000
74.097206 1 1 10000.000000
74.718134 1 2 4000000.000000
75.017656 1 3 20000.000000
75.072489 1 0 100000.000000
75.206264 1 3 200000.000000
75.499894 1 1 10000.000000
76.230260 1 1 1500.000000
76.413652 1 0 3000000.000000
76.566672 1 1 200000.000000
76.961417 1 3 3000000.000000
77.124239 1 1 2000000.000000
77.261377 1 0 10000.000000
77.462104 1 0 1500.000000
78.100087 1 3 1000000.000000
78.189402 1 3 3000.000000
78.191520 1 1 3000000.000000
78.584367 1 3 1000000.000000
78.764014 1 2 1500.000000
78.891724 1 2 200000.000000
79.026751 1 3 1500.000000
79.116468 1 2 1500.000000
79.130479 1 1 4000000.000000
79.135955 1 0 4000000.000000
79.352450 1 3 3000.000000
79.635611 1 0 1500.000000
79.880502 1 1 10000.000000
80.230378 1 2 3000000.000000
80.596538 1 3 1500.000000
80.900053 1 0 1500.000000
81.238990 1 3 3000.000000
81.421017 1 0 3000000.000000
81.458875 1 1 3000.000000
81.483044 1 3 1500.000000
81.563195 1 1 1500.000000
82.001243 1 1 2000000.000000
82.015459 1 3 200000.000000
82.247913 1 0 2000000.000000
82.334517 1 2 2000000.000000
82.369525 1 1 1500.000000
82.375082 1 2 3000000.000000
82.378628 1 3 20000.000000
82.486972 1 2 1000000.000000
82.836124 1 0 1500.000000
83.122519 1 0 3000000.000000
83.204915 1 3 2000000.000000
83.210306 1 1 4000000.000000
83.301001 1 3 100000.000000
83.480044 1 3 200000.000000
83.566587 1 1 10000.000000
83.635132 1 0 100000.000000
83.812249 1 1 1500.000000
84.100260 1 1 1500.000000
84.203355 1 3 3000.000000
84.232461 1 2 3000.000000
84.245959 1 1 1500.000000
84.390813 1 1 200000.000000
84.397694 1 3 200000.000000
84.666455 1 2 200000.000000
84.858207 1 0 1500.000000
84.968136 1 1 3000000.000000
85.064228 1 2 10000.000000
85.232820 1 3 1500.000000
85.535841 1 0 1500.000000
85.602160 1 0 1000000.000000
85.730006 1 0 4000000.000000
85.976587 1 3 4000000.000000
86.018076 1 3 1500.000000
86.044360 1 3 3000000.000000
86.057653 1 3 3000.000000
86.078243 1 2 3000.000000
86.152703 1 2 200000.000000
86.226000 1 1 1500.000000
86.259987 1 2 4000000.000000
86.291973 1 2 1000000.000000
86.396574 1 2 1500.000000
86.596116 1 2 4000000.000000
86.848503 1 1 3000000.000000
87.053962 1 3 1500.000000
87.550379 1 0 1000000.000000
87.669658 1 2 1000000.000000
87.950841 1 0 1500.000000
87.982507 1 2 20000.000000
88.037935 1 1 10000.000000
88.344632 1 2 1500.000000
88.674282 1 3 1500.000000
88.783294 1 1 1500.000000
90.010059 1 0 200000.000000
90.182511 1 0 200000.000000
90.191469 1 1 1500.000000
90.677223 1 1 10000.000000
90.825150 1 1 100000.000000
91.001010 1 1 3000000.000000
91.088705 1 0 1500.000000
91.511790 1 3 1500.000000
91.672446 1 3 1500.000000
91.872301 1 1 1500.000000
92.183633 1 2 1500.000000
92.283978 1 3 1500.000000
92.401945 1 1 10000.000000
92.445880 1 3 3000000.000000
92.519767 1 1 100000.000000
92.621398 1 2 1500.000000
92.732604 1 2 4000000.000000
92.953088 1 0 1500.000000
92.990349 1 0 1000000.000000
93.085213 1 0 4000000.000000
93.623950 1 0 200000.000000
93.630590 1 3 1000000.000000
93.780246 1 1 4000000.000000
93.818654 1 1 1500.000000
93.878796 1 3 200000.000000
93.956862 1 0 100000.000000
94.233423 1 2 1000000.000000
94.321420 1 0 1000000.000000
94.507235 1 0 1000000.000000
94.833650 1 0 3000.000000
94.913817 1 0 10000.000000
95.137903 1 3 4000000.000000
95.202997 1 1 1500.000000
95.351959 1 3 1000000.000000
95.526998 1 0 20000.000000
95.671079 1 3 3000.000000
96.157373 1 0 100000.000000
96.792714 1 0 10000.000000
97.044903 1 1 1500.000000
97.380159 1 1 1500.000000
97.645723 1 1 1000000.000000
97.674535 1 2 4000000.000000
97.676526 1 0 4000000.000000
97.723707 1 3 1500.000000
97.865395 1 2 1500.000000
98.156091 1 2 10000.000000
98.242481 1 1 1500.000000
98.617425 1 2 1500.000000
99.373026 1 0 100000.000000
99.421306 1 0 10000.000000
100.355737 1 0 200000.000000
101.115033 1 0 200000.000000
101.213327 1 1 1500.000000
101.284667 1 1 1000000.000000
101.357089 1 2 200000.000000
102.357230 1 3 2000000.000000
102.475489 1 0 1500.000000
103.311548 1 3 3000.000000
103.320230 1 3 1500.000000
103.636790 1 1 1500.000000
103.683660 1 1 1500.000000
103.832935 1 1 1500.000000
103.847450 1 0 20000.000000
104.018046 1 1 1500.000000
104.340084 1 0 3000000.000000
104.687701 1 0 100000.000000
105.058189 1 0 3000.000000
105.276132 1 0 1500.000000
105.473850 1 0 10000.000000
105.618190 1 0 100000.000000
105.722410 1 3 1500.000000
105.863357 1 2 100000.000000
106.061579 1 0 1500.000000
106.322849 1 0 3000.000000
106.409726 1 3 100000.000000
106.659675 1 1 4000000.000000
106.659719 1 0 1500.000000
106.687879 1 3 4000000.000000
106.839526 1 1 100000.000000
106.872537 1 0 1000000.000000
107.497721 1 1 100000.000000
108.084499 1 1 10000.000000
108.424950 1 0 1500.000000
108.477192 1 2 4000000.000000
109.315150 1 2 1500.000000
109.414342 1 3 200000.000000
109.580055 1 1 1500.000000
109.710134 1 1 3000.000000
109.833485 1 3 1500.000000
110.088144 1 1 1500.000000
110.099525 1 2 3000.000000
110.475343 1 3 10000.000000
110.520825 1 1 20000.000000
110.629877 1 2 3000000.000000
110.742508 1 2 3000000.000000
111.663387 1 0 1500.000000
111.984653 1 2 20000.000000
112.273152 1 0 3000000.000000
113.015426 1 3 100000.000000
113.236587 1 3 1500.000000
113.314032 1 1 1500.000000
113.394875 1 3 200000.000000
113.444581 1 0 1000000.000000
113.543269 1 0 1500.000000
113.807925 1 2 3000000.000000
114.052318 1 3 200000.000000
114.280355 1 0 1500.000000
114.356300 1 3 3000000.000000
114.684238 1 1 10000.000000
114.900375 1 3 3000000.000000
114.912691 1 0 1500.000000
115.117221 1 3 1500.000000
116.469704 1 1 3000000.000000
117.023730 1 1 1500.000000
117.108155 1 2 20000.000000
117.164597 1 1 1500.000000
117.285634 1 3 3000.000000
117.301653 1 3 1500.000000
117.406960 1 2 4000000.000000
117.478562 1 3 1500.000000
117.518136 1 1 100000.000000
117.537956 1 1 100000.000000
117.556006 1 1 1000000.000000
118.190868 1 2 100000.000000
118.263565 1 3 200000.000000
118.439895 1 1 100000.000000
118.616614 1 1 3000000.000000
118.729564 1 2 3000000.000000
118.741889 1 0 3000.000000
118.862843 1 2 1000000.000000
118.907799 1 0 1000000.000000
119.247719 1 2 1000000.000000
119.331869 1 0 3000.000000
119.405713 1 3 200000.000000
119.508895 1 1 4000000.000000
119.632786 1 3 1500.000000
119.664957 1 1 4000000.000000
120.148935 1 3 1500.000000
120.374152 1 1 1500.000000
120.484771 1 0 4000000.000000
121.198955 1 2 1000000.000000
121.582379 1 0 1500.000000
121.641018 1 2 1500.000000
121.802425 1 1 3000000.000000
122.023260 1 2 1500.000000
122.283102 1 0 100000.000000
122.305913 1 3 200000.000000
122.335899 1 2 3000000.000000
122.410146 1 0 1500.000000
122.486995 1 2 3000000.000000
122.550648 1 0 3000.000000
123.023124 1 3 200000.000000
123.130167 1 1 1500.000000
123.133656 1 3 100000.000000
123.297252 1 3 3000000.000000
123.811473 1 3 3000000.000000
123.907336 1 0 1500.000000
123.937017 1 1 1500.000000
124.184283 1 2 4000000.000000
125.512811 1 0 1500.000000
125.897567 1 2 1500.000000
126.196126 1 3 1000000.000000
126.228197 1 0 100000.000000
126.232302 1 1 4000000.000000
126.821289 1 3 1500.000000
127.025792 1 2 3000000.000000
127.198592 1 0 3000000.000000
127.416388 1 0 4000000.000000
128.153243 1 0 4000000.000000
128.555341 1 0 1500.000000
128.808853 1 2 1500.000000
128.817027 1 1 4000000.000000
128.935799 1 3 10000.000000
128.952689 1 1 1500.000000
129.038007 1 2 10000.000000
129.318772 1 2 3000000.000000
129.709718 1 3 3000000.000000
130.151543 1 2 1500.000000
130.664588 1 3 3000000.000000
131.350684 1 3 100000.000000
131.433968 1 2 1500.000000
131.458943 1 2 1000000.000000
131.500706 1 3 100000.000000
131.921963 1 3 200000.000000
131.977748 1 2 3000.000000
132.135248 1 2 3000.000000
132.275430 1 0 1500.000000
132.736157 1 0 1500.000000
133.079150 1 3 100000.000000
133.116017 1 1 10000.000000
133.293135 1 3 100000.000000
133.341467 1 1 1500.000000
133.389787 1 0 100000.000000
133.467518 1 1 1500.000000
133.824364 1 2 1500.000000
133.892711 1 3 100000.000000
133.918057 1 2 1500.000000
134.080461 1 2 1000000.000000
134.134857 1 0 200000.000000
134.206314 1 0 3000.000000
134.834391 1 2 1500.000000
135.051670 1 0 1500.000000
135.100671 1 3 1500.000000
135.469115 1 1 4000000.000000
135.614912 1 1 1500.000000
135.722484 1 3 1000000.000000
135.963929 1 1 1000000.000000
136.013080 1 3 200000.000000
136.462847 1 0 20000.000000
136.955240 1 2 200000.000000
137.095799 1 2 1500.000000
137.100765 1 3 1500.000000
137.164089 1 2 20000.000000
137.329718 1 2 4000000.000000
137.500277 1 3 1500.000000
137.729027 1 2 1500.000000
137.823979 1 1 1500.000000
137.967177 1 3 20000.000000
137.978629 1 2 4000000.000000
138.919898 1 2 4000000.000000
139.090212 1 3 3000.000000
139.264013 1 0 4000000.000000
139.696346 1 2 1000000.000000
139.707889 1 3 1500.000000
140.015930 1 1 10000.000000
140.045975 1 0 4000000.000000
140.162655 1 2 1500.000000
140.335899 1 3 2000000.000000
140.516747 1 1 1000000.000000
140.797557 1 3 1500.000000
140.972088 1 0 200000.000000
141.114775 1 2 4000000.000000
141.141838 1 3 200000.000000
141.269852 1 2 1500.000000
141.364203 1 2 10000.000000
141.424615 1 1 1000000.000000
141.586337 1 2 1000000.000000
142.467162 1 3 10000.000000
142.698846 1 1 1000000.000000
142.904954 1 2 1000000.000000
142.967198 1 3 1000000.000000
143.124629 1 1 10000.000000
143.263710 1 2 200000.000000
143.334661 1 1 1500.000000
143.557217 1 2 100000.000000
143.716497 1 3 3000000.000000
144.271172 1 2 4000000.000000
144.386882 1 0 4000000.000000
144.408509 1 3 3000000.000000
144.687307 1 3 1500.000000
144.755234 1 2 1500.000000
144.894111 1 3 100000.000000
144.961631 1 2 1500.000000
145.723973 1 0 1500.000000
145.985024 1 0 3000000.000000
146.018994 1 2 1000000.000000
146.088451 1 1 1500.000000
146.482442 1 0 1500.000000
146.650416 1 0 4000000.000000
146.659497 1 2 100000.000000
147.165886 1 3 1500.000000
147.424615 1 1 1500.000000
147.761932 1 3 1500.000000
147.862138 1 3 1500.000000
148.017017 1 3 100000.000000
148.040471 1 3 3000.000000
148.147155 1 3 4000000.000000
148.193168 1 2 20000.000000
149.404003 1 1 100000.000000
149.512334 1 1 100000.000000
149.721259 1 1 100000.000000
149.895912 1 1 1500.000000
149.909216 1 2 4000000.000000
149.956075 1 1 4000000.000000
0.210181 2 0 100000.000000
0.550782 2 2 10000.000000
0.712976 2 1 3000.000000
1.408505 2 0 20000.000000
1.874178 2 1 200000.000000
1.963172 2 2 1000000.000000
2.124609 2 3 200000.000000
2.363257 2 2 10000.000000
2.511080 2 0 200000.000000
2.694455 2 0 1500.000000
2.860248 2 0 1500.000000
2.929740 2 0 1000000.000000
3.008103 2 0 200000.000000
3.034839 2 0 1500.000000
3.557225 2 3 200000.000000
3.626719 2 1 100000.000000
3.927834 2 1 200000.000000
3.994218 2 2 10000.000000
4.089022 2 3 1500.000000
4.164089 2 2 1500.000000
4.242922 2 3 1500.000000
4.296477 2 0 100000.000000
4.583235 2 1 1500.000000
4.624651 2 0 20000.000000
4.696961 2 0 3000.000000
4.744204 2 0 1500.000000
5.104734 2 1 1500.000000
5.169724 2 1 100000.000000
5.315253 2 1 1000000.000000
5.340872 2 0 1000000.000000
5.483983 2 3 3000000.000000
5.554382 2 0 1500.000000
5.572874 2 1 3000000.000000
5.642653 2 2 1500.000000
5.822233 2 2 3000.000000
6.825415 2 0 1500.000000
7.828956 2 0 1500.000000
7.989803 2 3 10000.000000
8.067979 2 3 1000000.000000
8.720242 2 3 1500.000000
9.029605 2 0 1000000.000000
9.301853 2 3 3000.000000
9.692398 2 3 10000.000000
9.895040 2 3 10000.000000
10.207756 2 2 200000.000000
10.384347 2 2 1500.000000
10.436655 2 0 100000.000000
10.724539 2 1 1500.000000
10.823388 2 1 200000.000000
10.860180 2 1 3000000.000000
11.034980 2 3 1500.000000
11.147790 2 0 200000.000000
11.320896 2 2 1000000.000000
11.418009 2 1 1000000.000000
11.609181 2 3 1500.000000
12.183614 2 1 200000.000000
12.299059 2 0 100000.000000
12.330070 2 0 1500.000000
12.644512 2 1 10000.000000
12.661958 2 0 1000000.000000
12.685193 2 2 1000000.000000
12.953025 2 1 1000000.000000
13.136018 2 1 20000.000000
13.396162 2 0 1000000.000000
13.421830 2 2 1500.000000
13.431801 2 2 200000.000000
13.712054 2 3 200000.000000
14.105440 2 1 10000.000000
14.376989 2 2 4000000.000000
14.409855 2 3 4000000.000000
14.528027 2 3 1500.000000
14.855802 2 0 1500.000000
14.898864 2 0 100000.000000
15.428086 2 2 10000.000000
15.738484 2 0 20000.000000
16.321525 2 2 1500.000000
16.329818 2 1 100000.000000
16.348521 2 1 1500.000000
16.365913 2 2 1000000.000000
16.794969 2 1 200000.000000
16.856000 2 0 100000.000000
17.111362 2 3 4000000.000000
17.266173 2 1 1500.000000
17.294134 2 1 1000000.000000
17.419140 2 3 100000.000000
17.516391 2 0 1500.000000
17.537757 2 0 1000000.000000
17.645185 2 1 3000000.000000
17.794547 2 1 100000.000000
18.159413 2 2 10000.000000
18.322986 2 2 100000.000000
18.442140 2 3 1500.000000
18.474217 2 0 1500.000000
19.243278 2 2 100000.000000
19.330370 2 3 3000000.000000
19.414887 2 3 1500.000000
19.477103 2 2 200000.000000
19.920924 2 2 1000000.000000
19.995615 2 3 3000.000000
20.206588 2 3 100000.000000
20.207990 2 3 1500.000000
20.432489 2 0 3000000.000000
20.705285 2 0 3000000.000000
20.795027 2 0 3000000.000000
21.234035 2 0 1500.000000
21.521853 2 2 4000000.000000
21.764211 2 3 10000.000000
21.958150 2 3 1500.000000
22.373952 2 3 200000.000000
22.391149 2 1 1000000.000000
22.619965 2 1 1500.000000
22.620958 2 1 1500.000000
22.726399 2 3 4000000.000000
23.618681 2 3 100000.000000
23.898797 2 3 1500.000000
23.964199 2 0 1500.000000
24.744805 2 3 3000.000000
25.558098 2 2 3000000.000000
25.841889 2 1 4000000.000000
25.866005 2 1 200000.000000
25.929255 2 0 4000000.000000
26.059527 2 1 200000.000000
26.212819 2 1 1000000.000000
26.655056 2 2 3000.000000
26.754087 2 1 1500.000000
26.982487 2 2 10000.000000
27.037509 2 1 100000.000000
27.267485 2 2 4000000.000000
27.290125 2 3 3000000.000000
27.402669 2 3 3000000.000000
27.695660 2 0 100000.000000
27.877631 2 0 1500.000000
28.435210 2 0 20000.000000
28.509430 2 3 200000.000000
28.697879 2 0 1500.000000
28.966455 2 3 1500.000000
29.054869 2 3 3000.000000
29.303561 2 0 20000.000000
29.692721 2 0 100000.000000
29.695847 2 1 1500.000000
30.181093 2 3 100000.000000
30.370530 2 0 1500.000000
30.419926 2 3 100000.000000
30.580380 2 0 200000.000000
30.952226 2 0 3000.000000
31.416210 2 0 4000000.000000
31.499994 2 3 3000000.000000
31.524658 2 0 4000000.000000
31.641348 2 3 4000000.000000
32.130814 2 0 1500.000000
32.384047 2 3 3000.000000
32.454376 2 1 1500.000000
32.569430 2 0 200000.000000
32.677540 2 3 3000000.000000
32.934804 2 0 1500.000000
32.982532 2 3 4000000.000000
33.127806 2 1 4000000.000000
33.225052 2 3 1500.000000
35.104364 2 2 10000.000000
35.198750 2 3 4000000.000000
35.304220 2 3 3000000.000000
35.359608 2 2 1500.000000
35.409219 2 0 4000000.000000
36.337839 2 1 100000.000000
36.487129 2 1 1500.000000
36.554415 2 0 1500.000000
36.650038 2 2 1500.000000
36.698912 2 3 1500.000000
37.267055 2 2 3000000.000000
37.494096 2 3 100000.000000
37.922347 2 3 3000.000000
38.112767 2 2 20000.000000
38.175752 2 2 1500.000000
38.453183 2 1 20000.000000
38.790866 2 2 1500.000000
38.855786 2 2 10000.000000
38.957003 2 3 3000000.000000
39.085017 2 0 1500.000000
39.397652 2 3 100000.000000
39.545056 2 0 1000000.000000
39.692971 2 3 20000.000000
40.167440 2 1 200000.000000
40.938088 2 1 4000000.000000
41.017139 2 0 1500.000000
41.037331 2 2 1500.000000
41.166996 2 2 200000.000000
41.285651 2 2 3000000.000000
41.382893 2 2 10000.000000
41.453898 2 3 3000.000000
41.526719 2 0 20000.000000
41.829926 2 3 1500.000000
41.945917 2 2 1500.000000
42.170931 2 2 200000.000000
42.306429 2 3 20000.000000
42.515756 2 0 4000000.000000
42.549167 2 2 200000.000000
42.563624 2 3 20000.000000
42.939381 2 1 1500.000000
43.614142 2 3 20000.000000
43.645569 2 3 1500.000000
43.706489 2 0 100000.000000
43.829684 2 3 1500.000000
43.842406 2 3 1500.000000
43.929379 2 2 3000000.000000
44.022748 2 1 1500.000000
44.186602 2 3 10000.000000
44.585292 2 0 1500.000000
44.590446 2 0 1500.000000
44.918521 2 0 1500.000000
45.026138 2 0 1000000.000000
45.278797 2 2 3000000.000000
45.351132 2 3 100000.000000
45.764083 2 1 200000.000000
45.952036 2 1 1500.000000
46.266796 2 1 200000.000000
46.561366 2 2 1500.000000
46.800065 2 2 1000000.000000
46.977011 2 0 1500.000000
47.050475 2 3 100000.000000
47.531105 2 3 3000000.000000
47.797168 2 1 1500.000000
48.272667 2 2 20000.000000
48.297693 2 0 20000.000000
48.336477 2 1 100000.000000
48.812138 2 1 200000.000000
49.762488 2 0 200000.000000
49.860145 2 0 1000000.000000
50.015727 2 0 3000000.000000
50.442254 2 0 100000.000000
50.466517 2 2 200000.000000
50.818452 2 1 4000000.000000
51.211075 2 3 1500.000000
51.306068 2 1 4000000.000000
51.426844 2 1 1500.000000
51.638397 2 3 1000000.000000
52.380776 2 2 1500.000000
52.462292 2 3 3000.000000
52.707713 2 2 1000000.000000
52.873455 2 2 1500.000000
52.897064 2 3 20000.000000
52.951042 2 1 1500.000000
53.391726 2 2 1500.000000
53.814502 2 3 3000000.000000
53.833307 2 2 2000000.000000
53.988211 2 3 100000.000000
54.106901 2 0 1500.000000
54.331933 2 0 3000000.000000
54.832163 2 0 1000000.000000
55.292848 2 0 100000.000000
55.386505 2 3 10000.000000
55.430844 2 3 10000.000000
55.509051 2 3 3000.000000
55.649811 2 1 3000000.000000
55.658673 2 2 1000000.000000
55.903882 2 1 10000.000000
56.041173 2 2 1500.000000
56.120866 2 1 3000000.000000
56.197884 2 3 1500.000000
56.819178 2 2 1500.000000
57.117814 2 3 1500.000000
57.495496 2 2 1000000.000000
57.577699 2 1 1500.000000
57.593737 2 3 1500.000000
57.735109 2 1 20000.000000
57.739112 2 0 1500.000000
57.786413 2 2 1500.000000
58.046436 2 1 100000.000000
58.078722 2 1 1000000.000000
58.118844 2 0 1000000.000000
58.465628 2 1 200000.000000
58.493044 2 1 1500.000000
59.245982 2 0 1500.000000
59.462599 2 3 1500.000000
59.498917 2 2 1500.000000
59.577791 2 1 1500.000000
60.548322 2 2 3000.000000
60.558650 2 0 1500.000000
60.642631 2 3 10000.000000
60.753725 2 1 3000000.000000
60.805952 2 3 3000000.000000
60.893422 2 0 1500.000000
61.036552 2 0 1500.000000
61.397628 2 0 1500.000000
62.167156 2 3 1500.000000
62.769869 2 1 1500.000000
63.203585 2 1 1500.000000
63.355213 2 3 3000000.000000
64.353296 2 0 3000.000000
64.439553 2 1 200000.000000
64.652723 2 3 100000.000000
64.810912 2 3 3000000.000000
64.839425 2 2 1500.000000
65.432927 2 0 200000.000000
65.613532 2 0 3000.000000
65.652138 2 1 4000000.000000
66.030145 2 3 3000.000000
66.035765 2 1 1500.000000
66.078954 2 2 1500.000000
66.482254 2 2 1500.000000
66.641624 2 1 1500.000000
67.043080 2 1 100000.000000
67.066252 2 2 1500.000000
67.097683 2 0 1000000.000000
67.098491 2 2 3000000.000000
67.223221 2 1 3000000.000000
67.366500 2 0 1000000.000000
67.391415 2 2 3000000.000000
67.788354 2 0 1500.000000
67.984500 2 0 4000000.000000
68.202068 2 1 1500.000000
68.530802 2 0 1500.000000
68.744265 2 3 1500.000000
68.834592 2 0 200000.000000
68.940174 2 3 1500.000000
69.117027 2 3 1500.000000
69.222472 2 2 4000000.000000
69.278608 2 3 1500.000000
69.665005 2 1 100000.000000
70.080375 2 2 10000.000000
70.320872 2 1 10000.000000
70.393273 2 1 10000.000000
70.816009 2 0 1500.000000
71.086849 2 0 100000.000000
71.271096 2 2 3000.000000
71.279042 2 1 1000000.000000
71.332554 2 1 3000000.000000
71.568242 2 0 3000.000000
71.597831 2 2 200000.000000
71.695754 2 2 1000000.000000
71.794499 2 3 100000.000000
71.973662 2 2 100000.000000
72.026275 2 1 1500.000000
72.109828 2 1 1500.000000
72.394539 2 1 2000000.000000
72.443900 2 2 2000000.000000
73.610786 2 3 1500.000000
74.342507 2 0 10000.000000
74.497858 2 2 1500.000000
74.524184 2 3 3000000.000000
74.674244 2 0 4000000.000000
74.806155 2 0 10000.000000
74.905121 2 1 1000000.000000
75.814088 2 2 100000.000000
75.890353 2 1 1500.000000
75.959624 2 1 1500.000000
76.420980 2 1 1500.000000
76.500555 2 1 3000000.000000
77.001248 2 1 3000.000000
77.380563 2 1 1500.000000
77.868714 2 1 3000000.000000
77.970183 2 1 4000000.000000
78.551442 2 2 1500.000000
78.598620 2 3 200000.000000
78.730092 2 2 3000000.000000
78.894612 2 2 3000.000000
79.187417 2 3 200000.000000
79.642053 2 1 1500.000000
79.888943 2 3 1500.000000
79.899778 2 1 1500.000000
80.001907 2 0 3000000.000000
80.235865 2 0 1500.000000
80.476959 2 2 4000000.000000
80.572701 2 0 100000.000000
80.772265 2 3 3000000.000000
80.842672 2 1 1500.000000
81.410848 2 1 3000.000000
81.527959 2 1 1500.000000
81.563483 2 1 2000000.000000
82.632992 2 1 1500.000000
82.713510 2 3 3000000.000000
82.716348 2 2 10000.000000
83.386518 2 1 1500.000000
83.546444 2 0 4000000.000000
83.621209 2 3 200000.000000
83.853083 2 0 10000.000000
84.057260 2 3 1500.000000
84.453483 2 0 1500.000000
84.829457 2 1 20000.000000
85.145104 2 0 2000000.000000
85.351216 2 3 1500.000000
85.463442 2 1 100000.000000
85.952635 2 1 1000000.000000
86.135006 2 0 1500.000000
86.153659 2 2 200000.000000
86.195737 2 1 1500.000000
86.327367 2 0 4000000.000000
86.374413 2 1 1500.000000
86.619461 2 3 1500.000000
86.824960 2 2 1500.000000
87.205869 2 2 200000.000000
87.578380 2 1 10000.000000
87.717369 2 3 1500.000000
88.147518 2 3 1000000.000000
88.410805 2 3 1500.000000
88.468194 2 1 3000000.000000
89.100009 2 1 3000.000000
89.108955 2 2 3000000.000000
89.196425 2 0 1500.000000
89.255095 2 0 1500.000000
89.594786 2 0 1500.000000
89.656459 2 1 1500.000000
89.754654 2 2 1500.000000
90.183409 2 3 3000000.000000
90.267481 2 3 20000.000000
90.417992 2 0 4000000.000000
90.483002 2 0 10000.000000
90.901172 2 2 3000.000000
91.187976 2 3 1500.000000
91.268173 2 1 4000000.000000
91.668011 2 1 200000.000000
91.731835 2 0 3000000.000000
91.837286 2 1 4000000.000000
91.921453 2 1 1500.000000
91.948894 2 2 1500.000000
92.375049 2 0 3000000.000000
92.442671 2 3 1500.000000
92.533995 2 3 10000.000000
92.604436 2 3 3000000.000000
92.828938 2 3 4000000.000000
93.052049 2 0 4000000.000000
93.547621 2 3 100000.000000
93.637385 2 0 1500.000000
93.645489 2 0 3000.000000
93.778370 2 3 1500.000000
94.086512 2 2 1500.000000
94.399837 2 0 1500.000000
94.427166 2 3 4000000.000000
94.461133 2 2 1500.000000
94.696078 2 2 1500.000000
94.872192 2 1 1500.000000
94.979783 2 2 3000.000000
95.048760 2 0 1500.000000
95.060291 2 2 4000000.000000
95.061388 2 0 200000.000000
95.156301 2 2 1500.000000
95.195873 2 0 1000000.000000
95.339297 2 1 100000.000000
95.761612 2 0 200000.000000
95.923161 2 1 4000000.000000
95.969733 2 3 1500.000000
96.277275 2 0 200000.000000
96.403465 2 2 3000000.000000
96.496522 2 0 3000000.000000
96.505804 2 3 4000000.000000
96.523714 2 0 4000000.000000
96.638994 2 1 1500.000000
96.947353 2 1 1500.000000
97.148502 2 1 1500.000000
97.613945 2 2 1500.000000
97.991589 2 1 1500.000000
98.014742 2 2 4000000.000000
98.227795 2 2 1500.000000
98.708812 2 3 3000000.000000
98.855708 2 0 1500.000000
98.988647 2 2 100000.000000
99.088531 2 3 1500.000000
99.213032 2 2 4000000.000000
99.235816 2 1 3000.000000
99.936822 2 2 1500.000000
100.817655 2 1 1000000.000000
101.187087 2 0 1500.000000
101.375276 2 2 1500.000000
101.421170 2 0 1500.000000
102.050800 2 2 200000.000000
102.181209 2 0 3000000.000000
102.501312 2 3 1000000.000000
102.640763 2 1 1500.000000
102.773493 2 1 3000.000000
102.832200 2 0 20000.000000
102.907556 2 0 4000000.000000
102.927999 2 1 1000000.000000
103.101937 2 0 1500.000000
103.516303 2 2 3000.000000
103.788216 2 2 100000.000000
104.053947 2 1 20000.000000
104.110210 2 3 4000000.000000
104.141727 2 2 1000000.000000
104.221170 2 3 100000.000000
104.384466 2 0 3000000.000000
104.879777 2 1 1500.000000
104.999965 2 1 200000.000000
105.197064 2 3 100000.000000
105.611863 2 1 3000000.000000
105.658883 2 3 1500.000000
106.066413 2 3 3000.000000
106.186452 2 3 3000000.000000
106.221856 2 3 1000000.000000
106.406152 2 0 3000000.000000
106.580214 2 0 2000000.000000
106.718594 2 2 200000.000000
106.854056 2 2 1500.000000
106.973257 2 3 3000000.000000
107.060608 2 3 4000000.000000
107.151065 2 3 3000.000000
107.226335 2 0 2000000.000000
107.228219 2 0 100000.000000
107.260975 2 0 1000000.000000
108.592436 2 3 3000000.000000
108.954272 2 1 1500.000000
109.161318 2 3 4000000.000000
109.222577 2 2 3000000.000000
109.423625 2 0 1500.000000
109.582233 2 2 1500.000000
109.796882 2 3 1000000.000000
110.101284 2 0 4000000.000000
110.337778 2 0 100000.000000
110.435456 2 2 20000.000000
110.504443 2 3 200000.000000
111.416091 2 1 4000000.000000
111.425321 2 1 1500.000000
112.061221 2 2 1500.000000
112.607142 2 2 1000000.000000
112.616287 2 1 3000.000000
112.902244 2 3 1500.000000
112.905686 2 0 3000000.000000
113.073444 2 2 10000.000000
113.244618 2 1 20000.000000
113.328105 2 0 1500.000000
113.356343 2 0 1500.000000
113.572654 2 1 2000000.000000
113.636908 2 0 10000.000000
113.758029 2 2 1500.000000
113.777072 2 0 3000000.000000
113.846941 2 0 3000.000000
113.892854 2 3 20000.000000
113.990558 2 3 1500.000000
114.228011 2 2 4000000.000000
114.363312 2 3 1500.000000
114.431245 2 0 4000000.000000
114.519089 2 2 1500.000000
114.673008 2 1 100000.000000
114.874103 2 3 1500.000000
114.931675 2 0 2000000.000000
114.983904 2 1 100000.000000
115.193725 2 2 1500.000000
115.252948 2 0 20000.000000
116.761989 2 0 1000000.000000
117.074483 2 0 1500.000000
118.283778 2 0 1500.000000
118.475213 2 3 1500.000000
118.765087 2 1 100000.000000
119.114469 2 1 4000000.000000
119.374212 2 0 1500.000000
119.418881 2 0 3000.000000
119.570010 2 3 200000.000000
119.575660 2 1 200000.000000
119.740470 2 3 3000000.000000
119.847606 2 3 1500.000000
120.146196 2 3 1500.000000
120.355685 2 3 1500.000000
120.457721 2 0 2000000.000000
120.723970 2 3 100000.000000
121.287550 2 2 3000000.000000
121.361711 2 1 1000000.000000
121.524194 2 0 100000.000000
121.562718 2 1 3000000.000000
121.600697 2 3 200000.000000
122.007977 2 1 1500.000000
122.190599 2 3 1500.000000
122.326542 2 0 100000.000000
122.501640 2 0 1500.000000
122.760840 2 3 1500.000000
122.846157 2 1 4000000.000000
123.330684 2 3 1500.000000
123.486955 2 0 3000000.000000
123.686021 2 1 1500.000000
123.819161 2 2 10000.000000
124.116447 2 0 1000000.000000
124.545022 2 3 3000000.000000
124.769540 2 2 4000000.000000
125.530260 2 2 4000000.000000
125.644684 2 1 4000000.000000
125.748423 2 2 1500.000000
126.605924 2 1 3000000.000000
126.858790 2 0 1500.000000
126.982506 2 3 10000.000000
127.037621 2 2 200000.000000
127.150388 2 3 10000.000000
127.478278 2 2 10000.000000
127.631236 2 3 3000.000000
128.139395 2 1 100000.000000
128.886505 2 2 100000.000000
128.926933 2 0 3000000.000000
128.999788 2 3 1500.000000
129.306551 2 0 3000000.000000
129.653434 2 3 100000.000000
129.803478 2 0 1500.000000
129.989858 2 0 1500.000000
130.331024 2 2 200000.000000
130.346417 2 3 1000000.000000
130.680415 2 2 1000000.000000
130.798494 2 2 1500.000000
131.411763 2 2 1000000.000000
131.867926 2 3 4000000.000000
132.080548 2 0 1500.000000
132.228954 2 2 100000.000000
132.354191 2 2 10000.000000
132.723600 2 0 1500.000000
132.770676 2 2 3000.000000
133.049422 2 2 10000.000000
133.168763 2 0 10000.000000
133.238903 2 2 100000.000000
133.738862 2 1 10000.000000
133.811486 2 3 100000.000000
134.011493 2 0 200000.000000
134.091832 2 2 10000.000000
134.118473 2 2 100000.000000
134.655220 2 3 1000000.000000
134.734583 2 2 3000000.000000
134.820621 2 0 1500.000000
134.873852 2 1 100000.000000
135.026846 2 0 20000.000000
135.045760 2 2 1500.000000
135.055359 2 2 1500.000000
135.100786 2 0 10000.000000
135.645271 2 3 10000.000000
135.652368 2 1 200000.000000
135.886320 2 2 3000000.000000
136.596974 2 0 3000.000000
136.712055 2 1 2000000.000000
136.829965 2 0 3000000.000000
137.385411 2 2 3000.000000
137.444627 2 0 4000000.000000
137.487056 2 2 1500.000000
137.635229 2 0 1500.000000
137.775196 2 1 10000.000000
138.232050 2 0 200000.000000
138.307749 2 0 1500.000000
138.380308 2 3 1500.000000
138.571284 2 3 200000.000000
138.584240 2 2 3000000.000000
138.994570 2 0 1500.000000
139.038766 2 0 200000.000000
139.266395 2 1 1000000.000000
139.484401 2 0 1500.000000
139.809957 2 0 100000.000000
139.963274 2 2 3000000.000000
140.483580 2 3 1500.000000
140.782702 2 0 100000.000000
141.668473 2 1 1500.000000
141.729802 2 0 20000.000000
141.814592 2 1 1500.000000
142.610489 2 0 100000.000000
142.659376 2 3 1500.000000
142.753382 2 0 1500.000000
143.248464 2 3 100000.000000
143.355912 2 0 20000.000000
143.421354 2 2 200000.000000
143.760588 2 2 1500.000000
143.787615 2 0 200000.000000
143.822727 2 2 100000.000000
143.968978 2 2 1500.000000
144.093933 2 3 100000.000000
144.314177 2 3 1000000.000000
144.777426 2 3 3000000.000000
144.791405 2 3 4000000.000000
144.824128 2 3 1500.000000
145.380956 2 3 100000.000000
145.798398 2 1 1000000.000000
145.812849 2 3 10000.000000
145.966600 2 0 100000.000000
146.543081 2 0 1500.000000
147.033443 2 1 200000.000000
147.107281 2 1 1500.000000
147.141636 2 1 1000000.000000
147.840349 2 1 1500.000000
147.892383 2 2 20000.000000
148.103196 2 1 1000000.000000
148.963688 2 1 1500.000000
149.469745 2 0 1500.000000
149.566229 2 1 10000.000000
149.643459 2 3 1500.000000
149.749843 2 3 4000000.000000
149.872672 2 3 200000.000000
0.171132 3 1 200000.000000
0.412186 3 2 1000000.000000
0.640877 3 0 200000.000000
0.643354 3 3 3000000.000000
0.702025 3 0 1000000.000000
1.011216 3 1 20000.000000
1.105370 3 2 3000000.000000
1.572195 3 2 3000000.000000
1.808613 3 3 4000000.000000
2.213286 3 2 4000000.000000
2.362791 3 3 1500.000000
2.510781 3 1 4000000.000000
2.924109 3 2 3000000.000000
3.400324 3 0 1500.000000
3.733968 3 3 1500.000000
3.773827 3 3 100000.000000
3.785199 3 2 1500.000000
3.870924 3 3 100000.000000
4.070869 3 0 200000.000000
4.172118 3 1 1000000.000000
4.359636 3 2 10000.000000
4.508897 3 2 10000.000000
4.846288 3 1 3000000.000000
4.921029 3 2 1500.000000
5.301772 3 3 3000000.000000
6.005748 3 1 1500.000000
6.008921 3 3 3000000.000000
6.483517 3 3 100000.000000
6.984960 3 2 1500.000000
7.230712 3 0 1500.000000
7.274651 3 0 1500.000000
7.605387 3 3 200000.000000
8.131001 3 0 10000.000000
8.232395 3 1 100000.000000
8.292004 3 0 1500.000000
8.452459 3 1 4000000.000000
8.934364 3 1 100000.000000
9.097564 3 3 4000000.000000
9.139302 3 0 200000.000000
9.279290 3 3 1000000.000000
9.289027 3 2 10000.000000
9.539192 3 2 1500.000000
9.632365 3 2 3000000.000000
9.669234 3 3 200000.000000
9.783090 3 2 1500.000000
10.428558 3 2 1500.000000
10.439280 3 2 3000.000000
10.982329 3 0 1500.000000
11.095891 3 3 200000.000000
11.116164 3 3 3000.000000
11.427756 3 0 1500.000000
11.535179 3 2 3000000.000000
11.621906 3 0 3000000.000000
11.633194 3 0 1000000.000000
11.676280 3 3 200000.000000
11.755826 3 3 200000.000000
12.265153 3 3 1500.000000
12.963533 3 2 4000000.000000
13.022148 3 0 10000.000000
13.043456 3 1 4000000.000000
13.233896 3 1 3000000.000000
13.394386 3 0 20000.000000
13.479837 3 1 100000.000000
13.521543 3 3 1500.000000
13.776121 3 2 1000000.000000
14.331553 3 0 100000.000000
14.943729 3 3 3000000.000000
14.956928 3 0 3000000.000000
15.007890 3 0 1500.000000
15.278172 3 3 1500.000000
15.484466 3 3 1500.000000
15.778163 3 0 1500.000000
15.930548 3 0 100000.000000
16.148988 3 3 1500.000000
16.187674 3 0 1500.000000
16.516877 3 2 1500.000000
16.592725 3 1 3000000.000000
16.830881 3 2 1500.000000
16.870949 3 3 200000.000000
16.977315 3 3 1500.000000
17.037756 3 3 1500.000000
17.261949 3 0 10000.000000
17.635412 3 2 200000.000000
17.690866 3 1 1000000.000000
17.863816 3 1 4000000.000000
18.276099 3 1 1500.000000
18.475211 3 3 1000000.000000
18.476278 3 3 3000.000000
18.504411 3 0 100000.000000
18.609002 3 0 2000000.000000
19.015295 3 0 1500.000000
19.050833 3 2 200000.000000
19.138512 3 1 3000000.000000
19.499515 3 3 1000000.000000
19.959899 3 1 100000.000000
20.010859 3 1 3000000.000000
20.095849 3 3 1500.000000
20.410631 3 3 3000.000000
21.106675 3 3 1000000.000000
21.507786 3 0 1500.000000
21.703324 3 1 1500.000000
21.820495 3 1 3000000.000000
22.056336 3 3 1500.000000
22.129777 3 0 1000000.000000
22.401488 3 0 3000.000000
22.548244 3 3 20000.000000
22.613264 3 2 200000.000000
22.763421 3 1 100000.000000
22.777914 3 2 1500.000000
22.784218 3 3 4000000.000000
22.972178 3 3 1500.000000
23.762856 3 1 3000000.000000
24.083258 3 3 1500.000000
24.176816 3 0 200000.000000
24.276623 3 1 10000.000000
24.363931 3 2 1500.000000
24.612308 3 1 2000000.000000
24.716903 3 3 4000000.000000
24.908560 3 1 1500.000000
25.108418 3 3 1500.000000
25.251441 3 3 1500.000000
25.360343 3 1 4000000.000000
25.421166 3 1 3000000.000000
25.459943 3 1 1500.000000
25.489740 3 2 3000000.000000
25.616954 3 3 100000.000000
25.804381 3 2 1500.000000
25.943580 3 0 3000000.000000
26.308390 3 1 1000000.000000
26.654013 3 3 3000000.000000
27.193876 3 0 200000.000000
27.853269 3 1 1500.000000
27.885663 3 1 1500.000000
27.971356 3 2 10000.000000
28.141016 3 0 3000000.000000
28.239541 3 3 1500.000000
28.246859 3 1 20000.000000
28.314166 3 2 3000000.000000
28.459602 3 2 1000000.000000
28.568875 3 1 1500.000000
29.024437 3 0 1500.000000
29.065820 3 3 1000000.000000
29.208734 3 1 3000000.000000
29.433151 3 3 1500.000000
29.492431 3 0 100000.000000
29.573864 3 1 3000000.000000
29.732346 3 0 1500.000000
29.814916 3 2 1500.000000
30.015905 3 3 1500.000000
30.193481 3 0 3000.000000
30.222125 3 3 20000.000000
30.361917 3 0 1500.000000
30.622850 3 0 1500.000000
30.807445 3 2 3000000.000000
31.049655 3 1 4000000.000000
31.056459 3 3 1500.000000
31.097670 3 0 100000.000000
31.118649 3 0 1500.000000
31.429440 3 2 100000.000000
31.536793 3 0 100000.000000
31.591407 3 2 1500.000000
32.112669 3 2 3000000.000000
32.144609 3 0 1500.000000
32.205142 3 0 1000000.000000
32.824152 3 2 3000000.000000
32.887261 3 3 1500.000000
32.978347 3 3 1000000.000000
33.024568 3 1 2000000.000000
33.578664 3 1 100000.000000
34.014329 3 2 200000.000000
34.181621 3 2 3000.000000
34.774184 3 1 4000000.000000
34.817624 3 0 1500.000000
35.033604 3 1 3000000.000000
35.073162 3 1 1000000.000000
35.159943 3 0 10000.000000
35.572861 3 3 1500.000000
35.712297 3 2 4000000.000000
35.881683 3 3 3000000.000000
36.146779 3 2 1500.000000
36.264946 3 2 3000000.000000
36.307890 3 2 100000.000000
36.317373 3 1 1500.000000
36.420019 3 1 200000.000000
36.867153 3 2 100000.000000
37.391528 3 2 3000000.000000
37.917542 3 1 1000000.000000
38.211880 3 0 3000000.000000
38.284202 3 0 3000.000000
38.616168 3 3 10000.000000
39.492720 3 2 1000000.000000
39.734937 3 2 1500.000000
39.806125 3 1 200000.000000
39.876730 3 0 1500.000000
39.921374 3 3 4000000.000000
40.037545 3 2 1000000.000000
40.086884 3 1 200000.000000
40.118789 3 3 3000.000000
40.315641 3 0 1500.000000
40.785232 3 1 1500.000000
40.845230 3 0 10000.000000
41.207849 3 0 1500.000000
41.293545 3 2 3000.000000
41.323381 3 2 2000000.000000
41.400660 3 1 1500.000000
41.680851 3 1 3000.000000
41.903217 3 0 200000.000000
41.999313 3 1 1000000.000000
42.481445 3 3 3000000.000000
42.489857 3 3 3000000.000000
42.891078 3 0 1500.000000
42.931832 3 0 100000.000000
42.995778 3 2 1500.000000
43.019097 3 0 100000.000000
43.131600 3 0 20000.000000
43.186485 3 2 4000000.000000
43.808065 3 1 1500.000000
44.142479 3 2 1500.000000
44.301122 3 2 200000.000000
44.363934 3 2 1500.000000
44.704107 3 2 1500.000000
44.837584 3 2 1500.000000
45.217421 3 2 3000.000000
45.747297 3 1 1000000.000000
45.757099 3 1 1500.000000
46.038911 3 0 10000.000000
46.087121 3 1 3000.000000
46.099884 3 3 1000000.000000
46.518351 3 0 10000.000000
46.568145 3 3 1500.000000
47.218253 3 0 20000.000000
48.015349 3 1 3000000.000000
48.041254 3 3 200000.000000
48.360795 3 1 3000.000000
48.747354 3 1 100000.000000
48.896374 3 0 1500.000000
49.036408 3 3 1500.000000
49.269629 3 2 1500.000000
49.877503 3 2 200000.000000
50.533619 3 3 1500.000000
50.576125 3 3 1500.000000
50.638815 3 0 10000.000000
50.746003 3 0 1500.000000
50.861620 3 1 100000.000000
51.079404 3 2 20000.000000
51.166529 3 1 4000000.000000
51.462697 3 1 1500.000000
51.513607 3 0 1500.000000
51.799564 3 2 4000000.000000
52.663919 3 1 3000000.000000
52.943900 3 1 3000.000000
53.601435 3 3 3000000.000000
53.687073 3 3 4000000.000000
53.805862 3 1 1500.000000
54.016832 3 1 100000.000000
54.069435 3 0 4000000.000000
54.294881 3 1 1500.000000
54.448855 3 1 10000.000000
54.514380 3 0 1500.000000
54.676153 3 2 2000000.000000
54.897150 3 2 1500.000000
54.938446 3 2 1500.000000
54.949512 3 1 1500.000000
55.488884 3 3 1500.000000
55.730541 3 0 3000.000000
55.874365 3 3 1000000.000000
55.953354 3 1 1500.000000
56.018196 3 1 1500.000000
56.275350 3 0 1500.000000
56.548945 3 2 1000000.000000
56.795844 3 3 1500.000000
56.863995 3 1 100000.000000
56.929530 3 0 200000.000000
57.078453 3 2 10000.000000
57.629329 3 1 4000000.000000
57.673181 3 3 1500.000000
57.841799 3 3 100000.000000
57.887033 3 3 1500.000000
57.906417 3 0 1500.000000
58.018567 3 0 4000000.000000
59.142739 3 3 3000.000000
59.229058 3 1 1500.000000
59.303509 3 2 1000000.000000
59.466298 3 2 1500.000000
59.569419 3 0 100000.000000
59.667597 3 3 200000.000000
59.717789 3 3 200000.000000
59.967797 3 0 3000.000000
60.502995 3 0 1500.000000
60.599339 3 0 10000.000000
60.872786 3 2 1500.000000
60.884787 3 1 200000.000000
60.949159 3 1 1500.000000
61.018452 3 2 10000.000000
61.106372 3 0 1500.000000
61.215625 3 1 1500.000000
61.254691 3 2 20000.000000
61.687800 3 0 1500.000000
61.723346 3 0 200000.000000
61.834301 3 3 1500.000000
62.257413 3 3 1500.000000
62.309346 3 0 4000000.000000
62.423642 3 0 4000000.000000
62.604347 3 2 100000.000000
62.729195 3 3 1500.000000
62.965830 3 1 1500.000000
63.229073 3 1 1000000.000000
63.464653 3 3 20000.000000
63.597864 3 0 3000000.000000
63.669475 3 3 100000.000000
63.719126 3 0 1000000.000000
64.156918 3 3 3000.000000
64.177368 3 2 3000.000000
64.303598 3 3 100000.000000
64.970100 3 2 3000.000000
65.277494 3 3 1500.000000
65.291878 3 2 1500.000000
65.561784 3 0 3000000.000000
66.169235 3 0 200000.000000
66.297887 3 2 1500.000000
66.311160 3 0 1500.000000
66.698399 3 2 200000.000000
66.833647 3 2 200000.000000
66.862546 3 0 4000000.000000
66.890201 3 3 1500.000000
66.913422 3 2 1500.000000
67.038720 3 0 1500.000000
67.345200 3 1 200000.000000
67.408340 3 2 1500.000000
67.586668 3 1 1500.000000
67.632326 3 0 20000.000000
67.647095 3 2 1500.000000
68.199587 3 3 3000000.000000
68.557392 3 0 100000.000000
68.888672 3 0 1000000.000000
68.927887 3 0 3000000.000000
69.235155 3 1 4000000.000000
69.286302 3 1 1000000.000000
69.291795 3 3 1500.000000
69.580065 3 2 20000.000000
69.583568 3 1 1500.000000
69.642787 3 1 1500.000000
69.684957 3 3 200000.000000
70.123031 3 3 3000000.000000
70.302382 3 0 1000000.000000
70.741710 3 1 2000000.000000
70.748077 3 0 1000000.000000
70.893714 3 2 1500.000000
70.997435 3 1 1500.000000
71.095394 3 0 1500.000000
71.111625 3 0 1500.000000
71.445302 3 1 1500.000000
72.177613 3 2 100000.000000
72.590194 3 1 200000.000000
72.840427 3 0 2000000.000000
73.208227 3 0 200000.000000
73.640438 3 1 1000000.000000
73.753061 3 2 1500.000000
73.835878 3 0 1500.000000
74.340853 3 1 1500.000000
74.396841 3 2 1500.000000
74.399483 3 0 1500.000000
74.775075 3 2 3000.000000
75.522097 3 3 100000.000000
75.730099 3 0 2000000.000000
75.866805 3 1 3000.000000
76.199549 3 3 1500.000000
76.255954 3 2 4000000.000000
76.666097 3 1 2000000.000000
76.865571 3 2 1500.000000
77.012199 3 3 200000.000000
77.109975 3 3 1500.000000
77.328311 3 0 3000000.000000
77.639393 3 0 2000000.000000
77.823015 3 0 3000.000000
78.133523 3 1 200000.000000
78.283266 3 0 10000.000000
78.329666 3 1 1500.000000
78.353516 3 0 1500.000000
78.739101 3 1 100000.000000
79.527859 3 3 3000.000000
79.596222 3 1 3000000.000000
79.638116 3 1 1500.000000
79.740806 3 3 4000000.000000
79.871717 3 2 3000.000000
79.929221 3 0 200000.000000
80.188909 3 0 20000.000000
80.468165 3 2 20000.000000
80.742404 3 2 1500.000000
80.957739 3 1 1500.000000
81.352154 3 0 1500.000000
81.684868 3 0 1500.000000
81.729228 3 3 1000000.000000
82.058464 3 2 1500.000000
82.508489 3 2 3000000.000000
82.552625 3 0 1500.000000
82.869505 3 2 1500.000000
82.975263 3 0 4000000.000000
83.131683 3 0 1500.000000
83.459466 3 2 1500.000000
83.470528 3 2 100000.000000
83.691076 3 0 1000000.000000
83.958708 3 2 1500.000000
84.103285 3 3 3000.000000
84.431984 3 2 100000.000000
84.596317 3 2 100000.000000
84.622691 3 2 1500.000000
84.721103 3 3 1500.000000
84.795013 3 1 4000000.000000
84.936491 3 1 20000.000000
85.135498 3 1 1500.000000
85.151657 3 1 100000.000000
85.555934 3 2 4000000.000000
87.178343 3 3 3000.000000
88.534293 3 2 4000000.000000
88.541885 3 0 10000.000000
89.377259 3 0 10000.000000
89.465575 3 2 100000.000000
89.981051 3 0 10000.000000
90.004841 3 3 200000.000000
90.493442 3 1 200000.000000
90.659589 3 0 3000.000000
90.741691 3 0 20000.000000
90.972483 3 1 1500.000000
90.991092 3 1 3000000.000000
91.918681 3 1 1500.000000
92.285715 3 3 1000000.000000
92.318315 3 2 1500.000000
92.593278 3 0 10000.000000
92.596822 3 3 10000.000000
92.724692 3 3 200000.000000
93.088607 3 2 4000000.000000
93.132573 3 0 200000.000000
93.624826 3 2 200000.000000
93.715767 3 2 10000.000000
93.722846 3 2 100000.000000
93.825915 3 2 1500.000000
93.874889 3 3 1500.000000
94.135147 3 2 100000.000000
94.498172 3 0 4000000.000000
94.689645 3 2 3000.000000
94.703244 3 2 1500.000000
95.259493 3 0 1500.000000
95.268503 3 2 3000000.000000
95.462141 3 2 1500.000000
95.468371 3 3 200000.000000
95.471868 3 1 1000000.000000
95.553696 3 1 1500.000000
95.576822 3 2 4000000.000000
95.845141 3 2 4000000.000000
95.947814 3 0 1000000.000000
97.305233 3 1 20000.000000
97.566393 3 3 1500.000000
97.690163 3 2 1500.000000
97.816724 3 1 10000.000000
97.818979 3 1 100000.000000
98.104596 3 0 1500.000000
98.116481 3 1 20000.000000
98.241186 3 0 1000000.000000
98.988377 3 0 100000.000000
99.023366 3 1 1500.000000
99.080118 3 0 10000.000000
99.083350 3 1 1500.000000
99.118505 3 3 1500.000000
99.896814 3 1 1500.000000
99.998887 3 0 200000.000000
100.235661 3 2 1500.000000
100.246640 3 1 200000.000000
100.605238 3 2 1500.000000
100.615660 3 3 100000.000000
100.773183 3 1 1500.000000
101.055345 3 2 1500.000000
101.448161 3 0 10000.000000
101.847597 3 1 1000000.000000
102.177963 3 3 200000.000000
102.178907 3 3 1500.000000
103.038370 3 1 100000.000000
103.200971 3 2 1000000.000000
104.479553 3 1 200000.000000
104.816795 3 2 1500.000000
105.323053 3 3 1000000.000000
105.336201 3 1 200000.000000
105.393490 3 0 1500.000000
105.515913 3 2 4000000.000000
105.571737 3 1 200000.000000
105.665427 3 1 100000.000000
106.068820 3 3 1500.000000
106.077750 3 0 3000000.000000
106.310637 3 3 1500.000000
106.404159 3 0 1500.000000
106.485305 3 3 20000.000000
106.645544 3 2 1500.000000
106.924634 3 2 2000000.000000
107.022651 3 3 10000.000000
107.031870 3 1 100000.000000
107.344664 3 3 1500.000000
107.464864 3 0 4000000.000000
107.505966 3 1 20000.000000
107.555782 3 2 1500.000000
107.880708 3 2 200000.000000
107.893553 3 2 100000.000000
108.046021 3 1 1000000.000000
109.035782 3 2 200000.000000
109.446722 3 0 1000000.000000
109.968470 3 3 1000000.000000
110.066609 3 3 3000000.000000
110.298183 3 3 10000.000000
110.619102 3 3 1000000.000000
110.696542 3 1 200000.000000
110.826423 3 2 1000000.000000
110.846190 3 0 3000000.000000
111.089005 3 3 100000.000000
111.333797 3 1 1500.000000
112.146670 3 0 1500.000000
112.488115 3 1 1500.000000
112.498200 3 2 1500.000000
112.652044 3 1 1000000.000000
112.745839 3 0 1000000.000000
112.879768 3 1 1500.000000
113.175719 3 1 1500.000000
113.374963 3 1 1500.000000
113.513739 3 2 1500.000000
113.879352 3 2 1000000.000000
113.889859 3 2 2000000.000000
114.257772 3 1 1500.000000
114.384791 3 3 1500.000000
114.657222 3 1 10000.000000
114.688295 3 2 3000000.000000
114.695993 3 3 1500.000000
114.897228 3 1 1500.000000
115.570733 3 1 1500.000000
116.016824 3 3 10000.000000
116.021608 3 3 1500.000000
116.153041 3 2 3000.000000
116.185771 3 0 2000000.000000
116.352222 3 0 3000.000000
116.566679 3 1 1500.000000
116.863308 3 1 1500.000000
117.137904 3 0 1500.000000
117.242153 3 3 4000000.000000
117.259472 3 0 1500.000000
117.552356 3 3 1500.000000
117.621013 3 1 1500.000000
117.636942 3 0 1500.000000
117.911970 3 3 1500.000000
117.935820 3 1 10000.000000
118.256714 3 1 100000.000000
118.376491 3 3 2000000.000000
119.105863 3 0 200000.000000
119.181548 3 0 1500.000000
119.494296 3 1 3000000.000000
119.495475 3 1 4000000.000000
119.501803 3 3 1500.000000
119.555140 3 2 1500.000000
119.809181 3 2 3000000.000000
119.968542 3 1 4000000.000000
120.428317 3 0 1000000.000000
120.997465 3 1 100000.000000
121.034440 3 1 1500.000000
121.819323 3 1 100000.000000
121.869254 3 3 1500.000000
122.055567 3 1 3000000.000000
122.816256 3 3 100000.000000
122.852092 3 1 3000.000000
123.052513 3 1 1500.000000
123.280876 3 3 1000000.000000
123.345421 3 2 100000.000000
123.840389 3 1 3000000.000000
124.629375 3 2 2000000.000000
124.725465 3 1 3000000.000000
124.990352 3 1 1500.000000
124.996225 3 0 3000.000000
125.186409 3 2 100000.000000
125.223468 3 2 1500.000000
125.234989 3 2 100000.000000
125.290762 3 3 200000.000000
125.434424 3 2 3000000.000000
125.849160 3 3 3000.000000
126.351892 3 0 1500.000000
126.390964 3 0 1500.000000
126.426988 3 2 1500.000000
126.690542 3 1 1000000.000000
126.750190 3 3 200000.000000
127.305276 3 2 200000.000000
127.340889 3 2 1500.000000
127.706122 3 2 100000.000000
127.771514 3 1 3000000.000000
127.899776 3 0 2000000.000000
128.022375 3 3 3000000.000000
128.176290 3 2 1500.000000
128.253668 3 1 1500.000000
128.394652 3 0 1500.000000
128.712751 3 2 1500.000000
128.842938 3 0 10000.000000
128.922955 3 3 3000.000000
129.150160 3 1 1500.000000
129.376142 3 3 10000.000000
129.603122 3 3 1500.000000
130.008979 3 0 1500.000000
130.355845 3 0 4000000.000000
130.409533 3 1 3000000.000000
130.477773 3 1 1500.000000
130.571255 3 1 100000.000000
131.277025 3 2 1500.000000
131.296513 3 3 2000000.000000
131.625238 3 2 1500.000000
131.833674 3 2 4000000.000000
132.069998 3 0 200000.000000
132.110309 3 1 3000000.000000
132.525759 3 0 1500.000000
132.556624 3 1 200000.000000
133.162336 3 3 10000.000000
133.178322 3 3 200000.000000
133.327997 3 3 1500.000000
133.556214 3 3 1500.000000
133.674052 3 2 100000.000000
133.710492 3 2 1000000.000000
133.757876 3 3 3000000.000000
134.094128 3 1 10000.000000
134.243047 3 3 2000000.000000
134.251372 3 1 1500.000000
134.326249 3 1 2000000.000000
134.695747 3 0 100000.000000
134.812455 3 1 1500.000000
135.132134 3 3 4000000.000000
135.502957 3 3 1500.000000
135.551821 3 2 1500.000000
135.788874 3 1 1500.000000
135.795397 3 0 200000.000000
135.813530 3 0 200000.000000
135.846829 3 0 3000000.000000
135.939357 3 0 1500.000000
135.957985 3 2 3000000.000000
136.310070 3 1 4000000.000000
136.615097 3 0 1500.000000
136.856233 3 3 200000.000000
137.041853 3 3 1500.000000
137.221803 3 1 1500.000000
137.392664 3 3 3000000.000000
137.455657 3 1 100000.000000
137.458218 3 3 1000000.000000
137.955942 3 2 3000000.000000
138.159824 3 2 3000.000000
138.213477 3 2 20000.000000
138.716822 3 1 2000000.000000
138.748566 3 2 20000.000000
138.749326 3 1 10000.000000
138.933737 3 0 1000000.000000
139.003896 3 1 1500.000000
139.549108 3 2 1500.000000
139.627823 3 2 3000000.000000
139.807409 3 2 1500.000000
140.320444 3 3 1500.000000
140.456691 3 1 200000.000000
140.655821 3 2 3000000.000000
140.787618 3 0 10000.000000
140.840607 3 3 4000000.000000
141.233870 3 3 200000.000000
141.364951 3 2 3000.000000
141.446456 3 0 3000000.000000
141.750704 3 1 3000000.000000
142.102147 3 1 1500.000000
142.323324 3 0 100000.000000
142.367308 3 2 1000000.000000
142.763283 3 2 2000000.000000
142.778545 3 2 200000.000000
142.958269 3 2 1000000.000000
143.009217 3 2 200000.000000
143.132070 3 0 3000000.000000
143.139401 3 3 200000.000000
143.298675 3 2 1500.000000
143.491466 3 1 10000.000000
143.503031 3 2 3000000.000000
143.611296 3 2 3000000.000000
143.662397 3 2 3000000.000000
143.823501 3 0 20000.000000
144.083747 3 0 1500.000000
144.205820 3 2 100000.000000
144.400115 3 2 4000000.000000
144.442668 3 1 1500.000000
144.523785 3 0 2000000.000000
144.557246 3 1 100000.000000
144.805987 3 0 1500.000000
145.024533 3 0 1500.000000
145.431080 3 3 100000.000000
145.462397 3 3 200000.000000
145.619125 3 3 3000000.000000
145.822616 3 2 200000.000000
146.132418 3 1 1500.000000
146.234796 3 2 1500.000000
146.264635 3 3 1500.000000
146.278474 3 3 2000000.000000
146.578011 3 3 3000000.000000
146.721687 3 0 1500.000000
146.730696 3 1 1000000.000000
147.589394 3 1 200000.000000
147.621294 3 1 100000.000000
148.050010 3 0 1500.000000
148.195567 3 3 3000.000000
148.212234 3 2 20000.000000
148.349124 3 1 1500.000000
148.816261 3 0 100000.000000
148.872777 3 2 1500.000000
149.000608 3 2 1500.000000
149.013422 3 3 2000000.000000
149.121951 3 2 1500.000000
149.701788 3 2 1500.000000
