0.020319 0 3 1000000.000000
0.292281 0 2 1500.000000
0.366574 0 2 3000000.000000
0.658494 0 0 1000000.000000
1.044334 0 3 1500.000000
1.114836 0 0 1000000.000000
1.126669 0 3 1500.000000
1.480427 0 3 1500.000000
1.676924 0 0 1500.000000
2.028692 0 2 10000.000000
2.217577 0 2 4000000.000000
2.251678 0 0 4000000.000000
2.315963 0 3 1500.000000
2.348864 0 0 1500.000000
2.584137 0 1 1000000.000000
2.811025 0 1 1000000.000000
2.960025 0 0 100000.000000
3.307109 0 2 200000.000000
3.509576 0 0 4000000.000000
3.566210 0 0 3000.000000
3.587221 0 1 100000.000000
3.852678 0 2 3000.000000
3.869328 0 1 1000000.000000
4.123797 0 2 1500.000000
4.207172 0 1 200000.000000
4.426984 0 2 1000000.000000
4.649657 0 3 1500.000000
4.670801 0 3 1500.000000
4.683646 0 1 1000000.000000
4.910406 0 1 100000.000000
4.964474 0 0 4000000.000000
5.013059 0 2 1500.000000
5.243582 0 2 200000.000000
5.389629 0 3 1500.000000
5.515310 0 2 1500.000000
5.865097 0 1 1000000.000000
5.909457 0 0 3000000.000000
6.162067 0 0 10000.000000
6.201441 0 1 1500.000000
6.252088 0 3 20000.000000
6.336651 0 2 1000000.000000
6.505982 0 1 3000000.000000
7.085630 0 0 1500.000000
7.156627 0 1 1500.000000
7.164939 0 3 1500.000000
7.335119 0 0 2000000.000000
7.658175 0 1 10000.000000
7.715770 0 0 1500.000000
7.782337 0 3 200000.000000
7.783248 0 2 3000000.000000
7.904489 0 2 1000000.000000
8.312462 0 1 10000.000000
8.664016 0 3 200000.000000
8.749560 0 0 1000000.000000
8.804132 0 3 100000.000000
8.919676 0 2 100000.000000
9.253997 0 0 4000000.000000
10.027919 0 3 20000.000000
10.131527 0 3 4000000.000000
10.198618 0 2 1000000.000000
10.211827 0 3 1500.000000
10.269921 0 2 4000000.000000
11.259092 0 0 20000.000000
11.272808 0 0 1500.000000
11.534988 0 1 1500.000000
11.799969 0 1 3000.000000
11.956646 0 3 1500.000000
12.226059 0 2 4000000.000000
12.451092 0 3 3000000.000000
12.512886 0 3 1500.000000
12.746168 0 1 10000.000000
12.816690 0 3 3000000.000000
13.173522 0 1 1500.000000
13.289280 0 2 1500.000000
13.482091 0 3 3000.000000
13.540046 0 3 10000.000000
13.606209 0 2 3000000.000000
13.676597 0 3 1000000.000000
13.847164 0 3 100000.000000
14.011049 0 2 1500.000000
14.506399 0 2 1500.000000
14.675470 0 3 1500.000000
14.726451 0 1 3000000.000000
14.760415 0 0 200000.000000
14.949490 0 3 3000000.000000
14.989689 0 2 1500.000000
15.226774 0 0 1500.000000
15.492759 0 2 1000000.000000
15.543046 0 0 1000000.000000
16.265540 0 2 100000.000000
16.279945 0 0 100000.000000
16.310779 0 2 1500.000000
16.454689 0 2 3000.000000
16.474037 0 0 3000.000000
16.789874 0 1 200000.000000
17.637637 0 1 1500.000000
18.436693 0 1 3000000.000000
18.515236 0 1 1000000.000000
19.875801 0 2 3000.000000
19.954541 0 2 10000.000000
20.018843 0 0 1500.000000
20.160101 0 2 1500.000000
20.434034 0 2 1500.000000
20.454345 0 2 1000000.000000
20.544229 0 0 1500.000000
20.641970 0 2 1500.000000
20.794975 0 1 1000000.000000
20.806227 0 2 1500.000000
20.813015 0 2 10000.000000
20.927549 0 0 100000.000000
21.031232 0 1 20000.000000
21.504227 0 3 100000.000000
21.642815 0 1 1500.000000
21.650231 0 1 1500.000000
22.028738 0 1 1500.000000
22.133763 0 1 1500.000000
22.204275 0 0 1500.000000
22.225217 0 1 10000.000000
22.336901 0 3 4000000.000000
22.585736 0 0 1500.000000
22.717349 0 3 20000.000000
22.721015 0 3 200000.000000
22.815089 0 0 10000.000000
23.172881 0 3 3000000.000000
23.200100 0 3 4000000.000000
23.379925 0 2 20000.000000
23.458823 0 0 200000.000000
23.654904 0 3 1500.000000
23.859802 0 1 3000000.000000
23.889142 0 1 1500.000000
23.948129 0 3 1500.000000
24.328615 0 3 1500.000000
24.362314 0 1 1000000.000000
24.370931 0 1 1500.000000
24.626632 0 0 1500.000000
24.753740 0 3 1500.000000
25.177031 0 1 1500.000000
25.179420 0 0 1500.000000
25.281613 0 3 1500.000000
25.378232 0 3 20000.000000
25.461229 0 3 1000000.000000
25.640781 0 3 1500.000000
25.675159 0 2 1500.000000
25.819995 0 1 100000.000000
25.938786 0 2 3000.000000
25.942146 0 1 20000.000000
26.093933 0 1 1000000.000000
26.156058 0 1 1500.000000
26.234018 0 1 2000000.000000
26.565229 0 3 200000.000000
26.644793 0 1 4000000.000000
26.781915 0 0 10000.000000
26.826011 0 1 1500.000000
26.988574 0 3 3000000.000000
27.321516 0 0 3000000.000000
27.456717 0 0 2000000.000000
27.501564 0 0 1500.000000
27.555945 0 2 200000.000000
27.558869 0 2 3000000.000000
27.736891 0 2 1000000.000000
27.806483 0 3 1500.000000
28.154710 0 2 1000000.000000
28.244519 0 0 3000000.000000
28.551459 0 3 100000.000000
28.554319 0 3 1500.000000
28.658602 0 2 1500.000000
29.145821 0 2 1500.000000
29.152304 0 2 4000000.000000
29.458406 0 3 3000000.000000
30.152426 0 0 100000.000000
30.185082 0 3 1500.000000
30.441008 0 2 4000000.000000
30.541208 0 0 1500.000000
30.553936 0 2 1500.000000
31.105785 0 0 1000000.000000
31.215911 0 2 10000.000000
31.270087 0 3 1500.000000
31.329728 0 0 1500.000000
31.425632 0 1 200000.000000
31.682680 0 0 1500.000000
31.708601 0 2 1500.000000
31.869592 0 0 1500.000000
32.074025 0 1 3000000.000000
32.102883 0 0 1500.000000
32.258095 0 3 1500.000000
32.484961 0 3 4000000.000000
32.945382 0 1 20000.000000
33.317999 0 2 100000.000000
33.345833 0 1 1500.000000
33.490293 0 3 20000.000000
33.620284 0 0 1500.000000
34.183397 0 1 3000000.000000
34.296109 0 2 1500.000000
34.424624 0 3 4000000.000000
34.790500 0 1 1500.000000
34.930655 0 3 2000000.000000
34.942053 0 2 2000000.000000
34.977457 0 0 4000000.000000
35.074695 0 1 3000000.000000
35.193247 0 3 3000.000000
35.319637 0 0 20000.000000
35.799112 0 3 1500.000000
35.801477 0 3 1500.000000
36.088063 0 2 2000000.000000
36.163351 0 1 3000000.000000
36.269310 0 2 100000.000000
36.278826 0 3 1500.000000
36.965138 0 0 4000000.000000
37.230230 0 1 2000000.000000
37.373985 0 1 1500.000000
37.377410 0 3 1500.000000
37.804018 0 2 1500.000000
37.963371 0 0 100000.000000
38.335741 0 0 1500.000000
38.357609 0 2 1500.000000
38.530157 0 2 1000000.000000
38.544696 0 1 3000000.000000
38.647957 0 0 1500.000000
38.705836 0 2 4000000.000000
39.069945 0 0 3000000.000000
39.607811 0 0 1500.000000
39.646995 0 0 4000000.000000
39.893217 0 3 2000000.000000
40.084944 0 0 3000000.000000
40.111779 0 0 1500.000000
40.112697 0 3 20000.000000
40.292455 0 2 10000.000000
40.548925 0 0 20000.000000
40.845688 0 3 3000.000000
40.902363 0 3 3000000.000000
41.011502 0 3 1500.000000
41.046707 0 3 1500.000000
41.149300 0 2 1500.000000
41.171371 0 0 1500.000000
41.218732 0 2 1500.000000
41.281315 0 3 1500.000000
41.607624 0 3 20000.000000
42.438530 0 1 3000000.000000
42.571570 0 0 200000.000000
42.609964 0 3 4000000.000000
42.979853 0 3 1500.000000
43.103719 0 3 100000.000000
43.137870 0 3 1500.000000
43.152138 0 3 1500.000000
43.178111 0 3 1500.000000
43.222247 0 3 100000.000000
43.296373 0 0 1500.000000
43.551840 0 2 10000.000000
44.157058 0 2 3000000.000000
44.852383 0 3 2000000.000000
45.146510 0 2 200000.000000
45.149499 0 2 1500.000000
45.197671 0 2 3000.000000
45.251615 0 0 4000000.000000
45.253315 0 0 1500.000000
45.263099 0 2 1500.000000
45.341233 0 1 1500.000000
45.562227 0 0 200000.000000
45.755024 0 0 200000.000000
45.772009 0 2 1500.000000
45.834473 0 2 3000000.000000
45.846845 0 1 1500.000000
46.005838 0 0 2000000.000000
46.184582 0 0 1500.000000
46.269998 0 1 1500.000000
46.279600 0 2 200000.000000
46.564812 0 2 2000000.000000
46.845142 0 1 200000.000000
47.476476 0 3 100000.000000
47.657768 0 2 1500.000000
47.678637 0 1 20000.000000
47.895538 0 3 4000000.000000
48.221945 0 1 4000000.000000
48.425554 0 3 1500.000000
48.515714 0 3 3000000.000000
49.361012 0 0 1500.000000
49.368729 0 3 4000000.000000
49.407834 0 3 1000000.000000
49.428503 0 0 1500.000000
50.055842 0 1 10000.000000
50.194248 0 3 1500.000000
50.639756 0 0 3000000.000000
50.699728 0 3 1500.000000
51.484566 0 1 1500.000000
51.620183 0 0 100000.000000
52.395926 0 2 100000.000000
52.858868 0 3 4000000.000000
53.112051 0 0 3000.000000
53.270192 0 0 100000.000000
53.665894 0 1 1500.000000
53.757388 0 2 10000.000000
53.846313 0 0 100000.000000
54.214588 0 2 100000.000000
54.337658 0 1 100000.000000
54.594078 0 3 4000000.000000
54.615589 0 3 4000000.000000
54.680790 0 2 1500.000000
54.839853 0 3 3000000.000000
54.932321 0 1 1500.000000
55.061590 0 0 1000000.000000
55.118199 0 3 1000000.000000
55.929612 0 3 10000.000000
55.937129 0 3 1500.000000
56.054223 0 2 1500.000000
56.123684 0 3 10000.000000
56.148439 0 3 200000.000000
56.167275 0 0 200000.000000
56.238459 0 3 200000.000000
56.350233 0 3 100000.000000
56.626740 0 0 1500.000000
57.018463 0 2 1500.000000
57.027368 0 0 3000.000000
57.404589 0 2 100000.000000
58.076260 0 2 1500.000000
58.089278 0 3 4000000.000000
58.201094 0 1 1000000.000000
58.330131 0 0 1500.000000
58.801466 0 0 4000000.000000
58.984112 0 0 100000.000000
59.406414 0 2 100000.000000
59.689851 0 1 200000.000000
59.997427 0 1 1500.000000
60.620574 0 1 10000.000000
60.817418 0 3 1500.000000
61.210037 0 0 1500.000000
61.393714 0 2 1500.000000
61.903481 0 2 1500.000000
62.151087 0 3 1500.000000
62.415351 0 1 1500.000000
62.503721 0 0 4000000.000000
62.865812 0 3 1000000.000000
62.879340 0 2 4000000.000000
62.884826 0 2 10000.000000
63.068830 0 2 1500.000000
63.137392 0 0 200000.000000
63.243093 0 2 10000.000000
63.454104 0 2 1500.000000
63.897639 0 2 1500.000000
63.996155 0 3 3000000.000000
64.379645 0 3 1500.000000
64.463247 0 0 20000.000000
64.518461 0 1 3000000.000000
64.595372 0 3 4000000.000000
64.629463 0 2 1500.000000
64.770825 0 1 4000000.000000
64.795914 0 0 20000.000000
64.993235 0 1 1500.000000
65.212315 0 3 100000.000000
65.490444 0 0 10000.000000
65.511043 0 2 1500.000000
65.633911 0 2 1000000.000000
65.658895 0 1 20000.000000
65.736464 0 3 4000000.000000
65.848137 0 3 1000000.000000
65.952241 0 0 3000000.000000
66.279079 0 1 1500.000000
66.327164 0 3 4000000.000000
66.331268 0 2 3000000.000000
66.476812 0 3 3000.000000
66.495546 0 2 1500.000000
66.613239 0 3 1500.000000
66.720818 0 1 1500.000000
66.992178 0 0 1500.000000
67.225168 0 0 1500.000000
67.309977 0 2 10000.000000
67.479270 0 0 1500.000000
67.785422 0 2 1000000.000000
67.950625 0 0 1000000.000000
67.999454 0 0 2000000.000000
68.384559 0 3 1500.000000
68.823939 0 1 1500.000000
69.200414 0 0 4000000.000000
69.472221 0 2 1500.000000
70.023112 0 2 10000.000000
70.091839 0 2 3000000.000000
70.245733 0 2 1500.000000
70.277190 0 2 1500.000000
70.939539 0 2 200000.000000
70.998049 0 3 1500.000000
71.474775 0 2 10000.000000
71.575580 0 0 1500.000000
71.744360 0 1 4000000.000000
71.981925 0 3 1000000.000000
72.570060 0 3 1500.000000
72.826387 0 0 1000000.000000
72.879747 0 3 1500.000000
72.996911 0 2 3000000.000000
73.125681 0 1 3000000.000000
73.263820 0 1 100000.000000
73.518401 0 2 4000000.000000
73.570620 0 3 3000000.000000
73.649571 0 1 4000000.000000
73.726949 0 3 1500.000000
74.191280 0 3 1500.000000
74.349973 0 2 1500.000000
74.361097 0 0 3000.000000
74.527937 0 3 200000.000000
74.982356 0 1 3000000.000000
74.993995 0 3 1500.000000
75.300259 0 1 1500.000000
75.469407 0 3 1500.000000
75.562039 0 1 1500.000000
76.342620 0 3 4000000.000000
76.425876 0 3 20000.000000
76.726494 0 2 4000000.000000
77.327948 0 0 3000000.000000
77.527624 0 2 1500.000000
77.613377 0 3 100000.000000
77.673542 0 1 4000000.000000
77.861488 0 0 1500.000000
78.177156 0 0 200000.000000
78.341872 0 3 1500.000000
78.380741 0 3 100000.000000
79.008537 0 2 1500.000000
79.051715 0 1 4000000.000000
79.526896 0 2 1500.000000
79.637114 0 0 100000.000000
79.790270 0 3 1500.000000
79.892563 0 3 1500.000000
80.157559 0 0 3000000.000000
80.309030 0 3 100000.000000
80.602247 0 3 200000.000000
80.678285 0 2 1500.000000
80.903523 0 3 1500.000000
80.951976 0 2 1500.000000
80.983122 0 3 100000.000000
81.050563 0 0 200000.000000
81.057422 0 2 1500.000000
81.203821 0 3 200000.000000
81.703147 0 2 4000000.000000
82.212629 0 1 1500.000000
82.504260 0 1 200000.000000
82.521063 0 0 1500.000000
82.537961 0 1 2000000.000000
82.982451 0 2 3000000.000000
83.001418 0 1 1000000.000000
83.062871 0 2 4000000.000000
83.069086 0 3 1500.000000
83.087733 0 3 1500.000000
83.816964 0 0 200000.000000
84.057984 0 2 100000.000000
84.207959 0 0 1500.000000
84.314388 0 2 4000000.000000
84.435554 0 2 1500.000000
84.535513 0 3 1500.000000
84.733464 0 1 1500.000000
85.416750 0 0 1500.000000
85.454461 0 2 1000000.000000
85.557602 0 3 100000.000000
85.892180 0 0 20000.000000
85.976086 0 1 1500.000000
86.126673 0 0 1500.000000
86.922993 0 2 1500.000000
86.935276 0 0 3000000.000000
87.165940 0 2 4000000.000000
87.272827 0 3 20000.000000
87.301642 0 0 2000000.000000
87.445041 0 2 1500.000000
87.713182 0 1 1500.000000
87.843412 0 3 3000000.000000
87.942451 0 0 10000.000000
88.045565 0 1 3000000.000000
88.596804 0 3 4000000.000000
88.634136 0 2 200000.000000
88.797866 0 3 1500.000000
88.965457 0 1 4000000.000000
89.114097 0 0 4000000.000000
89.294117 0 0 1500.000000
89.690465 0 0 1500.000000
89.771239 0 3 1500.000000
90.263706 0 1 200000.000000
90.299520 0 2 1500.000000
90.381450 0 1 4000000.000000
90.642255 0 3 1500.000000
90.772936 0 1 3000.000000
91.302243 0 0 1500.000000
91.539703 0 3 1500.000000
91.622494 0 3 1500.000000
91.635753 0 1 100000.000000
91.698128 0 1 100000.000000
91.882883 0 3 3000.000000
92.082575 0 0 2000000.000000
92.484118 0 3 1500.000000
92.551850 0 1 3000.000000
92.583103 0 2 1000000.000000
92.843655 0 2 1500.000000
93.139468 0 3 3000000.000000
93.157198 0 1 4000000.000000
93.182886 0 2 1500.000000
93.191458 0 0 100000.000000
93.309582 0 3 1500.000000
93.688519 0 1 10000.000000
94.386228 0 1 1000000.000000
94.439662 0 0 100000.000000
94.702790 0 1 200000.000000
94.951590 0 2 1500.000000
95.729219 0 0 1000000.000000
95.788079 0 0 3000.000000
95.960664 0 0 4000000.000000
96.389231 0 0 200000.000000
96.461763 0 3 4000000.000000
96.513024 0 1 1000000.000000
96.598251 0 3 1500.000000
96.696910 0 3 200000.000000
96.858888 0 3 4000000.000000
97.180328 0 1 3000000.000000
97.689618 0 3 100000.000000
97.779920 0 0 1000000.000000
97.889628 0 3 3000000.000000
97.904598 0 3 100000.000000
97.951217 0 2 20000.000000
98.181143 0 1 200000.000000
98.526412 0 1 200000.000000
98.680665 0 3 3000000.000000
98.892988 0 0 4000000.000000
99.264617 0 3 3000.000000
99.516201 0 1 1500.000000
99.643063 0 1 1500.000000
99.984876 0 3 3000000.000000
100.217992 0 2 1500.000000
100.223671 0 0 1500.000000
100.340062 0 0 1500.000000
100.383164 0 2 3000.000000
100.537781 0 1 20000.000000
100.635614 0 0 1000000.000000
100.836706 0 1 3000.000000
101.060963 0 2 3000000.000000
101.471921 0 2 100000.000000
101.540715 0 1 200000.000000
101.634991 0 0 100000.000000
101.771174 0 0 20000.000000
102.015079 0 0 20000.000000
102.350602 0 0 200000.000000
102.519451 0 2 1500.000000
102.686547 0 2 1500.000000
103.389189 0 1 3000.000000
103.635666 0 0 1500.000000
103.860719 0 3 4000000.000000
104.163919 0 1 1500.000000
104.223581 0 3 4000000.000000
104.334103 0 0 1500.000000
104.508511 0 0 1500.000000
104.583356 0 0 10000.000000
104.742885 0 2 3000000.000000
104.861528 0 3 100000.000000
105.717689 0 2 1500.000000
105.880638 0 2 3000000.000000
106.248820 0 1 3000000.000000
106.449517 0 3 20000.000000
106.559115 0 1 100000.000000
106.676287 0 0 200000.000000
106.767204 0 1 1500.000000
106.929193 0 3 1500.000000
107.169617 0 3 1500.000000
107.235700 0 0 1500.000000
107.287474 0 2 2000000.000000
107.482269 0 0 1500.000000
107.669276 0 3 1500.000000
107.696736 0 1 1500.000000
108.019386 0 1 1500.000000
108.209094 0 1 4000000.000000
108.312957 0 0 1000000.000000
108.367407 0 1 1000000.000000
108.431998 0 2 4000000.000000
108.738814 0 0 1500.000000
108.783535 0 2 1500.000000
108.826412 0 2 4000000.000000
109.229773 0 2 1000000.000000
109.546481 0 3 10000.000000
109.780724 0 2 10000.000000
109.881791 0 0 100000.000000
110.429872 0 0 20000.000000
110.799817 0 2 200000.000000
111.051261 0 0 1500.000000
111.258806 0 1 1000000.000000
111.693494 0 0 3000000.000000
111.709780 0 0 1500.000000
111.843192 0 2 200000.000000
111.878018 0 1 200000.000000
111.921822 0 2 1000000.000000
112.006789 0 3 100000.000000
112.169098 0 2 100000.000000
112.213080 0 0 200000.000000
112.307385 0 3 20000.000000
112.523493 0 2 1500.000000
112.529402 0 3 1500.000000
112.544832 0 1 1500.000000
112.911640 0 3 100000.000000
112.937159 0 2 100000.000000
113.185349 0 3 100000.000000
113.328848 0 1 100000.000000
113.537138 0 2 1500.000000
113.853870 0 3 3000.000000
114.050399 0 3 3000000.000000
114.075257 0 0 4000000.000000
114.133081 0 1 2000000.000000
114.242580 0 1 200000.000000
114.378844 0 1 200000.000000
114.398318 0 0 200000.000000
114.605259 0 1 20000.000000
114.679277 0 1 100000.000000
114.764533 0 1 3000.000000
114.839852 0 3 200000.000000
114.946729 0 2 1500.000000
115.005719 0 3 1500.000000
115.075575 0 1 20000.000000
115.081341 0 0 4000000.000000
115.084857 0 2 100000.000000
115.190867 0 0 3000000.000000
115.451259 0 3 4000000.000000
115.596375 0 2 100000.000000
116.926633 0 1 4000000.000000
117.085699 0 0 100000.000000
117.192657 0 1 200000.000000
117.363780 0 3 1500.000000
117.437310 0 3 1500.000000
117.485231 0 2 1500.000000
117.784030 0 3 3000000.000000
117.793081 0 0 200000.000000
117.932530 0 2 3000.000000
118.093196 0 2 1500.000000
118.393232 0 0 100000.000000
118.500960 0 0 4000000.000000
118.553643 0 1 3000.000000
118.744090 0 3 1500.000000
118.932703 0 1 1500.000000
120.123456 0 0 1500.000000
120.390561 0 1 100000.000000
120.575564 0 1 1500.000000
120.762655 0 2 20000.000000
121.032493 0 0 4000000.000000
121.140069 0 0 20000.000000
121.554310 0 2 4000000.000000
121.618307 0 3 1500.000000
121.681876 0 0 3000.000000
121.771575 0 2 10000.000000
122.002177 0 1 10000.000000
122.171655 0 0 20000.000000
122.233250 0 1 1000000.000000
122.638381 0 2 1500.000000
122.702394 0 1 1500.000000
123.293624 0 2 1500.000000
123.412122 0 2 100000.000000
123.689009 0 3 100000.000000
123.835721 0 1 1500.000000
123.941720 0 3 200000.000000
123.967317 0 2 3000000.000000
123.984978 0 3 100000.000000
124.063666 0 3 1500.000000
124.091410 0 3 20000.000000
124.174697 0 0 3000000.000000
124.554281 0 2 3000000.000000
124.669095 0 0 4000000.000000
124.800224 0 3 1000000.000000
124.950368 0 0 3000000.000000
125.233984 0 3 1500.000000
125.398155 0 0 4000000.000000
125.706667 0 3 20000.000000
125.818461 0 1 1500.000000
125.974580 0 1 3000.000000
126.046933 0 3 1500.000000
126.054150 0 0 1500.000000
126.173672 0 0 200000.000000
126.641512 0 2 4000000.000000
126.786553 0 2 200000.000000
126.939531 0 2 1500.000000
127.158146 0 3 3000000.000000
127.192438 0 3 3000000.000000
127.904654 0 3 3000000.000000
127.984454 0 1 1500.000000
128.082052 0 3 1500.000000
128.449906 0 0 1500.000000
129.066230 0 2 100000.000000
129.111284 0 2 1000000.000000
129.538344 0 2 3000000.000000
129.778654 0 1 3000000.000000
129.895383 0 0 200000.000000
130.076788 0 0 200000.000000
130.160967 0 1 10000.000000
130.242812 0 3 4000000.000000
130.251947 0 0 100000.000000
130.348047 0 1 100000.000000
130.404629 0 2 4000000.000000
130.660426 0 2 3000000.000000
131.059832 0 3 100000.000000
131.205240 0 0 3000000.000000
131.215473 0 0 1000000.000000
131.225547 0 2 1500.000000
131.528928 0 1 10000.000000
131.571869 0 1 1500.000000
131.625808 0 1 200000.000000
131.989588 0 1 3000000.000000
132.146125 0 0 1500.000000
132.192013 0 2 1500.000000
132.266822 0 0 1500.000000
132.281969 0 0 100000.000000
132.329011 0 3 4000000.000000
132.420478 0 3 1500.000000
132.622540 0 2 200000.000000
132.931688 0 3 1500.000000
132.979200 0 1 1000000.000000
132.996409 0 3 3000000.000000
133.022870 0 1 1500.000000
133.078365 0 0 3000000.000000
133.189212 0 3 1000000.000000
133.528401 0 1 4000000.000000
133.695595 0 1 1500.000000
134.114335 0 1 1500.000000
134.216988 0 0 20000.000000
134.264801 0 3 1500.000000
134.274731 0 1 100000.000000
134.393200 0 0 100000.000000
134.574744 0 1 100000.000000
134.852159 0 2 4000000.000000
135.155648 0 1 200000.000000
135.320086 0 0 3000000.000000
135.365704 0 2 1500.000000
135.404206 0 0 10000.000000
135.545279 0 1 20000.000000
135.564499 0 1 20000.000000
135.663616 0 3 3000000.000000
135.716198 0 0 200000.000000
135.724501 0 1 3000000.000000
135.909873 0 1 1500.000000
135.986383 0 1 10000.000000
136.486212 0 2 1500.000000
136.513435 0 0 1000000.000000
136.587032 0 3 1500.000000
136.608660 0 2 200000.000000
136.703390 0 0 4000000.000000
136.754852 0 3 100000.000000
137.065371 0 2 1500.000000
137.174598 0 3 200000.000000
137.200334 0 0 100000.000000
137.200872 0 3 100000.000000
137.304178 0 1 10000.000000
137.936085 0 0 4000000.000000
138.006949 0 2 3000.000000
138.206192 0 0 3000.000000
138.438686 0 3 200000.000000
138.616615 0 0 3000000.000000
138.800727 0 0 3000.000000
138.838498 0 1 3000.000000
139.139223 0 1 4000000.000000
139.332420 0 0 4000000.000000
139.585102 0 3 4000000.000000
139.636349 0 1 1500.000000
139.755413 0 1 1500.000000
139.950122 0 3 4000000.000000
140.078606 0 2 1500.000000
140.134176 0 3 1500.000000
140.320503 0 1 100000.000000
140.509032 0 1 200000.000000
140.510318 0 1 200000.000000
141.165141 0 0 3000.000000
141.484761 0 3 3000000.000000
141.712357 0 2 20000.000000
141.750330 0 1 1500.000000
142.032331 0 2 200000.000000
142.066015 0 3 10000.000000
142.070326 0 0 200000.000000
142.342069 0 2 1500.000000
142.693050 0 3 100000.000000
142.727083 0 2 4000000.000000
142.749492 0 2 1500.000000
142.978450 0 1 200000.000000
143.032468 0 0 1000000.000000
143.085199 0 1 4000000.000000
143.461608 0 3 100000.000000
144.006741 0 3 3000.000000
144.302507 0 2 3000.000000
144.358157 0 3 1500.000000
144.475191 0 1 4000000.000000
144.537933 0 0 1000000.000000
144.674191 0 3 3000000.000000
144.715003 0 1 3000000.000000
144.820792 0 1 100000.000000
145.267801 0 0 100000.000000
145.453062 0 0 1500.000000
145.550788 0 3 1000000.000000
145.674616 0 3 1500.000000
145.675745 0 3 1500.000000
145.721003 0 3 1500.000000
145.809884 0 1 1500.000000
145.840940 0 2 2000000.000000
145.974882 0 1 200000.000000
146.050603 0 2 4000000.000000
146.288642 0 2 100000.000000
146.641122 0 1 10000.000000
146.950132 0 2 1500.000000
147.061390 0 2 4000000.000000
147.808023 0 3 3000000.000000
147.820648 0 3 200000.000000
147.919727 0 0 200000.000000
148.027991 0 3 4000000.000000
148.087975 0 1 10000.000000
148.393754 0 3 1500.000000
148.687603 0 2 1500.000000
149.430905 0 1 3000000.000000
149.566009 0 1 1500.000000
0.237100 1 3 1000000.000000
0.254807 1 1 3000000.000000
0.400933 1 0 100000.000000
0.442233 1 0 1500.000000
0.509398 1 1 200000.000000
0.630228 1 2 1500.000000
0.638058 1 1 3000000.000000
0.650189 1 3 200000.000000
0.827668 1 1 100000.000000
0.980339 1 0 3000.000000
1.260382 1 2 1500.000000
1.371582 1 3 3000000.000000
1.489179 1 3 4000000.000000
1.524798 1 0 3000000.000000
1.735211 1 0 4000000.000000
1.817733 1 0 10000.000000
1.945832 1 1 1500.000000
1.966242 1 0 3000000.000000
1.993172 1 0 1500.000000
2.070962 1 2 1500.000000
2.259741 1 2 1500.000000
2.575050 1 1 1500.000000
2.681561 1 2 3000000.000000
2.823004 1 0 200000.000000
3.220851 1 3 100000.000000
3.348407 1 0 100000.000000
3.471348 1 3 3000.000000
3.670683 1 3 1000000.000000
3.964682 1 0 3000000.000000
4.072828 1 2 1500.000000
4.223573 1 1 200000.000000
4.512708 1 3 10000.000000
5.042477 1 0 4000000.000000
5.165195 1 3 1500.000000
5.238360 1 3 1500.000000
5.296194 1 3 1500.000000
5.581434 1 2 200000.000000
6.084812 1 0 1000000.000000
6.254703 1 1 3000.000000
6.602173 1 0 20000.000000
6.674276 1 2 4000000.000000
6.696298 1 2 1500.000000
6.800557 1 3 10000.000000
7.607092 1 3 1000000.000000
7.908960 1 0 100000.000000
8.228001 1 3 100000.000000
8.432338 1 0 20000.000000
9.760482 1 0 100000.000000
10.309508 1 1 3000000.000000
10.381699 1 2 1500.000000
10.961820 1 2 1000000.000000
11.093907 1 1 1500.000000
11.415865 1 1 1000000.000000
11.658979 1 1 1500.000000
12.232411 1 2 100000.000000
12.269502 1 3 1500.000000
12.725897 1 1 100000.000000
12.879901 1 1 3000.000000
13.152954 1 2 200000.000000
13.456482 1 3 1500.000000
13.634253 1 2 4000000.000000
13.900235 1 0 4000000.000000
14.042646 1 0 1500.000000
14.181950 1 3 10000.000000
14.221096 1 1 1000000.000000
14.479510 1 1 1500.000000
14.489866 1 2 100000.000000
14.944708 1 3 1500.000000
14.987506 1 3 1500.000000
15.138526 1 2 10000.000000
15.235717 1 1 1500.000000
15.489105 1 2 1500.000000
15.618931 1 2 1500.000000
15.786677 1 2 200000.000000
16.161442 1 0 3000000.000000
16.211575 1 3 100000.000000
16.247024 1 3 200000.000000
16.253306 1 1 1500.000000
16.471043 1 0 100000.000000
16.622872 1 0 200000.000000
16.683004 1 2 200000.000000
16.753297 1 0 4000000.000000
16.757567 1 3 200000.000000
16.806145 1 0 100000.000000
16.993886 1 0 100000.000000
17.070140 1 1 3000000.000000
17.257627 1 0 10000.000000
17.573899 1 0 1500.000000
17.581600 1 3 4000000.000000
17.634815 1 3 100000.000000
17.685082 1 0 3000000.000000
18.018244 1 2 100000.000000
18.314018 1 2 1500.000000
18.385534 1 3 1500.000000
19.325172 1 0 200000.000000
19.817256 1 0 200000.000000
20.306509 1 1 1000000.000000
20.385947 1 2 1500.000000
20.473431 1 0 100000.000000
20.545221 1 0 4000000.000000
20.795618 1 2 1500.000000
21.072663 1 3 1000000.000000
21.212931 1 0 4000000.000000
21.341831 1 1 1500.000000
21.979593 1 2 200000.000000
22.073465 1 0 1500.000000
22.282874 1 3 3000000.000000
22.378895 1 3 1500.000000
22.827135 1 2 200000.000000
22.959156 1 0 1000000.000000
22.998368 1 2 100000.000000
23.371095 1 0 1500.000000
23.382158 1 0 4000000.000000
23.774705 1 1 1500.000000
23.776681 1 1 3000.000000
24.425630 1 2 1500.000000
24.454151 1 2 100000.000000
24.830114 1 2 100000.000000
24.909392 1 0 1500.000000
25.036050 1 2 4000000.000000
25.161946 1 0 1500.000000
25.332325 1 2 1500.000000
25.647375 1 1 10000.000000
25.834594 1 1 1500.000000
25.946090 1 3 1500.000000
26.030603 1 1 3000000.000000
26.190496 1 1 1500.000000
26.426577 1 2 200000.000000
26.560664 1 3 1500.000000
26.588352 1 3 1000000.000000
26.593055 1 0 1500.000000
26.633862 1 0 100000.000000
27.254780 1 2 3000.000000
27.854801 1 0 10000.000000
27.857638 1 2 1500.000000
27.918072 1 1 1500.000000
27.986462 1 1 200000.000000
28.211233 1 2 200000.000000
28.484778 1 0 100000.000000
28.505312 1 1 100000.000000
28.892918 1 1 4000000.000000
29.244241 1 2 1000000.000000
29.885934 1 3 3000.000000
30.018687 1 1 4000000.000000
30.033776 1 3 20000.000000
30.115382 1 0 1500.000000
30.693560 1 1 1500.000000
30.909438 1 1 1500.000000
31.297163 1 3 4000000.000000
31.520632 1 1 100000.000000
31.789040 1 0 100000.000000
32.366574 1 3 1500.000000
32.662018 1 2 3000000.000000
32.673130 1 0 2000000.000000
32.679995 1 2 20000.000000
32.712836 1 3 1500.000000
32.768324 1 0 3000000.000000
32.796873 1 2 1000000.000000
33.071728 1 1 100000.000000
33.136810 1 3 3000000.000000
33.282605 1 3 1500.000000
33.431339 1 3 2000000.000000
33.474552 1 3 3000.000000
33.677702 1 3 3000000.000000
33.867726 1 1 200000.000000
34.114395 1 3 3000000.000000
34.148547 1 0 1000000.000000
34.369108 1 0 4000000.000000
34.384755 1 1 4000000.000000
34.551367 1 1 100000.000000
34.937464 1 2 1500.000000
35.011075 1 2 10000.000000
36.053836 1 1 4000000.000000
36.328467 1 3 3000000.000000
36.401034 1 0 4000000.000000
36.541615 1 2 100000.000000
37.004733 1 1 1500.000000
37.358398 1 0 1500.000000
37.437105 1 1 3000000.000000
37.487257 1 3 1500.000000
37.754651 1 1 1500.000000
37.781396 1 1 200000.000000
38.304498 1 1 100000.000000
38.443315 1 3 4000000.000000
38.799900 1 1 4000000.000000
39.186566 1 1 3000.000000
39.325328 1 1 10000.000000
39.461475 1 3 200000.000000
39.722137 1 1 100000.000000
39.911806 1 1 10000.000000
40.012846 1 0 1500.000000
40.132558 1 1 1500.000000
41.110635 1 1 4000000.000000
41.343299 1 1 200000.000000
41.450098 1 2 100000.000000
41.539864 1 2 1500.000000
41.644384 1 3 1500.000000
41.729573 1 0 20000.000000
41.826150 1 0 1500.000000
41.885534 1 3 200000.000000
41.907464 1 0 100000.000000
42.070039 1 1 1500.000000
42.088115 1 0 3000.000000
42.154550 1 1 3000000.000000
42.158238 1 2 10000.000000
42.317936 1 3 20000.000000
42.397337 1 2 3000.000000
42.461990 1 3 1500.000000
42.579355 1 2 4000000.000000
42.695491 1 3 1500.000000
42.729286 1 1 100000.000000
42.988817 1 3 1500.000000
43.050042 1 0 4000000.000000
43.372565 1 1 4000000.000000
43.622745 1 3 100000.000000
44.068926 1 1 3000000.000000
44.128368 1 0 1500.000000
44.244838 1 1 100000.000000
44.599396 1 3 100000.000000
44.783713 1 2 100000.000000
45.315942 1 1 3000000.000000
45.777563 1 0 200000.000000
45.951977 1 2 1500.000000
46.048404 1 3 1500.000000
46.258052 1 1 200000.000000
46.555316 1 1 1500.000000
46.687244 1 3 1500.000000
46.732955 1 3 4000000.000000
46.922548 1 0 1500.000000
47.372196 1 3 4000000.000000
47.433921 1 0 100000.000000
47.521618 1 2 3000000.000000
47.566328 1 0 10000.000000
47.709365 1 1 1500.000000
47.743878 1 2 4000000.000000
47.760756 1 1 20000.000000
47.811548 1 1 3000.000000
47.996881 1 3 1500.000000
48.192168 1 2 4000000.000000
48.235365 1 0 100000.000000
48.337112 1 1 100000.000000
48.357818 1 1 3000000.000000
48.362102 1 1 1500.000000
48.432330 1 0 200000.000000
48.484919 1 0 1500.000000
48.687040 1 0 1500.000000
48.760055 1 0 4000000.000000
48.787541 1 1 100000.000000
49.307940 1 3 100000.000000
49.619135 1 0 3000000.000000
49.752926 1 2 1500.000000
50.097864 1 1 3000.000000
50.164900 1 3 100000.000000
50.179685 1 3 1500.000000
50.489850 1 2 1000000.000000
50.935545 1 0 100000.000000
51.043931 1 0 1000000.000000
51.653294 1 0 1500.000000
51.897297 1 2 3000000.000000
52.055205 1 3 3000000.000000
52.069141 1 3 3000000.000000
52.191003 1 3 1500.000000
52.377759 1 3 1500.000000
52.544614 1 0 1000000.000000
52.770345 1 3 1500.000000
52.809849 1 3 3000000.000000
52.918527 1 2 100000.000000
52.931216 1 1 1000000.000000
53.344249 1 0 1000000.000000
54.364926 1 3 1500.000000
54.388107 1 0 4000000.000000
54.402284 1 2 3000000.000000
54.594891 1 1 200000.000000
54.632475 1 3 200000.000000
54.634690 1 2 1500.000000
54.937645 1 3 1500.000000
55.066114 1 2 200000.000000
55.156160 1 2 100000.000000
55.158971 1 3 100000.000000
55.191013 1 3 1500.000000
55.221246 1 3 4000000.000000
55.227162 1 3 1500.000000
55.261513 1 3 1500.000000
55.748111 1 2 200000.000000
55.836648 1 2 10000.000000
56.058982 1 3 200000.000000
56.456586 1 1 10000.000000
56.706827 1 3 1500.000000
57.453085 1 0 4000000.000000
57.535432 1 2 200000.000000
57.635995 1 1 4000000.000000
57.681157 1 0 10000.000000
57.895791 1 0 3000000.000000
57.946765 1 1 100000.000000
58.046849 1 1 1500.000000
58.431217 1 1 100000.000000
58.914337 1 3 1500.000000
59.041226 1 1 3000.000000
59.119882 1 1 10000.000000
59.173086 1 3 200000.000000
59.475938 1 1 3000000.000000
59.548758 1 2 1000000.000000
59.589770 1 3 1500.000000
59.637987 1 0 4000000.000000
59.774437 1 0 2000000.000000
60.330134 1 2 100000.000000
60.334948 1 0 200000.000000
60.340507 1 0 3000.000000
60.553629 1 1 10000.000000
60.918039 1 3 1500.000000
60.968944 1 2 100000.000000
61.669064 1 2 100000.000000
61.773146 1 1 1500.000000
61.953501 1 0 3000000.000000
62.038037 1 2 1500.000000
62.343879 1 2 3000000.000000
62.598756 1 1 1500.000000
62.653075 1 1 1500.000000
62.815717 1 1 100000.000000
62.971931 1 0 3000000.000000
63.222867 1 1 4000000.000000
63.225955 1 2 200000.000000
63.301252 1 1 1500.000000
63.350643 1 2 1000000.000000
63.402070 1 0 3000.000000
63.479801 1 0 1500.000000
63.913313 1 2 1500.000000
63.931086 1 0 2000000.000000
64.106940 1 1 200000.000000
64.113151 1 1 1500.000000
64.120490 1 0 1500.000000
64.167287 1 3 1000000.000000
64.188264 1 3 1500.000000
64.203179 1 2 100000.000000
64.606101 1 2 1500.000000
64.629073 1 2 1500.000000
64.678232 1 1 1000000.000000
64.724804 1 1 10000.000000
65.197563 1 0 200000.000000
65.278623 1 0 10000.000000
65.316349 1 0 100000.000000
65.490713 1 3 20000.000000
65.596497 1 2 1500.000000
65.862317 1 1 1500.000000
66.032122 1 3 4000000.000000
66.296094 1 3 1500.000000
66.353795 1 2 1500.000000
66.466360 1 1 200000.000000
66.543018 1 2 100000.000000
66.557290 1 3 1500.000000
66.788208 1 2 100000.000000
66.989629 1 0 100000.000000
67.034962 1 2 1500.000000
67.043986 1 2 4000000.000000
67.242527 1 0 1500.000000
67.273468 1 3 4000000.000000
67.365864 1 3 4000000.000000
67.378842 1 3 100000.000000
67.381374 1 1 1000000.000000
67.454768 1 1 1500.000000
68.014518 1 0 1500.000000
68.048634 1 0 10000.000000
68.166192 1 2 20000.000000
68.309093 1 0 10000.000000
68.697141 1 0 1500.000000
68.744130 1 2 3000000.000000
69.056522 1 1 4000000.000000
69.114383 1 3 2000000.000000
69.256003 1 0 100000.000000
69.310783 1 2 1500.000000
69.344091 1 0 1500.000000
69.370731 1 1 1500.000000
69.466195 1 3 20000.000000
69.624209 1 2 4000000.000000
69.657493 1 2 200000.000000
69.682189 1 0 1500.000000
69.785782 1 0 1500.000000
69.969332 1 0 4000000.000000
70.508589 1 1 1500.000000
70.893443 1 3 1500.000000
70.935965 1 0 3000000.000000
71.777658 1 1 1500.000000
72.242818 1 0 1500.000000
72.286791 1 1 1500.000000
72.448257 1 1 100000.000000
72.926172 1 0 4000000.000000
73.048752 1 0 1500.000000
73.440701 1 2 20000.000000
73.512176 1 3 4000000.000000
73.972898 1 3 4000000.000000
74.186551 1 3 1500.000000
74.644179 1 3 1500.000000
74.725525 1 0 1500.000000
75.112786 1 2 100000.000000
75.218691 1 0 20000.000000
75.388929 1 3 3000000.000000
75.485839 1 3 4000000.000000
75.563670 1 2 1000000.000000
75.604062 1 0 200000.000000
76.343586 1 3 200000.000000
76.380663 1 2 10000.000000
76.643413 1 0 20000.000000
76.742362 1 1 1000000.000000
76.764273 1 1 2000000.000000
76.822175 1 2 4000000.000000
77.453682 1 1 3000000.000000
77.574394 1 0 1500.000000
77.764620 1 1 4000000.000000
77.769509 1 0 100000.000000
77.809245 1 1 1500.000000
77.847306 1 0 3000000.000000
77.879197 1 1 10000.000000
77.969977 1 1 2000000.000000
78.001109 1 2 1500.000000
78.110534 1 3 4000000.000000
78.136119 1 0 200000.000000
78.522985 1 1 100000.000000
78.559766 1 0 20000.000000
78.622333 1 2 1500.000000
78.932566 1 3 200000.000000
79.204025 1 2 200000.000000
79.827368 1 1 1500.000000
79.912351 1 1 20000.000000
80.895870 1 2 10000.000000
80.905871 1 1 1500.000000
81.035316 1 1 200000.000000
81.179151 1 1 1500.000000
81.388001 1 1 3000.000000
81.471386 1 3 1500.000000
81.538246 1 0 3000000.000000
81.681567 1 1 200000.000000
81.946215 1 0 100000.000000
82.091248 1 0 1500.000000
82.263209 1 1 1500.000000
82.635677 1 3 10000.000000
83.034285 1 2 1500.000000
83.036637 1 0 3000.000000
83.277106 1 0 1500.000000
83.342024 1 2 200000.000000
83.349711 1 2 4000000.000000
83.705852 1 2 100000.000000
83.984576 1 2 20000.000000
83.985614 1 3 200000.000000
84.058024 1 2 100000.000000
84.074809 1 3 100000.000000
84.105122 1 0 200000.000000
84.166405 1 3 100000.000000
84.253219 1 3 1500.000000
84.416789 1 2 2000000.000000
84.447047 1 2 3000000.000000
84.632445 1 0 100000.000000
85.045858 1 2 3000000.000000
85.480964 1 0 10000.000000
85.699180 1 2 1500.000000
85.888034 1 1 4000000.000000
85.987378 1 3 20000.000000
86.131077 1 1 10000.000000
86.145684 1 3 1500.000000
86.159466 1 0 1500.000000
86.752391 1 2 100000.000000
86.946358 1 3 1500.000000
87.028453 1 1 1500.000000
87.279447 1 3 1500.000000
87.489218 1 2 1000000.000000
87.562665 1 1 1500.000000
88.329127 1 2 3000000.000000
88.349646 1 0 1500.000000
88.541397 1 2 200000.000000
88.668810 1 3 1000000.000000
88.709309 1 0 1500.000000
88.800554 1 2 3000.000000
88.832145 1 0 1500.000000
89.124244 1 0 1500.000000
89.156734 1 3 3000.000000
89.166648 1 0 1500.000000
89.756753 1 0 10000.000000
89.791096 1 3 1500.000000
89.977065 1 2 1500.000000
90.188028 1 2 20000.000000
90.318511 1 0 1500.000000
90.446679 1 0 1500.000000
90.460335 1 0 1500.000000
90.752827 1 0 1500.000000
90.886485 1 1 3000000.000000
91.125306 1 0 100000.000000
91.477692 1 0 1500.000000
91.642924 1 0 2000000.000000
91.649094 1 1 1500.000000
92.551179 1 3 100000.000000
92.573755 1 1 20000.000000
92.610310 1 1 200000.000000
93.245353 1 2 1500.000000
93.476494 1 3 100000.000000
93.513585 1 3 1500.000000
93.534298 1 0 2000000.000000
93.636855 1 0 200000.000000
93.676077 1 3 100000.000000
93.779690 1 1 200000.000000
93.792757 1 3 10000.000000
93.847785 1 2 1500.000000
93.873366 1 0 200000.000000
93.990577 1 1 3000.000000
94.071155 1 2 3000000.000000
94.101698 1 1 4000000.000000
94.343003 1 2 1500.000000
94.890634 1 0 100000.000000
95.242267 1 3 3000000.000000
95.377185 1 0 200000.000000
95.543575 1 3 1500.000000
95.605365 1 3 20000.000000
95.831331 1 3 3000.000000
95.900606 1 0 100000.000000
95.921868 1 0 100000.000000
95.944386 1 1 1000000.000000
96.198854 1 0 1500.000000
96.321331 1 3 20000.000000
96.338779 1 2 1500.000000
96.376929 1 0 20000.000000
96.399224 1 3 100000.000000
96.945896 1 2 1500.000000
97.137995 1 3 1500.000000
97.584360 1 1 4000000.000000
97.740870 1 2 1500.000000
97.748690 1 1 200000.000000
97.776668 1 0 3000000.000000
97.856061 1 1 1500.000000
97.983537 1 0 1500.000000
98.433114 1 2 1500.000000
99.503871 1 3 100000.000000
100.094145 1 0 1500.000000
101.012803 1 0 3000.000000
101.118821 1 3 4000000.000000
101.184996 1 3 1000000.000000
102.107674 1 3 1500.000000
102.480299 1 1 3000.000000
102.498058 1 0 1500.000000
102.692175 1 1 1500.000000
102.693673 1 0 4000000.000000
103.064368 1 2 1500.000000
103.312995 1 0 1500.000000
103.489411 1 2 1500.000000
103.645462 1 2 3000000.000000
103.907100 1 0 10000.000000
104.149382 1 3 1500.000000
104.236370 1 1 1500.000000
104.323697 1 3 20000.000000
104.385192 1 2 3000000.000000
104.416925 1 3 200000.000000
104.677852 1 2 4000000.000000
104.712955 1 0 3000.000000
104.935198 1 1 2000000.000000
105.299306 1 1 1500.000000
105.383907 1 1 1500.000000
105.393939 1 1 100000.000000
105.506234 1 2 200000.000000
105.513899 1 2 200000.000000
105.775126 1 3 10000.000000
106.046094 1 0 1500.000000
106.580437 1 1 1500.000000
106.684430 1 3 3000000.000000
106.743998 1 3 100000.000000
107.002953 1 3 200000.000000
107.291734 1 0 3000000.000000
107.456101 1 3 100000.000000
107.482304 1 2 1000000.000000
107.759584 1 3 100000.000000
107.760383 1 0 100000.000000
107.841004 1 1 3000.000000
107.954631 1 1 1500.000000
108.119750 1 1 4000000.000000
108.174042 1 3 3000000.000000
108.391176 1 0 200000.000000
108.413814 1 0 1500.000000
109.094995 1 2 1500.000000
109.432635 1 0 3000000.000000
109.546605 1 0 200000.000000
109.639185 1 3 4000000.000000
109.853784 1 0 1500.000000
109.887154 1 2 200000.000000
110.010392 1 3 200000.000000
110.141702 1 0 1000000.000000
110.232527 1 3 4000000.000000
110.305320 1 2 3000.000000
110.859665 1 2 1500.000000
110.990154 1 2 1000000.000000
111.020968 1 2 10000.000000
111.766477 1 3 4000000.000000
112.143225 1 1 3000.000000
112.574671 1 3 4000000.000000
112.940473 1 1 1500.000000
113.126584 1 1 1500.000000
113.479152 1 2 1000000.000000
113.561852 1 0 1500.000000
113.590365 1 0 1500.000000
113.600029 1 3 3000.000000
114.258951 1 3 1500.000000
114.809855 1 1 4000000.000000
114.855834 1 3 4000000.000000
114.879774 1 3 1500.000000
114.965405 1 2 1500.000000
115.386722 1 2 20000.000000
115.423795 1 0 10000.000000
115.541570 1 0 100000.000000
115.652484 1 1 1500.000000
115.674004 1 0 3000000.000000
116.015552 1 3 3000000.000000
116.066109 1 3 1500.000000
116.137979 1 2 1500.000000
116.164071 1 0 1500.000000
116.444139 1 2 4000000.000000
116.600649 1 2 1500.000000
116.642749 1 2 1500.000000
116.676980 1 1 10000.000000
116.733275 1 3 20000.000000
116.768530 1 0 20000.000000
116.926945 1 2 1500.000000
116.977141 1 2 10000.000000
117.061631 1 3 10000.000000
117.065747 1 3 20000.000000
117.184579 1 2 100000.000000
117.288715 1 2 100000.000000
117.418215 1 1 20000.000000
117.536996 1 2 10000.000000
117.742139 1 1 4000000.000000
117.790546 1 2 1500.000000
118.219369 1 2 200000.000000
118.605625 1 1 1500.000000
118.881711 1 3 3000000.000000
119.113318 1 3 200000.000000
119.369773 1 3 4000000.000000
119.680955 1 0 3000.000000
120.122839 1 1 200000.000000
120.128537 1 0 3000.000000
120.275506 1 1 3000000.000000
120.369660 1 1 1500.000000
120.436351 1 3 1500.000000
120.700487 1 0 1000000.000000
120.724333 1 1 1500.000000
120.991562 1 0 100000.000000
121.308983 1 1 1000000.000000
121.622087 1 1 20000.000000
121.644432 1 2 1500.000000
121.991493 1 1 3000000.000000
122.063713 1 1 100000.000000
123.144243 1 0 1000000.000000
123.692106 1 3 1500.000000
124.180993 1 2 200000.000000
124.260381 1 3 1500.000000
124.293518 1 0 3000000.000000
124.498822 1 1 3000.000000
125.649469 1 3 1500.000000
125.765725 1 1 20000.000000
126.540245 1 2 4000000.000000
126.639150 1 1 1500.000000
126.695070 1 0 3000000.000000
126.703574 1 1 3000000.000000
127.136486 1 3 100000.000000
127.335419 1 0 4000000.000000
127.400640 1 1 1000000.000000
127.775023 1 0 1500.000000
128.531376 1 2 3000.000000
129.124882 1 2 1500.000000
129.249974 1 3 200000.000000
129.500670 1 2 100000.000000
129.514056 1 1 1500.000000
130.072271 1 1 1500.000000
130.312635 1 1 1500.000000
130.391581 1 3 100000.000000
130.603451 1 0 3000000.000000
131.005335 1 1 100000.000000
131.070455 1 0 4000000.000000
131.292533 1 1 1500.000000
131.338136 1 2 1500.000000
131.505584 1 3 4000000.000000
131.990151 1 0 4000000.000000
132.173984 1 1 100000.000000
132.291263 1 2 1500.000000
132.715395 1 3 10000.000000
132.741474 1 1 4000000.000000
132.819946 1 0 10000.000000
133.199728 1 1 10000.000000
133.737186 1 3 20000.000000
134.130888 1 3 1500.000000
134.471956 1 1 1500.000000
134.727787 1 0 4000000.000000
135.149060 1 3 1500.000000
135.235804 1 1 200000.000000
135.592510 1 3 100000.000000
135.721476 1 3 4000000.000000
135.952366 1 3 20000.000000
136.153375 1 1 2000000.000000
136.301942 1 1 1500.000000
136.576062 1 0 1000000.000000
137.141407 1 0 4000000.000000
137.668153 1 2 1500.000000
137.671874 1 1 1000000.000000
137.969158 1 2 1500.000000
138.135574 1 2 1500.000000
138.319385 1 3 1500.000000
138.655424 1 1 1500.000000
138.820560 1 2 200000.000000
138.897196 1 3 1500.000000
139.008237 1 1 4000000.000000
139.133513 1 3 1500.000000
139.351848 1 0 1500.000000
139.491799 1 3 3000000.000000
139.616815 1 3 1500.000000
139.686793 1 0 200000.000000
139.689594 1 1 100000.000000
139.728985 1 1 1000000.000000
139.777525 1 1 1500.000000
139.869827 1 3 1500.000000
139.931546 1 3 3000000.000000
139.973212 1 0 1500.000000
140.045554 1 0 1500.000000
140.170366 1 2 100000.000000
140.193406 1 2 1000000.000000
140.275249 1 3 1500.000000
140.320144 1 0 1500.000000
140.911239 1 0 1500.000000
140.920156 1 1 200000.000000
141.218130 1 2 100000.000000
141.286665 1 0 3000000.000000
141.455064 1 3 20000.000000
141.565415 1 3 4000000.000000
141.768780 1 1 2000000.000000
142.220806 1 3 2000000.000000
142.588950 1 3 1500.000000
142.806730 1 1 100000.000000
142.941335 1 1 3000000.000000
142.969335 1 1 1500.000000
143.596727 1 1 2000000.000000
143.810168 1 0 200000.000000
144.107622 1 2 1500.000000
144.180548 1 2 1500.000000
144.226879 1 1 1500.000000
144.348483 1 2 4000000.000000
144.384199 1 3 1500.000000
144.581570 1 1 1000000.000000
144.727916 1 0 1500.000000
145.329543 1 0 1500.000000
145.395469 1 0 2000000.000000
145.554525 1 2 100000.000000
145.846021 1 2 100000.000000
145.941489 1 3 1500.000000
146.007131 1 2 1500.000000
146.113720 1 2 2000000.000000
146.192260 1 3 3000000.000000
146.276532 1 3 3000000.000000
146.500343 1 3 3000000.000000
146.783265 1 0 10000.000000
146.886132 1 1 100000.000000
147.222692 1 3 1500.000000
147.807999 1 0 1500.000000
147.945818 1 3 1000000.000000
148.089887 1 1 20000.000000
148.280907 1 3 4000000.000000
148.761696 1 3 3000.000000
148.969207 1 1 3000000.000000
149.322941 1 1 100000.000000
149.340181 1 0 10000.000000
149.554905 1 0 1000000.000000
149.602012 1 2 1500.000000
149.621466 1 0 1500.000000
0.243196 2 0 200000.000000
0.360345 2 3 200000.000000
0.935435 2 3 200000.000000
0.964577 2 2 100000.000000
1.025434 2 0 1500.000000
1.603652 2 3 100000.000000
2.009967 2 0 200000.000000
2.276079 2 3 3000000.000000
2.553578 2 1 1500.000000
2.769196 2 0 1500.000000
2.865854 2 3 1500.000000
2.939226 2 2 100000.000000
2.940899 2 1 3000000.000000
2.991276 2 1 10000.000000
3.074629 2 1 4000000.000000
3.225753 2 1 1500.000000
3.397772 2 1 1500.000000
3.438714 2 2 3000000.000000
3.476051 2 0 1500.000000
3.640774 2 3 200000.000000
3.675604 2 0 200000.000000
3.791486 2 1 1500.000000
3.840020 2 2 1000000.000000
3.977978 2 3 10000.000000
4.045051 2 3 3000.000000
4.131667 2 2 200000.000000
4.465722 2 1 1000000.000000
4.587687 2 2 3000000.000000
4.835179 2 3 1500.000000
5.014468 2 3 1500.000000
5.084744 2 1 1500.000000
5.210414 2 3 1000000.000000
5.556861 2 1 1500.000000
5.776234 2 0 1500.000000
5.787860 2 2 4000000.000000
5.879170 2 2 1500.000000
5.969345 2 2 4000000.000000
6.510647 2 2 3000.000000
6.719785 2 0 200000.000000
6.743007 2 0 1500.000000
6.800380 2 1 4000000.000000
8.021481 2 1 200000.000000
8.079978 2 0 1500.000000
8.247242 2 1 2000000.000000
8.423506 2 3 4000000.000000
8.505170 2 0 2000000.000000
8.519331 2 1 100000.000000
8.520701 2 3 200000.000000
8.689824 2 1 1500.000000
9.208220 2 3 1500.000000
9.237742 2 3 1500.000000
9.482818 2 2 1500.000000
9.527343 2 1 100000.000000
9.603277 2 1 1500.000000
9.925266 2 2 20000.000000
10.216073 2 0 1500.000000
10.641218 2 1 100000.000000
10.687730 2 1 100000.000000
10.706081 2 1 1500.000000
10.909183 2 0 10000.000000
10.939464 2 3 10000.000000
11.226317 2 1 10000.000000
11.485698 2 0 1500.000000
11.580882 2 2 1500.000000
11.641155 2 0 10000.000000
11.804183 2 1 1500.000000
12.083339 2 0 1500.000000
12.093055 2 0 1500.000000
12.234968 2 3 4000000.000000
12.372575 2 3 200000.000000
12.490594 2 3 100000.000000
12.848961 2 0 3000.000000
12.860793 2 1 3000.000000
13.286734 2 1 3000000.000000
13.700392 2 1 3000.000000
13.981008 2 3 4000000.000000
14.052594 2 3 1500.000000
14.235609 2 1 3000000.000000
14.712454 2 1 1500.000000
14.721371 2 1 4000000.000000
14.815727 2 1 3000000.000000
14.826069 2 0 20000.000000
14.915995 2 1 4000000.000000
15.518298 2 3 1500.000000
15.758625 2 1 1500.000000
15.769302 2 2 3000000.000000
16.096982 2 1 100000.000000
16.456860 2 1 4000000.000000
16.593235 2 0 3000000.000000
16.653649 2 2 3000000.000000
16.848887 2 1 200000.000000
16.951093 2 2 1500.000000
17.252670 2 2 2000000.000000
17.341986 2 3 1500.000000
17.371954 2 2 100000.000000
18.283769 2 0 2000000.000000
18.324610 2 2 1500.000000
18.534591 2 1 100000.000000
18.681010 2 0 4000000.000000
19.163266 2 0 20000.000000
19.380119 2 2 1000000.000000
19.419582 2 2 3000.000000
19.543531 2 0 1500.000000
19.662748 2 3 1000000.000000
19.886035 2 3 1500.000000
19.898618 2 2 2000000.000000
20.173715 2 2 1500.000000
20.224630 2 0 10000.000000
20.605711 2 3 2000000.000000
20.609433 2 3 200000.000000
21.172826 2 0 1500.000000
21.386137 2 2 3000.000000
21.441978 2 3 3000000.000000
21.506825 2 2 4000000.000000
21.518647 2 0 200000.000000
21.577684 2 1 10000.000000
21.803615 2 0 3000.000000
22.323446 2 2 1500.000000
22.783609 2 3 1500.000000
23.135589 2 1 200000.000000
23.253531 2 2 1500.000000
23.299470 2 2 4000000.000000
23.328262 2 0 3000.000000
23.564600 2 1 200000.000000
24.143974 2 2 4000000.000000
24.314559 2 2 200000.000000
24.481489 2 0 3000000.000000
24.580313 2 0 100000.000000
24.623893 2 3 1500.000000
24.824203 2 3 100000.000000
24.865615 2 0 100000.000000
25.186975 2 2 1500.000000
25.305620 2 0 2000000.000000
25.450205 2 1 100000.000000
25.775002 2 2 3000.000000
25.976764 2 2 1500.000000
25.988823 2 2 1000000.000000
26.069054 2 1 3000000.000000
26.296194 2 3 4000000.000000
26.362139 2 3 3000000.000000
26.785098 2 0 3000.000000
26.880557 2 3 1500.000000
26.943757 2 1 1500.000000
26.990616 2 0 1500.000000
26.995855 2 2 1500.000000
27.369540 2 0 1500.000000
27.634276 2 0 1500.000000
27.700422 2 3 1500.000000
27.764938 2 2 200000.000000
27.770111 2 0 1500.000000
27.789921 2 2 100000.000000
27.944917 2 1 1500.000000
28.069549 2 2 100000.000000
28.129782 2 0 20000.000000
28.459649 2 1 1500.000000
28.729915 2 2 4000000.000000
28.796700 2 0 10000.000000
29.006236 2 2 1500.000000
29.091959 2 1 1000000.000000
29.117666 2 1 100000.000000
29.586097 2 2 3000000.000000
29.690032 2 1 3000000.000000
30.030494 2 3 100000.000000
30.107890 2 3 1000000.000000
30.304607 2 0 1500.000000
30.431630 2 2 3000000.000000
30.525125 2 1 100000.000000
30.757792 2 0 200000.000000
30.808051 2 2 1500.000000
30.954018 2 1 1500.000000
31.401763 2 3 100000.000000
31.630842 2 1 1500.000000
31.937958 2 1 1500.000000
32.171605 2 0 1500.000000
32.235189 2 1 1500.000000
32.598672 2 1 100000.000000
32.931884 2 3 3000000.000000
32.974028 2 3 1500.000000
32.984499 2 3 10000.000000
33.054408 2 0 2000000.000000
33.351011 2 2 1500.000000
33.384296 2 3 1500.000000
33.753632 2 2 1000000.000000
33.844882 2 3 4000000.000000
33.969797 2 3 1500.000000
34.125525 2 0 4000000.000000
34.183997 2 1 1000000.000000
34.283571 2 1 1500.000000
34.308233 2 0 10000.000000
34.413709 2 1 4000000.000000
34.600717 2 2 3000000.000000
34.610135 2 1 10000.000000
34.883154 2 1 4000000.000000
35.058815 2 0 1500.000000
35.358737 2 3 3000000.000000
35.528223 2 1 1500.000000
35.903210 2 3 200000.000000
36.205929 2 0 10000.000000
36.278839 2 3 1500.000000
36.651847 2 2 200000.000000
37.040413 2 1 1500.000000
37.304817 2 0 4000000.000000
37.744443 2 3 1500.000000
37.989608 2 0 1000000.000000
38.019079 2 2 10000.000000
38.166349 2 1 1500.000000
38.709694 2 0 1500.000000
38.723385 2 2 1500.000000
38.834700 2 3 100000.000000
39.136992 2 2 100000.000000
39.708447 2 2 1500.000000
39.962686 2 3 200000.000000
40.017088 2 3 1500.000000
40.337226 2 0 3000000.000000
40.516842 2 3 1500.000000
40.824589 2 0 1000000.000000
40.836224 2 1 1000000.000000
40.924274 2 2 4000000.000000
41.196829 2 1 10000.000000
41.325164 2 0 1500.000000
41.484953 2 0 10000.000000
41.518594 2 0 1500.000000
41.578578 2 3 4000000.000000
41.608912 2 2 3000000.000000
41.673895 2 0 4000000.000000
41.983545 2 0 1500.000000
42.487852 2 0 1500.000000
42.628194 2 0 200000.000000
42.851217 2 3 1000000.000000
43.080633 2 2 1000000.000000
43.134079 2 3 4000000.000000
43.353397 2 3 3000.000000
43.749351 2 3 1000000.000000
43.770078 2 0 1500.000000
43.914222 2 0 20000.000000
44.133994 2 0 1500.000000
44.260527 2 1 1000000.000000
44.393861 2 1 1500.000000
44.425499 2 2 100000.000000
44.740974 2 3 1500.000000
44.991152 2 0 2000000.000000
45.073604 2 0 1500.000000
45.156264 2 3 10000.000000
45.265211 2 3 3000.000000
45.463731 2 1 1500.000000
45.513183 2 1 4000000.000000
45.724282 2 0 1500.000000
45.727912 2 0 100000.000000
46.124269 2 1 1500.000000
46.540343 2 3 200000.000000
46.580241 2 1 4000000.000000
46.970803 2 3 100000.000000
47.210410 2 3 1500.000000
47.345639 2 0 4000000.000000
47.557399 2 0 4000000.000000
47.741202 2 3 200000.000000
47.795511 2 3 1500.000000
48.305091 2 0 1500.000000
48.389258 2 1 1500.000000
49.039006 2 1 1500.000000
49.322537 2 1 3000.000000
50.059244 2 3 100000.000000
50.135381 2 2 4000000.000000
50.218544 2 0 1500.000000
50.277742 2 0 100000.000000
50.667446 2 2 1000000.000000
50.703298 2 3 20000.000000
50.871697 2 1 1000000.000000
50.932651 2 1 10000.000000
50.945080 2 0 1500.000000
50.957069 2 0 100000.000000
51.090201 2 1 1000000.000000
51.300291 2 3 3000.000000
51.919316 2 3 1500.000000
51.991601 2 1 1500.000000
52.085106 2 3 3000000.000000
52.180975 2 3 4000000.000000
52.211224 2 3 1500.000000
52.600839 2 1 100000.000000
52.726978 2 1 1500.000000
52.851771 2 2 1500.000000
52.860390 2 0 200000.000000
53.153419 2 0 1000000.000000
53.684401 2 0 1500.000000
53.778861 2 2 200000.000000
54.128226 2 3 1500.000000
54.598384 2 3 4000000.000000
54.843430 2 2 2000000.000000
54.877400 2 2 1500.000000
55.571565 2 3 100000.000000
55.982964 2 2 200000.000000
56.203388 2 1 1500.000000
56.283927 2 0 3000000.000000
56.548994 2 2 100000.000000
56.826621 2 3 1500.000000
57.113105 2 0 1500.000000
57.238520 2 3 1500.000000
57.568835 2 3 4000000.000000
58.223144 2 1 1500.000000
58.233275 2 2 100000.000000
58.632137 2 3 200000.000000
58.658893 2 1 4000000.000000
58.669090 2 2 100000.000000
58.712037 2 2 4000000.000000
59.067837 2 1 200000.000000
59.096883 2 0 4000000.000000
59.642610 2 0 20000.000000
59.767626 2 0 20000.000000
59.845325 2 2 2000000.000000
60.258243 2 2 3000000.000000
60.314208 2 3 1500.000000
60.452092 2 0 3000000.000000
60.510524 2 2 1500.000000
60.563963 2 2 1500.000000
60.814096 2 3 1500.000000
61.084990 2 2 4000000.000000
61.169569 2 2 3000.000000
61.215655 2 1 3000.000000
61.269028 2 0 2000000.000000
61.487775 2 1 200000.000000
61.496623 2 1 3000.000000
61.525522 2 1 3000000.000000
61.771175 2 0 200000.000000
61.774240 2 1 1500.000000
61.810821 2 0 10000.000000
62.129129 2 0 10000.000000
62.890607 2 2 1500.000000
63.016731 2 2 1500.000000
63.324127 2 0 1500.000000
63.328824 2 0 4000000.000000
63.829090 2 1 100000.000000
64.087828 2 1 3000000.000000
64.104250 2 3 4000000.000000
64.220635 2 3 10000.000000
64.285647 2 2 1500.000000
64.370858 2 0 1500.000000
64.673249 2 3 1000000.000000
65.011307 2 0 1500.000000
65.253670 2 3 4000000.000000
65.278316 2 1 2000000.000000
65.896268 2 2 3000000.000000
66.090638 2 3 200000.000000
66.161955 2 2 100000.000000
66.265722 2 1 1000000.000000
66.289527 2 1 100000.000000
66.487777 2 1 1000000.000000
66.594755 2 1 200000.000000
66.773504 2 1 1500.000000
66.898515 2 2 3000000.000000
66.906910 2 3 3000000.000000
67.259453 2 2 100000.000000
67.631062 2 0 1500.000000
68.193248 2 1 1500.000000
68.197268 2 0 200000.000000
68.197506 2 2 3000000.000000
68.208184 2 3 200000.000000
68.770468 2 3 1500.000000
68.864744 2 1 1500.000000
69.041941 2 3 100000.000000
69.076620 2 0 3000000.000000
69.101159 2 0 1500.000000
69.283368 2 3 1500.000000
69.320780 2 1 1500.000000
69.366726 2 1 1500.000000
69.649171 2 2 1500.000000
69.827175 2 3 10000.000000
69.846934 2 0 100000.000000
69.878504 2 1 100000.000000
69.909641 2 0 1500.000000
70.168325 2 1 100000.000000
70.269196 2 2 1000000.000000
70.303307 2 3 1500.000000
70.504349 2 3 100000.000000
70.562646 2 0 1500.000000
70.738141 2 2 20000.000000
71.164340 2 3 2000000.000000
71.164965 2 2 2000000.000000
71.176452 2 0 1500.000000
71.660081 2 0 1000000.000000
71.911061 2 2 200000.000000
71.959620 2 2 1500.000000
72.199151 2 2 1500.000000
72.271399 2 1 3000000.000000
72.370364 2 3 1500.000000
72.918702 2 0 10000.000000
73.091174 2 0 1500.000000
73.644763 2 1 100000.000000
73.690656 2 0 200000.000000
73.991026 2 3 10000.000000
74.161465 2 2 1500.000000
74.296958 2 1 1500.000000
74.535560 2 0 1000000.000000
74.607707 2 1 1500.000000
74.696371 2 3 3000.000000
74.779048 2 3 1500.000000
74.828791 2 3 3000000.000000
74.852344 2 3 100000.000000
74.942039 2 0 3000000.000000
75.176814 2 0 1500.000000
75.397100 2 2 3000.000000
75.474280 2 0 3000.000000
75.603665 2 2 3000000.000000
75.662734 2 1 200000.000000
75.815909 2 1 1500.000000
75.924142 2 3 3000000.000000
76.155899 2 2 1500.000000
76.307387 2 1 1500.000000
76.351494 2 0 200000.000000
76.472654 2 3 1500.000000
76.692751 2 3 1500.000000
76.788159 2 0 100000.000000
77.261607 2 0 10000.000000
77.467392 2 3 3000.000000
77.538477 2 1 200000.000000
77.603707 2 3 1500.000000
77.819489 2 3 1500.000000
78.059886 2 2 200000.000000
78.080551 2 0 1000000.000000
78.359747 2 1 1500.000000
78.833853 2 0 100000.000000
78.986624 2 1 1500.000000
79.017739 2 1 1000000.000000
79.243222 2 0 4000000.000000
79.322331 2 1 4000000.000000
79.353404 2 0 1500.000000
79.376307 2 2 1500.000000
79.380855 2 3 10000.000000
79.393725 2 0 3000000.000000
79.721019 2 2 3000.000000
79.838758 2 2 10000.000000
80.232999 2 1 4000000.000000
80.381970 2 1 4000000.000000
80.573658 2 3 1000000.000000
80.581683 2 2 100000.000000
81.129107 2 3 100000.000000
81.196889 2 1 200000.000000
81.601965 2 0 1500.000000
81.727613 2 3 100000.000000
81.873794 2 3 3000000.000000
82.051896 2 1 3000000.000000
82.196173 2 0 4000000.000000
82.374954 2 3 1500.000000
82.540039 2 2 100000.000000
82.688584 2 2 1500.000000
83.123999 2 1 3000000.000000
83.223577 2 2 1500.000000
83.399627 2 1 3000000.000000
83.724914 2 1 100000.000000
83.979191 2 2 4000000.000000
84.043539 2 1 3000000.000000
84.251113 2 2 1000000.000000
84.587983 2 2 1500.000000
85.204583 2 0 20000.000000
85.363016 2 0 200000.000000
85.364795 2 1 1500.000000
85.536082 2 2 3000000.000000
85.750177 2 0 4000000.000000
85.921385 2 1 1500.000000
86.506494 2 2 3000000.000000
86.884963 2 3 4000000.000000
87.108532 2 3 200000.000000
87.155463 2 2 100000.000000
87.227088 2 1 3000.000000
87.319128 2 1 1500.000000
87.533801 2 3 3000000.000000
87.567879 2 1 1000000.000000
87.797822 2 1 200000.000000
87.960937 2 1 1500.000000
87.981038 2 0 3000000.000000
88.206847 2 1 1500.000000
88.367300 2 2 1500.000000
88.465855 2 2 1500.000000
88.558374 2 2 1500.000000
88.831272 2 1 1500.000000
89.023384 2 2 1500.000000
89.138706 2 3 3000000.000000
89.142525 2 1 10000.000000
89.240328 2 2 1500.000000
89.415831 2 1 200000.000000
89.426984 2 2 1500.000000
89.645647 2 2 10000.000000
89.784627 2 2 1500.000000
90.294697 2 2 4000000.000000
90.333704 2 2 200000.000000
90.543000 2 0 4000000.000000
91.070902 2 3 10000.000000
91.190583 2 3 100000.000000
91.810542 2 1 3000000.000000
91.926166 2 1 1500.000000
92.872132 2 1 1500.000000
93.246419 2 2 1500.000000
93.280929 2 1 100000.000000
93.711078 2 2 1500.000000
93.764434 2 2 1500.000000
94.043414 2 3 1500.000000
94.192056 2 0 100000.000000
94.275358 2 0 1500.000000
94.334113 2 1 1500.000000
94.340752 2 2 3000000.000000
94.406851 2 1 1500.000000
94.573981 2 3 100000.000000
94.591266 2 1 4000000.000000
94.652149 2 3 3000.000000
94.811775 2 0 100000.000000
94.826107 2 0 3000000.000000
95.242706 2 0 1500.000000
95.405281 2 2 10000.000000
95.566767 2 1 1500.000000
95.750990 2 1 3000000.000000
95.851906 2 0 3000000.000000
95.875844 2 1 1500.000000
96.082824 2 2 1500.000000
96.236521 2 3 1500.000000
96.237028 2 0 200000.000000
96.251397 2 3 20000.000000
96.767643 2 3 3000000.000000
97.557287 2 3 3000.000000
97.652711 2 0 1000000.000000
97.681304 2 2 1500.000000
98.246566 2 2 100000.000000
98.640151 2 2 10000.000000
99.000436 2 0 1500.000000
99.267016 2 1 1500.000000
99.328609 2 1 1000000.000000
99.428813 2 2 3000000.000000
99.637624 2 3 200000.000000
100.008418 2 2 1500.000000
100.901530 2 0 1500.000000
100.901821 2 0 3000.000000
101.004333 2 2 1500.000000
101.015075 2 3 200000.000000
101.250358 2 1 4000000.000000
101.434700 2 2 20000.000000
101.564187 2 0 4000000.000000
101.717510 2 2 200000.000000
101.807483 2 3 1500.000000
101.938786 2 1 1500.000000
102.056018 2 1 10000.000000
102.670184 2 2 10000.000000
102.743545 2 1 200000.000000
103.153309 2 0 3000.000000
103.970778 2 3 1500.000000
104.441321 2 1 1500.000000
104.600665 2 0 1000000.000000
104.618624 2 0 1500.000000
104.711292 2 1 1500.000000
105.112278 2 1 1000000.000000
105.180241 2 1 1500.000000
105.539513 2 0 200000.000000
105.560006 2 0 3000.000000
105.689183 2 0 1500.000000
106.264409 2 3 3000000.000000
106.394266 2 0 1500.000000
107.077343 2 0 1000000.000000
107.183765 2 3 100000.000000
107.259350 2 2 100000.000000
107.548005 2 1 1500.000000
108.036957 2 2 3000.000000
108.221125 2 0 1500.000000
108.225963 2 3 3000000.000000
108.607943 2 2 1500.000000
108.693462 2 0 1000000.000000
108.764170 2 3 200000.000000
108.838009 2 2 1500.000000
109.259321 2 3 100000.000000
109.325554 2 2 4000000.000000
109.326944 2 3 200000.000000
109.621784 2 1 4000000.000000
109.779129 2 2 1500.000000
109.816287 2 1 100000.000000
110.275532 2 2 1000000.000000
110.334657 2 1 1500.000000
110.620087 2 0 10000.000000
110.641034 2 1 100000.000000
111.117518 2 2 200000.000000
111.281200 2 1 3000000.000000
111.296279 2 1 200000.000000
111.431242 2 3 1500.000000
111.444349 2 0 4000000.000000
111.481449 2 3 1500.000000
111.565558 2 1 1500.000000
111.850189 2 3 1500.000000
112.308472 2 0 10000.000000
112.417944 2 3 200000.000000
112.477768 2 1 1500.000000
112.659780 2 0 1500.000000
113.204496 2 3 4000000.000000
113.504027 2 2 4000000.000000
113.518351 2 0 3000.000000
113.747135 2 3 100000.000000
113.824172 2 3 3000000.000000
113.994051 2 3 3000.000000
114.016621 2 3 100000.000000
114.228105 2 0 4000000.000000
114.295559 2 1 2000000.000000
114.444170 2 2 100000.000000
114.657907 2 2 1500.000000
115.330734 2 2 3000.000000
115.425138 2 1 1500.000000
115.490817 2 0 200000.000000
115.584586 2 1 3000.000000
115.745575 2 1 4000000.000000
115.841118 2 1 1500.000000
116.039145 2 3 1000000.000000
116.080770 2 2 1500.000000
116.282728 2 1 1500.000000
116.784447 2 3 2000000.000000
117.110355 2 2 3000.000000
117.116356 2 3 4000000.000000
117.471090 2 1 3000000.000000
117.891991 2 3 3000000.000000
117.946487 2 2 3000000.000000
118.455276 2 1 1500.000000
118.566049 2 3 200000.000000
118.946685 2 1 1500.000000
119.249132 2 1 100000.000000
119.258438 2 0 2000000.000000
119.374941 2 2 200000.000000
119.471004 2 2 10000.000000
119.523809 2 3 10000.000000
119.607558 2 0 1000000.000000
119.612227 2 3 1500.000000
119.751296 2 1 10000.000000
120.142811 2 2 3000.000000
120.294178 2 0 1500.000000
120.772554 2 1 1500.000000
121.032817 2 3 200000.000000
121.137667 2 0 1500.000000
121.427679 2 0 1000000.000000
121.610717 2 0 3000000.000000
121.631540 2 3 1500.000000
121.661601 2 0 1500.000000
121.719272 2 0 10000.000000
121.911348 2 0 1500.000000
122.203453 2 0 1500.000000
123.079922 2 0 200000.000000
123.403943 2 0 2000000.000000
123.961848 2 3 1500.000000
124.035396 2 0 200000.000000
124.270903 2 2 1500.000000
124.440079 2 1 1000000.000000
124.465283 2 0 100000.000000
124.586042 2 2 3000000.000000
124.611546 2 1 3000000.000000
124.804110 2 0 1500.000000
124.830851 2 0 200000.000000
125.033705 2 3 1500.000000
125.340458 2 2 1500.000000
125.470165 2 2 4000000.000000
125.857259 2 2 4000000.000000
126.286443 2 3 10000.000000
126.322368 2 2 3000000.000000
126.400820 2 1 3000000.000000
126.761853 2 1 20000.000000
126.950928 2 3 10000.000000
127.182055 2 3 3000000.000000
127.268609 2 2 100000.000000
127.311327 2 1 1500.000000
127.366763 2 0 200000.000000
127.860332 2 3 100000.000000
128.181186 2 0 1500.000000
128.204342 2 0 200000.000000
128.211445 2 3 2000000.000000
128.627656 2 2 4000000.000000
128.673524 2 2 3000000.000000
128.698516 2 0 100000.000000
128.798756 2 3 1500.000000
128.969128 2 0 200000.000000
129.273270 2 0 1500.000000
129.430096 2 3 3000000.000000
130.146071 2 0 1500.000000
130.198801 2 0 3000000.000000
130.381593 2 1 1500.000000
130.863140 2 3 3000000.000000
130.878798 2 0 3000000.000000
131.088483 2 3 1000000.000000
131.313575 2 1 1500.000000
131.413304 2 3 20000.000000
131.511071 2 2 4000000.000000
131.518719 2 1 1500.000000
131.588281 2 2 10000.000000
131.603363 2 1 1500.000000
131.780626 2 0 1500.000000
131.834031 2 3 1500.000000
132.031691 2 3 10000.000000
132.114788 2 0 1500.000000
132.128857 2 0 200000.000000
132.522763 2 2 1500.000000
132.635400 2 2 200000.000000
132.872968 2 3 1000000.000000
132.875008 2 3 3000000.000000
133.698349 2 2 1000000.000000
134.185889 2 2 20000.000000
134.348615 2 0 100000.000000
134.366004 2 3 1500.000000
134.577615 2 1 1500.000000
134.588705 2 3 1500.000000
134.610475 2 3 1500.000000
135.676056 2 0 1000000.000000
135.783804 2 0 1500.000000
135.935493 2 0 100000.000000
135.978284 2 0 3000.000000
136.022051 2 1 3000000.000000
136.073234 2 2 1500.000000
136.099196 2 0 10000.000000
136.177637 2 2 200000.000000
136.196090 2 0 10000.000000
136.486223 2 0 3000000.000000
136.497635 2 2 1500.000000
136.512190 2 2 1500.000000
136.766127 2 2 2000000.000000
136.814246 2 3 3000000.000000
136.849681 2 2 100000.000000
136.969957 2 1 200000.000000
137.032611 2 1 1500.000000
137.249869 2 2 20000.000000
137.304435 2 2 200000.000000
137.546779 2 2 1500.000000
137.950009 2 1 10000.000000
138.016815 2 3 100000.000000
138.083629 2 1 1500.000000
138.161901 2 0 1500.000000
138.204868 2 3 100000.000000
138.376835 2 3 100000.000000
138.431454 2 1 200000.000000
138.473395 2 3 4000000.000000
138.510827 2 1 100000.000000
138.634193 2 1 1500.000000
138.742787 2 0 4000000.000000
138.746200 2 2 10000.000000
138.976763 2 0 100000.000000
139.362175 2 3 1500.000000
139.464601 2 3 1500.000000
139.604619 2 2 2000000.000000
139.677613 2 1 3000000.000000
139.749990 2 1 1500.000000
139.818213 2 3 100000.000000
139.913133 2 0 3000000.000000
140.003017 2 2 1500.000000
140.163163 2 0 2000000.000000
140.842103 2 1 3000000.000000
140.891859 2 2 1500.000000
140.914508 2 1 100000.000000
140.924759 2 2 4000000.000000
141.046540 2 3 1500.000000
141.132615 2 3 3000000.000000
141.293419 2 1 3000000.000000
141.299785 2 2 1500.000000
141.680612 2 3 1500.000000
141.844776 2 0 4000000.000000
141.899548 2 1 1500.000000
141.915389 2 2 1500.000000
142.240401 2 2 200000.000000
142.369585 2 3 3000000.000000
142.369605 2 2 10000.000000
142.493089 2 3 4000000.000000
142.508334 2 2 10000.000000
142.527199 2 2 200000.000000
142.581561 2 2 1000000.000000
142.912640 2 1 100000.000000
143.008055 2 1 1500.000000
143.490575 2 0 200000.000000
143.807881 2 2 4000000.000000
144.256717 2 2 1500.000000
144.278110 2 2 100000.000000
144.586780 2 1 1500.000000
145.101469 2 3 1000000.000000
145.151181 2 1 1500.000000
145.219135 2 2 3000.000000
145.480365 2 2 100000.000000
146.985915 2 0 200000.000000
147.020695 2 3 1500.000000
147.256182 2 0 3000000.000000
147.274176 2 2 100000.000000
147.565798 2 3 4000000.000000
147.583839 2 3 1500.000000
147.923579 2 3 4000000.000000
147.927647 2 3 4000000.000000
147.943156 2 2 3000000.000000
148.230725 2 2 1500.000000
148.315636 2 0 200000.000000
148.351611 2 0 2000000.000000
148.491307 2 2 200000.000000
148.615211 2 1 1000000.000000
148.747005 2 2 1500.000000
148.784803 2 0 1500.000000
148.850685 2 2 4000000.000000
149.343437 2 0 100000.000000
149.445285 2 2 1500.000000
149.588300 2 0 3000000.000000
149.751786 2 1 1500.000000
149.935781 2 1 1500.000000
0.702306 3 2 100000.000000
0.905390 3 1 3000000.000000
1.030363 3 2 2000000.000000
1.145838 3 1 20000.000000
1.204354 3 2 1000000.000000
1.257941 3 1 3000000.000000
1.813738 3 3 200000.000000
1.822949 3 1 4000000.000000
1.979658 3 3 3000.000000
2.266826 3 3 100000.000000
2.380987 3 2 1500.000000
2.882292 3 3 200000.000000
2.952863 3 2 1500.000000
2.973460 3 1 1000000.000000
3.262541 3 2 10000.000000
3.646259 3 0 20000.000000
3.794846 3 3 200000.000000
3.839223 3 1 1500.000000
3.880112 3 1 3000000.000000
4.003168 3 3 4000000.000000
4.168206 3 3 10000.000000
4.329438 3 0 1500.000000
4.704267 3 3 3000000.000000
4.838996 3 3 200000.000000
5.180153 3 0 3000000.000000
5.208035 3 3 100000.000000
5.515239 3 2 3000000.000000
5.990962 3 2 200000.000000
5.997862 3 1 2000000.000000
6.172785 3 3 1500.000000
6.175480 3 1 3000000.000000
6.294556 3 0 3000000.000000
6.687102 3 1 200000.000000
6.715961 3 1 1500.000000
6.753621 3 3 1500.000000
6.987457 3 1 100000.000000
6.991358 3 1 3000000.000000
7.028330 3 1 1500.000000
7.303282 3 0 1000000.000000
7.465857 3 3 4000000.000000
7.602085 3 3 1500.000000
7.917191 3 2 1000000.000000
8.222366 3 1 1500.000000
8.297625 3 1 1500.000000
8.540164 3 3 3000.000000
8.558638 3 2 2000000.000000
8.619091 3 0 200000.000000
8.823730 3 1 3000000.000000
8.831815 3 3 200000.000000
8.917804 3 3 1500.000000
9.238347 3 3 1500.000000
9.329790 3 0 1000000.000000
9.420627 3 2 100000.000000
9.635150 3 0 1500.000000
9.840784 3 2 1500.000000
10.249072 3 2 4000000.000000
10.365977 3 2 1500.000000
10.747426 3 2 1500.000000
10.888857 3 0 200000.000000
11.163871 3 1 3000000.000000
11.315035 3 3 100000.000000
11.769980 3 0 1500.000000
12.107163 3 1 3000000.000000
12.333853 3 0 100000.000000
12.830557 3 3 1500.000000
12.891710 3 2 200000.000000
13.215196 3 0 1500.000000
13.229586 3 2 200000.000000
13.452654 3 0 3000000.000000
13.686158 3 1 200000.000000
13.876923 3 2 2000000.000000
14.125214 3 3 4000000.000000
14.279670 3 0 3000000.000000
14.318271 3 3 1500.000000
14.682911 3 0 10000.000000
14.805171 3 0 1500.000000
15.138199 3 0 1500.000000
15.273411 3 3 1500.000000
15.363378 3 1 1500.000000
15.663290 3 2 10000.000000
15.843513 3 3 3000000.000000
15.859908 3 3 4000000.000000
15.872426 3 0 1500.000000
16.186283 3 2 1500.000000
16.202844 3 0 3000000.000000
16.368421 3 3 100000.000000
16.631986 3 2 3000000.000000
16.783306 3 3 1500.000000
16.935807 3 0 1000000.000000
17.241691 3 3 2000000.000000
17.377392 3 0 1000000.000000
17.564447 3 0 1500.000000
17.643485 3 3 2000000.000000
17.830269 3 2 3000.000000
17.914155 3 0 4000000.000000
18.282303 3 0 1500.000000
18.325183 3 2 10000.000000
18.692418 3 3 10000.000000
18.736733 3 1 1500.000000
18.956926 3 2 10000.000000
19.078562 3 0 1500.000000
19.143587 3 0 1000000.000000
19.167717 3 0 1500.000000
19.447010 3 1 3000.000000
19.550391 3 3 1500.000000
19.693953 3 0 1500.000000
19.927884 3 3 200000.000000
19.963037 3 3 1500.000000
19.998921 3 1 1500.000000
20.503696 3 2 1500.000000
20.513676 3 3 1500.000000
20.516698 3 0 100000.000000
20.653950 3 2 200000.000000
20.803362 3 3 2000000.000000
20.886539 3 0 4000000.000000
20.917853 3 0 1500.000000
21.315218 3 3 1500.000000
21.412853 3 3 3000000.000000
21.728297 3 1 200000.000000
21.828516 3 3 4000000.000000
21.829482 3 0 20000.000000
21.994060 3 3 20000.000000
22.354994 3 0 3000000.000000
22.477936 3 1 1500.000000
22.552597 3 0 1500.000000
22.803330 3 2 1500.000000
22.976017 3 1 1500.000000
23.019887 3 0 2000000.000000
23.067756 3 2 1500.000000
23.098799 3 2 3000.000000
23.163927 3 1 3000000.000000
23.244964 3 3 2000000.000000
23.390136 3 0 200000.000000
23.548466 3 3 1500.000000
23.573004 3 2 3000000.000000
23.685009 3 1 1500.000000
23.729765 3 1 1500.000000
23.734819 3 1 4000000.000000
24.377100 3 2 1500.000000
25.833975 3 3 2000000.000000
25.899587 3 1 3000.000000
26.217051 3 2 1500.000000
26.389286 3 1 4000000.000000
26.624309 3 2 1500.000000
26.645893 3 2 1000000.000000
26.731978 3 2 200000.000000
26.782088 3 0 100000.000000
27.278393 3 3 3000.000000
27.557755 3 0 200000.000000
27.675385 3 1 1500.000000
27.715341 3 0 1500.000000
28.044840 3 1 4000000.000000
28.942523 3 2 1000000.000000
29.569433 3 0 100000.000000
29.622769 3 1 20000.000000
29.743197 3 3 2000000.000000
29.762158 3 1 200000.000000
29.763792 3 2 1500.000000
29.776232 3 1 1500.000000
29.953043 3 2 1500.000000
30.076002 3 1 20000.000000
30.749262 3 3 1000000.000000
31.053723 3 2 3000000.000000
31.315674 3 1 2000000.000000
31.439230 3 1 1500.000000
31.572433 3 2 200000.000000
31.824011 3 0 200000.000000
32.187482 3 3 4000000.000000
32.745827 3 2 100000.000000
33.047789 3 3 3000000.000000
33.444859 3 3 3000000.000000
33.456476 3 3 4000000.000000
33.608190 3 0 3000000.000000
33.629914 3 3 200000.000000
33.845671 3 1 10000.000000
34.024511 3 1 1500.000000
34.301834 3 1 1500.000000
34.908643 3 0 1500.000000
35.120202 3 2 200000.000000
35.122023 3 3 1500.000000
35.234454 3 0 1000000.000000
35.261254 3 1 3000000.000000
35.299315 3 0 100000.000000
35.485923 3 3 1500.000000
35.570863 3 0 1500.000000
35.653537 3 3 1000000.000000
36.330062 3 1 1000000.000000
36.407650 3 3 200000.000000
36.561953 3 3 3000000.000000
36.633821 3 3 1500.000000
37.046381 3 3 200000.000000
37.222775 3 3 1000000.000000
37.481277 3 0 20000.000000
37.695721 3 1 1500.000000
37.764714 3 2 100000.000000
38.220539 3 2 10000.000000
38.320937 3 1 1500.000000
38.399723 3 3 1500.000000
38.449469 3 3 1500.000000
38.657117 3 0 3000000.000000
38.708069 3 1 200000.000000
38.839202 3 2 1500.000000
38.854949 3 1 3000.000000
39.398370 3 0 100000.000000
39.447997 3 0 1500.000000
39.642650 3 1 1500.000000
39.759888 3 3 1500.000000
40.152743 3 1 1500.000000
40.207881 3 0 1500.000000
40.426899 3 1 3000000.000000
40.785382 3 2 1500.000000
40.797639 3 1 100000.000000
40.819705 3 2 1000000.000000
41.760759 3 0 10000.000000
41.953091 3 3 1500.000000
42.144358 3 1 3000000.000000
42.224920 3 0 1500.000000
42.228542 3 3 3000000.000000
42.276517 3 2 3000000.000000
42.299392 3 2 1500.000000
43.268911 3 2 1500.000000
43.269561 3 2 1500.000000
43.533320 3 0 3000.000000
43.865431 3 0 1500.000000
44.079216 3 1 1500.000000
44.208754 3 3 200000.000000
44.254585 3 1 100000.000000
44.319096 3 2 3000000.000000
44.794422 3 0 4000000.000000
44.794481 3 2 1500.000000
44.914278 3 0 1500.000000
45.167157 3 1 1500.000000
45.223687 3 3 1500.000000
45.237383 3 2 200000.000000
45.332490 3 0 1500.000000
45.528169 3 0 4000000.000000
45.556666 3 0 3000.000000
45.764833 3 0 3000.000000
46.012192 3 2 1500.000000
46.393784 3 1 1500.000000
46.437708 3 2 3000000.000000
46.464945 3 3 2000000.000000
46.560616 3 0 100000.000000
46.719630 3 0 1500.000000
47.108559 3 0 1500.000000
47.303262 3 0 200000.000000
47.330944 3 1 100000.000000
47.346194 3 1 100000.000000
47.684929 3 2 1500.000000
47.700016 3 2 200000.000000
47.713249 3 0 4000000.000000
48.391075 3 0 10000.000000
48.394675 3 1 1500.000000
49.096558 3 1 1500.000000
49.228143 3 1 100000.000000
49.246734 3 2 100000.000000
49.443219 3 2 3000000.000000
49.478313 3 3 1500.000000
49.749166 3 3 1500.000000
50.179238 3 3 4000000.000000
50.634300 3 1 20000.000000
51.305955 3 0 10000.000000
51.453768 3 1 10000.000000
51.496897 3 0 1500.000000
51.731236 3 0 1000000.000000
51.800834 3 1 200000.000000
52.417994 3 1 20000.000000
52.440790 3 2 1500.000000
52.591513 3 2 100000.000000
52.615077 3 1 200000.000000
52.791429 3 2 1500.000000
52.848719 3 2 20000.000000
53.164231 3 1 4000000.000000
53.224970 3 3 1000000.000000
53.503059 3 1 1500.000000
53.916983 3 3 1500.000000
53.939908 3 1 4000000.000000
54.449330 3 2 1500.000000
54.458259 3 0 200000.000000
54.575629 3 1 1500.000000
55.060638 3 0 10000.000000
55.198224 3 2 1500.000000
55.480007 3 0 3000.000000
55.557839 3 3 1500.000000
55.757963 3 3 200000.000000
55.817309 3 1 10000.000000
56.069903 3 0 100000.000000
56.241961 3 2 1500.000000
56.308343 3 1 1000000.000000
56.411822 3 1 1500.000000
56.735603 3 3 1500.000000
56.953765 3 2 4000000.000000
57.275881 3 0 2000000.000000
57.538918 3 3 4000000.000000
57.586819 3 2 3000.000000
57.600004 3 1 1000000.000000
57.637401 3 3 1000000.000000
57.742949 3 0 1500.000000
57.796872 3 3 1500.000000
57.926566 3 1 100000.000000
58.226898 3 0 3000000.000000
58.233989 3 0 3000000.000000
58.290686 3 1 4000000.000000
58.826580 3 1 3000000.000000
58.859208 3 3 1500.000000
58.958576 3 2 1500.000000
59.152389 3 2 1500.000000
59.234801 3 3 3000000.000000
59.641323 3 0 1500.000000
59.944279 3 3 1500.000000
60.100773 3 2 3000000.000000
60.145717 3 0 3000000.000000
60.291667 3 0 1500.000000
60.594257 3 0 1000000.000000
60.633859 3 0 100000.000000
60.705645 3 2 200000.000000
60.746675 3 3 1000000.000000
60.819453 3 0 200000.000000
61.020539 3 1 200000.000000
61.441598 3 0 10000.000000
61.579952 3 3 4000000.000000
61.633196 3 3 20000.000000
62.097386 3 2 100000.000000
62.434939 3 0 10000.000000
62.496522 3 0 200000.000000
62.579607 3 0 1000000.000000
62.822045 3 3 3000000.000000
63.153734 3 0 1500.000000
63.454567 3 1 200000.000000
63.482357 3 3 1500.000000
63.563267 3 2 1500.000000
63.674879 3 1 1500.000000
63.801901 3 0 20000.000000
63.991842 3 3 1500.000000
64.223695 3 2 1500.000000
64.290066 3 3 10000.000000
64.534223 3 1 1500.000000
64.749047 3 2 2000000.000000
64.772175 3 1 1500.000000
65.007260 3 1 200000.000000
65.124851 3 1 10000.000000
65.168424 3 0 4000000.000000
65.191547 3 1 1500.000000
65.372341 3 0 200000.000000
65.375647 3 2 4000000.000000
65.483337 3 3 4000000.000000
65.524946 3 1 3000000.000000
65.575468 3 2 100000.000000
65.656140 3 1 1500.000000
65.718460 3 3 1500.000000
65.971442 3 0 1000000.000000
66.161760 3 0 3000000.000000
66.506947 3 1 4000000.000000
66.531423 3 0 200000.000000
66.604682 3 1 3000.000000
66.905005 3 3 200000.000000
67.100227 3 2 2000000.000000
67.199925 3 0 1500.000000
67.232021 3 1 1500.000000
67.360658 3 2 1500.000000
67.447502 3 0 3000000.000000
67.880988 3 3 1500.000000
67.932048 3 2 100000.000000
68.325962 3 2 100000.000000
68.680445 3 3 1500.000000
69.097562 3 3 3000.000000
69.113941 3 0 100000.000000
69.414970 3 1 100000.000000
69.460879 3 3 10000.000000
69.554668 3 3 1500.000000
69.764965 3 3 100000.000000
69.944812 3 3 200000.000000
69.997190 3 3 1500.000000
70.094988 3 2 1500.000000
70.151983 3 0 1000000.000000
70.400144 3 3 3000000.000000
70.548650 3 2 3000000.000000
70.661447 3 1 1500.000000
70.721396 3 0 4000000.000000
70.871367 3 1 1000000.000000
70.877275 3 1 2000000.000000
70.928991 3 0 4000000.000000
71.304567 3 0 3000000.000000
71.494463 3 3 4000000.000000
71.623255 3 3 1500.000000
71.963840 3 0 200000.000000
72.002402 3 2 1500.000000
72.089450 3 1 20000.000000
72.095955 3 3 1500.000000
72.443148 3 1 1500.000000
72.935106 3 3 1500.000000
73.555317 3 3 10000.000000
73.629356 3 2 1500.000000
73.667463 3 3 3000000.000000
73.933333 3 3 4000000.000000
74.208508 3 3 200000.000000
74.253168 3 0 1000000.000000
74.555734 3 3 200000.000000
74.583450 3 0 100000.000000
74.775215 3 0 4000000.000000
75.399475 3 1 1000000.000000
75.399920 3 3 10000.000000
75.492056 3 0 1500.000000
75.562335 3 0 1000000.000000
75.590239 3 3 1500.000000
75.707654 3 2 200000.000000
75.858957 3 1 1500.000000
76.069017 3 0 1500.000000
76.144760 3 1 2000000.000000
76.336205 3 3 3000000.000000
76.602184 3 3 100000.000000
77.723440 3 1 4000000.000000
77.930607 3 1 200000.000000
77.961474 3 1 10000.000000
78.184605 3 3 200000.000000
78.348832 3 1 100000.000000
78.409092 3 2 100000.000000
78.508573 3 0 3000000.000000
78.727830 3 0 4000000.000000
78.748315 3 1 2000000.000000
79.038222 3 2 20000.000000
79.149671 3 2 3000000.000000
79.307349 3 0 100000.000000
79.412680 3 3 20000.000000
79.426032 3 2 20000.000000
79.533562 3 1 100000.000000
79.689017 3 0 4000000.000000
79.841510 3 1 3000000.000000
79.873283 3 3 200000.000000
80.066953 3 3 1500.000000
80.251639 3 0 1000000.000000
80.303756 3 3 1000000.000000
80.375888 3 1 1500.000000
80.467306 3 0 3000.000000
80.562862 3 3 1500.000000
80.826303 3 1 3000000.000000
80.968519 3 0 1500.000000
81.014836 3 1 1500.000000
81.243114 3 1 1500.000000
81.374038 3 1 100000.000000
81.589804 3 3 3000000.000000
81.809183 3 1 1500.000000
81.899857 3 1 200000.000000
81.951234 3 1 3000000.000000
82.135563 3 1 100000.000000
82.150260 3 3 200000.000000
82.273894 3 0 200000.000000
82.627509 3 3 1500.000000
82.780527 3 1 100000.000000
82.878621 3 3 1500.000000
83.010997 3 0 1000000.000000
83.555303 3 2 1000000.000000
83.885881 3 3 4000000.000000
83.899868 3 0 100000.000000
84.088549 3 0 1000000.000000
84.203333 3 0 20000.000000
84.280748 3 3 1500.000000
85.064040 3 2 4000000.000000
85.773064 3 3 100000.000000
86.120058 3 2 200000.000000
86.134633 3 3 200000.000000
86.176891 3 1 1500.000000
86.385011 3 0 1500.000000
86.560309 3 1 1500.000000
86.677280 3 3 1500.000000
87.209332 3 2 3000000.000000
87.716471 3 0 1000000.000000
87.891197 3 3 1500.000000
88.266200 3 0 3000.000000
88.486392 3 0 10000.000000
88.495960 3 0 3000.000000
88.654945 3 3 3000000.000000
88.919612 3 1 1500.000000
89.314709 3 1 4000000.000000
89.585917 3 1 200000.000000
89.828874 3 1 100000.000000
90.003097 3 0 4000000.000000
90.091545 3 1 1500.000000
90.152079 3 3 1500.000000
90.159762 3 2 1500.000000
90.728449 3 3 4000000.000000
91.071547 3 2 100000.000000
91.721035 3 1 200000.000000
92.097413 3 3 4000000.000000
92.247240 3 1 1500.000000
92.512649 3 2 1000000.000000
92.664661 3 3 3000000.000000
92.691404 3 1 1000000.000000
92.796147 3 0 3000.000000
92.856959 3 0 10000.000000
93.018077 3 1 1500.000000
93.061007 3 2 3000000.000000
93.233934 3 0 1500.000000
93.569791 3 2 100000.000000
94.277605 3 2 3000000.000000
94.341981 3 1 1500.000000
94.368525 3 1 3000000.000000
94.410559 3 0 4000000.000000
94.412118 3 1 1500.000000
94.484731 3 0 1500.000000
94.515690 3 2 3000000.000000
94.590216 3 3 4000000.000000
94.593374 3 1 3000.000000
94.599237 3 1 1500.000000
94.654611 3 3 3000000.000000
94.726216 3 2 3000000.000000
94.834915 3 3 1000000.000000
94.887436 3 3 20000.000000
94.966653 3 0 1500.000000
95.255943 3 2 20000.000000
95.315448 3 2 3000000.000000
95.368731 3 3 3000.000000
95.532182 3 3 1500.000000
95.574346 3 1 1500.000000
95.673916 3 3 1500.000000
95.780522 3 2 1000000.000000
95.974819 3 1 200000.000000
96.024272 3 3 1500.000000
96.447956 3 3 10000.000000
96.846865 3 3 1500.000000
97.158024 3 3 3000000.000000
97.217718 3 3 20000.000000
97.249348 3 2 10000.000000
97.317287 3 2 100000.000000
97.545539 3 0 100000.000000
97.715933 3 1 1500.000000
98.207635 3 0 1500.000000
98.548494 3 1 1500.000000
98.621873 3 1 1500.000000
98.640108 3 0 20000.000000
99.603438 3 0 1500.000000
99.654776 3 2 200000.000000
99.723125 3 1 10000.000000
99.728506 3 3 4000000.000000
99.989645 3 3 1500.000000
100.085269 3 2 1000000.000000
100.181850 3 0 3000000.000000
100.286902 3 0 1500.000000
101.589760 3 0 1000000.000000
101.775352 3 1 1500.000000
101.849312 3 3 1500.000000
101.905954 3 2 2000000.000000
101.949853 3 0 1500.000000
102.019294 3 3 4000000.000000
102.049000 3 2 10000.000000
102.263096 3 1 200000.000000
102.665432 3 3 1500.000000
102.860950 3 0 200000.000000
103.021672 3 2 1500.000000
103.085629 3 0 1500.000000
103.103887 3 2 3000000.000000
103.237319 3 3 3000.000000
103.903300 3 0 1500.000000
104.603116 3 0 1500.000000
104.697820 3 2 100000.000000
105.056551 3 1 1500.000000
105.334602 3 1 1500.000000
105.376353 3 0 200000.000000
105.829236 3 3 1500.000000
105.923889 3 2 1500.000000
106.135978 3 0 100000.000000
106.382580 3 0 1500.000000
106.502564 3 3 1500.000000
106.589058 3 3 4000000.000000
106.596399 3 3 10000.000000
106.957779 3 2 200000.000000
107.106237 3 1 10000.000000
107.161414 3 3 1500.000000
107.237263 3 1 10000.000000
107.333850 3 3 20000.000000
107.355362 3 2 1500.000000
107.382343 3 0 1000000.000000
107.963869 3 0 1500.000000
107.990512 3 0 4000000.000000
108.020424 3 0 1500.000000
108.219415 3 1 200000.000000
108.913354 3 1 1500.000000
108.943956 3 3 10000.000000
108.983733 3 1 1000000.000000
109.408766 3 2 1500.000000
109.498560 3 1 100000.000000
109.602806 3 2 4000000.000000
110.047049 3 2 10000.000000
110.109519 3 1 100000.000000
110.189015 3 2 100000.000000
110.728220 3 2 3000000.000000
110.789314 3 0 1500.000000
110.832406 3 3 1500.000000
110.845663 3 3 1500.000000
111.284021 3 1 1500.000000
111.288170 3 1 1500.000000
111.293423 3 0 1500.000000
111.509463 3 0 2000000.000000
111.529889 3 3 4000000.000000
111.788550 3 2 1500.000000
111.794330 3 2 1000000.000000
112.045630 3 3 200000.000000
112.090842 3 2 1000000.000000
112.207706 3 3 1500.000000
112.505007 3 1 1500.000000
112.559323 3 3 4000000.000000
112.594125 3 1 1500.000000
112.606655 3 2 1500.000000
112.696829 3 1 1000000.000000
112.725111 3 3 1500.000000
112.729500 3 0 2000000.000000
112.746560 3 0 3000.000000
112.843791 3 2 1500.000000
112.982733 3 0 3000.000000
113.048397 3 2 1500.000000
113.349240 3 0 3000000.000000
113.458516 3 1 3000.000000
113.470995 3 1 1000000.000000
113.543836 3 0 200000.000000
113.617446 3 3 100000.000000
113.669619 3 1 1500.000000
113.676118 3 1 1500.000000
113.895576 3 3 2000000.000000
114.078850 3 2 1500.000000
114.082570 3 0 3000.000000
114.142239 3 2 20000.000000
114.419215 3 1 4000000.000000
114.880811 3 1 2000000.000000
115.026335 3 3 100000.000000
115.339465 3 2 1500.000000
115.491208 3 3 3000000.000000
115.529040 3 1 1000000.000000
115.564107 3 1 1500.000000
115.819009 3 0 3000000.000000
115.979255 3 3 10000.000000
116.040697 3 3 4000000.000000
116.319595 3 3 100000.000000
116.789421 3 3 1500.000000
117.283520 3 3 1500.000000
118.008149 3 2 3000000.000000
118.277325 3 3 20000.000000
118.432297 3 3 10000.000000
118.437775 3 2 1500.000000
118.608973 3 1 100000.000000
118.654005 3 1 10000.000000
118.666421 3 2 100000.000000
119.037691 3 1 1500.000000
119.192467 3 1 4000000.000000
119.355799 3 3 3000000.000000
119.925286 3 3 10000.000000
120.441491 3 1 3000.000000
120.767716 3 3 1500.000000
120.805652 3 2 4000000.000000
121.120144 3 2 1500.000000
121.272219 3 1 20000.000000
121.708180 3 0 20000.000000
122.150614 3 0 1500.000000
122.647332 3 1 10000.000000
122.762980 3 0 1500.000000
122.872169 3 0 100000.000000
123.036893 3 1 200000.000000
123.113499 3 2 1500.000000
123.709745 3 3 100000.000000
123.852715 3 0 100000.000000
123.915379 3 1 1500.000000
123.984025 3 0 200000.000000
124.015394 3 2 3000000.000000
124.096948 3 3 1500.000000
124.231177 3 3 10000.000000
124.637336 3 2 100000.000000
124.686336 3 2 100000.000000
124.926657 3 0 3000000.000000
125.041392 3 3 1500.000000
125.119441 3 1 1500.000000
125.306134 3 0 1500.000000
125.424111 3 1 1500.000000
125.620079 3 1 100000.000000
125.687817 3 0 1500.000000
126.162516 3 3 4000000.000000
126.226308 3 2 20000.000000
126.391012 3 1 1500.000000
126.414430 3 3 3000000.000000
126.513670 3 2 1500.000000
126.716522 3 0 100000.000000
126.961764 3 3 3000000.000000
127.168222 3 1 1500.000000
127.517269 3 2 1500.000000
127.584873 3 0 4000000.000000
127.771568 3 0 3000.000000
127.830072 3 0 4000000.000000
128.088023 3 3 1500.000000
128.399712 3 2 200000.000000
128.401550 3 2 3000000.000000
128.403198 3 0 10000.000000
128.465117 3 0 3000000.000000
128.704246 3 2 100000.000000
128.873753 3 1 1500.000000
129.086049 3 0 20000.000000
129.176510 3 3 4000000.000000
129.216276 3 1 1000000.000000
129.521746 3 0 1500.000000
129.789549 3 0 1500.000000
129.822555 3 0 1500.000000
129.867457 3 3 1000000.000000
130.340544 3 1 3000000.000000
130.481294 3 1 200000.000000
130.891692 3 1 100000.000000
130.906165 3 1 10000.000000
131.295457 3 2 3000000.000000
131.609866 3 1 1500.000000
131.613872 3 0 3000000.000000
131.931591 3 3 20000.000000
132.012029 3 0 1000000.000000
132.016443 3 1 20000.000000
132.357137 3 1 100000.000000
132.425622 3 1 4000000.000000
132.479667 3 0 200000.000000
132.691062 3 3 1500.000000
132.722214 3 1 1500.000000
132.888988 3 1 1500.000000
133.057673 3 1 1500.000000
133.446618 3 0 1000000.000000
134.036676 3 2 100000.000000
134.064066 3 2 1500.000000
134.271339 3 3 1500.000000
134.394205 3 3 100000.000000
134.570327 3 2 200000.000000
134.679092 3 1 4000000.000000
134.700941 3 2 1500.000000
134.796632 3 1 200000.000000
134.825579 3 0 1500.000000
134.955938 3 0 3000000.000000
135.224735 3 0 2000000.000000
135.433504 3 2 1500.000000
135.532439 3 1 1500.000000
135.545074 3 1 200000.000000
135.600080 3 2 10000.000000
135.647429 3 2 1500.000000
135.773828 3 2 100000.000000
135.815361 3 0 3000000.000000
135.973349 3 0 1500.000000
135.995650 3 2 1500.000000
136.109032 3 2 1500.000000
136.295331 3 1 4000000.000000
136.377899 3 2 4000000.000000
136.423174 3 0 1500.000000
136.526366 3 1 2000000.000000
136.576319 3 3 100000.000000
136.806442 3 0 3000000.000000
136.920850 3 0 200000.000000
137.109071 3 1 3000.000000
137.229485 3 0 4000000.000000
137.386717 3 2 200000.000000
137.701156 3 3 1500.000000
137.842710 3 3 4000000.000000
138.491037 3 2 1500.000000
138.561704 3 3 1500.000000
138.695571 3 1 1000000.000000
139.149298 3 0 3000000.000000
139.604824 3 1 10000.000000
139.728635 3 1 3000000.000000
139.787740 3 0 20000.000000
140.031388 3 2 100000.000000
140.112060 3 0 1500.000000
140.374593 3 1 1500.000000
140.424461 3 3 3000000.000000
140.569805 3 1 2000000.000000
140.646209 3 1 4000000.000000
141.067792 3 2 4000000.000000
141.113905 3 0 1500.000000
141.325398 3 0 10000.000000
141.349069 3 0 1000000.000000
141.497500 3 3 3000.000000
141.592318 3 0 3000000.000000
141.903125 3 0 1500.000000
141.956074 3 1 200000.000000
142.029303 3 3 1500.000000
142.091873 3 0 3000000.000000
142.149602 3 1 1500.000000
142.253541 3 3 100000.000000
142.626888 3 1 1000000.000000
142.900731 3 1 1500.000000
143.023130 3 2 1000000.000000
143.032398 3 2 1500.000000
143.134616 3 3 1500.000000
143.224603 3 2 200000.000000
143.741747 3 0 1500.000000
144.055411 3 2 3000000.000000
144.119574 3 1 3000000.000000
144.130513 3 2 10000.000000
144.198689 3 0 1500.000000
144.239001 3 3 1500.000000
144.305876 3 1 3000000.000000
144.309017 3 0 1000000.000000
144.628421 3 3 4000000.000000
144.837952 3 1 100000.000000
144.852610 3 1 1000000.000000
144.874106 3 3 2000000.000000
144.978722 3 2 200000.000000
145.218044 3 1 200000.000000
145.330574 3 3 1500.000000
145.502902 3 1 200000.000000
145.926771 3 2 1500.000000
146.187693 3 3 100000.000000
146.220667 3 2 1500.000000
146.468759 3 1 1500.000000
146.571630 3 1 200000.000000
146.869956 3 1 100000.000000
146.957167 3 3 1000000.000000
147.386660 3 0 200000.000000
147.562301 3 0 1500.000000
147.640655 3 3 10000.000000
147.716639 3 1 3000000.000000
147.812567 3 1 4000000.000000
147.905473 3 3 200000.000000
147.948256 3 0 4000000.000000
148.061950 3 2 100000.000000
148.131205 3 1 200000.000000
148.487067 3 1 1500.000000
148.557602 3 0 3000000.000000
148.798453 3 2 1000000.000000
149.113037 3 1 4000000.000000
149.181999 3 1 200000.000000
149.218650 3 1 20000.000000
149.253702 3 3 20000.000000
149.357622 3 2 200000.000000
149.510599 3 3 3000000.000000
