0.545608 0 2 100000.000000
0.594432 0 1 1000000.000000
0.783030 0 3 200000.000000
0.830097 0 0 3000.000000
1.006312 0 1 20000.000000
1.348317 0 0 10000.000000
1.535262 0 3 100000.000000
1.680819 0 3 1000000.000000
1.683253 0 2 3000.000000
1.974974 0 2 1500.000000
2.765785 0 1 1000000.000000
2.766869 0 2 1500.000000
3.084243 0 3 20000.000000
3.482792 0 0 2000000.000000
3.860698 0 2 100000.000000
4.075050 0 1 1500.000000
4.175882 0 1 1500.000000
4.272370 0 3 200000.000000
4.360189 0 3 3000.000000
4.496911 0 0 1000000.000000
4.568990 0 3 100000.000000
4.569753 0 2 4000000.000000
4.687853 0 0 3000000.000000
4.804438 0 2 20000.000000
4.844177 0 2 3000.000000
4.934132 0 3 1500.000000
5.112199 0 0 1500.000000
5.516717 0 1 3000.000000
5.826016 0 2 200000.000000
5.957110 0 3 200000.000000
6.341448 0 0 3000000.000000
6.628827 0 0 4000000.000000
6.790546 0 3 4000000.000000
6.990073 0 2 1500.000000
7.123220 0 2 1500.000000
7.140828 0 3 1500.000000
7.292467 0 2 1500.000000
7.584254 0 3 1500.000000
7.880493 0 2 4000000.000000
7.980296 0 1 10000.000000
8.031062 0 3 200000.000000
8.674397 0 3 10000.000000
8.730342 0 1 4000000.000000
9.373998 0 3 1500.000000
9.623591 0 2 100000.000000
10.174207 0 0 10000.000000
10.225162 0 2 200000.000000
10.512954 0 1 3000000.000000
10.671473 0 0 4000000.000000
10.987178 0 0 3000000.000000
11.013349 0 2 1500.000000
11.040552 0 0 3000.000000
11.413435 0 0 2000000.000000
11.459143 0 3 4000000.000000
11.507797 0 2 1500.000000
11.657003 0 3 1500.000000
11.664106 0 1 100000.000000
11.766960 0 0 10000.000000
11.817270 0 0 3000000.000000
11.853538 0 3 1500.000000
11.935492 0 1 200000.000000
11.990794 0 1 3000.000000
12.024275 0 0 20000.000000
12.055409 0 2 3000000.000000
12.063810 0 2 3000000.000000
12.787399 0 0 1500.000000
13.011525 0 2 1500.000000
13.063865 0 0 10000.000000
13.242957 0 0 1500.000000
13.283623 0 1 10000.000000
13.529909 0 1 3000.000000
13.567899 0 3 20000.000000
13.625130 0 0 100000.000000
13.712524 0 1 4000000.000000
13.768008 0 3 200000.000000
13.785854 0 2 3000000.000000
14.351492 0 0 1000000.000000
14.463640 0 1 1500.000000
14.517049 0 2 100000.000000
14.628633 0 1 1500.000000
14.811924 0 1 1500.000000
14.888131 0 0 4000000.000000
14.954681 0 2 20000.000000
15.010227 0 2 1500.000000
15.091570 0 1 1500.000000
15.207587 0 1 100000.000000
15.401882 0 0 1000000.000000
15.406614 0 0 200000.000000
15.612547 0 0 100000.000000
15.787484 0 0 1000000.000000
16.076920 0 2 1500.000000
16.198649 0 1 100000.000000
16.267239 0 3 4000000.000000
16.517108 0 3 1500.000000
16.626243 0 1 2000000.000000
16.804048 0 2 3000.000000
17.062840 0 2 4000000.000000
17.315457 0 2 1500.000000
17.505204 0 3 1500.000000
17.552848 0 2 200000.000000
17.697790 0 3 1500.000000
17.753122 0 2 4000000.000000
17.864777 0 0 3000000.000000
17.993609 0 0 1500.000000
18.431592 0 1 1000000.000000
18.604957 0 0 100000.000000
18.941121 0 0 200000.000000
18.953379 0 2 100000.000000
18.966727 0 3 20000.000000
18.986155 0 0 100000.000000
19.018260 0 1 1500.000000
19.163704 0 3 3000.000000
19.545948 0 1 3000.000000
19.655752 0 3 1500.000000
19.724751 0 1 1500.000000
19.779772 0 1 3000000.000000
19.849862 0 1 1500.000000
19.881674 0 0 1500.000000
20.018736 0 2 4000000.000000
20.178676 0 2 4000000.000000
20.506236 0 2 1500.000000
20.620559 0 3 1500.000000
20.870638 0 0 1500.000000
21.046093 0 1 200000.000000
21.058779 0 2 200000.000000
21.294824 0 0 100000.000000
21.370123 0 0 1500.000000
21.380159 0 3 3000000.000000
21.394599 0 0 100000.000000
21.543388 0 1 1000000.000000
21.953298 0 0 1500.000000
22.078642 0 1 3000.000000
22.186389 0 2 4000000.000000
22.290434 0 3 1500.000000
22.292361 0 3 3000000.000000
22.301717 0 0 200000.000000
23.130026 0 0 1000000.000000
23.547466 0 3 1500.000000
23.567006 0 0 1500.000000
23.615454 0 3 1500.000000
23.719788 0 1 200000.000000
23.725206 0 1 10000.000000
23.798274 0 2 1500.000000
23.990613 0 2 10000.000000
24.159280 0 3 3000.000000
24.341999 0 3 4000000.000000
24.485802 0 2 3000.000000
25.012345 0 1 1500.000000
25.093614 0 3 10000.000000
25.112058 0 1 3000000.000000
25.174680 0 2 200000.000000
25.200047 0 3 1500.000000
25.222713 0 0 10000.000000
25.309647 0 2 10000.000000
25.439620 0 2 1000000.000000
25.640139 0 2 200000.000000
25.723234 0 1 100000.000000
26.036229 0 1 1000000.000000
26.193800 0 0 10000.000000
26.468582 0 2 1000000.000000
26.989451 0 3 3000000.000000
27.204498 0 2 1500.000000
27.468937 0 3 1500.000000
27.624495 0 2 200000.000000
27.698042 0 1 2000000.000000
27.799485 0 0 1500.000000
27.960833 0 0 20000.000000
28.145800 0 2 3000.000000
28.431050 0 1 1500.000000
28.562135 0 0 1500.000000
28.731129 0 2 100000.000000
28.731843 0 2 4000000.000000
28.733181 0 2 20000.000000
29.213223 0 0 20000.000000
29.370870 0 3 4000000.000000
29.428514 0 1 1500.000000
29.475273 0 0 10000.000000
29.507491 0 0 1500.000000
29.605352 0 3 1500.000000
29.670987 0 1 100000.000000
30.038072 0 2 3000000.000000
30.065499 0 0 200000.000000
30.091493 0 0 1000000.000000
30.538176 0 3 1500.000000
30.641663 0 2 3000.000000
30.941443 0 0 100000.000000
31.093337 0 2 1000000.000000
31.198250 0 1 1500.000000
31.291811 0 2 1000000.000000
31.361606 0 2 200000.000000
31.428181 0 3 3000.000000
31.497199 0 0 1500.000000
31.503439 0 3 4000000.000000
31.552610 0 3 3000000.000000
31.824476 0 3 100000.000000
32.135532 0 3 10000.000000
32.138760 0 2 1500.000000
32.230125 0 1 1500.000000
32.255524 0 1 200000.000000
32.256373 0 0 1500.000000
32.492424 0 0 1000000.000000
32.774292 0 0 100000.000000
32.807313 0 0 100000.000000
33.367321 0 3 200000.000000
33.416318 0 2 4000000.000000
33.439609 0 0 1500.000000
33.542165 0 1 2000000.000000
33.560695 0 2 200000.000000
33.928294 0 0 1000000.000000
34.092606 0 3 100000.000000
34.144583 0 2 20000.000000
34.289361 0 2 1500.000000
35.387232 0 1 1500.000000
35.692468 0 0 3000000.000000
35.757970 0 3 1000000.000000
35.777203 0 1 3000000.000000
35.892580 0 1 10000.000000
36.280798 0 3 1500.000000
36.339330 0 3 200000.000000
36.493050 0 0 3000.000000
36.745558 0 0 1500.000000
36.828513 0 0 20000.000000
36.918151 0 0 4000000.000000
36.950693 0 2 1500.000000
36.984230 0 3 1000000.000000
37.023539 0 0 100000.000000
37.342635 0 3 200000.000000
37.380272 0 3 100000.000000
37.555267 0 1 100000.000000
37.739929 0 2 200000.000000
37.820180 0 3 1500.000000
37.927913 0 1 3000.000000
37.947115 0 2 4000000.000000
38.228705 0 2 3000000.000000
38.973723 0 2 200000.000000
39.106447 0 3 2000000.000000
39.324847 0 2 200000.000000
39.541516 0 1 1500.000000
39.609899 0 1 4000000.000000
39.737394 0 3 10000.000000
39.986147 0 1 1500.000000
40.200337 0 3 100000.000000
40.381109 0 2 1000000.000000
40.824486 0 1 200000.000000
41.435770 0 1 100000.000000
41.718536 0 0 200000.000000
41.739370 0 3 1000000.000000
41.782662 0 1 200000.000000
41.854736 0 1 4000000.000000
41.966822 0 3 2000000.000000
42.676906 0 2 1500.000000
42.681015 0 3 3000.000000
42.761033 0 2 3000000.000000
42.937024 0 3 20000.000000
43.323380 0 3 4000000.000000
43.376948 0 0 1500.000000
43.899110 0 2 3000000.000000
44.087810 0 1 3000000.000000
44.267364 0 1 3000000.000000
44.317627 0 3 4000000.000000
44.452699 0 1 1500.000000
44.472561 0 3 1500.000000
44.643075 0 1 1000000.000000
44.862664 0 2 1500.000000
44.871395 0 0 10000.000000
44.874441 0 3 3000000.000000
44.940570 0 0 100000.000000
45.073464 0 0 10000.000000
45.236244 0 2 3000000.000000
45.416882 0 1 1500.000000
45.844911 0 2 3000000.000000
45.906479 0 2 1500.000000
46.338528 0 1 2000000.000000
46.373932 0 0 1500.000000
46.836584 0 1 1500.000000
46.860733 0 1 1500.000000
46.967472 0 3 100000.000000
47.868294 0 3 3000000.000000
47.983672 0 1 4000000.000000
48.238064 0 0 200000.000000
48.284123 0 3 4000000.000000
48.415522 0 0 1500.000000
48.519198 0 1 1500.000000
48.564404 0 1 100000.000000
48.742013 0 0 4000000.000000
49.268636 0 0 3000.000000
49.658054 0 1 3000000.000000
49.665563 0 2 20000.000000
50.160215 0 1 3000000.000000
50.513976 0 1 3000000.000000
50.799425 0 1 1500.000000
50.967352 0 1 4000000.000000
51.038887 0 3 1500.000000
51.077806 0 2 1500.000000
51.139873 0 2 10000.000000
51.353434 0 2 100000.000000
51.627557 0 1 1500.000000
51.636488 0 1 20000.000000
51.994131 0 3 1500.000000
52.214822 0 1 200000.000000
52.688116 0 2 3000000.000000
52.751197 0 1 1500.000000
52.771087 0 0 1000000.000000
52.952563 0 1 1500.000000
53.119598 0 1 1500.000000
53.138851 0 0 1000000.000000
53.508648 0 2 1500.000000
53.576139 0 3 1500.000000
53.632710 0 1 1500.000000
53.643486 0 2 2000000.000000
53.713034 0 3 1000000.000000
53.912687 0 2 4000000.000000
53.940743 0 2 4000000.000000
54.064423 0 2 100000.000000
54.147203 0 2 100000.000000
54.217878 0 0 200000.000000
54.338101 0 1 1000000.000000
54.641005 0 3 1500.000000
54.675303 0 0 3000.000000
54.854105 0 2 200000.000000
54.932931 0 0 1500.000000
55.285341 0 0 200000.000000
55.424130 0 3 200000.000000
55.857262 0 3 10000.000000
56.019916 0 1 3000000.000000
56.030135 0 1 1500.000000
56.032767 0 1 200000.000000
56.067150 0 1 1500.000000
57.115415 0 2 2000000.000000
57.181195 0 1 200000.000000
57.672137 0 3 20000.000000
57.940497 0 1 1000000.000000
58.180268 0 3 3000.000000
58.253220 0 1 1500.000000
58.326768 0 2 1500.000000
58.403670 0 1 3000000.000000
58.499438 0 2 10000.000000
58.530848 0 0 1500.000000
58.704135 0 1 10000.000000
59.460284 0 2 3000000.000000
59.577317 0 1 1500.000000
60.073728 0 2 20000.000000
60.157823 0 2 1500.000000
60.309089 0 2 3000000.000000
60.356147 0 3 1500.000000
60.472401 0 2 200000.000000
60.868984 0 2 3000.000000
61.275081 0 2 1000000.000000
61.440951 0 0 4000000.000000
61.990239 0 1 100000.000000
62.047691 0 2 1500.000000
62.134751 0 0 3000000.000000
62.341442 0 0 4000000.000000
62.423945 0 2 100000.000000
62.732397 0 0 100000.000000
62.739027 0 3 1000000.000000
62.978477 0 0 1500.000000
63.637434 0 3 3000000.000000
63.865803 0 1 1500.000000
63.907242 0 3 1500.000000
64.337768 0 2 1000000.000000
64.594824 0 2 1500.000000
64.688407 0 1 2000000.000000
64.974635 0 1 4000000.000000
64.986076 0 3 3000.000000
65.292878 0 0 1500.000000
65.555318 0 2 20000.000000
65.601015 0 2 10000.000000
65.829450 0 1 1000000.000000
65.883757 0 0 3000000.000000
65.929238 0 1 4000000.000000
66.132461 0 2 10000.000000
66.633317 0 1 4000000.000000
67.765206 0 3 4000000.000000
68.180701 0 3 100000.000000
68.329032 0 3 1500.000000
68.487758 0 0 4000000.000000
69.014021 0 1 1500.000000
69.020371 0 2 4000000.000000
69.060274 0 3 1500.000000
69.171756 0 2 1500.000000
69.575822 0 0 1500.000000
69.683523 0 3 1500.000000
69.900195 0 2 20000.000000
70.167321 0 3 1500.000000
70.359665 0 1 10000.000000
70.466631 0 2 1500.000000
70.501609 0 1 20000.000000
70.509674 0 1 1000000.000000
70.960085 0 2 1500.000000
70.973353 0 3 200000.000000
71.048454 0 2 1500.000000
71.228730 0 0 200000.000000
71.280337 0 1 4000000.000000
71.386875 0 2 1500.000000
71.389836 0 0 4000000.000000
71.572563 0 3 3000.000000
71.647993 0 0 1000000.000000
71.837119 0 3 10000.000000
71.874626 0 3 3000.000000
72.169655 0 1 200000.000000
72.220852 0 2 4000000.000000
72.271172 0 0 1000000.000000
72.320148 0 3 1500.000000
72.783118 0 3 3000000.000000
73.062626 0 2 1500.000000
73.154598 0 3 4000000.000000
73.200321 0 3 200000.000000
73.525849 0 3 100000.000000
74.193951 0 2 1500.000000
74.210075 0 1 1000000.000000
74.371140 0 2 4000000.000000
74.671234 0 3 10000.000000
74.746359 0 3 10000.000000
74.928422 0 2 4000000.000000
75.539510 0 0 100000.000000
75.798704 0 0 1500.000000
76.180324 0 3 3000.000000
76.302714 0 1 3000000.000000
76.322360 0 2 1500.000000
76.351333 0 3 1500.000000
76.535412 0 3 1500.000000
76.780657 0 0 4000000.000000
76.818127 0 2 200000.000000
77.088463 0 3 200000.000000
77.389286 0 1 1500.000000
77.407111 0 3 200000.000000
77.619115 0 0 1500.000000
77.734072 0 3 3000.000000
77.891624 0 0 4000000.000000
78.163280 0 3 1500.000000
78.188991 0 0 4000000.000000
78.197770 0 2 1500.000000
78.393000 0 3 1500.000000
78.485148 0 1 20000.000000
78.590550 0 3 1000000.000000
78.869481 0 1 2000000.000000
78.968414 0 0 100000.000000
79.103440 0 1 1500.000000
79.360235 0 1 1500.000000
79.383728 0 3 200000.000000
79.420281 0 0 1500.000000
80.041840 0 2 200000.000000
80.113652 0 0 4000000.000000
80.326965 0 1 2000000.000000
80.371406 0 2 2000000.000000
80.389830 0 0 4000000.000000
80.943284 0 3 1500.000000
81.040889 0 2 100000.000000
81.082587 0 1 4000000.000000
81.095254 0 0 200000.000000
81.115844 0 1 200000.000000
81.202664 0 3 3000.000000
81.299538 0 3 1000000.000000
81.359036 0 3 1500.000000
81.654710 0 1 1500.000000
81.692360 0 2 4000000.000000
81.873793 0 0 100000.000000
82.782782 0 3 3000000.000000
83.042650 0 2 100000.000000
83.276058 0 0 10000.000000
83.379836 0 0 1500.000000
83.932843 0 0 1500.000000
84.471691 0 2 10000.000000
84.554997 0 1 10000.000000
84.583876 0 2 1500.000000
84.649083 0 0 200000.000000
85.013920 0 3 100000.000000
85.644742 0 0 1000000.000000
85.772455 0 0 100000.000000
86.037909 0 2 3000000.000000
86.235336 0 2 20000.000000
86.340588 0 0 4000000.000000
86.540758 0 1 1500.000000
86.584091 0 3 1500.000000
86.657896 0 3 100000.000000
86.715112 0 1 1500.000000
86.938012 0 0 1500.000000
87.176231 0 2 1500.000000
87.470558 0 3 1000000.000000
87.551621 0 2 1500.000000
87.765828 0 1 3000000.000000
87.876527 0 1 100000.000000
87.882712 0 2 1500.000000
87.907192 0 2 3000000.000000
88.706954 0 2 1500.000000
88.873710 0 0 1500.000000
89.150524 0 0 4000000.000000
89.195771 0 3 200000.000000
89.417751 0 3 3000.000000
89.427693 0 2 1000000.000000
89.485408 0 3 4000000.000000
90.278654 0 1 3000000.000000
90.304125 0 0 100000.000000
90.520915 0 2 3000000.000000
90.611578 0 3 100000.000000
90.717765 0 1 3000000.000000
91.201492 0 3 1500.000000
91.256661 0 0 4000000.000000
91.835405 0 1 1500.000000
91.919526 0 0 1500.000000
92.406295 0 2 100000.000000
92.652515 0 3 100000.000000
92.667411 0 1 3000000.000000
92.734577 0 0 3000.000000
92.817115 0 2 1500.000000
93.032802 0 3 1000000.000000
93.125402 0 1 1000000.000000
93.229073 0 0 20000.000000
93.417172 0 0 1500.000000
93.586460 0 1 1500.000000
93.962606 0 0 1500.000000
94.038281 0 3 3000000.000000
94.064007 0 1 4000000.000000
94.693273 0 1 1500.000000
94.751624 0 1 200000.000000
94.839449 0 1 1000000.000000
95.214400 0 1 1500.000000
96.127119 0 1 1500.000000
96.457454 0 0 1500.000000
96.635909 0 3 4000000.000000
96.764182 0 0 3000000.000000
96.833767 0 3 3000000.000000
97.475230 0 2 1500.000000
98.176721 0 3 1500.000000
98.270226 0 2 1500.000000
98.329346 0 1 1500.000000
98.624455 0 3 3000.000000
98.734984 0 2 1500.000000
99.133466 0 3 2000000.000000
99.173196 0 3 200000.000000
99.178702 0 0 2000000.000000
99.275949 0 3 1500.000000
99.506133 0 1 1500.000000
99.601472 0 0 3000.000000
100.064180 0 3 1000000.000000
100.198340 0 3 2000000.000000
100.219109 0 1 100000.000000
100.236944 0 1 1500.000000
100.517156 0 2 200000.000000
100.937957 0 2 200000.000000
101.038630 0 1 10000.000000
101.238812 0 3 2000000.000000
101.779120 0 0 1000000.000000
101.879615 0 1 1500.000000
101.891097 0 0 4000000.000000
102.147420 0 0 1500.000000
102.149452 0 0 1500.000000
102.258690 0 1 3000000.000000
102.266066 0 0 10000.000000
102.364463 0 3 100000.000000
102.716984 0 0 1500.000000
102.819089 0 3 1000000.000000
103.422524 0 1 100000.000000
103.782548 0 1 1000000.000000
103.857339 0 1 4000000.000000
104.157327 0 0 1500.000000
104.172850 0 2 1000000.000000
104.624561 0 3 1500.000000
104.761577 0 0 1500.000000
105.070588 0 2 1500.000000
105.131514 0 0 1500.000000
105.327274 0 0 1500.000000
105.331199 0 1 1500.000000
105.334472 0 3 200000.000000
105.389323 0 3 3000.000000
105.958029 0 1 200000.000000
106.062823 0 1 1500.000000
106.299914 0 1 2000000.000000
106.329075 0 1 3000.000000
106.354053 0 2 3000000.000000
106.369389 0 1 4000000.000000
106.542452 0 1 1000000.000000
106.737221 0 1 4000000.000000
106.791649 0 2 200000.000000
106.836501 0 1 1500.000000
107.007304 0 1 10000.000000
107.319545 0 2 10000.000000
107.410649 0 3 20000.000000
108.013200 0 3 200000.000000
108.065379 0 1 3000000.000000
108.925125 0 0 20000.000000
109.070213 0 1 1500.000000
109.224494 0 3 4000000.000000
109.314295 0 1 2000000.000000
109.723986 0 0 20000.000000
109.803779 0 3 1500.000000
110.318395 0 2 1000000.000000
110.328970 0 1 100000.000000
110.442057 0 1 1500.000000
110.445683 0 1 1500.000000
110.759969 0 3 1500.000000
111.176196 0 1 3000000.000000
111.380108 0 0 1500.000000
111.481429 0 0 3000.000000
112.102557 0 2 100000.000000
112.252930 0 1 100000.000000
112.364667 0 1 1500.000000
113.502933 0 0 1500.000000
113.503821 0 1 1500.000000
113.544919 0 1 1500.000000
113.668210 0 1 1000000.000000
113.937282 0 3 100000.000000
114.418910 0 0 4000000.000000
114.575822 0 2 1500.000000
114.677982 0 3 20000.000000
114.728022 0 1 100000.000000
114.763949 0 2 200000.000000
114.925301 0 3 4000000.000000
115.534213 0 2 1500.000000
115.653799 0 1 10000.000000
116.488025 0 1 200000.000000
116.556955 0 2 1500.000000
116.685023 0 0 1500.000000
116.697420 0 3 3000000.000000
116.727871 0 0 1500.000000
116.839055 0 3 200000.000000
117.013399 0 0 1500.000000
117.148056 0 0 10000.000000
117.177704 0 2 10000.000000
117.195665 0 2 1500.000000
117.239875 0 2 1000000.000000
117.582709 0 3 3000.000000
117.698006 0 1 100000.000000
117.776596 0 2 3000000.000000
118.155139 0 1 1000000.000000
118.472458 0 3 1500.000000
118.600347 0 1 3000000.000000
118.800023 0 1 10000.000000
118.853116 0 1 100000.000000
119.169247 0 3 1500.000000
119.204482 0 0 3000.000000
119.357274 0 3 1000000.000000
119.361497 0 0 10000.000000
119.492476 0 1 4000000.000000
119.740514 0 2 4000000.000000
120.020564 0 3 1500.000000
120.396207 0 3 100000.000000
120.566849 0 1 1500.000000
120.606414 0 0 1500.000000
121.582545 0 0 100000.000000
121.595596 0 3 1500.000000
122.191216 0 1 1500.000000
122.350644 0 1 1500.000000
122.678999 0 3 1500.000000
122.684098 0 3 10000.000000
122.850751 0 0 1500.000000
122.890581 0 1 4000000.000000
123.155446 0 0 1000000.000000
123.377690 0 2 1000000.000000
123.472241 0 0 1000000.000000
123.610957 0 0 1500.000000
123.847497 0 2 1500.000000
123.905798 0 2 1500.000000
124.047681 0 0 20000.000000
124.264571 0 3 3000.000000
124.376304 0 0 1500.000000
124.478936 0 3 4000000.000000
124.500586 0 0 1500.000000
124.574150 0 0 100000.000000
125.031192 0 3 1000000.000000
125.048413 0 1 1500.000000
125.177558 0 2 1500.000000
125.545904 0 2 4000000.000000
125.924565 0 0 1500.000000
126.049613 0 3 3000.000000
126.147339 0 2 3000.000000
126.208908 0 3 3000.000000
126.283689 0 3 1500.000000
126.515305 0 3 1500.000000
126.689675 0 0 100000.000000
126.945096 0 3 1500.000000
127.156185 0 2 1000000.000000
127.224004 0 2 200000.000000
127.265266 0 0 3000000.000000
127.268942 0 1 3000000.000000
127.602080 0 1 200000.000000
127.862853 0 3 1500.000000
127.912334 0 1 200000.000000
128.084426 0 2 1500.000000
128.114375 0 2 1500.000000
128.495528 0 1 4000000.000000
128.660376 0 1 100000.000000
128.735165 0 0 3000000.000000
128.766305 0 2 100000.000000
128.848057 0 0 200000.000000
129.113980 0 3 200000.000000
129.403351 0 2 1500.000000
129.644275 0 3 10000.000000
129.711780 0 3 4000000.000000
129.768996 0 2 1500.000000
130.099189 0 2 20000.000000
130.483667 0 2 1500.000000
130.576511 0 3 4000000.000000
130.631570 0 3 200000.000000
130.965828 0 0 1500.000000
131.697237 0 2 100000.000000
131.846490 0 2 10000.000000
132.407753 0 2 20000.000000
132.464953 0 1 1500.000000
132.599180 0 2 3000.000000
132.628004 0 2 1500.000000
132.928688 0 1 3000.000000
132.975813 0 2 100000.000000
133.034865 0 1 20000.000000
133.682001 0 3 200000.000000
133.709995 0 1 1500.000000
134.087180 0 3 1500.000000
134.174743 0 3 1500.000000
134.576413 0 3 1500.000000
134.944899 0 3 1500.000000
135.011096 0 0 1500.000000
135.159877 0 1 10000.000000
135.230518 0 1 4000000.000000
135.363188 0 0 4000000.000000
135.894019 0 3 1500.000000
135.937986 0 0 3000000.000000
136.140527 0 0 10000.000000
136.241584 0 2 200000.000000
136.373449 0 2 100000.000000
136.722709 0 0 10000.000000
136.827058 0 2 4000000.000000
137.017809 0 3 3000000.000000
137.110319 0 2 3000000.000000
137.170656 0 3 3000000.000000
137.194757 0 1 100000.000000
137.227338 0 1 1500.000000
137.623008 0 0 1500.000000
137.875103 0 3 4000000.000000
138.294419 0 2 1500.000000
138.472950 0 0 200000.000000
138.803929 0 3 2000000.000000
139.180689 0 3 4000000.000000
139.213700 0 1 1500.000000
139.513884 0 2 1500.000000
139.751316 0 0 1500.000000
139.923698 0 1 3000000.000000
139.969660 0 1 4000000.000000
140.161697 0 0 4000000.000000
140.234058 0 3 4000000.000000
140.339996 0 0 1000000.000000
140.373618 0 2 1500.000000
140.852856 0 2 1500.000000
141.092320 0 1 1000000.000000
141.250573 0 0 4000000.000000
141.345308 0 2 200000.000000
141.398486 0 1 1000000.000000
141.556554 0 0 100000.000000
141.619135 0 0 1000000.000000
141.742239 0 2 1500.000000
142.245562 0 1 3000.000000
142.718700 0 2 1000000.000000
142.850141 0 2 4000000.000000
142.883404 0 2 1500.000000
143.054329 0 2 1500.000000
143.148654 0 2 100000.000000
143.159900 0 3 1500.000000
143.217908 0 0 3000000.000000
143.316008 0 3 1500.000000
143.422708 0 3 100000.000000
144.138786 0 1 100000.000000
144.175311 0 3 200000.000000
144.280179 0 2 200000.000000
144.572613 0 3 100000.000000
144.648991 0 1 1500.000000
144.870167 0 2 10000.000000
145.057331 0 1 20000.000000
145.281189 0 0 1500.000000
145.333967 0 3 20000.000000
145.675458 0 1 1000000.000000
145.702358 0 0 2000000.000000
145.863098 0 3 4000000.000000
145.895946 0 1 1500.000000
145.928077 0 1 200000.000000
146.045124 0 1 3000.000000
146.056557 0 0 3000000.000000
146.089261 0 2 20000.000000
146.366030 0 1 2000000.000000
146.475652 0 3 3000.000000
146.645622 0 3 100000.000000
146.647635 0 2 1500.000000
146.666904 0 2 1500.000000
146.805606 0 1 3000000.000000
146.819244 0 2 1500.000000
147.100509 0 0 1500.000000
147.166948 0 1 10000.000000
147.188287 0 0 1000000.000000
147.196308 0 0 20000.000000
147.335421 0 1 1500.000000
147.379296 0 1 1500.000000
147.488457 0 2 4000000.000000
147.656040 0 1 1500.000000
147.748384 0 1 3000000.000000
148.199360 0 0 1500.000000
148.201448 0 2 1500.000000
148.305300 0 0 200000.000000
148.329055 0 1 1500.000000
148.330132 0 0 1500.000000
148.393196 0 0 100000.000000
148.971622 0 3 20000.000000
149.158374 0 3 100000.000000
149.759340 0 1 1500.000000
149.837492 0 2 1500.000000
0.099633 1 0 1000000.000000
0.217584 1 3 1500.000000
0.493270 1 1 10000.000000
0.814968 1 3 1500.000000
0.974233 1 1 1000000.000000
1.109777 1 0 3000.000000
1.325276 1 0 1500.000000
1.333023 1 2 100000.000000
1.451809 1 0 20000.000000
1.830741 1 2 100000.000000
1.946267 1 2 1500.000000
2.045472 1 3 1500.000000
2.137703 1 2 1500.000000
2.742170 1 3 20000.000000
3.530678 1 1 1500.000000
3.594704 1 2 1500.000000
4.059719 1 0 1500.000000
4.084146 1 3 3000.000000
4.167495 1 3 3000000.000000
4.184707 1 0 100000.000000
4.406894 1 2 1000000.000000
4.601298 1 2 10000.000000
4.681832 1 3 1500.000000
5.694700 1 2 1500.000000
5.778017 1 0 20000.000000
5.886942 1 0 200000.000000
6.349822 1 2 1500.000000
6.449759 1 0 1500.000000
6.635134 1 2 200000.000000
6.638052 1 0 4000000.000000
6.859307 1 0 3000000.000000
6.884805 1 1 100000.000000
7.086676 1 0 1500.000000
7.273966 1 2 200000.000000
7.702948 1 2 100000.000000
7.970727 1 3 1500.000000
8.228494 1 2 1000000.000000
8.582138 1 2 20000.000000
8.688723 1 2 3000.000000
8.726122 1 1 10000.000000
8.861023 1 0 100000.000000
9.097015 1 1 10000.000000
9.594828 1 1 4000000.000000
9.657016 1 2 1500.000000
10.052772 1 1 1500.000000
10.429509 1 2 1500.000000
10.680469 1 1 4000000.000000
10.707426 1 2 100000.000000
11.053712 1 3 1500.000000
11.814947 1 0 10000.000000
11.860367 1 2 20000.000000
11.960186 1 1 200000.000000
12.075259 1 2 1500.000000
12.101059 1 2 1500.000000
12.487860 1 3 4000000.000000
12.492593 1 3 1500.000000
12.602829 1 1 1500.000000
12.605653 1 1 100000.000000
12.701537 1 1 3000000.000000
12.830751 1 1 200000.000000
12.843800 1 3 1500.000000
13.102379 1 0 100000.000000
13.684784 1 3 1500.000000
13.751577 1 2 200000.000000
13.919171 1 2 10000.000000
13.938584 1 0 3000.000000
14.281220 1 2 4000000.000000
14.419397 1 0 200000.000000
14.492087 1 1 1500.000000
14.513125 1 1 20000.000000
14.616900 1 3 1500.000000
14.890294 1 0 1500.000000
14.927548 1 0 1500.000000
15.182452 1 3 3000.000000
15.339271 1 2 100000.000000
15.919240 1 0 20000.000000
16.044174 1 0 4000000.000000
16.318810 1 1 4000000.000000
16.530826 1 2 1500.000000
16.980427 1 3 1000000.000000
17.045548 1 2 2000000.000000
17.232004 1 0 200000.000000
17.528154 1 1 200000.000000
18.230332 1 1 1500.000000
18.245460 1 3 100000.000000
18.378624 1 0 1500.000000
18.491886 1 2 100000.000000
18.513887 1 3 1500.000000
18.546585 1 2 100000.000000
18.592999 1 3 1500.000000
18.615470 1 2 100000.000000
18.652045 1 1 1500.000000
18.660434 1 3 2000000.000000
18.921457 1 3 1500.000000
19.240054 1 2 1500.000000
19.412981 1 1 3000000.000000
19.417444 1 1 1500.000000
19.552288 1 1 1000000.000000
20.041536 1 2 3000000.000000
20.194061 1 2 1500.000000
20.637511 1 0 3000000.000000
20.684304 1 0 200000.000000
20.823726 1 2 1500.000000
20.990177 1 0 1500.000000
21.199450 1 1 1500.000000
21.792282 1 1 3000.000000
22.142029 1 3 1500.000000
22.409337 1 2 10000.000000
22.970642 1 2 100000.000000
23.147298 1 0 10000.000000
23.536526 1 3 1000000.000000
23.896043 1 1 1500.000000
23.939594 1 3 3000000.000000
23.983012 1 0 1000000.000000
24.476470 1 0 1500.000000
24.552649 1 2 100000.000000
24.615351 1 0 4000000.000000
25.009081 1 2 4000000.000000
25.132418 1 1 1500.000000
25.219519 1 3 1500.000000
26.337182 1 1 20000.000000
26.458832 1 2 3000000.000000
26.498805 1 0 1500.000000
26.536573 1 3 3000.000000
26.665938 1 2 1500.000000
26.993627 1 2 10000.000000
27.069407 1 0 200000.000000
27.378003 1 2 1500.000000
27.396802 1 1 3000000.000000
27.776151 1 0 1500.000000
27.813827 1 0 20000.000000
28.063348 1 1 1500.000000
28.381678 1 1 3000000.000000
28.476906 1 3 1500.000000
28.707423 1 1 100000.000000
28.929521 1 1 2000000.000000
29.049484 1 3 1500.000000
29.603279 1 3 200000.000000
29.634989 1 0 4000000.000000
29.848402 1 1 4000000.000000
29.946435 1 1 3000000.000000
30.236782 1 3 1000000.000000
30.289472 1 3 200000.000000
30.322239 1 1 10000.000000
30.649110 1 0 10000.000000
30.713117 1 2 100000.000000
30.714325 1 1 1500.000000
30.809005 1 1 3000000.000000
30.827501 1 3 100000.000000
30.966520 1 1 4000000.000000
31.127841 1 3 4000000.000000
31.450884 1 0 1500.000000
31.461054 1 2 1500.000000
31.525743 1 2 200000.000000
31.573477 1 2 10000.000000
31.759387 1 0 1500.000000
31.984560 1 3 1500.000000
32.885808 1 1 2000000.000000
33.002627 1 2 1500.000000
33.277170 1 0 3000000.000000
33.651073 1 1 1500.000000
33.967245 1 3 4000000.000000
34.004948 1 2 1500.000000
34.525183 1 0 100000.000000
34.693940 1 1 10000.000000
34.756897 1 3 1500.000000
34.813618 1 1 1000000.000000
35.559249 1 3 1000000.000000
36.036446 1 2 10000.000000
36.105342 1 2 10000.000000
36.253247 1 0 200000.000000
36.401898 1 0 1500.000000
36.495563 1 2 3000000.000000
36.624621 1 3 1500.000000
36.630159 1 0 1500.000000
36.642114 1 3 1500.000000
36.693349 1 1 3000000.000000
36.837703 1 3 1500.000000
37.251457 1 3 1500.000000
37.341589 1 2 4000000.000000
37.814441 1 2 200000.000000
37.988745 1 1 1500.000000
38.297374 1 0 1000000.000000
38.324475 1 2 1500.000000
38.422226 1 1 2000000.000000
38.716484 1 3 100000.000000
38.756141 1 3 1500.000000
38.759217 1 2 1500.000000
38.778134 1 0 1500.000000
38.958435 1 2 1000000.000000
38.988525 1 0 200000.000000
39.038556 1 2 1500.000000
39.075159 1 3 3000000.000000
39.191914 1 1 1500.000000
39.416677 1 2 1500.000000
39.547311 1 0 10000.000000
39.843609 1 0 4000000.000000
40.062542 1 3 1500.000000
40.085280 1 2 4000000.000000
40.113068 1 3 4000000.000000
40.239256 1 2 1500.000000
40.429566 1 1 1500.000000
40.636471 1 1 1500.000000
41.013139 1 2 1500.000000
41.116013 1 0 1000000.000000
41.149539 1 2 1500.000000
41.228616 1 1 10000.000000
41.611765 1 2 4000000.000000
41.723316 1 3 20000.000000
41.810907 1 0 100000.000000
41.843239 1 3 200000.000000
42.073029 1 1 10000.000000
42.257188 1 1 1500.000000
42.572201 1 0 3000000.000000
42.588825 1 1 200000.000000
42.752619 1 3 3000000.000000
42.921975 1 1 2000000.000000
42.975423 1 0 10000.000000
43.295523 1 0 1500.000000
43.323322 1 3 1000000.000000
43.569491 1 3 3000.000000
43.570010 1 1 3000000.000000
43.959528 1 3 1000000.000000
44.539232 1 2 1500.000000
44.736560 1 2 200000.000000
44.761026 1 3 1500.000000
44.837323 1 2 1500.000000
45.388483 1 1 4000000.000000
45.501330 1 0 4000000.000000
45.868784 1 3 3000.000000
46.298598 1 0 1500.000000
46.415942 1 1 10000.000000
46.558795 1 2 3000000.000000
46.570057 1 3 1500.000000
46.613528 1 0 1500.000000
46.690505 1 3 3000.000000
46.755863 1 0 3000000.000000
46.877046 1 1 3000.000000
47.196255 1 3 1500.000000
47.432383 1 1 1500.000000
47.445956 1 1 2000000.000000
47.501907 1 3 200000.000000
47.536991 1 0 2000000.000000
47.609151 1 2 2000000.000000
47.701664 1 1 1500.000000
47.771407 1 2 3000000.000000
48.489367 1 3 20000.000000
48.502282 1 2 1000000.000000
48.700712 1 0 1500.000000
48.901317 1 0 3000000.000000
48.928861 1 3 2000000.000000
49.035295 1 1 4000000.000000
49.109987 1 3 100000.000000
49.237070 1 3 200000.000000
49.296595 1 1 10000.000000
49.530736 1 0 100000.000000
49.542319 1 1 1500.000000
49.662757 1 1 1500.000000
49.725338 1 3 3000.000000
49.990286 1 2 3000.000000
49.992456 1 1 1500.000000
50.179163 1 1 200000.000000
50.203901 1 3 200000.000000
50.222453 1 2 200000.000000
50.989112 1 0 1500.000000
51.017368 1 1 3000000.000000
51.369947 1 2 10000.000000
51.386394 1 3 1500.000000
51.394852 1 0 1500.000000
51.605542 1 0 1000000.000000
52.003816 1 0 4000000.000000
52.154393 1 3 4000000.000000
52.227287 1 3 1500.000000
52.389450 1 3 3000000.000000
52.432228 1 3 3000.000000
52.530624 1 2 3000.000000
52.623016 1 2 200000.000000
53.259680 1 1 1500.000000
53.350581 1 2 4000000.000000
53.374365 1 2 1000000.000000
53.428924 1 2 1500.000000
53.696351 1 2 4000000.000000
53.940838 1 1 3000000.000000
54.738766 1 3 1500.000000
54.991753 1 0 1000000.000000
55.150199 1 2 1000000.000000
55.460109 1 0 1500.000000
55.516158 1 2 20000.000000
56.032999 1 1 10000.000000
56.425039 1 2 1500.000000
56.506506 1 3 1500.000000
56.552425 1 1 1500.000000
56.933740 1 0 200000.000000
56.990693 1 0 200000.000000
57.078024 1 1 1500.000000
57.307857 1 1 10000.000000
57.591036 1 1 100000.000000
57.661451 1 1 3000000.000000
58.142874 1 0 1500.000000
58.194996 1 3 1500.000000
58.217473 1 3 1500.000000
58.265802 1 1 1500.000000
58.428184 1 2 1500.000000
58.813317 1 3 1500.000000
58.858099 1 1 10000.000000
59.004041 1 3 3000000.000000
59.323290 1 1 100000.000000
59.714386 1 2 1500.000000
59.954555 1 2 4000000.000000
60.046329 1 0 1500.000000
60.100571 1 0 1000000.000000
60.274750 1 0 4000000.000000
60.405299 1 0 200000.000000
60.559810 1 3 1000000.000000
60.678788 1 1 4000000.000000
60.865853 1 1 1500.000000
61.309860 1 3 200000.000000
61.558107 1 0 100000.000000
61.860078 1 2 1000000.000000
62.071334 1 0 1000000.000000
62.535955 1 0 1000000.000000
62.633906 1 0 3000.000000
62.850431 1 0 10000.000000
62.863138 1 3 4000000.000000
63.129824 1 1 1500.000000
63.140962 1 3 1000000.000000
63.322525 1 0 20000.000000
63.329205 1 3 3000.000000
63.644254 1 0 100000.000000
63.732040 1 0 10000.000000
63.899830 1 1 1500.000000
63.931116 1 1 1500.000000
64.452697 1 1 1000000.000000
64.548425 1 2 4000000.000000
64.606359 1 0 4000000.000000
64.692351 1 3 1500.000000
64.936342 1 2 1500.000000
65.044089 1 2 10000.000000
65.071816 1 1 1500.000000
65.099119 1 2 1500.000000
65.198342 1 0 100000.000000
65.396288 1 0 10000.000000
65.644103 1 0 200000.000000
65.728205 1 0 200000.000000
65.877127 1 1 1500.000000
66.416738 1 1 1000000.000000
67.135468 1 2 200000.000000
67.255958 1 3 2000000.000000
67.279736 1 0 1500.000000
67.328072 1 3 3000.000000
67.921616 1 3 1500.000000
68.077573 1 1 1500.000000
68.675269 1 1 1500.000000
68.755986 1 1 1500.000000
69.345414 1 0 20000.000000
69.961116 1 1 1500.000000
70.437278 1 0 3000000.000000
70.549800 1 0 100000.000000
70.869243 1 0 3000.000000
70.935796 1 0 1500.000000
71.630562 1 0 10000.000000
72.505770 1 0 100000.000000
72.645614 1 3 1500.000000
72.682098 1 2 100000.000000
72.787557 1 0 1500.000000
73.018844 1 0 3000.000000
73.340341 1 3 100000.000000
73.345353 1 1 4000000.000000
73.515647 1 0 1500.000000
73.523167 1 3 4000000.000000
73.609559 1 1 100000.000000
73.620542 1 0 1000000.000000
73.673991 1 1 100000.000000
73.961620 1 1 10000.000000
73.969148 1 0 1500.000000
74.437681 1 2 4000000.000000
74.467810 1 2 1500.000000
74.729438 1 3 200000.000000
74.944667 1 1 1500.000000
75.479661 1 1 3000.000000
75.542343 1 3 1500.000000
75.623193 1 1 1500.000000
75.678226 1 2 3000.000000
75.793572 1 3 10000.000000
75.959637 1 1 20000.000000
76.382233 1 2 3000000.000000
76.403065 1 2 3000000.000000
76.589535 1 0 1500.000000
77.166974 1 2 20000.000000
77.276084 1 0 3000000.000000
77.570773 1 3 100000.000000
77.956398 1 3 1500.000000
78.060343 1 1 1500.000000
78.195165 1 3 200000.000000
79.015684 1 0 1000000.000000
79.491585 1 0 1500.000000
79.746167 1 2 3000000.000000
79.865858 1 3 200000.000000
79.885835 1 0 1500.000000
80.742379 1 3 3000000.000000
80.776940 1 1 10000.000000
80.965852 1 3 3000000.000000
80.981529 1 0 1500.000000
81.069907 1 3 1500.000000
81.077820 1 1 3000000.000000
81.163964 1 1 1500.000000
82.228768 1 2 20000.000000
82.345512 1 1 1500.000000
82.387656 1 3 3000.000000
82.395869 1 3 1500.000000
83.029066 1 2 4000000.000000
83.382074 1 3 1500.000000
83.567483 1 1 100000.000000
83.657346 1 1 100000.000000
83.804164 1 1 1000000.000000
83.913319 1 2 100000.000000
83.984454 1 3 200000.000000
84.021883 1 1 100000.000000
84.079506 1 1 3000000.000000
84.697058 1 2 3000000.000000
84.868455 1 0 3000.000000
84.933710 1 2 1000000.000000
85.164734 1 0 1000000.000000
85.227057 1 2 1000000.000000
85.259231 1 0 3000.000000
85.274469 1 3 200000.000000
85.516965 1 1 4000000.000000
85.741657 1 3 1500.000000
85.853770 1 1 4000000.000000
86.648234 1 3 1500.000000
87.454272 1 1 1500.000000
87.610259 1 0 4000000.000000
87.724921 1 2 1000000.000000
87.950483 1 0 1500.000000
88.019082 1 2 1500.000000
88.042164 1 1 3000000.000000
88.126002 1 2 1500.000000
88.144896 1 0 100000.000000
88.171038 1 3 200000.000000
88.576024 1 2 3000000.000000
88.811951 1 0 1500.000000
88.858348 1 2 3000000.000000
88.874596 1 0 3000.000000
88.935807 1 3 200000.000000
89.218783 1 1 1500.000000
89.278696 1 3 100000.000000
89.319143 1 3 3000000.000000
89.337780 1 3 3000000.000000
89.473080 1 0 1500.000000
89.513597 1 1 1500.000000
89.519803 1 2 4000000.000000
89.733691 1 0 1500.000000
90.154906 1 2 1500.000000
90.272795 1 3 1000000.000000
90.300737 1 0 100000.000000
90.884009 1 1 4000000.000000
90.989311 1 3 1500.000000
91.235248 1 2 3000000.000000
91.265571 1 0 3000000.000000
91.497723 1 0 4000000.000000
91.624643 1 0 4000000.000000
91.660429 1 0 1500.000000
91.729692 1 2 1500.000000
91.737391 1 1 4000000.000000
91.757899 1 3 10000.000000
91.882939 1 1 1500.000000
92.080483 1 2 10000.000000
92.523990 1 2 3000000.000000
92.535229 1 3 3000000.000000
92.639014 1 2 1500.000000
92.642227 1 3 3000000.000000
92.686574 1 3 100000.000000
92.795207 1 2 1500.000000
93.686149 1 2 1000000.000000
93.688839 1 3 100000.000000
93.847414 1 3 200000.000000
93.859950 1 2 3000.000000
94.167170 1 2 3000.000000
94.425785 1 0 1500.000000
94.882579 1 0 1500.000000
94.972259 1 3 100000.000000
95.026703 1 1 10000.000000
95.621531 1 3 100000.000000
96.458047 1 1 1500.000000
96.465796 1 0 100000.000000
96.612766 1 1 1500.000000
96.638797 1 2 1500.000000
96.649656 1 3 100000.000000
96.712617 1 2 1500.000000
96.728812 1 2 1000000.000000
96.862274 1 0 200000.000000
97.126932 1 0 3000.000000
97.127063 1 2 1500.000000
97.420903 1 0 1500.000000
97.446592 1 3 1500.000000
97.628352 1 1 4000000.000000
97.767750 1 1 1500.000000
97.769563 1 3 1000000.000000
98.207110 1 1 1000000.000000
98.953485 1 3 200000.000000
99.525336 1 0 20000.000000
100.141041 1 2 200000.000000
100.239919 1 2 1500.000000
101.009859 1 3 1500.000000
101.158646 1 2 20000.000000
101.289479 1 2 4000000.000000
101.833937 1 3 1500.000000
101.974356 1 2 1500.000000
101.976128 1 1 1500.000000
102.158839 1 3 20000.000000
102.236571 1 2 4000000.000000
102.259304 1 2 4000000.000000
102.315137 1 3 3000.000000
102.414407 1 0 4000000.000000
102.678607 1 2 1000000.000000
102.876140 1 3 1500.000000
102.898288 1 1 10000.000000
102.934825 1 0 4000000.000000
103.145755 1 2 1500.000000
103.300808 1 3 2000000.000000
103.344079 1 1 1000000.000000
103.363204 1 3 1500.000000
103.394499 1 0 200000.000000
103.434955 1 2 4000000.000000
103.460688 1 3 200000.000000
103.625081 1 2 1500.000000
103.724796 1 2 10000.000000
103.820970 1 1 1000000.000000
103.964527 1 2 1000000.000000
103.973489 1 3 10000.000000
104.030485 1 1 1000000.000000
104.196639 1 2 1000000.000000
104.369166 1 3 1000000.000000
104.405116 1 1 10000.000000
104.432522 1 2 200000.000000
104.739016 1 1 1500.000000
105.140150 1 2 100000.000000
105.168492 1 3 3000000.000000
105.188580 1 2 4000000.000000
105.190683 1 0 4000000.000000
105.308590 1 3 3000000.000000
105.413063 1 3 1500.000000
105.628457 1 2 1500.000000
105.763040 1 3 100000.000000
105.763963 1 2 1500.000000
105.806206 1 0 1500.000000
106.098115 1 0 3000000.000000
106.233709 1 2 1000000.000000
106.256524 1 1 1500.000000
106.278310 1 0 1500.000000
106.644050 1 0 4000000.000000
107.422690 1 2 100000.000000
107.797115 1 3 1500.000000
107.874047 1 1 1500.000000
108.024155 1 3 1500.000000
108.060630 1 3 1500.000000
108.083454 1 3 100000.000000
108.197765 1 3 3000.000000
108.369047 1 3 4000000.000000
108.372186 1 2 20000.000000
108.579810 1 1 100000.000000
108.624616 1 1 100000.000000
108.645187 1 1 100000.000000
108.663445 1 1 1500.000000
108.745776 1 2 4000000.000000
108.766563 1 1 4000000.000000
109.102061 1 0 100000.000000
109.107606 1 2 10000.000000
109.368248 1 1 3000.000000
109.386797 1 0 20000.000000
109.479761 1 1 200000.000000
109.517753 1 2 1000000.000000
109.772582 1 3 200000.000000
110.184772 1 2 10000.000000
110.498302 1 0 200000.000000
110.901292 1 0 1500.000000
111.138523 1 0 1500.000000
111.227885 1 0 1000000.000000
111.351164 1 0 200000.000000
111.388257 1 0 1500.000000
111.686131 1 3 200000.000000
111.804922 1 1 100000.000000
111.900859 1 1 200000.000000
112.039890 1 2 10000.000000
112.043533 1 3 1500.000000
112.211152 1 2 1500.000000
112.330250 1 3 1500.000000
112.401766 1 0 100000.000000
112.402577 1 1 1500.000000
112.517353 1 0 20000.000000
112.812784 1 0 3000.000000
113.001044 1 0 1500.000000
113.437134 1 1 1500.000000
113.531199 1 1 100000.000000
113.662398 1 1 1000000.000000
113.728300 1 0 1000000.000000
114.014016 1 3 3000000.000000
114.108016 1 0 1500.000000
114.311169 1 1 3000000.000000
114.464961 1 2 1500.000000
115.256928 1 2 3000.000000
115.525991 1 0 1500.000000
115.780991 1 0 1500.000000
115.825383 1 3 10000.000000
116.064770 1 3 1000000.000000
116.210577 1 3 1500.000000
117.186433 1 0 1000000.000000
117.233223 1 3 3000.000000
117.281894 1 3 10000.000000
117.309899 1 3 10000.000000
117.332586 1 2 200000.000000
117.337003 1 2 1500.000000
117.645380 1 0 100000.000000
117.913564 1 1 1500.000000
118.026583 1 1 200000.000000
118.178390 1 1 3000000.000000
118.187921 1 3 1500.000000
118.201480 1 0 200000.000000
118.480662 1 2 1000000.000000
118.624041 1 1 1000000.000000
118.626397 1 3 1500.000000
118.885558 1 1 200000.000000
118.957792 1 0 100000.000000
119.179251 1 0 1500.000000
119.827843 1 1 10000.000000
119.972772 1 0 1000000.000000
120.361542 1 2 1000000.000000
120.538828 1 1 1000000.000000
120.568272 1 1 20000.000000
120.611707 1 0 1000000.000000
120.993419 1 2 1500.000000
121.117819 1 2 200000.000000
121.146274 1 3 200000.000000
121.277657 1 1 10000.000000
121.327378 1 2 4000000.000000
121.435812 1 3 4000000.000000
121.439495 1 3 1500.000000
121.615274 1 0 1500.000000
121.736172 1 0 100000.000000
121.776580 1 2 10000.000000
122.049768 1 0 20000.000000
122.072962 1 2 1500.000000
122.078940 1 1 100000.000000
122.093614 1 1 1500.000000
122.097351 1 2 1000000.000000
122.547450 1 1 200000.000000
122.712860 1 0 100000.000000
123.388005 1 3 4000000.000000
123.441929 1 1 1500.000000
123.487631 1 1 1000000.000000
123.601674 1 3 100000.000000
123.603915 1 0 1500.000000
123.859123 1 0 1000000.000000
123.968925 1 1 3000000.000000
124.080986 1 1 100000.000000
124.358227 1 2 10000.000000
124.361028 1 2 100000.000000
124.366171 1 3 1500.000000
124.758039 1 0 1500.000000
125.273325 1 2 100000.000000
125.681664 1 3 3000000.000000
125.783975 1 3 1500.000000
125.927897 1 2 200000.000000
125.935678 1 2 1000000.000000
126.013497 1 3 3000.000000
126.104047 1 3 100000.000000
126.347666 1 3 1500.000000
126.687345 1 0 3000000.000000
126.801138 1 0 3000000.000000
126.835851 1 0 3000000.000000
126.877996 1 0 1500.000000
126.974326 1 2 4000000.000000
127.124415 1 3 10000.000000
127.277622 1 3 1500.000000
127.290859 1 3 200000.000000
127.412904 1 1 1000000.000000
127.564095 1 1 1500.000000
127.792818 1 1 1500.000000
127.932869 1 3 4000000.000000
128.269056 1 3 100000.000000
128.273220 1 3 1500.000000
128.439671 1 0 1500.000000
128.441798 1 3 3000.000000
128.772154 1 2 3000000.000000
128.774452 1 1 4000000.000000
129.023145 1 1 200000.000000
129.042312 1 0 4000000.000000
129.163081 1 1 200000.000000
129.514601 1 1 1000000.000000
129.548218 1 2 3000.000000
129.672249 1 1 1500.000000
129.691465 1 2 10000.000000
129.692498 1 1 100000.000000
129.945404 1 2 4000000.000000
130.167975 1 3 3000000.000000
130.421001 1 3 3000000.000000
130.478690 1 0 100000.000000
130.497793 1 0 1500.000000
130.708331 1 0 20000.000000
130.811304 1 3 200000.000000
130.842772 1 0 1500.000000
130.854302 1 3 1500.000000
131.235170 1 3 3000.000000
131.514237 1 0 20000.000000
131.557538 1 0 100000.000000
131.641320 1 1 1500.000000
131.771639 1 3 100000.000000
132.061315 1 0 1500.000000
132.154109 1 3 100000.000000
132.329949 1 0 200000.000000
132.396613 1 0 3000.000000
132.567301 1 0 4000000.000000
133.642418 1 3 3000000.000000
133.754762 1 0 4000000.000000
133.817166 1 3 4000000.000000
134.118923 1 0 1500.000000
134.163268 1 3 3000.000000
134.297291 1 1 1500.000000
134.409770 1 0 200000.000000
134.522843 1 3 3000000.000000
134.570713 1 0 1500.000000
134.658697 1 3 4000000.000000
135.067848 1 1 4000000.000000
135.846273 1 3 1500.000000
135.846403 1 2 10000.000000
135.955730 1 3 4000000.000000
136.309027 1 3 3000000.000000
136.372600 1 2 1500.000000
136.434904 1 0 4000000.000000
136.447990 1 1 100000.000000
136.682384 1 1 1500.000000
136.689886 1 0 1500.000000
136.836895 1 2 1500.000000
137.754580 1 3 1500.000000
137.758013 1 2 3000000.000000
138.669129 1 3 100000.000000
139.476975 1 3 3000.000000
139.782321 1 2 20000.000000
139.809443 1 2 1500.000000
139.961885 1 1 20000.000000
140.471052 1 2 1500.000000
140.918324 1 2 10000.000000
141.067480 1 3 3000000.000000
141.293462 1 0 1500.000000
142.044627 1 3 100000.000000
142.194296 1 0 1000000.000000
142.500131 1 3 20000.000000
142.861238 1 1 200000.000000
142.922970 1 1 4000000.000000
143.042442 1 0 1500.000000
143.234194 1 2 1500.000000
143.264019 1 2 200000.000000
143.461581 1 2 3000000.000000
143.715084 1 2 10000.000000
144.185211 1 3 3000.000000
144.247766 1 0 20000.000000
144.293814 1 3 1500.000000
144.380105 1 2 1500.000000
144.535939 1 2 200000.000000
144.673917 1 3 20000.000000
144.713067 1 0 4000000.000000
144.894583 1 2 200000.000000
144.939446 1 3 20000.000000
144.975681 1 1 1500.000000
145.095490 1 3 20000.000000
145.260074 1 3 1500.000000
145.624436 1 0 100000.000000
146.011320 1 3 1500.000000
146.025999 1 3 1500.000000
146.048438 1 2 3000000.000000
146.203265 1 1 1500.000000
146.242170 1 3 10000.000000
146.411636 1 0 1500.000000
146.693183 1 0 1500.000000
146.778641 1 0 1500.000000
146.900792 1 0 1000000.000000
147.291647 1 2 3000000.000000
147.303715 1 3 100000.000000
147.905237 1 1 200000.000000
148.100530 1 1 1500.000000
148.149518 1 1 200000.000000
148.245488 1 2 1500.000000
148.287633 1 2 1000000.000000
148.681055 1 0 1500.000000
148.728819 1 3 100000.000000
148.757585 1 3 3000000.000000
149.081701 1 1 1500.000000
149.525701 1 2 20000.000000
149.581114 1 0 20000.000000
149.655614 1 1 100000.000000
149.760887 1 1 200000.000000
0.067538 2 0 200000.000000
0.181172 2 0 1000000.000000
0.265831 2 0 3000000.000000
0.618987 2 0 100000.000000
1.227110 2 2 200000.000000
1.302911 2 1 4000000.000000
1.516089 2 3 1500.000000
1.581424 2 1 4000000.000000
1.836921 2 1 1500.000000
2.020362 2 3 1000000.000000
2.099026 2 2 1500.000000
2.262961 2 3 3000.000000
2.811538 2 2 1000000.000000
3.089656 2 2 1500.000000
3.093059 2 3 20000.000000
4.062913 2 1 1500.000000
4.069744 2 2 1500.000000
4.188808 2 3 3000000.000000
4.277741 2 2 2000000.000000
4.287157 2 3 100000.000000
4.400348 2 0 1500.000000
4.915094 2 0 3000000.000000
5.165759 2 0 1000000.000000
5.377822 2 0 100000.000000
5.422372 2 3 10000.000000
5.626214 2 3 10000.000000
5.982155 2 3 3000.000000
6.052976 2 1 3000000.000000
6.911208 2 2 1000000.000000
6.944452 2 1 10000.000000
6.954974 2 2 1500.000000
7.221352 2 1 3000000.000000
7.342843 2 3 1500.000000
7.533266 2 2 1500.000000
7.674022 2 3 1500.000000
7.724506 2 2 1000000.000000
7.813562 2 1 1500.000000
7.834550 2 3 1500.000000
8.341446 2 1 20000.000000
8.506691 2 0 1500.000000
8.549709 2 2 1500.000000
8.897430 2 1 100000.000000
9.065118 2 1 1000000.000000
9.483931 2 0 1000000.000000
9.571683 2 1 200000.000000
9.805055 2 1 1500.000000
9.830492 2 0 1500.000000
9.886655 2 3 1500.000000
9.990895 2 2 1500.000000
10.127823 2 1 1500.000000
10.226829 2 2 3000.000000
10.430464 2 0 1500.000000
10.527114 2 3 10000.000000
10.705550 2 1 3000000.000000
10.762620 2 3 3000000.000000
10.857740 2 0 1500.000000
11.107102 2 0 1500.000000
11.887127 2 0 1500.000000
12.099053 2 3 1500.000000
12.115597 2 1 1500.000000
12.235555 2 1 1500.000000
12.500822 2 3 3000000.000000
12.544268 2 0 3000.000000
12.572705 2 1 200000.000000
12.608598 2 3 100000.000000
12.702777 2 3 3000000.000000
12.715881 2 2 1500.000000
12.733163 2 0 200000.000000
13.124076 2 0 3000.000000
13.231695 2 1 4000000.000000
13.391710 2 3 3000.000000
13.522139 2 1 1500.000000
13.873727 2 2 1500.000000
14.012587 2 2 1500.000000
14.785060 2 1 1500.000000
15.518345 2 1 100000.000000
15.549489 2 2 1500.000000
15.836271 2 0 1000000.000000
15.846878 2 2 3000000.000000
16.005239 2 1 3000000.000000
16.063594 2 0 1000000.000000
16.141294 2 2 3000000.000000
16.289627 2 0 1500.000000
16.500752 2 0 4000000.000000
16.811368 2 1 1500.000000
17.006129 2 0 1500.000000
17.479502 2 3 1500.000000
17.633793 2 0 200000.000000
17.741120 2 3 1500.000000
18.314314 2 3 1500.000000
18.479188 2 2 4000000.000000
18.517774 2 3 1500.000000
18.609899 2 1 100000.000000
18.911738 2 2 10000.000000
19.149611 2 1 10000.000000
19.703423 2 1 10000.000000
19.914457 2 0 1500.000000
20.105307 2 0 100000.000000
20.799113 2 2 3000.000000
20.942847 2 1 1000000.000000
21.065482 2 1 3000000.000000
21.278125 2 0 3000.000000
21.369143 2 2 200000.000000
21.844300 2 2 1000000.000000
22.398528 2 3 100000.000000
22.419551 2 2 100000.000000
22.747281 2 1 1500.000000
22.820428 2 1 1500.000000
22.869185 2 1 2000000.000000
23.109516 2 2 2000000.000000
23.138465 2 3 1500.000000
23.202604 2 0 10000.000000
23.267272 2 2 1500.000000
24.127448 2 3 3000000.000000
24.209760 2 0 4000000.000000
24.365037 2 0 10000.000000
24.532513 2 1 1000000.000000
24.750752 2 2 100000.000000
24.866571 2 1 1500.000000
24.974839 2 1 1500.000000
25.169965 2 1 1500.000000
25.370031 2 1 3000000.000000
25.683043 2 1 3000.000000
25.732753 2 1 1500.000000
26.276978 2 1 3000000.000000
26.437152 2 1 4000000.000000
26.549810 2 2 1500.000000
26.568218 2 3 200000.000000
26.666752 2 2 3000000.000000
27.001522 2 2 3000.000000
27.079574 2 3 200000.000000
27.103937 2 1 1500.000000
27.111958 2 3 1500.000000
27.221124 2 1 1500.000000
27.529053 2 0 3000000.000000
27.651028 2 0 1500.000000
27.723843 2 2 4000000.000000
27.851539 2 0 100000.000000
27.990949 2 3 3000000.000000
28.117624 2 1 1500.000000
28.128868 2 1 3000.000000
28.165515 2 1 1500.000000
28.190798 2 1 2000000.000000
28.293690 2 1 1500.000000
28.359646 2 3 3000000.000000
28.760958 2 2 10000.000000
28.820293 2 1 1500.000000
29.010772 2 0 4000000.000000
29.054437 2 3 200000.000000
29.056868 2 0 10000.000000
29.456177 2 3 1500.000000
29.474469 2 0 1500.000000
29.479885 2 1 20000.000000
29.745461 2 0 2000000.000000
30.245025 2 3 1500.000000
30.340308 2 1 100000.000000
30.389226 2 1 1000000.000000
30.451457 2 0 1500.000000
30.615691 2 2 200000.000000
30.650561 2 1 1500.000000
31.114975 2 0 4000000.000000
31.315591 2 1 1500.000000
31.390057 2 3 1500.000000
31.597623 2 2 1500.000000
31.759261 2 2 200000.000000
31.908679 2 1 10000.000000
31.990440 2 3 1500.000000
32.176116 2 3 1000000.000000
32.306738 2 3 1500.000000
33.329886 2 1 3000000.000000
33.400786 2 1 3000.000000
33.415468 2 2 3000000.000000
33.654574 2 0 1500.000000
33.791337 2 0 1500.000000
33.941027 2 0 1500.000000
33.974563 2 1 1500.000000
34.375814 2 2 1500.000000
34.659195 2 3 3000000.000000
34.797783 2 3 20000.000000
34.959011 2 0 4000000.000000
35.018587 2 0 10000.000000
35.271923 2 2 3000.000000
35.470818 2 3 1500.000000
35.694874 2 1 4000000.000000
35.878183 2 1 200000.000000
35.962818 2 0 3000000.000000
36.131960 2 1 4000000.000000
36.363563 2 1 1500.000000
36.442013 2 2 1500.000000
36.763320 2 0 3000000.000000
36.764151 2 3 1500.000000
36.908992 2 3 10000.000000
36.943484 2 3 3000000.000000
37.008136 2 3 4000000.000000
37.009270 2 0 4000000.000000
37.451248 2 3 100000.000000
37.752517 2 0 1500.000000
38.298534 2 0 3000.000000
38.453527 2 3 1500.000000
38.514977 2 2 1500.000000
38.765789 2 0 1500.000000
38.983293 2 3 4000000.000000
39.107005 2 2 1500.000000
39.124501 2 2 1500.000000
39.144483 2 1 1500.000000
39.645445 2 2 3000.000000
39.742939 2 0 1500.000000
39.815117 2 2 4000000.000000
41.035774 2 0 200000.000000
41.073359 2 2 1500.000000
41.340477 2 0 1000000.000000
41.666406 2 1 100000.000000
41.742968 2 0 200000.000000
41.775102 2 1 4000000.000000
41.794420 2 3 1500.000000
42.010247 2 0 200000.000000
42.012622 2 2 3000000.000000
42.140181 2 0 3000000.000000
42.170280 2 3 4000000.000000
42.832181 2 0 4000000.000000
42.897498 2 1 1500.000000
43.094721 2 1 1500.000000
43.261336 2 1 1500.000000
43.474864 2 2 1500.000000
43.498563 2 1 1500.000000
43.685460 2 2 4000000.000000
43.821293 2 2 1500.000000
43.914181 2 3 3000000.000000
44.183423 2 0 1500.000000
44.288895 2 2 100000.000000
44.425017 2 3 1500.000000
44.924776 2 2 4000000.000000
44.926633 2 1 3000.000000
45.052640 2 2 1500.000000
45.124096 2 1 1000000.000000
45.386715 2 0 1500.000000
45.535410 2 2 1500.000000
46.007678 2 0 1500.000000
46.070827 2 2 200000.000000
46.289571 2 0 3000000.000000
46.491242 2 3 1000000.000000
46.620563 2 1 1500.000000
46.681550 2 1 3000.000000
46.683631 2 0 20000.000000
46.969882 2 0 4000000.000000
47.048476 2 1 1000000.000000
47.360977 2 0 1500.000000
47.432343 2 2 3000.000000
48.334037 2 2 100000.000000
48.471486 2 1 20000.000000
48.495034 2 3 4000000.000000
48.509118 2 2 1000000.000000
48.619296 2 3 100000.000000
48.688491 2 0 3000000.000000
48.998929 2 1 1500.000000
49.175488 2 1 200000.000000
49.413702 2 3 100000.000000
49.573621 2 1 3000000.000000
49.715133 2 3 1500.000000
49.871875 2 3 3000.000000
50.273961 2 3 3000000.000000
50.278719 2 3 1000000.000000
50.391538 2 0 3000000.000000
50.406830 2 0 2000000.000000
50.638956 2 2 200000.000000
50.949450 2 2 1500.000000
51.361391 2 3 3000000.000000
51.453906 2 3 4000000.000000
51.555958 2 3 3000.000000
51.574377 2 0 2000000.000000
51.904775 2 0 100000.000000
52.269812 2 0 1000000.000000
52.357169 2 3 3000000.000000
52.593057 2 1 1500.000000
53.253727 2 3 4000000.000000
53.312034 2 2 3000000.000000
53.391109 2 0 1500.000000
53.405917 2 2 1500.000000
53.439447 2 3 1000000.000000
53.481508 2 0 4000000.000000
53.769859 2 0 100000.000000
54.078134 2 2 20000.000000
54.333366 2 3 200000.000000
54.378797 2 1 4000000.000000
54.444560 2 1 1500.000000
54.949879 2 2 1500.000000
55.003923 2 2 1000000.000000
55.052416 2 1 3000.000000
55.053170 2 3 1500.000000
55.082448 2 0 3000000.000000
55.242757 2 2 10000.000000
55.315460 2 1 20000.000000
55.315950 2 0 1500.000000
55.579808 2 0 1500.000000
55.871519 2 1 2000000.000000
56.002277 2 0 10000.000000
56.189934 2 2 1500.000000
56.274756 2 0 3000000.000000
56.279342 2 0 3000.000000
56.319604 2 3 20000.000000
56.368180 2 3 1500.000000
56.698199 2 2 4000000.000000
56.953027 2 3 1500.000000
56.969261 2 0 4000000.000000
57.021883 2 2 1500.000000
57.807750 2 1 100000.000000
57.954840 2 3 1500.000000
58.025788 2 0 2000000.000000
58.077353 2 1 100000.000000
58.193013 2 2 1500.000000
58.368407 2 0 20000.000000
58.445753 2 0 1000000.000000
58.502867 2 0 1500.000000
58.522106 2 0 1500.000000
58.745596 2 3 1500.000000
58.790000 2 1 100000.000000
58.953145 2 1 4000000.000000
59.316153 2 0 1500.000000
59.478573 2 0 3000.000000
59.840663 2 3 200000.000000
59.847971 2 1 200000.000000
59.874703 2 3 3000000.000000
60.302295 2 3 1500.000000
60.487797 2 3 1500.000000
60.561000 2 3 1500.000000
61.075886 2 0 2000000.000000
61.370253 2 3 100000.000000
61.566030 2 2 3000000.000000
61.594579 2 1 1000000.000000
61.841780 2 0 100000.000000
61.918828 2 1 3000000.000000
62.083414 2 3 200000.000000
62.113569 2 1 1500.000000
62.261071 2 3 1500.000000
62.286864 2 0 100000.000000
62.334271 2 0 1500.000000
62.378075 2 3 1500.000000
62.415193 2 1 4000000.000000
62.680325 2 3 1500.000000
62.857682 2 0 3000000.000000
63.020075 2 1 1500.000000
63.123498 2 2 10000.000000
63.297155 2 0 1000000.000000
63.806487 2 3 3000000.000000
63.813481 2 2 4000000.000000
64.254387 2 2 4000000.000000
64.290011 2 1 4000000.000000
64.394726 2 2 1500.000000
64.413927 2 1 3000000.000000
64.436543 2 0 1500.000000
64.942462 2 3 10000.000000
65.095374 2 2 200000.000000
65.472621 2 3 10000.000000
65.649439 2 2 10000.000000
65.682922 2 3 3000.000000
65.721756 2 1 100000.000000
65.780277 2 2 100000.000000
65.829912 2 0 3000000.000000
65.833303 2 3 1500.000000
66.907235 2 0 3000000.000000
67.265133 2 3 100000.000000
67.527772 2 0 1500.000000
67.586204 2 0 1500.000000
67.675653 2 2 200000.000000
67.879981 2 3 1000000.000000
68.267195 2 2 1000000.000000
68.303433 2 2 1500.000000
69.309632 2 2 1000000.000000
69.449467 2 3 4000000.000000
69.717608 2 0 1500.000000
69.748299 2 2 100000.000000
70.100499 2 2 10000.000000
70.124567 2 0 1500.000000
70.198409 2 2 3000.000000
70.308915 2 2 10000.000000
70.689717 2 0 10000.000000
70.765553 2 2 100000.000000
71.108075 2 1 10000.000000
71.131789 2 3 100000.000000
71.590829 2 0 200000.000000
71.650039 2 2 10000.000000
71.734478 2 2 100000.000000
72.219942 2 3 1000000.000000
72.599948 2 2 3000000.000000
72.723768 2 0 1500.000000
72.750089 2 1 100000.000000
72.791025 2 0 20000.000000
73.032300 2 2 1500.000000
73.397000 2 2 1500.000000
73.466284 2 0 10000.000000
73.864247 2 3 10000.000000
74.006257 2 1 200000.000000
74.337572 2 2 3000000.000000
74.433448 2 0 3000.000000
74.530261 2 1 2000000.000000
74.600106 2 0 3000000.000000
74.683137 2 2 3000.000000
74.740267 2 0 4000000.000000
74.767054 2 2 1500.000000
75.288329 2 0 1500.000000
75.392449 2 1 10000.000000
75.605373 2 0 200000.000000
75.645607 2 0 1500.000000
75.852436 2 3 1500.000000
76.038217 2 3 200000.000000
76.241546 2 2 3000000.000000
76.738667 2 0 1500.000000
76.888613 2 0 200000.000000
76.895524 2 1 1000000.000000
77.189603 2 0 1500.000000
77.268782 2 0 100000.000000
77.426757 2 2 3000000.000000
77.426868 2 3 1500.000000
77.748979 2 0 100000.000000
77.962985 2 1 1500.000000
78.032954 2 0 20000.000000
78.481283 2 1 1500.000000
78.913354 2 0 100000.000000
79.034780 2 3 1500.000000
79.145146 2 0 1500.000000
79.217524 2 3 100000.000000
80.188598 2 0 20000.000000
80.225739 2 2 200000.000000
80.289163 2 2 1500.000000
80.560228 2 0 200000.000000
80.729612 2 2 100000.000000
80.881782 2 2 1500.000000
81.399250 2 3 100000.000000
82.121170 2 3 1000000.000000
82.180667 2 3 3000000.000000
82.236247 2 3 4000000.000000
82.554116 2 3 1500.000000
82.947699 2 3 100000.000000
83.780729 2 1 1000000.000000
83.904008 2 3 10000.000000
84.057040 2 0 100000.000000
84.194810 2 0 1500.000000
84.262833 2 1 200000.000000
84.463448 2 1 1500.000000
84.504011 2 1 1000000.000000
84.729617 2 1 1500.000000
84.827265 2 2 20000.000000
84.935065 2 1 1000000.000000
85.775418 2 1 1500.000000
86.136392 2 0 1500.000000
86.137163 2 1 10000.000000
86.632789 2 3 1500.000000
86.741152 2 3 4000000.000000
86.962798 2 3 200000.000000
87.058822 2 1 200000.000000
87.095320 2 2 1000000.000000
87.110890 2 0 200000.000000
87.216926 2 3 3000000.000000
87.221427 2 0 1000000.000000
87.385865 2 1 20000.000000
87.420954 2 2 3000000.000000
87.601235 2 2 3000000.000000
87.924728 2 3 4000000.000000
87.968017 2 2 4000000.000000
88.077447 2 3 1500.000000
88.269568 2 1 4000000.000000
88.298198 2 2 3000000.000000
88.381205 2 0 1500.000000
88.701049 2 3 1500.000000
88.868332 2 3 100000.000000
89.465697 2 2 1500.000000
89.671010 2 3 100000.000000
89.958350 2 0 200000.000000
89.961356 2 1 1000000.000000
90.531441 2 2 10000.000000
90.792347 2 2 10000.000000
91.050318 2 1 3000000.000000
91.396322 2 2 1500.000000
91.553048 2 3 3000000.000000
91.558258 2 1 1500.000000
91.807659 2 3 3000000.000000
91.942439 2 3 100000.000000
92.205654 2 2 1500.000000
92.406747 2 0 1500.000000
92.551632 2 0 1500.000000
92.568572 2 3 200000.000000
92.594657 2 0 10000.000000
92.658868 2 1 100000.000000
93.028244 2 0 1500.000000
93.151598 2 1 4000000.000000
93.199004 2 1 100000.000000
93.207628 2 3 4000000.000000
93.209327 2 0 200000.000000
93.333274 2 3 1000000.000000
93.473927 2 2 10000.000000
94.055035 2 2 1500.000000
94.257840 2 2 3000000.000000
94.585223 2 3 200000.000000
94.618370 2 2 1500.000000
94.782579 2 2 1500.000000
95.145621 2 2 3000.000000
95.515419 2 0 1500.000000
95.658816 2 3 200000.000000
95.816205 2 3 3000.000000
95.864957 2 0 1500.000000
95.940624 2 2 3000000.000000
96.060974 2 0 3000000.000000
96.168796 2 0 1000000.000000
96.283266 2 3 200000.000000
96.402309 2 3 200000.000000
96.825275 2 3 1500.000000
97.094443 2 2 4000000.000000
97.425821 2 0 10000.000000
97.512557 2 1 4000000.000000
97.536315 2 1 3000000.000000
97.926558 2 0 20000.000000
97.937674 2 1 100000.000000
97.982383 2 3 1500.000000
98.634695 2 2 1000000.000000
99.123939 2 0 100000.000000
99.129247 2 3 3000000.000000
99.244357 2 0 3000000.000000
99.598893 2 0 1500.000000
99.889616 2 3 1500.000000
99.989181 2 3 1500.000000
100.149160 2 0 1500.000000
100.160412 2 0 100000.000000
100.357625 2 3 1500.000000
100.605633 2 0 1500.000000
100.682135 2 2 1500.000000
100.722334 2 1 3000000.000000
101.482315 2 2 1500.000000
101.551442 2 3 200000.000000
101.625422 2 3 1500.000000
101.918557 2 3 1500.000000
101.940016 2 0 10000.000000
101.981229 2 2 200000.000000
102.356917 2 1 1000000.000000
102.381033 2 1 4000000.000000
102.437554 2 1 1500.000000
102.772146 2 3 1000000.000000
103.050354 2 3 3000.000000
103.234074 2 0 100000.000000
103.238121 2 0 2000000.000000
103.266947 2 0 1500.000000
103.396000 2 2 200000.000000
103.741491 2 1 3000000.000000
103.945595 2 3 1000000.000000
103.992692 2 1 100000.000000
104.007142 2 1 3000000.000000
104.061562 2 3 1500.000000
104.184129 2 3 3000.000000
104.190834 2 3 1000000.000000
104.382096 2 0 1500.000000
104.430514 2 1 1500.000000
104.732256 2 1 3000000.000000
104.940052 2 3 1500.000000
105.459954 2 0 1000000.000000
105.649085 2 0 3000.000000
105.728973 2 3 20000.000000
105.829299 2 2 200000.000000
106.080504 2 1 100000.000000
106.843911 2 2 1500.000000
106.893930 2 3 4000000.000000
107.383068 2 3 1500.000000
107.679828 2 1 3000000.000000
107.764062 2 3 1500.000000
107.988102 2 0 200000.000000
107.996205 2 1 10000.000000
108.191331 2 2 1500.000000
108.222662 2 1 2000000.000000
108.225864 2 3 4000000.000000
108.443460 2 1 1500.000000
108.860152 2 3 1500.000000
109.003769 2 3 1500.000000
109.308515 2 1 4000000.000000
109.498678 2 1 3000000.000000
109.720374 2 1 1500.000000
110.691464 2 2 3000000.000000
110.787324 2 3 100000.000000
111.070495 2 2 1500.000000
111.432017 2 0 3000000.000000
111.550277 2 1 1000000.000000
111.652487 2 3 3000000.000000
112.077967 2 0 200000.000000
112.214929 2 1 1500.000000
112.520033 2 1 1500.000000
112.555059 2 2 10000.000000
112.696701 2 0 3000000.000000
113.093919 2 3 1500.000000
113.215230 2 1 20000.000000
113.249043 2 2 3000000.000000
113.538684 2 2 1000000.000000
113.617866 2 1 1500.000000
113.965957 2 0 1500.000000
114.078245 2 3 1000000.000000
114.259142 2 1 3000000.000000
114.323357 2 3 1500.000000
115.011553 2 0 100000.000000
115.141109 2 1 3000000.000000
115.249137 2 0 1500.000000
115.409607 2 2 1500.000000
115.533070 2 3 1500.000000
115.686772 2 0 3000.000000
115.835301 2 3 20000.000000
115.901596 2 0 1500.000000
116.059872 2 0 1500.000000
116.703180 2 2 3000000.000000
116.780923 2 1 4000000.000000
116.796957 2 3 1500.000000
117.651869 2 0 100000.000000
117.745205 2 0 1500.000000
117.855180 2 2 100000.000000
117.961177 2 0 100000.000000
118.199798 2 2 1500.000000
118.376410 2 2 3000000.000000
118.794772 2 0 1500.000000
118.820434 2 0 1000000.000000
119.275533 2 2 3000000.000000
119.325386 2 3 1500.000000
119.475243 2 3 1000000.000000
119.743546 2 1 2000000.000000
119.958207 2 1 100000.000000
119.981794 2 2 200000.000000
120.197072 2 2 3000.000000
120.399663 2 1 4000000.000000
120.581472 2 0 1500.000000
120.907548 2 1 3000000.000000
121.185624 2 1 1000000.000000
121.555776 2 0 10000.000000
121.965626 2 3 1500.000000
122.183942 2 2 4000000.000000
122.419177 2 3 3000000.000000
122.983300 2 2 1500.000000
124.666849 2 2 3000000.000000
124.743672 2 2 100000.000000
124.775338 2 1 1500.000000
125.071985 2 1 200000.000000
125.115939 2 2 100000.000000
125.272601 2 2 3000000.000000
125.535462 2 1 1000000.000000
125.571977 2 0 3000000.000000
125.929618 2 0 3000.000000
126.050439 2 3 10000.000000
126.124089 2 2 1000000.000000
126.571140 2 2 1500.000000
126.592959 2 1 200000.000000
126.773587 2 0 1500.000000
127.231527 2 3 4000000.000000
128.036007 2 2 1000000.000000
128.152054 2 1 200000.000000
128.449840 2 3 3000.000000
128.608708 2 0 1500.000000
128.619168 2 1 1500.000000
128.764917 2 0 10000.000000
129.235593 2 0 1500.000000
129.259100 2 2 3000.000000
129.581493 2 2 2000000.000000
129.587851 2 1 1500.000000
129.631928 2 1 3000.000000
129.727184 2 0 200000.000000
129.819999 2 1 1000000.000000
130.238746 2 3 3000000.000000
130.394296 2 3 3000000.000000
130.454820 2 0 1500.000000
130.476846 2 0 100000.000000
130.694655 2 2 1500.000000
130.968195 2 0 100000.000000
130.990751 2 0 20000.000000
131.027226 2 2 4000000.000000
131.272693 2 1 1500.000000
131.314949 2 2 1500.000000
131.410434 2 2 200000.000000
131.513450 2 2 1500.000000
132.184327 2 2 1500.000000
132.236106 2 2 1500.000000
132.407780 2 2 3000.000000
132.413493 2 1 1000000.000000
132.765122 2 1 1500.000000
132.902412 2 0 10000.000000
133.288282 2 1 3000.000000
133.549670 2 3 1000000.000000
133.555785 2 0 10000.000000
133.729153 2 3 1500.000000
133.830577 2 0 20000.000000
133.962986 2 1 3000000.000000
134.082335 2 3 200000.000000
134.186479 2 1 3000.000000
134.512277 2 1 100000.000000
134.662847 2 0 1500.000000
134.691117 2 3 1500.000000
135.111557 2 2 1500.000000
135.836358 2 2 200000.000000
135.850651 2 3 1500.000000
136.006230 2 3 1500.000000
136.028849 2 0 10000.000000
136.072348 2 0 1500.000000
136.074292 2 1 100000.000000
136.529305 2 2 20000.000000
136.755793 2 1 4000000.000000
136.870623 2 1 1500.000000
137.006338 2 0 1500.000000
137.038464 2 2 4000000.000000
137.055852 2 1 3000000.000000
137.578637 2 1 3000.000000
137.656542 2 3 3000000.000000
137.851903 2 3 4000000.000000
137.953298 2 1 1500.000000
138.086872 2 1 100000.000000
138.441416 2 0 4000000.000000
138.644561 2 1 1500.000000
138.792878 2 1 10000.000000
139.322827 2 0 1500.000000
139.434385 2 2 2000000.000000
139.445846 2 2 1500.000000
140.263061 2 2 1500.000000
140.723847 2 1 1500.000000
140.899406 2 3 1500.000000
141.000924 2 0 3000.000000
141.076161 2 3 1000000.000000
141.385725 2 1 1500.000000
141.459535 2 1 1500.000000
141.570010 2 0 1500.000000
141.924987 2 2 1000000.000000
142.262213 2 3 1500.000000
142.318938 2 1 100000.000000
142.322537 2 0 200000.000000
142.387502 2 2 10000.000000
142.590154 2 1 4000000.000000
142.826311 2 3 1500.000000
142.859019 2 3 100000.000000
142.944758 2 3 1500.000000
143.068378 2 0 1500.000000
143.230846 2 0 4000000.000000
143.303894 2 3 3000.000000
143.690724 2 1 1500.000000
143.848736 2 2 1000000.000000
144.096527 2 2 1500.000000
144.119637 2 0 100000.000000
144.290115 2 3 200000.000000
144.381522 2 3 200000.000000
144.429924 2 0 3000.000000
144.442203 2 0 1500.000000
144.457166 2 0 10000.000000
144.546590 2 2 1500.000000
144.786951 2 1 200000.000000
144.930176 2 1 1500.000000
145.372239 2 2 10000.000000
145.569638 2 0 1500.000000
145.685649 2 1 1500.000000
146.460823 2 2 20000.000000
146.689581 2 0 1500.000000
147.177494 2 0 200000.000000
147.612397 2 3 1500.000000
147.694886 2 3 1500.000000
147.727020 2 0 4000000.000000
147.758042 2 0 4000000.000000
148.012122 2 2 100000.000000
148.015355 2 3 1500.000000
148.092274 2 1 1500.000000
148.165064 2 1 1000000.000000
148.350899 2 3 20000.000000
148.401940 2 0 3000000.000000
149.794647 2 3 100000.000000
0.043908 3 0 1000000.000000
0.451960 3 3 3000.000000
0.829496 3 2 3000.000000
0.913275 3 3 100000.000000
0.926700 3 2 3000.000000
1.150467 3 3 1500.000000
1.651518 3 2 1500.000000
1.899536 3 0 3000000.000000
2.107836 3 0 200000.000000
2.167350 3 2 1500.000000
2.405796 3 0 1500.000000
2.512368 3 2 200000.000000
2.647578 3 2 200000.000000
2.728632 3 0 4000000.000000
2.729181 3 3 1500.000000
2.767844 3 2 1500.000000
2.902341 3 0 1500.000000
2.977872 3 1 200000.000000
2.997813 3 2 1500.000000
3.463590 3 1 1500.000000
3.638831 3 0 20000.000000
3.697616 3 2 1500.000000
4.059955 3 3 3000000.000000
4.166616 3 0 100000.000000
4.224718 3 0 1000000.000000
4.230894 3 0 3000000.000000
4.387999 3 1 4000000.000000
4.536404 3 1 1000000.000000
4.630036 3 3 1500.000000
4.940611 3 2 20000.000000
5.166947 3 1 1500.000000
5.310140 3 1 1500.000000
5.451757 3 3 200000.000000
5.490287 3 3 3000000.000000
5.690106 3 0 1000000.000000
5.783169 3 1 2000000.000000
6.355243 3 0 1000000.000000
6.416072 3 2 1500.000000
6.448397 3 1 1500.000000
6.572834 3 0 1500.000000
6.715106 3 0 1500.000000
6.747704 3 1 1500.000000
6.790706 3 2 100000.000000
6.807525 3 1 200000.000000
6.854810 3 0 2000000.000000
6.867310 3 0 200000.000000
6.915480 3 1 1000000.000000
7.343156 3 2 1500.000000
7.460170 3 0 1500.000000
7.661159 3 1 1500.000000
7.869582 3 2 1500.000000
7.879816 3 0 1500.000000
7.916425 3 2 3000.000000
8.612975 3 3 100000.000000
8.841925 3 0 2000000.000000
8.865151 3 1 3000.000000
9.239713 3 3 1500.000000
9.246864 3 2 4000000.000000
9.379209 3 1 2000000.000000
9.466759 3 2 1500.000000
9.521988 3 3 200000.000000
9.633569 3 3 1500.000000
9.749868 3 0 3000000.000000
9.753100 3 0 2000000.000000
9.857780 3 0 3000.000000
9.917657 3 1 200000.000000
10.004121 3 0 10000.000000
10.262164 3 1 1500.000000
10.399005 3 0 1500.000000
10.604669 3 1 100000.000000
10.761547 3 3 3000.000000
10.886664 3 1 3000000.000000
10.933998 3 1 1500.000000
11.150563 3 3 4000000.000000
11.230146 3 2 3000.000000
11.329473 3 0 200000.000000
11.380828 3 0 20000.000000
11.615027 3 2 20000.000000
11.950700 3 2 1500.000000
12.011670 3 1 1500.000000
12.499176 3 0 1500.000000
12.622510 3 0 1500.000000
12.711352 3 3 1000000.000000
12.789534 3 2 1500.000000
13.000453 3 2 3000000.000000
13.065424 3 0 1500.000000
13.206143 3 2 1500.000000
13.524088 3 0 4000000.000000
13.633500 3 0 1500.000000
13.727786 3 2 1500.000000
13.896311 3 2 100000.000000
14.599693 3 0 1000000.000000
14.731688 3 2 1500.000000
14.841128 3 3 3000.000000
15.077591 3 2 100000.000000
15.126130 3 2 100000.000000
15.394194 3 2 1500.000000
15.463471 3 3 1500.000000
15.664998 3 1 4000000.000000
15.772848 3 1 20000.000000
15.808929 3 1 1500.000000
15.946751 3 1 100000.000000
16.390407 3 2 4000000.000000
16.914780 3 3 3000.000000
16.950666 3 2 4000000.000000
17.158587 3 0 10000.000000
17.577862 3 0 10000.000000
17.786206 3 2 100000.000000
17.802290 3 0 10000.000000
17.923196 3 3 200000.000000
17.987767 3 1 200000.000000
18.028342 3 0 3000.000000
18.151693 3 0 20000.000000
18.158088 3 1 1500.000000
18.177622 3 1 3000000.000000
18.795990 3 1 1500.000000
18.841072 3 3 1000000.000000
18.936613 3 2 1500.000000
18.991150 3 0 10000.000000
19.055704 3 3 10000.000000
19.148608 3 3 200000.000000
19.163549 3 2 4000000.000000
19.247416 3 0 200000.000000
19.357802 3 2 200000.000000
19.586904 3 2 10000.000000
19.699550 3 2 100000.000000
19.832528 3 2 1500.000000
20.253029 3 3 1500.000000
20.497446 3 2 100000.000000
20.590262 3 0 4000000.000000
20.670194 3 2 3000.000000
20.694309 3 2 1500.000000
20.722452 3 0 1500.000000
21.342009 3 2 3000000.000000
21.776173 3 2 1500.000000
21.914832 3 3 200000.000000
21.921527 3 1 1000000.000000
22.572579 3 1 1500.000000
22.592555 3 2 4000000.000000
22.692587 3 2 4000000.000000
23.071065 3 0 1000000.000000
23.089505 3 1 20000.000000
23.111351 3 3 1500.000000
23.147263 3 2 1500.000000
23.224964 3 1 10000.000000
23.374009 3 1 100000.000000
23.610597 3 0 1500.000000
23.794675 3 1 20000.000000
23.911724 3 0 1000000.000000
24.302954 3 0 100000.000000
24.375181 3 1 1500.000000
24.509236 3 0 10000.000000
24.541277 3 1 1500.000000
24.928083 3 3 1500.000000
24.942387 3 1 1500.000000
24.974279 3 0 200000.000000
25.048621 3 2 1500.000000
25.085710 3 1 200000.000000
25.097784 3 2 1500.000000
25.602403 3 3 100000.000000
25.690109 3 1 1500.000000
25.932371 3 2 1500.000000
25.955252 3 0 10000.000000
26.539033 3 1 1000000.000000
26.611896 3 3 200000.000000
26.687204 3 3 1500.000000
26.953268 3 1 100000.000000
27.012732 3 2 1000000.000000
27.095443 3 1 200000.000000
27.323535 3 2 1500.000000
27.480280 3 3 1000000.000000
27.634101 3 1 200000.000000
27.644367 3 0 1500.000000
27.697929 3 2 4000000.000000
27.784579 3 1 200000.000000
27.796542 3 1 100000.000000
27.941381 3 3 1500.000000
28.299307 3 0 3000000.000000
28.626690 3 3 1500.000000
28.685509 3 0 1500.000000
28.885712 3 3 20000.000000
29.037439 3 2 1500.000000
29.309136 3 2 2000000.000000
29.512381 3 3 10000.000000
29.709928 3 1 100000.000000
29.787689 3 3 1500.000000
29.857062 3 0 4000000.000000
29.888559 3 1 20000.000000
29.942388 3 2 1500.000000
30.368903 3 2 200000.000000
30.513831 3 2 100000.000000
30.804005 3 1 1000000.000000
31.243881 3 2 200000.000000
31.312537 3 0 1000000.000000
31.532961 3 3 1000000.000000
31.605474 3 3 3000000.000000
31.618230 3 3 10000.000000
31.707089 3 3 1000000.000000
31.976891 3 1 200000.000000
31.982038 3 2 1000000.000000
32.064941 3 0 3000000.000000
32.368010 3 3 100000.000000
32.393385 3 1 1500.000000
32.457302 3 0 1500.000000
32.668119 3 1 1500.000000
32.780668 3 2 1500.000000
32.917316 3 1 1000000.000000
33.198841 3 0 1000000.000000
33.501394 3 1 1500.000000
33.522984 3 1 1500.000000
33.925775 3 1 1500.000000
34.287669 3 2 1500.000000
34.350797 3 2 1000000.000000
34.430905 3 2 2000000.000000
34.834539 3 1 1500.000000
34.913253 3 3 1500.000000
34.949541 3 1 10000.000000
35.116219 3 2 3000000.000000
35.315012 3 3 1500.000000
35.442280 3 1 1500.000000
35.586811 3 1 1500.000000
35.905846 3 3 10000.000000
36.040944 3 3 1500.000000
36.222973 3 2 3000.000000
36.304453 3 0 2000000.000000
36.423481 3 0 3000.000000
36.908170 3 1 1500.000000
36.991194 3 1 1500.000000
37.175407 3 0 1500.000000
37.591208 3 3 4000000.000000
37.946046 3 0 1500.000000
37.997123 3 3 1500.000000
38.188516 3 1 1500.000000
38.353285 3 0 1500.000000
38.511188 3 3 1500.000000
38.755078 3 1 10000.000000
39.320360 3 1 100000.000000
39.521847 3 3 2000000.000000
39.835212 3 0 200000.000000
40.258083 3 0 1500.000000
40.271832 3 1 3000000.000000
40.768540 3 1 4000000.000000
41.372878 3 3 1500.000000
41.527899 3 2 1500.000000
41.730880 3 2 3000000.000000
41.754062 3 1 4000000.000000
42.146238 3 0 1000000.000000
42.247256 3 1 100000.000000
42.344474 3 1 1500.000000
42.705659 3 1 100000.000000
42.765781 3 3 1500.000000
42.988833 3 1 3000000.000000
43.197415 3 3 100000.000000
43.222156 3 1 3000.000000
43.501603 3 1 1500.000000
43.632661 3 3 1000000.000000
44.353808 3 2 100000.000000
44.535711 3 1 3000000.000000
44.811324 3 2 2000000.000000
45.094698 3 1 3000000.000000
45.674527 3 1 1500.000000
45.915033 3 0 3000.000000
46.152308 3 2 100000.000000
46.685613 3 2 1500.000000
46.793390 3 2 100000.000000
47.112078 3 3 200000.000000
47.125608 3 2 3000000.000000
47.235310 3 3 3000.000000
47.386139 3 0 1500.000000
48.277877 3 0 1500.000000
48.296202 3 2 1500.000000
48.548579 3 1 1000000.000000
48.568356 3 3 200000.000000
49.074577 3 2 200000.000000
49.319248 3 2 1500.000000
49.768538 3 2 100000.000000
49.776166 3 1 3000000.000000
49.870892 3 0 2000000.000000
49.974309 3 3 3000000.000000
50.233665 3 2 1500.000000
51.508946 3 1 1500.000000
51.646716 3 0 1500.000000
51.666733 3 2 1500.000000
51.759032 3 0 10000.000000
52.118149 3 3 3000.000000
52.182819 3 1 1500.000000
52.474386 3 3 10000.000000
52.556379 3 3 1500.000000
52.835518 3 0 1500.000000
52.995050 3 0 4000000.000000
53.001359 3 1 3000000.000000
53.027398 3 1 1500.000000
53.046448 3 1 100000.000000
53.056120 3 2 1500.000000
53.161162 3 3 2000000.000000
53.305204 3 2 1500.000000
53.914077 3 2 4000000.000000
54.133778 3 0 200000.000000
54.262909 3 1 3000000.000000
54.274842 3 0 1500.000000
54.616348 3 1 200000.000000
54.709288 3 3 10000.000000
54.890795 3 3 200000.000000
55.177868 3 3 1500.000000
55.311752 3 3 1500.000000
55.330436 3 2 100000.000000
55.333115 3 2 1000000.000000
55.414646 3 3 3000000.000000
55.780945 3 1 10000.000000
55.808416 3 3 2000000.000000
55.898164 3 1 1500.000000
56.258185 3 1 2000000.000000
56.283764 3 0 100000.000000
56.291142 3 1 1500.000000
56.332268 3 3 4000000.000000
57.004645 3 3 1500.000000
57.017923 3 2 1500.000000
57.149443 3 1 1500.000000
57.476018 3 0 200000.000000
57.568462 3 0 200000.000000
57.599125 3 0 3000000.000000
57.672351 3 0 1500.000000
57.683927 3 2 3000000.000000
57.868852 3 1 4000000.000000
57.992460 3 0 1500.000000
58.174421 3 3 200000.000000
58.385808 3 3 1500.000000
58.523273 3 1 1500.000000
58.629507 3 3 3000000.000000
58.816389 3 1 100000.000000
58.879520 3 3 1000000.000000
58.898084 3 2 3000000.000000
59.035755 3 2 3000.000000
59.138733 3 2 20000.000000
59.269632 3 1 2000000.000000
59.321169 3 2 20000.000000
59.352347 3 1 10000.000000
59.445409 3 0 1000000.000000
59.542718 3 1 1500.000000
59.599031 3 2 1500.000000
59.952532 3 2 3000000.000000
59.987869 3 2 1500.000000
59.988005 3 3 1500.000000
60.024566 3 1 200000.000000
60.275307 3 2 3000000.000000
60.402034 3 0 10000.000000
60.425886 3 3 4000000.000000
60.601070 3 3 200000.000000
60.669933 3 2 3000.000000
61.005795 3 0 3000000.000000
61.236610 3 1 3000000.000000
61.679975 3 1 1500.000000
61.829156 3 0 100000.000000
61.880424 3 2 1000000.000000
61.984531 3 2 2000000.000000
62.105190 3 2 200000.000000
62.177232 3 2 1000000.000000
62.181495 3 2 200000.000000
62.456460 3 0 3000000.000000
62.592418 3 3 200000.000000
62.639260 3 2 1500.000000
62.830457 3 1 10000.000000
62.933274 3 2 3000000.000000
63.282346 3 2 3000000.000000
63.495388 3 2 3000000.000000
63.527700 3 0 20000.000000
63.528591 3 0 1500.000000
63.791310 3 2 100000.000000
64.788034 3 2 4000000.000000
64.809918 3 1 1500.000000
64.997796 3 0 2000000.000000
65.039729 3 1 100000.000000
65.248154 3 0 1500.000000
65.547545 3 0 1500.000000
65.571094 3 3 100000.000000
65.608791 3 3 200000.000000
65.957975 3 3 3000000.000000
66.021465 3 2 200000.000000
66.410048 3 1 1500.000000
66.670131 3 2 1500.000000
66.824565 3 3 1500.000000
67.107034 3 3 2000000.000000
67.246814 3 3 3000000.000000
67.579514 3 0 1500.000000
67.664438 3 1 1000000.000000
67.970826 3 1 200000.000000
67.999678 3 1 100000.000000
68.428099 3 0 1500.000000
68.464336 3 3 3000.000000
68.544213 3 2 20000.000000
68.688544 3 1 1500.000000
68.986956 3 0 100000.000000
69.106813 3 2 1500.000000
69.330799 3 2 1500.000000
69.505653 3 3 2000000.000000
69.530269 3 2 1500.000000
69.875592 3 2 1500.000000
70.061711 3 3 200000.000000
70.117888 3 2 4000000.000000
70.417412 3 2 10000.000000
70.693017 3 1 3000000.000000
70.724868 3 1 2000000.000000
70.773137 3 2 200000.000000
70.789790 3 0 4000000.000000
71.121815 3 2 1000000.000000
71.293915 3 0 1500.000000
71.320680 3 0 1500.000000
71.328366 3 0 1500.000000
71.343406 3 2 3000000.000000
71.385788 3 1 200000.000000
71.411927 3 2 1500.000000
71.912695 3 1 3000000.000000
72.044162 3 1 3000.000000
72.255008 3 1 1500.000000
72.436410 3 3 100000.000000
72.677972 3 3 1500.000000
72.781472 3 2 200000.000000
72.938005 3 0 1000000.000000
73.399842 3 1 1500.000000
73.542706 3 2 4000000.000000
73.557074 3 3 200000.000000
73.785648 3 3 4000000.000000
73.872292 3 2 1500.000000
74.046440 3 1 4000000.000000
74.125325 3 1 3000.000000
74.205605 3 3 200000.000000
74.373904 3 1 100000.000000
74.458217 3 3 200000.000000
74.997782 3 0 1500.000000
75.647471 3 2 1500.000000
76.391185 3 3 20000.000000
76.465620 3 0 100000.000000
76.535852 3 1 100000.000000
76.661397 3 3 1500.000000
76.667975 3 1 1500.000000
76.713024 3 2 10000.000000
76.978621 3 0 1500.000000
77.056223 3 3 1500.000000
77.247375 3 1 1500.000000
77.305573 3 3 1500.000000
77.341768 3 2 3000000.000000
77.359568 3 2 1500.000000
77.413852 3 2 10000.000000
77.603181 3 2 1000000.000000
77.763868 3 2 4000000.000000
77.938532 3 2 200000.000000
78.535746 3 1 200000.000000
78.941556 3 0 200000.000000
79.306445 3 3 100000.000000
79.952524 3 0 1500.000000
80.128664 3 0 1500.000000
80.402709 3 0 3000.000000
80.413253 3 1 4000000.000000
80.678580 3 3 100000.000000
80.979343 3 3 1500.000000
80.982489 3 1 3000000.000000
81.090288 3 1 200000.000000
81.137816 3 0 4000000.000000
81.414695 3 2 1500.000000
81.451759 3 2 1500.000000
81.453600 3 2 1500.000000
81.559348 3 2 2000000.000000
81.703953 3 2 1500.000000
81.810499 3 1 100000.000000
82.167049 3 1 1500.000000
82.579190 3 1 1500.000000
82.946889 3 1 100000.000000
82.997707 3 2 10000.000000
83.375515 3 0 1500.000000
83.415971 3 0 1000000.000000
83.815952 3 0 1500.000000
83.843406 3 0 1500.000000
83.930024 3 2 3000000.000000
83.936285 3 0 1500.000000
83.938972 3 3 1000000.000000
83.964199 3 0 100000.000000
84.080729 3 2 1500.000000
84.173254 3 1 3000000.000000
84.317465 3 1 1500.000000
84.673072 3 2 1500.000000
84.721197 3 1 10000.000000
84.803887 3 1 1500.000000
84.952177 3 1 1500.000000
85.087864 3 0 1500.000000
85.658622 3 1 1500.000000
85.687310 3 1 3000.000000
85.766376 3 2 3000000.000000
85.855138 3 2 3000.000000
86.123984 3 3 100000.000000
86.136289 3 0 1500.000000
86.181659 3 1 1500.000000
86.198400 3 0 1500.000000
86.684312 3 0 100000.000000
86.983140 3 0 4000000.000000
86.998754 3 1 1500.000000
87.067893 3 0 1500.000000
87.143243 3 3 200000.000000
87.470177 3 0 100000.000000
87.520394 3 1 1500.000000
87.615204 3 2 1500.000000
87.715531 3 0 3000000.000000
87.774538 3 3 1500.000000
87.854981 3 2 10000.000000
88.094756 3 3 1500.000000
88.210198 3 3 1500.000000
88.250435 3 3 10000.000000
88.368471 3 1 2000000.000000
88.759542 3 0 3000.000000
88.762242 3 2 1500.000000
88.857581 3 2 2000000.000000
88.914120 3 3 100000.000000
89.016491 3 1 1500.000000
89.035376 3 0 4000000.000000
89.421200 3 3 10000.000000
89.444557 3 1 1500.000000
89.774811 3 3 1500.000000
90.115693 3 1 3000000.000000
90.132472 3 0 1500.000000
90.165122 3 3 4000000.000000
90.194826 3 0 4000000.000000
90.420360 3 0 20000.000000
90.598018 3 3 1500.000000
90.682232 3 0 1000000.000000
90.830939 3 2 1500.000000
90.939129 3 0 10000.000000
90.999103 3 1 2000000.000000
91.420827 3 3 1500.000000
91.665694 3 2 1500.000000
91.720433 3 3 4000000.000000
91.764256 3 1 20000.000000
91.800655 3 2 200000.000000
92.151401 3 1 200000.000000
92.155181 3 3 1500.000000
92.288491 3 3 4000000.000000
92.341477 3 2 2000000.000000
92.412789 3 2 20000.000000
92.526493 3 0 1500.000000
92.877352 3 3 1500.000000
93.270328 3 1 1000000.000000
93.350317 3 2 1500.000000
93.481718 3 1 1500.000000
93.753581 3 0 1000000.000000
94.152820 3 1 1500.000000
94.708585 3 1 1000000.000000
94.752466 3 3 100000.000000
95.145643 3 0 20000.000000
95.247992 3 3 1500.000000
95.254128 3 2 1000000.000000
95.516347 3 3 200000.000000
95.593980 3 2 4000000.000000
95.714643 3 1 1500.000000
95.797617 3 3 1500.000000
95.948796 3 1 200000.000000
95.978341 3 1 1500.000000
96.133479 3 3 100000.000000
96.189840 3 3 200000.000000
96.385680 3 2 3000000.000000
96.546551 3 2 1500.000000
96.680891 3 2 3000000.000000
96.685470 3 3 100000.000000
97.062126 3 1 1000000.000000
97.082236 3 0 1500.000000
97.090738 3 1 1000000.000000
97.156499 3 0 1500.000000
97.442084 3 3 1500.000000
97.753462 3 2 3000000.000000
97.853548 3 2 10000.000000
97.956024 3 2 1500.000000
98.256854 3 0 100000.000000
98.799599 3 2 4000000.000000
98.841887 3 3 3000000.000000
98.913436 3 0 10000.000000
98.922307 3 1 20000.000000
99.049981 3 1 4000000.000000
99.171111 3 1 1500.000000
99.247075 3 2 1000000.000000
99.292755 3 0 100000.000000
99.371311 3 0 10000.000000
99.700509 3 0 1500.000000
99.749385 3 2 1500.000000
100.043056 3 2 100000.000000
100.070950 3 0 10000.000000
100.284450 3 1 1500.000000
100.373308 3 3 200000.000000
100.623797 3 3 1500.000000
100.637365 3 1 4000000.000000
100.669681 3 3 1500.000000
100.995299 3 0 10000.000000
101.335504 3 0 200000.000000
101.502819 3 0 200000.000000
101.515538 3 3 4000000.000000
101.520864 3 0 1500.000000
101.644530 3 0 1500.000000
101.656715 3 1 3000.000000
101.854301 3 0 1000000.000000
102.027409 3 0 10000.000000
102.086913 3 3 1000000.000000
102.126905 3 2 1500.000000
102.357061 3 3 1500.000000
102.739899 3 2 3000000.000000
103.085816 3 3 100000.000000
103.297978 3 1 200000.000000
103.421725 3 0 1000000.000000
103.622584 3 3 100000.000000
103.635455 3 3 1500.000000
103.935435 3 2 1000000.000000
103.935719 3 2 100000.000000
103.982153 3 2 1500.000000
104.002106 3 3 1500.000000
104.040476 3 3 4000000.000000
104.195784 3 2 100000.000000
104.355871 3 2 200000.000000
104.720840 3 3 3000000.000000
104.979697 3 1 1500.000000
105.186238 3 2 3000000.000000
105.238597 3 1 100000.000000
105.529850 3 2 1500.000000
105.959901 3 0 200000.000000
106.058166 3 0 1500.000000
106.140648 3 3 3000000.000000
106.647395 3 3 3000000.000000
107.387175 3 2 3000000.000000
107.428071 3 0 1500.000000
107.972606 3 3 3000.000000
108.297340 3 3 1500.000000
108.491590 3 2 3000000.000000
108.572041 3 1 3000.000000
108.705608 3 2 200000.000000
109.041866 3 1 20000.000000
109.090480 3 0 1500.000000
109.832169 3 3 1500.000000
110.180529 3 1 1500.000000
110.321442 3 0 200000.000000
110.580168 3 0 3000.000000
110.671819 3 1 100000.000000
110.720377 3 3 3000.000000
110.819919 3 1 1500.000000
110.835365 3 1 4000000.000000
111.040557 3 1 200000.000000
111.292955 3 0 1500.000000
111.342612 3 3 1000000.000000
111.653075 3 1 3000000.000000
111.995193 3 3 1500.000000
112.067989 3 2 3000000.000000
112.107440 3 3 4000000.000000
112.441517 3 0 4000000.000000
112.688530 3 3 200000.000000
113.011248 3 3 1500.000000
113.020403 3 3 10000.000000
113.148534 3 3 1500.000000
113.488455 3 0 1000000.000000
113.541170 3 1 4000000.000000
113.704917 3 0 3000000.000000
113.812452 3 3 4000000.000000
114.048003 3 0 1500.000000
114.067793 3 2 100000.000000
114.334740 3 2 3000.000000
114.400600 3 0 200000.000000
114.577653 3 3 10000.000000
114.666180 3 2 200000.000000
114.683479 3 0 1000000.000000
114.769151 3 0 100000.000000
114.793071 3 0 1500.000000
114.831923 3 3 100000.000000
115.172737 3 0 1500.000000
115.498044 3 0 1500.000000
115.565976 3 2 10000.000000
115.756808 3 1 200000.000000
116.021319 3 1 20000.000000
116.057391 3 0 3000000.000000
116.336860 3 0 4000000.000000
116.420511 3 0 200000.000000
116.525025 3 3 10000.000000
116.689066 3 0 1500.000000
117.349678 3 3 1500.000000
117.405671 3 1 1000000.000000
117.462195 3 1 100000.000000
117.684391 3 0 10000.000000
117.702958 3 1 1500.000000
117.734526 3 1 10000.000000
117.989752 3 2 3000000.000000
118.038335 3 1 1500.000000
118.068805 3 3 1500.000000
118.146220 3 3 200000.000000
118.201384 3 3 1500.000000
118.589654 3 1 10000.000000
118.773686 3 2 100000.000000
119.338719 3 2 100000.000000
119.689134 3 3 20000.000000
119.822763 3 0 3000.000000
119.878113 3 1 4000000.000000
119.890677 3 2 20000.000000
120.417180 3 2 100000.000000
120.794348 3 0 1500.000000
120.930536 3 2 1500.000000
121.060147 3 1 200000.000000
121.237382 3 3 4000000.000000
121.532878 3 1 1000000.000000
121.728897 3 2 10000.000000
122.364127 3 3 3000.000000
122.397595 3 3 20000.000000
122.893652 3 1 1500.000000
122.979867 3 2 4000000.000000
123.446824 3 3 1500.000000
123.499383 3 1 100000.000000
123.843227 3 0 3000000.000000
124.161779 3 0 200000.000000
124.538595 3 2 100000.000000
125.176063 3 1 1000000.000000
125.186234 3 3 3000000.000000
125.493446 3 0 1500.000000
125.598802 3 3 1500.000000
125.765331 3 3 1500.000000
125.895677 3 1 1500.000000
126.010352 3 0 20000.000000
126.046405 3 3 1500.000000
126.194324 3 1 4000000.000000
126.301106 3 2 1500.000000
126.350121 3 3 200000.000000
126.594275 3 1 20000.000000
126.701686 3 1 1500.000000
126.824711 3 3 1500.000000
126.956538 3 3 1500.000000
127.326995 3 0 3000000.000000
127.327872 3 0 200000.000000
127.375248 3 3 3000000.000000
127.633115 3 0 1500.000000
127.921713 3 3 3000000.000000
127.994146 3 3 200000.000000
127.998173 3 1 4000000.000000
128.147529 3 1 1500.000000
128.151526 3 0 1500.000000
128.154253 3 0 1500.000000
128.484103 3 1 1500.000000
128.888585 3 3 3000000.000000
129.046813 3 3 1500.000000
129.167404 3 3 100000.000000
129.271192 3 2 200000.000000
129.527386 3 0 100000.000000
129.558908 3 3 1000000.000000
129.958733 3 2 1500.000000
130.197042 3 0 20000.000000
130.357505 3 2 1000000.000000
130.464313 3 1 10000.000000
130.635465 3 0 4000000.000000
130.987532 3 1 1500.000000
131.137321 3 2 10000.000000
131.139227 3 3 3000000.000000
131.334758 3 3 100000.000000
131.571093 3 1 3000000.000000
131.676074 3 3 1500.000000
131.812240 3 3 3000000.000000
132.133765 3 0 200000.000000
132.352446 3 1 3000.000000
132.601797 3 0 200000.000000
132.773494 3 1 1500.000000
133.044682 3 0 1500.000000
133.120763 3 0 1500.000000
133.269251 3 1 10000.000000
133.328552 3 3 100000.000000
133.334229 3 0 1500.000000
133.660228 3 2 20000.000000
134.497160 3 2 1500.000000
134.584059 3 1 1500.000000
134.603146 3 1 1500.000000
134.655167 3 1 100000.000000
134.719120 3 3 1500.000000
134.797526 3 3 200000.000000
134.953859 3 2 100000.000000
135.228443 3 0 1000000.000000
135.705981 3 1 1000000.000000
135.821367 3 0 1000000.000000
135.984297 3 2 3000000.000000
136.045841 3 3 1500.000000
136.088040 3 1 1500.000000
136.160541 3 0 200000.000000
136.424133 3 0 3000000.000000
136.565972 3 0 3000000.000000
136.800213 3 3 1500.000000
136.886593 3 0 4000000.000000
137.001800 3 3 1500.000000
137.009123 3 1 3000000.000000
137.018955 3 2 4000000.000000
137.141322 3 2 1500.000000
137.205939 3 1 100000.000000
137.642620 3 2 1500.000000
137.758539 3 3 200000.000000
138.249789 3 0 3000000.000000
138.338302 3 2 4000000.000000
138.380462 3 1 3000.000000
138.477513 3 2 200000.000000
138.589055 3 1 10000.000000
138.659614 3 0 1000000.000000
138.949685 3 1 2000000.000000
139.117994 3 2 1500.000000
139.144097 3 1 1500.000000
139.471999 3 3 200000.000000
139.699207 3 0 100000.000000
139.889960 3 3 1500.000000
139.907094 3 1 100000.000000
139.948667 3 1 4000000.000000
140.140380 3 2 1500.000000
140.188404 3 1 1500.000000
140.264624 3 3 1500.000000
140.453858 3 2 3000000.000000
140.770105 3 2 1500.000000
141.347936 3 2 2000000.000000
141.507105 3 3 4000000.000000
141.753878 3 0 20000.000000
141.806626 3 3 3000000.000000
141.905151 3 1 100000.000000
141.954151 3 0 1500.000000
141.995417 3 2 1500.000000
142.346800 3 1 3000.000000
142.577246 3 3 1500.000000
142.716641 3 1 200000.000000
142.835622 3 1 2000000.000000
142.853050 3 2 10000.000000
142.909188 3 2 200000.000000
143.181950 3 1 1500.000000
143.732961 3 1 20000.000000
143.989356 3 1 1500.000000
144.028569 3 3 1500.000000
144.144004 3 3 3000.000000
144.157893 3 0 3000000.000000
144.393693 3 2 3000000.000000
145.014829 3 2 10000.000000
145.140532 3 2 100000.000000
145.194667 3 3 1500.000000
145.378640 3 2 1500.000000
145.651126 3 2 4000000.000000
145.974484 3 3 100000.000000
146.809506 3 3 4000000.000000
146.823273 3 2 3000.000000
147.293863 3 2 1500.000000
147.320806 3 2 1500.000000
147.339127 3 3 1500.000000
147.402498 3 0 100000.000000
147.424522 3 3 1000000.000000
147.426215 3 3 100000.000000
147.615181 3 1 1500.000000
147.676901 3 1 4000000.000000
147.752920 3 0 4000000.000000
147.774342 3 3 2000000.000000
147.823717 3 2 100000.000000
147.931113 3 1 1500.000000
148.439548 3 1 1500.000000
148.488217 3 0 3000000.000000
148.595749 3 2 3000.000000
148.676948 3 2 1500.000000
148.736050 3 1 3000000.000000
148.765863 3 1 3000.000000
149.137478 3 0 1500.000000
149.284187 3 0 3000000.000000
149.299045 3 0 2000000.000000
149.330513 3 3 3000000.000000
149.719972 3 0 3000.000000
