0.006954 0 2 100000.000000
0.307009 0 1 1000000.000000
0.411995 0 3 200000.000000
0.495181 0 0 3000.000000
0.500235 0 1 20000.000000
0.705481 0 0 10000.000000
0.760964 0 3 100000.000000
0.782065 0 3 1000000.000000
0.809175 0 2 3000.000000
0.923857 0 2 1500.000000
1.397726 0 1 1000000.000000
1.647878 0 2 1500.000000
1.670161 0 3 20000.000000
2.020179 0 0 2000000.000000
2.027835 0 2 100000.000000
2.065517 0 1 1500.000000
2.273743 0 1 1500.000000
2.298616 0 3 200000.000000
2.444496 0 3 3000.000000
2.727419 0 0 1000000.000000
2.989414 0 3 100000.000000
3.182506 0 2 4000000.000000
3.467450 0 0 3000000.000000
4.007124 0 2 20000.000000
4.146016 0 2 3000.000000
4.617694 0 3 1500.000000
4.832426 0 0 1500.000000
4.937279 0 1 3000.000000
5.480140 0 2 200000.000000
5.807945 0 3 200000.000000
6.164297 0 0 3000000.000000
6.630835 0 0 4000000.000000
6.933417 0 3 4000000.000000
7.498169 0 2 1500.000000
7.639624 0 2 1500.000000
7.680582 0 3 1500.000000
7.701124 0 2 1500.000000
7.807783 0 3 1500.000000
8.109453 0 2 4000000.000000
8.810152 0 1 10000.000000
8.942856 0 3 200000.000000
9.006321 0 3 10000.000000
9.168125 0 1 4000000.000000
9.193615 0 3 1500.000000
9.197702 0 2 100000.000000
9.233235 0 0 10000.000000
9.459706 0 2 200000.000000
9.616114 0 1 3000000.000000
9.926247 0 0 4000000.000000
10.655120 0 0 3000000.000000
10.794763 0 2 1500.000000
10.873525 0 0 3000.000000
11.120005 0 0 2000000.000000
11.422249 0 3 4000000.000000
11.435282 0 2 1500.000000
12.231736 0 3 1500.000000
12.240349 0 1 100000.000000
13.185324 0 0 10000.000000
13.518526 0 0 3000000.000000
13.662813 0 3 1500.000000
13.738353 0 1 200000.000000
13.976583 0 1 3000.000000
14.170283 0 0 20000.000000
14.242929 0 2 3000000.000000
14.447708 0 2 3000000.000000
14.667300 0 0 1500.000000
14.699582 0 2 1500.000000
14.748741 0 0 10000.000000
14.802263 0 0 1500.000000
15.104527 0 1 10000.000000
15.105588 0 1 3000.000000
15.854260 0 3 20000.000000
16.293840 0 0 100000.000000
16.687254 0 1 4000000.000000
17.106154 0 3 200000.000000
17.453830 0 2 3000000.000000
17.668587 0 0 1000000.000000
17.814943 0 1 1500.000000
17.863912 0 2 100000.000000
18.024247 0 1 1500.000000
18.337719 0 1 1500.000000
18.547274 0 0 4000000.000000
18.773863 0 2 20000.000000
19.044194 0 2 1500.000000
19.360154 0 1 1500.000000
19.835253 0 1 100000.000000
20.373363 0 0 1000000.000000
20.431771 0 0 200000.000000
20.819610 0 0 100000.000000
21.006363 0 0 1000000.000000
21.418402 0 2 1500.000000
22.027069 0 1 100000.000000
22.496978 0 3 4000000.000000
22.508772 0 3 1500.000000
23.097493 0 1 2000000.000000
23.402106 0 2 3000.000000
23.418556 0 2 4000000.000000
23.445259 0 2 1500.000000
23.712942 0 3 1500.000000
24.000804 0 2 200000.000000
24.129870 0 3 1500.000000
24.540560 0 2 4000000.000000
24.818036 0 0 3000000.000000
25.561939 0 0 1500.000000
25.646174 0 1 1000000.000000
25.739859 0 0 100000.000000
25.781301 0 0 200000.000000
25.958091 0 2 100000.000000
26.058545 0 3 20000.000000
26.262740 0 0 100000.000000
26.273227 0 1 1500.000000
26.556905 0 3 3000.000000
26.644577 0 1 3000.000000
26.648364 0 3 1500.000000
26.773812 0 1 1500.000000
26.871220 0 1 3000000.000000
27.005321 0 1 1500.000000
27.077325 0 0 1500.000000
27.098073 0 2 4000000.000000
27.430605 0 2 4000000.000000
28.149730 0 2 1500.000000
28.485114 0 3 1500.000000
28.934684 0 0 1500.000000
29.054495 0 1 200000.000000
29.470727 0 2 200000.000000
29.632560 0 0 100000.000000
29.693166 0 0 1500.000000
29.710633 0 3 3000000.000000
29.871188 0 0 100000.000000
29.970041 0 1 1000000.000000
30.137577 0 0 1500.000000
30.826654 0 1 3000.000000
30.840583 0 2 4000000.000000
31.110753 0 3 1500.000000
31.612818 0 3 3000000.000000
31.715538 0 0 200000.000000
31.814075 0 0 1000000.000000
31.896853 0 3 1500.000000
32.130708 0 0 1500.000000
32.163249 0 3 1500.000000
32.327949 0 1 200000.000000
32.728899 0 1 10000.000000
33.487042 0 2 1500.000000
33.530520 0 2 10000.000000
33.807607 0 3 3000.000000
33.813588 0 3 4000000.000000
34.401533 0 2 3000.000000
34.451314 0 1 1500.000000
34.680009 0 3 10000.000000
34.906419 0 1 3000000.000000
35.300600 0 2 200000.000000
35.923243 0 3 1500.000000
36.005698 0 0 10000.000000
36.645644 0 2 10000.000000
36.705843 0 2 1000000.000000
37.034192 0 2 200000.000000
37.108696 0 1 100000.000000
37.308668 0 1 1000000.000000
37.326861 0 0 10000.000000
37.590682 0 2 1000000.000000
37.978242 0 3 3000000.000000
38.017269 0 2 1500.000000
38.159202 0 3 1500.000000
38.605322 0 2 200000.000000
39.168119 0 1 2000000.000000
39.283360 0 0 1500.000000
39.583648 0 0 20000.000000
39.658934 0 2 3000.000000
39.825021 0 1 1500.000000
40.212737 0 0 1500.000000
40.418875 0 2 100000.000000
40.727293 0 2 4000000.000000
40.922004 0 2 20000.000000
41.296458 0 0 20000.000000
41.345691 0 3 4000000.000000
41.348343 0 1 1500.000000
41.804249 0 0 10000.000000
42.167107 0 0 1500.000000
42.377192 0 3 1500.000000
42.619710 0 1 100000.000000
42.728277 0 2 3000000.000000
42.910470 0 0 200000.000000
43.263205 0 0 1000000.000000
43.433059 0 3 1500.000000
43.596831 0 2 3000.000000
43.686295 0 0 100000.000000
43.702802 0 2 1000000.000000
43.744654 0 1 1500.000000
43.928110 0 2 1000000.000000
44.085586 0 2 200000.000000
44.794599 0 3 3000.000000
44.915058 0 0 1500.000000
44.956209 0 3 4000000.000000
45.014808 0 3 3000000.000000
45.597444 0 3 100000.000000
45.748514 0 3 10000.000000
45.854715 0 2 1500.000000
45.880617 0 1 1500.000000
45.918305 0 1 200000.000000
45.991191 0 0 1500.000000
46.569877 0 0 1000000.000000
46.640449 0 0 100000.000000
46.982325 0 0 100000.000000
47.545593 0 3 200000.000000
47.561313 0 2 4000000.000000
47.575786 0 0 1500.000000
48.453828 0 1 2000000.000000
48.544956 0 2 200000.000000
48.677806 0 0 1000000.000000
48.762593 0 3 100000.000000
48.782325 0 2 20000.000000
48.915168 0 2 1500.000000
49.181656 0 1 1500.000000
49.186547 0 0 3000000.000000
49.528975 0 3 1000000.000000
49.576795 0 1 3000000.000000
49.766125 0 1 10000.000000
49.809387 0 3 1500.000000
50.326703 0 3 200000.000000
50.428464 0 0 3000.000000
50.437064 0 0 1500.000000
50.617768 0 0 20000.000000
50.750132 0 0 4000000.000000
50.822902 0 2 1500.000000
50.868278 0 3 1000000.000000
51.152341 0 0 100000.000000
51.647523 0 3 200000.000000
51.935574 0 3 100000.000000
52.053337 0 1 100000.000000
52.934887 0 2 200000.000000
53.162734 0 3 1500.000000
53.580646 0 1 3000.000000
53.814077 0 2 4000000.000000
54.034647 0 2 3000000.000000
54.484252 0 2 200000.000000
54.594006 0 3 2000000.000000
55.632319 0 2 200000.000000
55.785502 0 1 1500.000000
55.825574 0 1 4000000.000000
55.916361 0 3 10000.000000
56.685815 0 1 1500.000000
56.927680 0 3 100000.000000
56.936715 0 2 1000000.000000
57.297575 0 1 200000.000000
57.409237 0 1 100000.000000
57.751693 0 0 200000.000000
58.010946 0 3 1000000.000000
58.185199 0 1 200000.000000
58.468254 0 1 4000000.000000
58.980195 0 3 2000000.000000
59.097000 0 2 1500.000000
59.571999 0 3 3000.000000
60.121532 0 2 3000000.000000
60.477107 0 3 20000.000000
60.554975 0 3 4000000.000000
60.708485 0 0 1500.000000
60.801525 0 2 3000000.000000
61.366209 0 1 3000000.000000
61.471034 0 1 3000000.000000
62.538772 0 3 4000000.000000
62.916870 0 1 1500.000000
63.275089 0 3 1500.000000
63.512162 0 1 1000000.000000
63.730639 0 2 1500.000000
63.993985 0 0 10000.000000
64.164307 0 3 3000000.000000
64.599767 0 0 100000.000000
64.697635 0 0 10000.000000
64.760881 0 2 3000000.000000
65.100193 0 1 1500.000000
65.405139 0 2 3000000.000000
65.639407 0 2 1500.000000
65.685148 0 1 2000000.000000
66.060263 0 0 1500.000000
66.115806 0 1 1500.000000
66.132001 0 1 1500.000000
66.510425 0 3 100000.000000
66.566568 0 3 3000000.000000
66.629944 0 1 4000000.000000
67.202227 0 0 200000.000000
67.420686 0 3 4000000.000000
68.513611 0 0 1500.000000
68.607956 0 1 1500.000000
68.756241 0 1 100000.000000
68.785543 0 0 4000000.000000
69.954137 0 0 3000.000000
70.242663 0 1 3000000.000000
70.281402 0 2 20000.000000
70.414915 0 1 3000000.000000
71.317045 0 1 3000000.000000
71.329977 0 1 1500.000000
71.748485 0 1 4000000.000000
71.780991 0 3 1500.000000
71.786095 0 2 1500.000000
71.807531 0 2 10000.000000
72.743641 0 2 100000.000000
73.221624 0 1 1500.000000
73.406572 0 1 20000.000000
73.425948 0 3 1500.000000
73.506191 0 1 200000.000000
73.605579 0 2 3000000.000000
73.786226 0 1 1500.000000
74.374876 0 0 1000000.000000
74.539012 0 1 1500.000000
75.203403 0 1 1500.000000
75.727614 0 0 1000000.000000
75.872985 0 2 1500.000000
76.369274 0 3 1500.000000
76.371966 0 1 1500.000000
76.945425 0 2 2000000.000000
77.194893 0 3 1000000.000000
77.285711 0 2 4000000.000000
77.353153 0 2 4000000.000000
77.499153 0 2 100000.000000
78.358576 0 2 100000.000000
78.386093 0 0 200000.000000
78.388609 0 1 1000000.000000
78.519934 0 3 1500.000000
78.955330 0 0 3000.000000
79.370276 0 2 200000.000000
79.416521 0 0 1500.000000
79.437013 0 0 200000.000000
79.568510 0 3 200000.000000
79.607548 0 3 10000.000000
79.706644 0 1 3000000.000000
80.016134 0 1 1500.000000
80.162477 0 1 200000.000000
80.360268 0 1 1500.000000
80.575385 0 2 2000000.000000
80.593952 0 1 200000.000000
81.415572 0 3 20000.000000
81.606888 0 1 1000000.000000
81.635772 0 3 3000.000000
81.856252 0 1 1500.000000
82.223052 0 2 1500.000000
82.683679 0 1 3000000.000000
83.325503 0 2 10000.000000
83.989221 0 0 1500.000000
84.042566 0 1 10000.000000
84.049253 0 2 3000000.000000
84.097333 0 1 1500.000000
84.577650 0 2 20000.000000
84.688244 0 2 1500.000000
84.825611 0 2 3000000.000000
84.864649 0 3 1500.000000
84.925718 0 2 200000.000000
84.932169 0 2 3000.000000
85.003536 0 2 1000000.000000
85.246000 0 0 4000000.000000
85.249214 0 1 100000.000000
86.104895 0 2 1500.000000
86.128678 0 0 3000000.000000
86.293196 0 0 4000000.000000
86.434989 0 2 100000.000000
86.574135 0 0 100000.000000
86.842936 0 3 1000000.000000
87.073572 0 0 1500.000000
87.298741 0 3 3000000.000000
87.483254 0 1 1500.000000
87.510686 0 3 1500.000000
88.188855 0 2 1000000.000000
88.195521 0 2 1500.000000
88.399172 0 1 2000000.000000
88.490390 0 1 4000000.000000
88.519961 0 3 3000.000000
88.682084 0 0 1500.000000
88.896076 0 2 20000.000000
89.187940 0 2 10000.000000
89.931786 0 1 1000000.000000
90.476955 0 0 3000000.000000
90.485983 0 1 4000000.000000
90.497106 0 2 10000.000000
90.536032 0 1 4000000.000000
90.901290 0 3 4000000.000000
91.076465 0 3 100000.000000
91.227873 0 3 1500.000000
91.516560 0 0 4000000.000000
91.577208 0 1 1500.000000
91.738657 0 2 4000000.000000
91.971935 0 3 1500.000000
92.020012 0 2 1500.000000
92.023248 0 0 1500.000000
92.105485 0 3 1500.000000
92.119379 0 2 20000.000000
92.508750 0 3 1500.000000
93.432778 0 1 10000.000000
93.516578 0 2 1500.000000
93.606828 0 1 20000.000000
94.064153 0 1 1000000.000000
94.143730 0 2 1500.000000
94.490376 0 3 200000.000000
94.937721 0 2 1500.000000
95.231823 0 0 200000.000000
95.486476 0 1 4000000.000000
95.491859 0 2 1500.000000
95.594369 0 0 4000000.000000
96.039311 0 3 3000.000000
96.514345 0 0 1000000.000000
96.521272 0 3 10000.000000
96.565864 0 3 3000.000000
96.637453 0 1 200000.000000
96.707947 0 2 4000000.000000
96.771474 0 0 1000000.000000
96.810740 0 3 1500.000000
97.064003 0 3 3000000.000000
97.318313 0 2 1500.000000
97.892576 0 3 4000000.000000
97.968699 0 3 200000.000000
98.050630 0 3 100000.000000
98.218212 0 2 1500.000000
98.336965 0 1 1000000.000000
98.744646 0 2 4000000.000000
98.804049 0 3 10000.000000
99.178752 0 3 10000.000000
99.258331 0 2 4000000.000000
99.313859 0 0 100000.000000
99.947902 0 0 1500.000000
99.992571 0 3 3000.000000
100.122875 0 1 3000000.000000
100.676064 0 2 1500.000000
100.873553 0 3 1500.000000
101.127397 0 3 1500.000000
101.381720 0 0 4000000.000000
101.464796 0 2 200000.000000
102.016717 0 3 200000.000000
102.436476 0 1 1500.000000
102.637838 0 3 200000.000000
102.782502 0 0 1500.000000
103.100043 0 3 3000.000000
103.591459 0 0 4000000.000000
104.181917 0 3 1500.000000
104.721598 0 0 4000000.000000
104.890758 0 2 1500.000000
105.033886 0 3 1500.000000
105.090123 0 1 20000.000000
106.323857 0 3 1000000.000000
107.111462 0 1 2000000.000000
107.436899 0 0 100000.000000
107.468632 0 1 1500.000000
108.277156 0 1 1500.000000
108.422772 0 3 200000.000000
108.461186 0 0 1500.000000
108.527094 0 2 200000.000000
108.765294 0 0 4000000.000000
108.974332 0 1 2000000.000000
109.076947 0 2 2000000.000000
109.205865 0 0 4000000.000000
109.484545 0 3 1500.000000
109.621100 0 2 100000.000000
109.705439 0 1 4000000.000000
109.798763 0 0 200000.000000
109.991601 0 1 200000.000000
110.324570 0 3 3000.000000
110.468037 0 3 1000000.000000
110.499469 0 3 1500.000000
110.717315 0 1 1500.000000
111.163181 0 2 4000000.000000
111.542471 0 0 100000.000000
111.562594 0 3 3000000.000000
111.676136 0 2 100000.000000
112.048906 0 0 10000.000000
112.399893 0 0 1500.000000
113.143719 0 0 1500.000000
113.193025 0 2 10000.000000
113.206146 0 1 10000.000000
113.599280 0 2 1500.000000
113.728610 0 0 200000.000000
113.803240 0 3 100000.000000
113.810391 0 0 1000000.000000
113.852563 0 0 100000.000000
113.894398 0 2 3000000.000000
114.292691 0 2 20000.000000
114.330493 0 0 4000000.000000
114.625413 0 1 1500.000000
114.708305 0 3 1500.000000
114.987100 0 3 100000.000000
115.071470 0 1 1500.000000
115.240092 0 0 1500.000000
115.554858 0 2 1500.000000
115.947003 0 3 1000000.000000
116.189257 0 2 1500.000000
116.458845 0 1 3000000.000000
116.747908 0 1 100000.000000
116.834166 0 2 1500.000000
117.110127 0 2 3000000.000000
117.337538 0 2 1500.000000
117.492708 0 0 1500.000000
117.837591 0 0 4000000.000000
117.949695 0 3 200000.000000
118.569128 0 3 3000.000000
118.741904 0 2 1000000.000000
118.818115 0 3 4000000.000000
118.881740 0 1 3000000.000000
118.976529 0 0 100000.000000
119.194032 0 2 3000000.000000
119.455419 0 3 100000.000000
120.346825 0 1 3000000.000000
120.350180 0 3 1500.000000
120.386691 0 0 4000000.000000
120.807415 0 1 1500.000000
120.942141 0 0 1500.000000
120.985695 0 2 100000.000000
121.043960 0 3 100000.000000
121.184946 0 1 3000000.000000
121.306136 0 0 3000.000000
121.690263 0 2 1500.000000
122.521491 0 3 1000000.000000
122.578727 0 1 1000000.000000
123.470898 0 0 20000.000000
123.504268 0 0 1500.000000
123.847703 0 1 1500.000000
123.976360 0 0 1500.000000
124.097520 0 3 3000000.000000
124.208302 0 1 4000000.000000
124.297516 0 1 1500.000000
124.305376 0 1 200000.000000
124.316954 0 1 1000000.000000
124.317347 0 1 1500.000000
124.366140 0 1 1500.000000
124.398837 0 0 1500.000000
124.512676 0 3 4000000.000000
124.548953 0 0 3000000.000000
124.639588 0 3 3000000.000000
124.667787 0 2 1500.000000
124.694121 0 3 1500.000000
124.724510 0 2 1500.000000
125.350818 0 1 1500.000000
125.427872 0 3 3000.000000
125.799729 0 2 1500.000000
125.966637 0 3 2000000.000000
126.125895 0 3 200000.000000
126.173131 0 0 2000000.000000
126.277678 0 3 1500.000000
126.303909 0 1 1500.000000
126.612639 0 0 3000.000000
126.830871 0 3 1000000.000000
126.874369 0 3 2000000.000000
127.196767 0 1 100000.000000
127.229574 0 1 1500.000000
127.595129 0 2 200000.000000
127.878808 0 2 200000.000000
128.873161 0 1 10000.000000
128.964540 0 3 2000000.000000
129.140240 0 0 1000000.000000
129.319882 0 1 1500.000000
129.421478 0 0 4000000.000000
129.512158 0 0 1500.000000
130.205218 0 0 1500.000000
130.208432 0 1 3000000.000000
130.299166 0 0 10000.000000
130.580010 0 3 100000.000000
130.631398 0 0 1500.000000
130.648469 0 3 1000000.000000
130.830445 0 1 100000.000000
131.015743 0 1 1000000.000000
131.218649 0 1 4000000.000000
131.242436 0 0 1500.000000
131.417486 0 2 1000000.000000
131.477080 0 3 1500.000000
131.621142 0 0 1500.000000
131.724252 0 2 1500.000000
131.897735 0 0 1500.000000
132.704130 0 0 1500.000000
132.727736 0 1 1500.000000
132.962967 0 3 200000.000000
133.363750 0 3 3000.000000
133.471731 0 1 200000.000000
133.498852 0 1 1500.000000
133.548592 0 1 2000000.000000
133.587468 0 1 3000.000000
133.979070 0 2 3000000.000000
134.035500 0 1 4000000.000000
134.790843 0 1 1000000.000000
135.089333 0 1 4000000.000000
135.109852 0 2 200000.000000
135.160653 0 1 1500.000000
135.249299 0 1 10000.000000
135.823425 0 2 10000.000000
137.055303 0 3 20000.000000
137.475386 0 3 200000.000000
137.637436 0 1 3000000.000000
137.775490 0 0 20000.000000
138.068986 0 1 1500.000000
138.155484 0 3 4000000.000000
138.306084 0 1 2000000.000000
138.385487 0 0 20000.000000
138.881080 0 3 1500.000000
139.178349 0 2 1000000.000000
139.242368 0 1 100000.000000
139.334962 0 1 1500.000000
139.488639 0 1 1500.000000
139.506927 0 3 1500.000000
140.423119 0 1 3000000.000000
140.474664 0 0 1500.000000
140.617963 0 0 3000.000000
141.200186 0 2 100000.000000
141.271512 0 1 100000.000000
141.626363 0 1 1500.000000
141.725418 0 0 1500.000000
143.141243 0 1 1500.000000
143.184470 0 1 1500.000000
143.613668 0 1 1000000.000000
144.167943 0 3 100000.000000
144.308632 0 0 4000000.000000
144.316330 0 2 1500.000000
144.998081 0 3 20000.000000
145.314152 0 1 100000.000000
145.377305 0 2 200000.000000
145.507312 0 3 4000000.000000
145.518460 0 2 1500.000000
145.714256 0 1 10000.000000
146.003299 0 1 200000.000000
146.199131 0 2 1500.000000
146.380936 0 0 1500.000000
146.815660 0 3 3000000.000000
146.890284 0 0 1500.000000
147.258380 0 3 200000.000000
147.383593 0 0 1500.000000
147.556828 0 0 10000.000000
147.989494 0 2 10000.000000
148.079683 0 2 1500.000000
148.155804 0 2 1000000.000000
148.285804 0 3 3000.000000
148.827467 0 1 100000.000000
148.860045 0 2 3000000.000000
148.942206 0 1 1000000.000000
149.754842 0 3 1500.000000
0.392801 1 1 3000000.000000
0.459116 1 1 10000.000000
0.521501 1 1 100000.000000
1.301354 1 3 1500.000000
1.422367 1 0 3000.000000
1.474607 1 3 1000000.000000
1.704240 1 0 10000.000000
1.948894 1 1 4000000.000000
2.218148 1 2 4000000.000000
2.244550 1 3 1500.000000
2.323000 1 3 100000.000000
2.335410 1 1 1500.000000
2.896431 1 0 1500.000000
3.019713 1 0 100000.000000
3.064016 1 3 1500.000000
3.324283 1 1 1500.000000
3.583105 1 1 1500.000000
3.605163 1 3 1500.000000
4.087856 1 3 10000.000000
4.096271 1 0 1500.000000
4.303584 1 1 4000000.000000
4.349321 1 0 1000000.000000
4.577732 1 2 1000000.000000
4.686276 1 0 1000000.000000
4.704388 1 0 1500.000000
4.714285 1 2 1500.000000
5.141916 1 2 1500.000000
5.263284 1 0 20000.000000
5.344991 1 3 3000.000000
5.352503 1 0 1500.000000
5.378226 1 3 4000000.000000
5.446777 1 0 1500.000000
5.487610 1 0 100000.000000
5.766708 1 3 1000000.000000
5.848364 1 1 1500.000000
6.079367 1 2 1500.000000
6.248254 1 2 4000000.000000
6.322149 1 0 1500.000000
6.375931 1 3 3000.000000
6.398159 1 2 3000.000000
7.135637 1 3 3000.000000
7.176583 1 3 1500.000000
7.248283 1 3 1500.000000
7.555425 1 0 100000.000000
7.580126 1 3 1500.000000
7.682576 1 2 1000000.000000
7.748918 1 2 200000.000000
8.406789 1 0 3000000.000000
8.540899 1 1 3000000.000000
8.944488 1 1 200000.000000
9.036055 1 3 1500.000000
9.149694 1 1 200000.000000
9.608909 1 2 1500.000000
9.756116 1 2 1500.000000
9.765599 1 1 4000000.000000
9.821197 1 1 100000.000000
9.899516 1 0 3000000.000000
9.971968 1 2 100000.000000
10.046946 1 0 200000.000000
10.126347 1 3 200000.000000
10.512341 1 2 1500.000000
11.008416 1 3 10000.000000
11.761006 1 3 4000000.000000
11.827084 1 2 1500.000000
11.910584 1 2 20000.000000
11.985378 1 2 1500.000000
12.166750 1 3 4000000.000000
12.398074 1 3 200000.000000
12.878358 1 0 1500.000000
13.021759 1 2 100000.000000
13.043658 1 2 10000.000000
13.326437 1 2 20000.000000
13.335663 1 1 1500.000000
13.556988 1 2 3000.000000
13.604253 1 2 1500.000000
14.042163 1 1 3000.000000
14.066184 1 2 100000.000000
14.747108 1 1 20000.000000
15.052569 1 3 200000.000000
15.339306 1 1 1500.000000
15.389076 1 3 1500.000000
16.022730 1 3 1500.000000
16.124073 1 3 1500.000000
16.502452 1 3 1500.000000
16.547161 1 0 1500.000000
16.582587 1 1 10000.000000
16.954623 1 1 4000000.000000
17.061216 1 0 4000000.000000
17.140402 1 3 1500.000000
17.404154 1 0 3000000.000000
17.726606 1 0 10000.000000
17.947469 1 2 200000.000000
18.181138 1 2 100000.000000
18.274408 1 0 10000.000000
18.434013 1 2 4000000.000000
19.122403 1 3 3000000.000000
19.732693 1 2 3000000.000000
19.803580 1 3 3000000.000000
20.013935 1 1 100000.000000
20.215408 1 1 1500.000000
21.241423 1 0 1500.000000
21.412662 1 3 4000000.000000
21.537085 1 2 1500.000000
21.800580 1 0 200000.000000
22.649176 1 3 2000000.000000
22.747335 1 3 4000000.000000
22.771115 1 1 1500.000000
22.992597 1 2 1500.000000
23.664123 1 0 1500.000000
24.429811 1 1 3000000.000000
24.556380 1 1 4000000.000000
25.599275 1 0 4000000.000000
26.301851 1 3 4000000.000000
26.371832 1 0 1000000.000000
26.668288 1 2 1500.000000
26.706019 1 2 1500.000000
26.752418 1 1 1000000.000000
26.987905 1 0 4000000.000000
27.242586 1 2 200000.000000
27.271625 1 1 1000000.000000
27.953649 1 0 100000.000000
28.006692 1 0 1000000.000000
28.289529 1 2 1500.000000
28.477913 1 1 3000.000000
28.636724 1 2 1000000.000000
28.754963 1 2 4000000.000000
28.872869 1 2 1500.000000
29.299595 1 2 1500.000000
29.667692 1 2 100000.000000
29.740808 1 3 1500.000000
29.746461 1 0 3000000.000000
30.039017 1 3 1500.000000
30.404922 1 3 100000.000000
30.469956 1 1 100000.000000
30.486816 1 3 200000.000000
30.685383 1 2 200000.000000
30.917247 1 3 100000.000000
31.458217 1 1 1500.000000
31.551572 1 2 10000.000000
31.555714 1 1 20000.000000
32.438167 1 0 1500.000000
32.532084 1 3 20000.000000
33.006785 1 1 1000000.000000
33.151597 1 0 2000000.000000
33.229257 1 3 4000000.000000
33.568201 1 1 1500.000000
33.660563 1 1 200000.000000
33.746011 1 1 3000.000000
33.910252 1 0 3000000.000000
34.151983 1 2 20000.000000
34.428416 1 1 2000000.000000
34.733789 1 3 3000.000000
35.278621 1 3 100000.000000
35.372463 1 2 1500.000000
35.385709 1 2 1500.000000
35.403436 1 1 3000000.000000
35.427353 1 2 1500.000000
35.862965 1 0 1500.000000
35.968548 1 1 10000.000000
35.971696 1 0 1000000.000000
36.157463 1 0 20000.000000
36.381247 1 1 1500.000000
36.431543 1 1 1500.000000
37.589936 1 2 4000000.000000
37.761073 1 1 1500.000000
37.774098 1 1 3000000.000000
37.951860 1 0 1500.000000
38.473317 1 2 1500.000000
38.486517 1 0 200000.000000
38.927834 1 1 1500.000000
38.952467 1 0 1500.000000
39.482242 1 0 100000.000000
39.516231 1 3 20000.000000
39.546966 1 3 100000.000000
40.455707 1 1 1500.000000
41.241789 1 2 1500.000000
41.256052 1 0 1000000.000000
41.612993 1 3 1500.000000
41.674947 1 1 10000.000000
41.957009 1 3 1500.000000
42.134199 1 1 1000000.000000
42.159782 1 0 3000.000000
42.182282 1 0 1500.000000
42.319761 1 2 100000.000000
42.517278 1 0 20000.000000
42.919515 1 2 100000.000000
43.206963 1 2 1500.000000
43.250123 1 3 1500.000000
43.356104 1 2 1500.000000
43.371560 1 3 20000.000000
43.629781 1 1 1500.000000
43.645468 1 2 1500.000000
44.098087 1 0 1500.000000
44.270275 1 3 3000.000000
44.354749 1 3 3000000.000000
44.443191 1 0 100000.000000
44.703617 1 2 1000000.000000
44.884832 1 2 10000.000000
45.961255 1 3 1500.000000
46.607765 1 2 1500.000000
46.948853 1 0 20000.000000
47.043037 1 0 200000.000000
47.341108 1 2 1500.000000
47.501187 1 0 1500.000000
47.528783 1 2 200000.000000
47.785011 1 0 4000000.000000
47.849089 1 0 3000000.000000
48.024836 1 1 100000.000000
49.360911 1 0 1500.000000
49.584656 1 2 200000.000000
49.685970 1 2 100000.000000
49.690555 1 3 1500.000000
49.803394 1 2 1000000.000000
50.902051 1 2 20000.000000
51.519845 1 2 3000.000000
51.591300 1 1 10000.000000
51.826273 1 0 100000.000000
52.616548 1 1 10000.000000
53.186513 1 1 4000000.000000
53.444602 1 2 1500.000000
53.600202 1 1 1500.000000
53.958746 1 2 1500.000000
54.048465 1 1 4000000.000000
54.074813 1 2 100000.000000
54.233453 1 3 1500.000000
54.734615 1 0 10000.000000
54.853518 1 2 20000.000000
55.130984 1 1 200000.000000
55.169788 1 2 1500.000000
55.594240 1 2 1500.000000
55.749547 1 3 4000000.000000
55.980660 1 3 1500.000000
56.032220 1 1 1500.000000
56.151517 1 1 100000.000000
56.294010 1 1 3000000.000000
56.816940 1 1 200000.000000
57.412855 1 3 1500.000000
58.418872 1 0 100000.000000
58.456900 1 3 1500.000000
58.794098 1 2 200000.000000
58.976435 1 2 10000.000000
59.026207 1 0 3000.000000
59.358160 1 2 4000000.000000
59.656633 1 0 200000.000000
59.764337 1 1 1500.000000
59.983182 1 1 20000.000000
60.184467 1 3 1500.000000
60.280836 1 0 1500.000000
60.361163 1 0 1500.000000
60.525508 1 3 3000.000000
60.689584 1 2 100000.000000
60.694107 1 0 20000.000000
60.768460 1 0 4000000.000000
61.382725 1 1 4000000.000000
61.578138 1 2 1500.000000
61.589223 1 3 1000000.000000
62.508790 1 2 2000000.000000
63.128410 1 0 200000.000000
63.831794 1 1 200000.000000
63.848393 1 1 1500.000000
64.220149 1 3 100000.000000
64.465900 1 0 1500.000000
64.504790 1 2 100000.000000
64.618353 1 3 1500.000000
64.735456 1 2 100000.000000
64.965461 1 3 1500.000000
64.985308 1 2 100000.000000
65.238654 1 1 1500.000000
65.573248 1 3 2000000.000000
65.647971 1 3 1500.000000
65.650332 1 2 1500.000000
65.721992 1 1 3000000.000000
66.001940 1 1 1500.000000
66.077491 1 1 1000000.000000
66.146473 1 2 3000000.000000
66.417185 1 2 1500.000000
66.452196 1 0 3000000.000000
66.836808 1 0 200000.000000
66.877454 1 2 1500.000000
67.406575 1 0 1500.000000
67.413906 1 1 1500.000000
67.512073 1 1 3000.000000
67.892802 1 3 1500.000000
68.252905 1 2 10000.000000
68.697234 1 2 100000.000000
71.040384 1 0 10000.000000
71.276730 1 3 1000000.000000
71.282845 1 1 1500.000000
71.448141 1 3 3000000.000000
71.648770 1 0 1000000.000000
71.795801 1 0 1500.000000
71.871221 1 2 100000.000000
72.995133 1 0 4000000.000000
73.164435 1 2 4000000.000000
73.366067 1 1 1500.000000
73.525705 1 3 1500.000000
73.704144 1 1 20000.000000
73.745891 1 2 3000000.000000
73.773685 1 0 1500.000000
74.006849 1 3 3000.000000
74.787265 1 2 1500.000000
75.671221 1 2 10000.000000
76.056275 1 0 200000.000000
76.175861 1 2 1500.000000
76.188295 1 1 3000000.000000
76.415823 1 0 1500.000000
76.860380 1 0 20000.000000
76.993967 1 1 1500.000000
77.099135 1 1 3000000.000000
77.246003 1 3 1500.000000
77.246956 1 1 100000.000000
77.610726 1 1 2000000.000000
77.656729 1 3 1500.000000
77.787635 1 3 200000.000000
77.806374 1 0 4000000.000000
77.941246 1 1 4000000.000000
77.950903 1 1 3000000.000000
77.996864 1 3 1000000.000000
78.430090 1 3 200000.000000
78.594126 1 1 10000.000000
79.035445 1 0 10000.000000
79.086286 1 2 100000.000000
79.123556 1 1 1500.000000
79.290667 1 1 3000000.000000
79.418482 1 3 100000.000000
79.499429 1 1 4000000.000000
79.763494 1 3 4000000.000000
79.765027 1 0 1500.000000
79.930789 1 2 1500.000000
80.230008 1 2 200000.000000
80.714329 1 2 10000.000000
81.253443 1 0 1500.000000
82.145738 1 3 1500.000000
82.461800 1 1 2000000.000000
82.965155 1 2 1500.000000
82.971073 1 0 3000000.000000
83.106476 1 1 1500.000000
83.188579 1 3 4000000.000000
83.418941 1 2 1500.000000
83.435630 1 0 100000.000000
83.907285 1 1 10000.000000
84.200780 1 3 1500.000000
84.691285 1 1 1000000.000000
84.712033 1 3 1000000.000000
85.174469 1 2 10000.000000
85.408454 1 2 10000.000000
85.488763 1 0 200000.000000
85.606371 1 0 1500.000000
85.921613 1 2 3000000.000000
85.960110 1 3 1500.000000
86.329969 1 0 1500.000000
87.087606 1 3 1500.000000
87.639709 1 1 3000000.000000
87.668536 1 3 1500.000000
87.801710 1 3 1500.000000
87.951782 1 2 4000000.000000
88.054314 1 2 200000.000000
88.266881 1 1 1500.000000
88.557010 1 0 1000000.000000
88.625649 1 2 1500.000000
88.847734 1 1 2000000.000000
88.975448 1 3 100000.000000
89.067194 1 3 1500.000000
89.315659 1 2 1500.000000
89.368480 1 0 1500.000000
89.565938 1 2 1000000.000000
89.873738 1 0 200000.000000
89.988730 1 2 1500.000000
90.052018 1 3 3000000.000000
90.080878 1 1 1500.000000
90.307534 1 2 1500.000000
90.688423 1 0 10000.000000
90.851227 1 0 4000000.000000
91.041785 1 3 1500.000000
91.281355 1 2 4000000.000000
91.289586 1 3 4000000.000000
91.819368 1 2 1500.000000
91.920233 1 1 1500.000000
92.059083 1 1 1500.000000
92.177734 1 2 1500.000000
92.450699 1 0 1000000.000000
92.526087 1 2 1500.000000
92.629876 1 1 10000.000000
93.120263 1 2 4000000.000000
93.749235 1 3 20000.000000
94.011560 1 0 100000.000000
94.558683 1 3 200000.000000
94.702979 1 1 10000.000000
94.740681 1 1 1500.000000
95.433398 1 0 3000000.000000
95.864130 1 1 200000.000000
95.957527 1 3 3000000.000000
96.339199 1 1 2000000.000000
96.440760 1 0 10000.000000
96.497006 1 0 1500.000000
96.915418 1 3 1000000.000000
97.915510 1 3 3000.000000
98.380205 1 1 3000000.000000
98.765270 1 3 1000000.000000
99.451867 1 2 1500.000000
99.603590 1 2 200000.000000
99.874803 1 3 1500.000000
100.052246 1 2 1500.000000
100.091134 1 1 4000000.000000
100.330030 1 0 4000000.000000
100.597097 1 3 3000.000000
100.633772 1 0 1500.000000
100.859097 1 1 10000.000000
101.164961 1 2 3000000.000000
101.318561 1 3 1500.000000
101.524325 1 0 1500.000000
101.692874 1 3 3000.000000
101.723580 1 0 3000000.000000
101.999899 1 1 3000.000000
102.134761 1 3 1500.000000
102.157009 1 1 1500.000000
103.408847 1 1 2000000.000000
103.518639 1 3 200000.000000
103.643232 1 0 2000000.000000
103.745183 1 2 2000000.000000
103.862519 1 1 1500.000000
104.012968 1 2 3000000.000000
104.050936 1 3 20000.000000
104.212988 1 2 1000000.000000
104.344838 1 0 1500.000000
104.401990 1 0 3000000.000000
104.468501 1 3 2000000.000000
105.751253 1 1 4000000.000000
105.905715 1 3 100000.000000
105.972198 1 3 200000.000000
106.220179 1 1 10000.000000
107.430547 1 0 100000.000000
107.723876 1 1 1500.000000
107.895132 1 1 1500.000000
108.001572 1 3 3000.000000
108.130058 1 2 3000.000000
108.610924 1 1 1500.000000
108.626787 1 1 200000.000000
109.447399 1 3 200000.000000
109.961964 1 2 200000.000000
110.072587 1 0 1500.000000
110.219008 1 1 3000000.000000
110.502232 1 2 10000.000000
110.746483 1 3 1500.000000
110.750948 1 0 1500.000000
110.839007 1 0 1000000.000000
110.849010 1 0 4000000.000000
110.948583 1 3 4000000.000000
111.542056 1 3 1500.000000
111.648162 1 3 3000000.000000
112.412506 1 3 3000.000000
112.794180 1 2 3000.000000
113.052496 1 2 200000.000000
113.088993 1 1 1500.000000
113.780518 1 2 4000000.000000
113.913208 1 2 1000000.000000
114.053384 1 2 1500.000000
114.750024 1 2 4000000.000000
115.147719 1 1 3000000.000000
115.213040 1 3 1500.000000
115.316752 1 0 1000000.000000
115.328814 1 2 1000000.000000
115.750939 1 0 1500.000000
116.116080 1 2 20000.000000
117.216018 1 1 10000.000000
117.422579 1 2 1500.000000
118.647613 1 3 1500.000000
119.526214 1 1 1500.000000
120.270595 1 0 200000.000000
120.325884 1 0 200000.000000
120.384598 1 1 1500.000000
120.518567 1 1 10000.000000
120.919725 1 1 100000.000000
121.588006 1 1 3000000.000000
121.684079 1 0 1500.000000
121.779104 1 3 1500.000000
121.982261 1 3 1500.000000
122.199064 1 1 1500.000000
122.530602 1 2 1500.000000
122.767793 1 3 1500.000000
122.971281 1 1 10000.000000
123.394929 1 3 3000000.000000
123.640441 1 1 100000.000000
123.741466 1 2 1500.000000
123.748064 1 2 4000000.000000
124.460887 1 0 1500.000000
124.482823 1 0 1000000.000000
124.560447 1 0 4000000.000000
124.903909 1 0 200000.000000
124.939045 1 3 1000000.000000
125.121010 1 1 4000000.000000
125.275118 1 1 1500.000000
125.339686 1 3 200000.000000
125.532466 1 0 100000.000000
125.642301 1 2 1000000.000000
125.735276 1 0 1000000.000000
126.098265 1 0 1000000.000000
126.437400 1 0 3000.000000
126.623671 1 0 10000.000000
126.896238 1 3 4000000.000000
127.233782 1 1 1500.000000
127.373405 1 3 1000000.000000
127.522724 1 0 20000.000000
127.524213 1 3 3000.000000
127.882582 1 0 100000.000000
128.312766 1 0 10000.000000
128.383437 1 1 1500.000000
128.813207 1 1 1500.000000
129.317083 1 1 1000000.000000
129.594965 1 2 4000000.000000
129.661468 1 0 4000000.000000
130.558213 1 3 1500.000000
130.842387 1 2 1500.000000
131.168278 1 2 10000.000000
132.269567 1 1 1500.000000
132.712048 1 2 1500.000000
133.185222 1 0 100000.000000
133.249305 1 0 10000.000000
133.347840 1 0 200000.000000
133.714921 1 0 200000.000000
133.811452 1 1 1500.000000
133.819579 1 1 1000000.000000
135.243700 1 2 200000.000000
135.883158 1 3 2000000.000000
136.061329 1 0 1500.000000
136.154084 1 3 3000.000000
136.186127 1 3 1500.000000
136.335711 1 1 1500.000000
136.678224 1 1 1500.000000
136.817007 1 1 1500.000000
137.103662 1 0 20000.000000
137.583308 1 1 1500.000000
137.829464 1 0 3000000.000000
137.901238 1 0 100000.000000
137.960602 1 0 3000.000000
137.967053 1 0 1500.000000
138.252453 1 0 10000.000000
138.472926 1 0 100000.000000
138.554481 1 3 1500.000000
139.041927 1 2 100000.000000
139.360167 1 0 1500.000000
139.577536 1 0 3000.000000
139.636734 1 3 100000.000000
139.811446 1 1 4000000.000000
139.837655 1 0 1500.000000
139.986069 1 3 4000000.000000
140.178133 1 1 100000.000000
140.519117 1 0 1000000.000000
140.545822 1 1 100000.000000
140.574274 1 1 10000.000000
142.019277 1 0 1500.000000
142.132658 1 2 4000000.000000
142.405726 1 2 1500.000000
143.019406 1 3 200000.000000
143.152922 1 1 1500.000000
143.345628 1 1 3000.000000
143.778588 1 3 1500.000000
144.774551 1 1 1500.000000
145.137869 1 2 3000.000000
145.921867 1 3 10000.000000
145.972250 1 1 20000.000000
146.301294 1 2 3000000.000000
146.333790 1 2 3000000.000000
146.848548 1 0 1500.000000
146.881296 1 2 20000.000000
146.946703 1 0 3000000.000000
147.521269 1 3 100000.000000
147.673835 1 3 1500.000000
147.872754 1 1 1500.000000
148.143134 1 3 200000.000000
149.330930 1 0 1000000.000000
149.345085 1 0 1500.000000
149.790152 1 2 3000000.000000
0.144449 2 3 200000.000000
0.197244 2 0 1500.000000
0.438426 2 3 3000000.000000
0.617203 2 1 10000.000000
0.677594 2 3 3000000.000000
0.985333 2 0 1500.000000
1.104584 2 3 1500.000000
1.153845 2 1 3000000.000000
1.333513 2 1 1500.000000
1.461104 2 2 20000.000000
1.747545 2 1 1500.000000
2.134054 2 3 3000.000000
2.639285 2 3 1500.000000
3.410457 2 2 4000000.000000
3.600148 2 3 1500.000000
4.429416 2 1 100000.000000
4.817965 2 1 100000.000000
4.946124 2 1 1000000.000000
5.067917 2 2 100000.000000
5.869617 2 3 200000.000000
5.938626 2 1 100000.000000
5.954613 2 1 3000000.000000
6.032738 2 2 3000000.000000
6.246030 2 0 3000.000000
6.735331 2 2 1000000.000000
6.906736 2 0 1000000.000000
6.936873 2 2 1000000.000000
6.939736 2 0 3000.000000
6.944841 2 3 200000.000000
6.947785 2 1 4000000.000000
7.440840 2 3 1500.000000
7.550840 2 1 4000000.000000
7.723786 2 3 1500.000000
7.792385 2 1 1500.000000
7.947508 2 0 4000000.000000
8.965920 2 2 1000000.000000
9.392444 2 0 1500.000000
9.417412 2 2 1500.000000
9.725537 2 1 3000000.000000
9.781286 2 2 1500.000000
9.894358 2 0 100000.000000
10.676175 2 3 200000.000000
10.983842 2 2 3000000.000000
11.455226 2 0 1500.000000
11.608654 2 2 3000000.000000
11.812783 2 0 3000.000000
11.990608 2 3 200000.000000
12.351711 2 1 1500.000000
12.647033 2 3 100000.000000
14.773803 2 3 3000000.000000
14.774648 2 3 3000000.000000
15.218785 2 0 1500.000000
15.333124 2 1 1500.000000
15.652996 2 2 4000000.000000
15.659789 2 0 1500.000000
15.929007 2 2 1500.000000
16.188489 2 3 1000000.000000
16.247061 2 0 100000.000000
16.384417 2 1 4000000.000000
16.433581 2 3 1500.000000
16.698411 2 2 3000000.000000
16.896519 2 0 3000000.000000
16.995004 2 0 4000000.000000
17.010373 2 0 4000000.000000
17.510060 2 0 1500.000000
17.924874 2 2 1500.000000
18.115272 2 1 4000000.000000
18.204769 2 3 10000.000000
18.344028 2 1 1500.000000
18.756716 2 2 10000.000000
19.780290 2 2 3000000.000000
19.889891 2 3 3000000.000000
20.142155 2 2 1500.000000
20.732314 2 3 3000000.000000
20.913084 2 3 100000.000000
21.280515 2 2 1500.000000
21.459130 2 2 1000000.000000
21.510244 2 3 100000.000000
21.729788 2 3 200000.000000
22.488934 2 2 3000.000000
22.581153 2 2 3000.000000
22.583235 2 0 1500.000000
22.866562 2 0 1500.000000
23.399237 2 3 100000.000000
23.437799 2 1 10000.000000
23.562079 2 3 100000.000000
23.624748 2 1 1500.000000
23.963033 2 0 100000.000000
24.027490 2 1 1500.000000
24.347632 2 2 1500.000000
24.723214 2 3 100000.000000
25.554596 2 2 1500.000000
25.604133 2 2 1000000.000000
25.772914 2 0 200000.000000
25.860682 2 0 3000.000000
26.253035 2 2 1500.000000
26.597245 2 0 1500.000000
27.108851 2 3 1500.000000
27.667305 2 1 4000000.000000
29.049133 2 1 1500.000000
30.307827 2 3 1000000.000000
30.389613 2 1 1000000.000000
31.048302 2 3 200000.000000
31.131884 2 0 20000.000000
31.519495 2 2 200000.000000
31.519738 2 2 1500.000000
31.842236 2 3 1500.000000
31.919297 2 2 20000.000000
31.969301 2 2 4000000.000000
32.258430 2 3 1500.000000
32.405800 2 2 1500.000000
32.767933 2 1 1500.000000
32.843287 2 3 20000.000000
33.131697 2 2 4000000.000000
33.132602 2 2 4000000.000000
33.326426 2 3 3000.000000
33.404035 2 0 4000000.000000
33.409695 2 2 1000000.000000
33.545734 2 3 1500.000000
33.546681 2 1 10000.000000
34.064656 2 0 4000000.000000
34.281593 2 2 1500.000000
34.297899 2 3 2000000.000000
34.583468 2 1 1000000.000000
34.752765 2 3 1500.000000
34.897320 2 0 200000.000000
35.257518 2 2 4000000.000000
35.301997 2 3 200000.000000
35.831708 2 2 1500.000000
35.843827 2 2 10000.000000
35.917323 2 1 1000000.000000
36.325824 2 2 1000000.000000
36.348648 2 3 10000.000000
36.517129 2 1 1000000.000000
36.684215 2 2 1000000.000000
36.824212 2 3 1000000.000000
38.023508 2 1 10000.000000
38.289744 2 2 200000.000000
38.509265 2 1 1500.000000
38.798548 2 2 100000.000000
38.901505 2 3 3000000.000000
39.091462 2 2 4000000.000000
39.137794 2 0 4000000.000000
39.252274 2 3 3000000.000000
39.558085 2 3 1500.000000
39.580786 2 2 1500.000000
39.619182 2 3 100000.000000
39.786578 2 2 1500.000000
39.864299 2 0 1500.000000
39.992294 2 0 3000000.000000
40.154611 2 2 1000000.000000
40.584987 2 1 1500.000000
40.694796 2 0 1500.000000
40.895101 2 0 4000000.000000
41.199531 2 2 100000.000000
41.390470 2 3 1500.000000
41.432245 2 1 1500.000000
41.683142 2 3 1500.000000
41.700003 2 3 1500.000000
41.805634 2 3 100000.000000
41.931876 2 3 3000.000000
42.010613 2 3 4000000.000000
42.290082 2 2 20000.000000
42.439485 2 1 100000.000000
43.001386 2 1 100000.000000
43.098496 2 1 100000.000000
43.684065 2 1 1500.000000
43.776195 2 2 4000000.000000
44.013442 2 1 4000000.000000
44.289759 2 0 100000.000000
44.859865 2 2 10000.000000
44.967720 2 1 3000.000000
45.584057 2 0 20000.000000
45.883523 2 1 200000.000000
46.072645 2 2 1000000.000000
46.091354 2 3 200000.000000
46.166711 2 2 10000.000000
46.362588 2 0 200000.000000
46.731439 2 0 1500.000000
46.820740 2 0 1500.000000
47.155757 2 0 1000000.000000
47.474910 2 0 200000.000000
47.489958 2 0 1500.000000
48.303563 2 3 200000.000000
48.625594 2 1 100000.000000
48.645555 2 1 200000.000000
48.778538 2 2 10000.000000
49.746966 2 3 1500.000000
50.378248 2 2 1500.000000
50.556615 2 3 1500.000000
50.608556 2 0 100000.000000
50.828604 2 1 1500.000000
51.304893 2 0 20000.000000
51.356945 2 0 3000.000000
51.601307 2 0 1500.000000
51.774421 2 1 1500.000000
51.967459 2 1 100000.000000
52.263286 2 1 1000000.000000
52.337749 2 0 1000000.000000
52.621137 2 3 3000000.000000
52.819920 2 0 1500.000000
52.965057 2 1 3000000.000000
53.044994 2 2 1500.000000
53.448690 2 2 3000.000000
53.657570 2 0 1500.000000
54.241431 2 0 1500.000000
54.639144 2 3 10000.000000
54.867293 2 3 1000000.000000
55.409734 2 3 1500.000000
55.462935 2 0 1000000.000000
55.893798 2 3 3000.000000
56.090815 2 3 10000.000000
56.290238 2 3 10000.000000
56.364629 2 2 200000.000000
56.601863 2 2 1500.000000
56.615856 2 0 100000.000000
56.686881 2 1 1500.000000
57.177068 2 1 200000.000000
57.468790 2 1 3000000.000000
57.538578 2 3 1500.000000
57.754915 2 0 200000.000000
57.786011 2 2 1000000.000000
57.805624 2 1 1000000.000000
58.164725 2 3 1500.000000
58.670501 2 1 200000.000000
58.693429 2 0 100000.000000
58.705272 2 0 1500.000000
58.743142 2 1 10000.000000
58.871553 2 0 1000000.000000
58.903658 2 2 1000000.000000
60.729639 2 1 1000000.000000
60.869431 2 1 20000.000000
60.910504 2 0 1000000.000000
60.966202 2 2 1500.000000
61.188755 2 2 200000.000000
61.235033 2 3 200000.000000
61.379970 2 1 10000.000000
61.460155 2 2 4000000.000000
61.738573 2 3 4000000.000000
61.837987 2 3 1500.000000
62.146908 2 0 1500.000000
62.183961 2 0 100000.000000
62.375413 2 2 10000.000000
62.476049 2 0 20000.000000
62.899043 2 2 1500.000000
62.962081 2 1 100000.000000
62.967581 2 1 1500.000000
63.296185 2 2 1000000.000000
63.321413 2 1 200000.000000
63.778311 2 0 100000.000000
63.827188 2 3 4000000.000000
63.963944 2 1 1500.000000
64.425879 2 1 1000000.000000
64.429451 2 3 100000.000000
64.904767 2 0 1500.000000
65.036446 2 0 1000000.000000
65.414743 2 1 3000000.000000
65.559366 2 1 100000.000000
66.198050 2 2 10000.000000
66.364211 2 2 100000.000000
66.798054 2 3 1500.000000
67.046818 2 0 1500.000000
67.124943 2 2 100000.000000
67.139311 2 3 3000000.000000
67.140424 2 3 1500.000000
67.981908 2 2 200000.000000
68.602384 2 2 1000000.000000
68.614497 2 3 3000.000000
68.953455 2 3 100000.000000
69.103633 2 3 1500.000000
69.186760 2 0 3000000.000000
69.278831 2 0 3000000.000000
69.287007 2 0 3000000.000000
69.294571 2 0 1500.000000
69.475063 2 2 4000000.000000
69.813082 2 3 10000.000000
70.067659 2 3 1500.000000
70.903082 2 3 200000.000000
71.008838 2 1 1000000.000000
71.064604 2 1 1500.000000
71.268951 2 1 1500.000000
71.284424 2 3 4000000.000000
71.723998 2 3 100000.000000
72.154258 2 3 1500.000000
72.328998 2 0 1500.000000
72.903883 2 3 3000.000000
72.934600 2 2 3000000.000000
73.014156 2 1 4000000.000000
73.618973 2 1 200000.000000
73.704609 2 0 4000000.000000
74.241819 2 1 200000.000000
74.322700 2 1 1000000.000000
75.068930 2 2 3000.000000
75.074073 2 1 1500.000000
75.563301 2 2 10000.000000
76.400668 2 1 100000.000000
77.202036 2 2 4000000.000000
77.594018 2 3 3000000.000000
77.663853 2 3 3000000.000000
77.752431 2 0 100000.000000
77.868486 2 0 1500.000000
78.023158 2 0 20000.000000
78.165407 2 3 200000.000000
78.194775 2 0 1500.000000
78.940576 2 3 1500.000000
79.094038 2 3 3000.000000
79.514965 2 0 20000.000000
80.333740 2 0 100000.000000
80.558862 2 1 1500.000000
80.630001 2 3 100000.000000
80.908556 2 0 1500.000000
80.909294 2 3 100000.000000
81.098538 2 0 200000.000000
81.433400 2 0 3000.000000
81.710789 2 0 4000000.000000
81.718107 2 3 3000000.000000
81.874751 2 0 4000000.000000
82.168763 2 3 4000000.000000
82.443836 2 0 1500.000000
82.528612 2 3 3000.000000
82.735891 2 1 1500.000000
83.251299 2 0 200000.000000
83.539649 2 3 3000000.000000
83.769088 2 0 1500.000000
84.003379 2 3 4000000.000000
84.408602 2 1 4000000.000000
85.416292 2 3 1500.000000
85.475797 2 2 10000.000000
85.998629 2 3 4000000.000000
86.354348 2 3 3000000.000000
86.430816 2 2 1500.000000
86.520517 2 0 4000000.000000
87.025890 2 1 100000.000000
87.292941 2 1 1500.000000
87.580181 2 0 1500.000000
87.583265 2 2 1500.000000
87.882674 2 3 1500.000000
87.953806 2 2 3000000.000000
87.977997 2 3 100000.000000
88.378382 2 3 3000.000000
88.464009 2 2 20000.000000
89.269871 2 2 1500.000000
89.290272 2 1 20000.000000
89.314750 2 2 1500.000000
89.732612 2 2 10000.000000
89.804830 2 3 3000000.000000
90.353569 2 0 1500.000000
90.382359 2 3 100000.000000
90.521769 2 0 1000000.000000
90.619837 2 3 20000.000000
90.828932 2 1 200000.000000
91.310639 2 1 4000000.000000
91.958880 2 0 1500.000000
92.144658 2 2 1500.000000
92.187690 2 2 200000.000000
92.500599 2 2 3000000.000000
92.573116 2 2 10000.000000
92.588931 2 3 3000.000000
92.969864 2 0 20000.000000
93.187436 2 3 1500.000000
93.525772 2 2 1500.000000
94.536884 2 2 200000.000000
94.966654 2 3 20000.000000
95.171724 2 0 4000000.000000
95.525839 2 2 200000.000000
95.891048 2 3 20000.000000
96.543537 2 1 1500.000000
96.641124 2 3 20000.000000
96.748349 2 3 1500.000000
97.051647 2 0 100000.000000
97.167664 2 3 1500.000000
97.174077 2 3 1500.000000
97.233829 2 2 3000000.000000
97.517256 2 1 1500.000000
98.077030 2 3 10000.000000
98.704722 2 0 1500.000000
98.874679 2 0 1500.000000
99.144645 2 0 1500.000000
99.262808 2 0 1000000.000000
99.885862 2 2 3000000.000000
100.448736 2 3 100000.000000
100.588311 2 1 200000.000000
100.733244 2 1 1500.000000
100.793643 2 1 200000.000000
100.961906 2 2 1500.000000
101.481582 2 2 1000000.000000
101.614379 2 0 1500.000000
101.639579 2 3 100000.000000
101.868897 2 3 3000000.000000
101.913233 2 1 1500.000000
102.397045 2 2 20000.000000
103.614435 2 0 20000.000000
104.204495 2 1 100000.000000
104.225880 2 1 200000.000000
104.503426 2 0 200000.000000
104.601102 2 0 1000000.000000
105.302596 2 0 3000000.000000
105.492432 2 0 100000.000000
105.647328 2 2 200000.000000
105.860139 2 1 4000000.000000
106.152201 2 3 1500.000000
106.475288 2 1 4000000.000000
106.777577 2 1 1500.000000
106.845895 2 3 1000000.000000
106.916778 2 2 1500.000000
107.128545 2 3 3000.000000
107.477172 2 2 1000000.000000
107.576708 2 2 1500.000000
107.641374 2 3 20000.000000
107.819907 2 1 1500.000000
108.698970 2 2 1500.000000
108.875911 2 3 3000000.000000
108.910834 2 2 2000000.000000
109.207201 2 3 100000.000000
109.311189 2 0 1500.000000
109.393241 2 0 3000000.000000
109.843754 2 0 1000000.000000
110.020722 2 0 100000.000000
110.225411 2 3 10000.000000
110.247905 2 3 10000.000000
110.409470 2 3 3000.000000
110.870054 2 1 3000000.000000
111.755204 2 2 1000000.000000
111.799316 2 1 10000.000000
112.054982 2 2 1500.000000
112.482615 2 1 3000000.000000
112.940515 2 3 1500.000000
112.955686 2 2 1500.000000
112.992128 2 3 1500.000000
113.196881 2 2 1000000.000000
113.251263 2 1 1500.000000
113.388745 2 3 1500.000000
113.679843 2 1 20000.000000
113.689074 2 0 1500.000000
113.960967 2 2 1500.000000
113.996220 2 1 100000.000000
114.191530 2 1 1000000.000000
114.442945 2 0 1000000.000000
114.779647 2 1 200000.000000
114.944044 2 1 1500.000000
116.121283 2 0 1500.000000
116.275773 2 3 1500.000000
116.589980 2 2 1500.000000
116.766952 2 1 1500.000000
116.917470 2 2 3000.000000
117.474941 2 0 1500.000000
117.572710 2 3 10000.000000
117.699256 2 1 3000000.000000
118.036957 2 3 3000000.000000
118.053638 2 0 1500.000000
118.075917 2 0 1500.000000
118.123476 2 0 1500.000000
118.287164 2 3 1500.000000
119.066714 2 1 1500.000000
119.109302 2 1 1500.000000
119.115973 2 3 3000000.000000
119.183782 2 0 3000.000000
119.219860 2 1 200000.000000
119.644382 2 3 100000.000000
119.821616 2 3 3000000.000000
120.104698 2 2 1500.000000
120.144997 2 0 200000.000000
120.170523 2 0 3000.000000
120.222931 2 1 4000000.000000
120.644119 2 3 3000.000000
121.251043 2 1 1500.000000
121.456510 2 2 1500.000000
121.536296 2 2 1500.000000
121.569018 2 1 1500.000000
121.628073 2 1 100000.000000
121.813169 2 2 1500.000000
122.029241 2 0 1000000.000000
122.188014 2 2 3000000.000000
122.560584 2 1 3000000.000000
122.596306 2 0 1000000.000000
122.653595 2 2 3000000.000000
122.823329 2 0 1500.000000
123.132623 2 0 4000000.000000
123.245893 2 1 1500.000000
123.516365 2 0 1500.000000
124.047760 2 3 1500.000000
124.539242 2 0 200000.000000
124.721668 2 3 1500.000000
124.848474 2 3 1500.000000
125.084456 2 2 4000000.000000
125.134656 2 3 1500.000000
125.197121 2 1 100000.000000
125.312751 2 2 10000.000000
126.036233 2 1 10000.000000
126.091991 2 1 10000.000000
126.096774 2 0 1500.000000
126.208877 2 0 100000.000000
126.635133 2 2 3000.000000
126.963114 2 1 1000000.000000
127.258929 2 1 3000000.000000
127.268243 2 0 3000.000000
127.579248 2 2 200000.000000
127.796924 2 2 1000000.000000
127.974208 2 3 100000.000000
127.984217 2 2 100000.000000
128.019569 2 1 1500.000000
128.238676 2 1 1500.000000
128.602318 2 1 2000000.000000
128.866211 2 2 2000000.000000
128.905338 2 3 1500.000000
128.991486 2 0 10000.000000
129.041707 2 2 1500.000000
129.419131 2 3 3000000.000000
129.620269 2 0 4000000.000000
129.636913 2 0 10000.000000
129.850823 2 1 1000000.000000
129.885128 2 2 100000.000000
130.038086 2 1 1500.000000
130.147876 2 1 1500.000000
130.385375 2 1 1500.000000
130.746430 2 1 3000000.000000
130.816544 2 1 3000.000000
131.040750 2 1 1500.000000
131.333146 2 1 3000000.000000
132.108450 2 1 4000000.000000
132.114926 2 2 1500.000000
132.659584 2 3 200000.000000
132.854206 2 2 3000000.000000
132.963156 2 2 3000.000000
133.272000 2 3 200000.000000
133.398860 2 1 1500.000000
133.511157 2 3 1500.000000
133.748414 2 1 1500.000000
134.164845 2 0 3000000.000000
134.201538 2 0 1500.000000
134.635341 2 2 4000000.000000
135.110889 2 0 100000.000000
135.154315 2 3 3000000.000000
135.371742 2 1 1500.000000
135.881951 2 1 3000.000000
135.936688 2 1 1500.000000
136.092613 2 1 2000000.000000
136.810906 2 1 1500.000000
136.871073 2 3 3000000.000000
136.881242 2 2 10000.000000
137.027802 2 1 1500.000000
137.893766 2 0 4000000.000000
138.303051 2 3 200000.000000
138.472911 2 0 10000.000000
138.645026 2 3 1500.000000
138.714524 2 0 1500.000000
138.737962 2 1 20000.000000
139.056646 2 0 2000000.000000
139.289719 2 3 1500.000000
139.493474 2 1 100000.000000
139.583541 2 1 1000000.000000
139.607436 2 0 1500.000000
139.756378 2 2 200000.000000
140.021647 2 1 1500.000000
140.336606 2 0 4000000.000000
140.796775 2 1 1500.000000
140.953302 2 3 1500.000000
141.034788 2 2 1500.000000
141.438705 2 2 200000.000000
142.021158 2 1 10000.000000
142.499329 2 3 1500.000000
143.536086 2 3 1000000.000000
143.617392 2 3 1500.000000
144.024094 2 1 3000000.000000
144.092411 2 1 3000.000000
144.949428 2 2 3000000.000000
144.982447 2 0 1500.000000
145.710757 2 0 1500.000000
146.038430 2 0 1500.000000
146.137519 2 1 1500.000000
146.372011 2 2 1500.000000
146.386788 2 3 3000000.000000
146.557569 2 3 20000.000000
146.703148 2 0 4000000.000000
146.877210 2 0 10000.000000
148.067600 2 2 3000.000000
148.132372 2 3 1500.000000
148.150987 2 1 4000000.000000
148.199519 2 1 200000.000000
148.350418 2 0 3000000.000000
148.392464 2 1 4000000.000000
148.801073 2 1 1500.000000
149.058221 2 2 1500.000000
149.774332 2 0 3000000.000000
149.815540 2 3 1500.000000
149.873308 2 3 10000.000000
0.115139 3 3 3000000.000000
0.318034 3 3 4000000.000000
0.671186 3 0 4000000.000000
0.753136 3 3 100000.000000
0.786170 3 0 1500.000000
1.350364 3 0 3000.000000
1.488449 3 3 1500.000000
1.812823 3 2 1500.000000
1.830518 3 0 1500.000000
1.909852 3 3 4000000.000000
1.965425 3 2 1500.000000
2.207934 3 2 1500.000000
2.381638 3 1 1500.000000
2.654638 3 2 3000.000000
3.170765 3 0 1500.000000
3.269335 3 2 4000000.000000
3.503924 3 0 200000.000000
3.573495 3 2 1500.000000
3.704597 3 0 1000000.000000
3.772505 3 1 100000.000000
3.954560 3 0 200000.000000
4.107949 3 1 4000000.000000
4.158789 3 3 1500.000000
4.647723 3 0 200000.000000
4.657571 3 2 3000000.000000
4.764039 3 0 3000000.000000
4.818991 3 3 4000000.000000
4.850997 3 0 4000000.000000
4.964955 3 1 1500.000000
5.027320 3 1 1500.000000
5.687113 3 1 1500.000000
5.770648 3 2 1500.000000
5.991612 3 1 1500.000000
6.111077 3 2 4000000.000000
6.143224 3 2 1500.000000
6.182182 3 3 3000000.000000
6.320394 3 0 1500.000000
6.335688 3 2 100000.000000
6.391743 3 3 1500.000000
6.453487 3 2 4000000.000000
6.889691 3 1 3000.000000
7.043459 3 2 1500.000000
7.292441 3 1 1000000.000000
7.500473 3 0 1500.000000
7.515172 3 2 1500.000000
7.919768 3 0 1500.000000
8.332345 3 2 200000.000000
8.490284 3 0 3000000.000000
8.702783 3 3 1000000.000000
9.552940 3 1 1500.000000
9.589920 3 1 3000.000000
9.976757 3 0 20000.000000
10.178174 3 0 4000000.000000
10.928858 3 1 1000000.000000
11.205834 3 0 1500.000000
11.394989 3 2 3000.000000
11.562129 3 2 100000.000000
11.661805 3 1 20000.000000
11.782644 3 3 4000000.000000
11.837025 3 2 1000000.000000
12.574271 3 3 100000.000000
12.577328 3 0 3000000.000000
13.375765 3 1 1500.000000
14.103702 3 1 200000.000000
14.248382 3 3 100000.000000
14.361850 3 1 3000000.000000
14.454237 3 3 1500.000000
14.551417 3 3 3000.000000
14.810012 3 3 3000000.000000
15.528798 3 3 1000000.000000
15.742601 3 0 3000000.000000
15.749440 3 0 2000000.000000
16.027453 3 2 200000.000000
17.205159 3 2 1500.000000
17.398799 3 3 3000000.000000
18.100065 3 3 4000000.000000
18.183049 3 3 3000.000000
18.320572 3 0 2000000.000000
18.446592 3 0 100000.000000
18.564617 3 0 1000000.000000
19.082512 3 3 3000000.000000
19.135609 3 1 1500.000000
19.587894 3 3 4000000.000000
19.801324 3 2 3000000.000000
19.942637 3 0 1500.000000
20.119430 3 2 1500.000000
20.152928 3 3 1000000.000000
20.323835 3 0 4000000.000000
20.698285 3 0 100000.000000
20.851264 3 2 20000.000000
21.003119 3 3 200000.000000
21.044335 3 1 4000000.000000
21.172356 3 1 1500.000000
21.229798 3 2 1500.000000
21.242086 3 2 1000000.000000
21.448814 3 1 3000.000000
21.452798 3 3 1500.000000
21.735999 3 0 3000000.000000
21.898183 3 2 10000.000000
22.004183 3 1 20000.000000
22.079793 3 0 1500.000000
22.681562 3 0 1500.000000
23.438760 3 1 2000000.000000
23.470564 3 0 10000.000000
23.497695 3 2 1500.000000
23.549604 3 0 3000000.000000
23.723619 3 0 3000.000000
23.876386 3 3 20000.000000
23.907793 3 3 1500.000000
24.147702 3 2 4000000.000000
24.272151 3 3 1500.000000
24.330238 3 0 4000000.000000
24.758533 3 2 1500.000000
25.384441 3 1 100000.000000
25.818423 3 3 1500.000000
25.831985 3 0 2000000.000000
26.021590 3 1 100000.000000
26.033251 3 2 1500.000000
26.208527 3 0 20000.000000
26.430033 3 0 1000000.000000
26.547188 3 0 1500.000000
26.742232 3 0 1500.000000
26.994313 3 3 1500.000000
27.294956 3 1 100000.000000
27.503115 3 1 4000000.000000
27.516488 3 0 1500.000000
27.548863 3 0 3000.000000
27.925609 3 3 200000.000000
27.949125 3 1 200000.000000
28.350839 3 3 3000000.000000
28.509650 3 3 1500.000000
29.068826 3 3 1500.000000
29.212086 3 3 1500.000000
29.351423 3 0 2000000.000000
29.393645 3 3 100000.000000
30.703346 3 2 3000000.000000
30.886480 3 1 1000000.000000
31.044837 3 0 100000.000000
31.223225 3 1 3000000.000000
31.753544 3 3 200000.000000
32.012010 3 1 1500.000000
32.021723 3 3 1500.000000
32.059154 3 0 100000.000000
32.308956 3 0 1500.000000
32.643953 3 3 1500.000000
32.937550 3 1 4000000.000000
33.169465 3 3 1500.000000
34.138509 3 0 3000000.000000
34.568372 3 1 1500.000000
34.771068 3 2 10000.000000
34.941537 3 0 1000000.000000
36.726995 3 3 3000000.000000
37.152173 3 2 4000000.000000
37.329927 3 2 4000000.000000
37.357264 3 1 4000000.000000
37.572731 3 2 1500.000000
37.573623 3 1 3000000.000000
37.673329 3 0 1500.000000
37.684151 3 3 10000.000000
38.403430 3 2 200000.000000
38.416845 3 3 10000.000000
38.524942 3 2 10000.000000
38.568343 3 3 3000.000000
38.656298 3 1 100000.000000
38.885093 3 2 100000.000000
39.074424 3 0 3000000.000000
39.212286 3 3 1500.000000
39.261588 3 0 3000000.000000
39.638107 3 3 100000.000000
39.735075 3 0 1500.000000
39.883695 3 0 1500.000000
39.944465 3 2 200000.000000
40.198251 3 3 1000000.000000
40.413937 3 2 1000000.000000
40.445177 3 2 1500.000000
40.861059 3 2 1000000.000000
41.136263 3 3 4000000.000000
41.160174 3 0 1500.000000
42.215974 3 2 100000.000000
42.306185 3 2 10000.000000
42.465700 3 0 1500.000000
42.481788 3 2 3000.000000
42.857739 3 2 10000.000000
42.929581 3 0 10000.000000
43.242905 3 2 100000.000000
43.792777 3 1 10000.000000
43.809665 3 3 100000.000000
44.168480 3 0 200000.000000
44.303494 3 2 10000.000000
44.535350 3 2 100000.000000
44.805302 3 3 1000000.000000
45.136371 3 2 3000000.000000
45.538368 3 0 1500.000000
45.710626 3 1 100000.000000
45.790226 3 0 20000.000000
46.359996 3 2 1500.000000
46.372189 3 2 1500.000000
46.790245 3 0 10000.000000
46.956743 3 3 10000.000000
47.193198 3 1 200000.000000
47.270820 3 2 3000000.000000
47.740438 3 0 3000.000000
47.766646 3 1 2000000.000000
48.049899 3 0 3000000.000000
48.544888 3 2 3000.000000
48.762545 3 0 4000000.000000
48.987408 3 2 1500.000000
49.110427 3 0 1500.000000
49.520072 3 1 10000.000000
49.556370 3 0 200000.000000
49.597387 3 0 1500.000000
49.642049 3 3 1500.000000
50.127252 3 3 200000.000000
50.562655 3 2 3000000.000000
50.614237 3 0 1500.000000
50.640306 3 0 200000.000000
51.820105 3 1 1000000.000000
52.299631 3 0 1500.000000
52.523384 3 0 100000.000000
52.588377 3 2 3000000.000000
52.929892 3 3 1500.000000
53.142969 3 0 100000.000000
53.573310 3 1 1500.000000
53.767132 3 0 20000.000000
54.332335 3 1 1500.000000
54.620074 3 0 100000.000000
55.087766 3 3 1500.000000
55.127687 3 0 1500.000000
55.164718 3 3 100000.000000
55.477058 3 0 20000.000000
55.562845 3 2 200000.000000
55.897804 3 2 1500.000000
56.273909 3 0 200000.000000
56.428609 3 2 100000.000000
56.930490 3 2 1500.000000
57.042286 3 3 100000.000000
57.203069 3 3 1000000.000000
57.215399 3 3 3000000.000000
57.247597 3 3 4000000.000000
57.486589 3 3 1500.000000
57.815100 3 3 100000.000000
57.953083 3 1 1000000.000000
58.591411 3 3 10000.000000
58.799854 3 0 100000.000000
58.933033 3 0 1500.000000
59.069055 3 1 200000.000000
59.316370 3 1 1500.000000
59.391372 3 1 1000000.000000
59.715051 3 1 1500.000000
59.862564 3 2 20000.000000
60.066826 3 1 1000000.000000
60.376037 3 1 1500.000000
60.478751 3 0 1500.000000
60.929672 3 1 10000.000000
61.113713 3 3 1500.000000
61.374445 3 3 4000000.000000
61.495003 3 3 200000.000000
61.564643 3 1 200000.000000
61.958947 3 2 1000000.000000
62.836384 3 0 200000.000000
63.153338 3 3 3000000.000000
63.346408 3 0 1000000.000000
63.716774 3 1 20000.000000
64.001396 3 2 3000000.000000
64.461879 3 2 3000000.000000
64.485143 3 3 4000000.000000
64.579391 3 2 4000000.000000
65.273310 3 3 1500.000000
65.452371 3 1 4000000.000000
65.954009 3 2 3000000.000000
66.236566 3 0 1500.000000
66.257159 3 3 1500.000000
66.678835 3 3 100000.000000
66.983664 3 2 1500.000000
67.624127 3 3 100000.000000
68.099199 3 0 200000.000000
68.149310 3 1 1000000.000000
68.324985 3 2 10000.000000
68.506057 3 2 10000.000000
68.548101 3 1 3000000.000000
68.647521 3 2 1500.000000
68.726800 3 3 3000000.000000
68.795210 3 1 1500.000000
69.120536 3 3 3000000.000000
69.394804 3 3 100000.000000
69.959864 3 2 1500.000000
69.968393 3 0 1500.000000
70.007564 3 0 1500.000000
70.114541 3 3 200000.000000
70.284687 3 0 10000.000000
70.457472 3 1 100000.000000
70.600235 3 0 1500.000000
70.636730 3 1 4000000.000000
70.716660 3 1 100000.000000
70.936755 3 3 4000000.000000
71.098138 3 0 200000.000000
71.168164 3 3 1000000.000000
71.613082 3 2 10000.000000
72.118061 3 2 1500.000000
72.491314 3 2 3000000.000000
72.878579 3 3 200000.000000
72.925995 3 2 1500.000000
73.094381 3 2 1500.000000
73.359491 3 2 3000.000000
73.642415 3 0 1500.000000
73.828860 3 3 200000.000000
73.986384 3 3 3000.000000
74.859203 3 0 1500.000000
74.882270 3 2 3000000.000000
74.897221 3 0 3000000.000000
75.429780 3 0 1000000.000000
76.116932 3 3 200000.000000
76.342443 3 3 200000.000000
76.659328 3 3 1500.000000
76.915220 3 2 4000000.000000
77.742179 3 0 10000.000000
78.136985 3 1 4000000.000000
78.327679 3 1 3000000.000000
78.417070 3 0 20000.000000
78.902705 3 1 100000.000000
78.908074 3 3 1500.000000
78.955041 3 2 1000000.000000
79.212093 3 0 100000.000000
79.327164 3 3 3000000.000000
79.614642 3 0 3000000.000000
79.711708 3 0 1500.000000
80.277522 3 3 1500.000000
80.855612 3 3 1500.000000
81.089001 3 0 1500.000000
81.147596 3 0 100000.000000
81.213546 3 3 1500.000000
81.262515 3 0 1500.000000
81.868365 3 2 1500.000000
81.947250 3 1 3000000.000000
82.597063 3 2 1500.000000
82.821964 3 3 200000.000000
82.937238 3 3 1500.000000
82.967413 3 3 1500.000000
83.161182 3 0 10000.000000
83.284816 3 2 200000.000000
83.383188 3 1 1000000.000000
83.563306 3 1 4000000.000000
83.605007 3 1 1500.000000
83.734232 3 3 1000000.000000
84.219923 3 3 3000.000000
84.614320 3 0 100000.000000
84.663961 3 0 2000000.000000
84.759999 3 0 1500.000000
84.906887 3 2 200000.000000
85.120786 3 1 3000000.000000
85.923508 3 3 1000000.000000
86.856629 3 1 100000.000000
86.918695 3 1 3000000.000000
87.029369 3 3 1500.000000
87.819616 3 3 3000.000000
87.990806 3 3 1000000.000000
88.035974 3 0 1500.000000
88.216843 3 1 1500.000000
88.520968 3 1 3000000.000000
88.631078 3 3 1500.000000
88.703555 3 0 1000000.000000
88.958805 3 0 3000.000000
89.159248 3 3 20000.000000
89.814450 3 2 200000.000000
89.861353 3 1 100000.000000
90.046449 3 2 1500.000000
90.343507 3 3 4000000.000000
90.351867 3 3 1500.000000
90.537765 3 1 3000000.000000
90.714795 3 3 1500.000000
91.303637 3 0 200000.000000
91.865088 3 1 10000.000000
92.044342 3 2 1500.000000
92.315219 3 1 2000000.000000
92.407762 3 3 4000000.000000
92.710611 3 1 1500.000000
92.775204 3 3 1500.000000
92.839061 3 3 1500.000000
92.877396 3 1 4000000.000000
92.877520 3 1 3000000.000000
92.945466 3 1 1500.000000
93.124909 3 2 3000000.000000
93.234348 3 3 100000.000000
93.300791 3 2 1500.000000
94.313000 3 0 3000000.000000
94.391665 3 1 1000000.000000
94.685533 3 3 3000000.000000
94.903457 3 0 200000.000000
94.945274 3 1 1500.000000
95.023200 3 1 1500.000000
95.038793 3 2 10000.000000
95.284032 3 0 3000000.000000
95.357147 3 3 1500.000000
95.377939 3 1 20000.000000
95.925499 3 2 3000000.000000
96.179917 3 2 1000000.000000
96.360756 3 1 1500.000000
97.055732 3 0 1500.000000
97.129659 3 3 1000000.000000
97.191423 3 1 3000000.000000
97.345954 3 3 1500.000000
97.445081 3 0 100000.000000
97.495127 3 1 3000000.000000
97.748593 3 0 1500.000000
97.857043 3 2 1500.000000
97.862538 3 3 1500.000000
97.889875 3 0 3000.000000
98.112552 3 3 20000.000000
98.409496 3 0 1500.000000
98.565978 3 0 1500.000000
98.857304 3 2 3000000.000000
99.046614 3 1 4000000.000000
99.625040 3 3 1500.000000
99.878514 3 0 100000.000000
100.081803 3 0 1500.000000
100.264396 3 2 100000.000000
100.545227 3 0 100000.000000
100.735755 3 2 1500.000000
100.953789 3 2 3000000.000000
100.958146 3 0 1500.000000
101.086185 3 0 1000000.000000
101.496957 3 2 3000000.000000
101.521945 3 3 1500.000000
101.604830 3 3 1000000.000000
101.895037 3 1 2000000.000000
101.925868 3 1 100000.000000
103.913316 3 2 200000.000000
104.376191 3 2 3000.000000
104.797531 3 1 4000000.000000
104.808774 3 0 1500.000000
105.422194 3 1 3000000.000000
105.820198 3 1 1000000.000000
105.945840 3 0 10000.000000
106.016623 3 3 1500.000000
106.159805 3 2 4000000.000000
106.481947 3 3 3000000.000000
106.787048 3 2 1500.000000
106.848758 3 2 3000000.000000
106.874344 3 2 100000.000000
107.120311 3 1 1500.000000
107.634238 3 1 200000.000000
107.680421 3 2 100000.000000
108.317823 3 2 3000000.000000
108.488928 3 1 1000000.000000
108.698334 3 0 3000000.000000
109.046165 3 0 3000.000000
109.552875 3 3 10000.000000
109.676127 3 2 1000000.000000
109.703584 3 2 1500.000000
109.718378 3 1 200000.000000
110.786838 3 0 1500.000000
111.007036 3 3 4000000.000000
111.374640 3 2 1000000.000000
111.388466 3 1 200000.000000
111.934311 3 3 3000.000000
112.573204 3 0 1500.000000
112.603262 3 1 1500.000000
112.608084 3 0 10000.000000
112.760523 3 0 1500.000000
112.988008 3 2 3000.000000
113.099545 3 2 2000000.000000
113.230963 3 1 1500.000000
113.286491 3 1 3000.000000
113.342033 3 0 200000.000000
113.964373 3 1 1000000.000000
114.185080 3 3 3000000.000000
114.566317 3 3 3000000.000000
114.794519 3 0 1500.000000
115.182209 3 0 100000.000000
115.498392 3 2 1500.000000
115.566971 3 0 100000.000000
115.705528 3 0 20000.000000
115.717626 3 2 4000000.000000
116.660170 3 1 1500.000000
116.746185 3 2 1500.000000
116.931350 3 2 200000.000000
117.042653 3 2 1500.000000
117.395372 3 2 1500.000000
117.476269 3 2 1500.000000
117.831245 3 2 3000.000000
117.898465 3 1 1000000.000000
117.932057 3 1 1500.000000
118.483253 3 0 10000.000000
118.521201 3 1 3000.000000
118.563353 3 3 1000000.000000
118.585961 3 0 10000.000000
118.964749 3 3 1500.000000
119.227153 3 0 20000.000000
119.379809 3 1 3000000.000000
120.081811 3 3 200000.000000
120.569256 3 1 3000.000000
121.032939 3 1 100000.000000
121.405661 3 0 1500.000000
121.913122 3 3 1500.000000
122.318528 3 2 1500.000000
122.767845 3 2 200000.000000
123.355523 3 3 1500.000000
123.453648 3 3 1500.000000
123.735578 3 0 10000.000000
124.048157 3 0 1500.000000
124.346223 3 1 100000.000000
124.769879 3 2 20000.000000
125.672315 3 1 4000000.000000
126.095512 3 1 1500.000000
126.148146 3 0 1500.000000
126.700110 3 2 4000000.000000
126.746883 3 1 3000000.000000
127.445804 3 1 3000.000000
127.649776 3 3 3000000.000000
128.379225 3 3 4000000.000000
128.437344 3 1 1500.000000
128.929188 3 1 100000.000000
129.002962 3 0 4000000.000000
129.040688 3 1 1500.000000
129.270435 3 1 10000.000000
129.297275 3 0 1500.000000
129.304522 3 2 2000000.000000
130.010739 3 2 1500.000000
130.064638 3 2 1500.000000
130.281482 3 1 1500.000000
130.284836 3 3 1500.000000
130.285177 3 0 3000.000000
130.569982 3 3 1000000.000000
130.734226 3 1 1500.000000
131.058237 3 1 1500.000000
131.241666 3 0 1500.000000
131.372885 3 2 1000000.000000
131.644941 3 3 1500.000000
131.745271 3 1 100000.000000
131.854754 3 0 200000.000000
131.997970 3 2 10000.000000
132.489895 3 1 4000000.000000
132.790408 3 3 1500.000000
133.237521 3 3 100000.000000
133.758975 3 3 1500.000000
133.873723 3 0 1500.000000
134.522070 3 0 4000000.000000
135.664170 3 3 3000.000000
135.906077 3 1 1500.000000
135.985541 3 2 1000000.000000
136.424000 3 2 1500.000000
136.565143 3 0 100000.000000
136.573690 3 3 200000.000000
136.604808 3 3 200000.000000
136.859327 3 0 3000.000000
137.021791 3 0 1500.000000
137.489545 3 0 10000.000000
137.848655 3 2 1500.000000
137.996614 3 1 200000.000000
137.997261 3 1 1500.000000
138.097446 3 2 10000.000000
138.334830 3 0 1500.000000
138.614408 3 1 1500.000000
138.831365 3 2 20000.000000
139.500965 3 0 1500.000000
139.695164 3 0 200000.000000
140.201258 3 3 1500.000000
140.323898 3 3 1500.000000
140.600114 3 0 4000000.000000
140.789277 3 0 4000000.000000
140.836735 3 2 100000.000000
140.918177 3 3 1500.000000
140.929615 3 1 1500.000000
141.245533 3 1 1000000.000000
141.510839 3 3 20000.000000
141.590156 3 0 3000000.000000
141.838056 3 3 100000.000000
141.943829 3 0 1000000.000000
142.038671 3 3 3000.000000
142.328551 3 2 3000.000000
142.525235 3 3 100000.000000
142.620553 3 2 3000.000000
142.944678 3 3 1500.000000
143.122139 3 2 1500.000000
143.403189 3 0 3000000.000000
143.491807 3 0 200000.000000
143.661222 3 2 1500.000000
144.083965 3 0 1500.000000
144.139993 3 2 200000.000000
144.954437 3 2 200000.000000
145.192085 3 0 4000000.000000
145.384230 3 3 1500.000000
145.426779 3 2 1500.000000
145.452377 3 0 1500.000000
145.474768 3 1 200000.000000
146.685191 3 2 1500.000000
147.058266 3 1 1500.000000
147.583256 3 0 20000.000000
147.624730 3 2 1500.000000
147.692720 3 3 3000000.000000
147.698336 3 0 100000.000000
147.852272 3 0 1000000.000000
148.872344 3 0 3000000.000000
148.980849 3 1 4000000.000000
149.479583 3 1 1000000.000000
