0.108436 0 3 10000.000000
0.723448 0 0 50000.000000
1.771830 0 0 5000000.000000
2.598983 0 3 80000.000000
3.808257 0 3 10000.000000
3.829211 0 1 10000.000000
4.457823 0 2 30000000.000000
4.986319 0 1 5000000.000000
5.697288 0 1 200000.000000
5.709131 0 1 2000000.000000
6.049631 0 0 5000000.000000
6.781006 0 0 80000.000000
6.836874 0 3 5000000.000000
7.748295 0 3 10000.000000
7.968622 0 0 20000.000000
8.172028 0 2 50000.000000
8.219536 0 2 80000.000000
8.414729 0 0 20000.000000
8.807413 0 3 30000.000000
9.123707 0 1 5000000.000000
9.312745 0 3 80000.000000
9.475354 0 2 10000.000000
10.629489 0 1 30000.000000
11.117603 0 3 1000000.000000
11.283908 0 3 2000000.000000
11.501182 0 0 10000.000000
12.638155 0 3 5000000.000000
13.239228 0 3 5000000.000000
13.512362 0 3 1000000.000000
13.663842 0 3 30000.000000
13.988925 0 2 1000000.000000
14.223626 0 3 30000.000000
14.701156 0 3 30000.000000
14.740176 0 3 80000.000000
15.201785 0 3 10000.000000
15.209857 0 1 5000000.000000
15.369244 0 3 1000000.000000
15.432300 0 1 10000.000000
15.852481 0 3 30000.000000
16.158025 0 3 2000000.000000
16.513790 0 0 20000.000000
16.680132 0 2 1000000.000000
17.332541 0 1 10000.000000
18.214628 0 3 50000.000000
18.475863 0 3 10000000.000000
18.654159 0 3 20000.000000
19.082384 0 3 10000.000000
19.645761 0 2 2000000.000000
21.229688 0 3 5000000.000000
21.260978 0 0 30000000.000000
21.873058 0 2 80000.000000
21.929043 0 1 10000000.000000
22.247933 0 1 30000.000000
22.385622 0 2 10000.000000
22.883802 0 2 2000000.000000
23.024297 0 2 1000000.000000
23.075561 0 1 20000.000000
23.900916 0 3 200000.000000
24.112047 0 1 50000.000000
25.389479 0 2 200000.000000
25.648304 0 0 10000000.000000
25.664740 0 2 30000000.000000
26.150238 0 1 20000.000000
26.251726 0 1 80000.000000
26.266558 0 2 80000.000000
26.705519 0 2 5000000.000000
27.427526 0 3 50000.000000
28.083535 0 2 1000000.000000
28.269159 0 2 50000.000000
29.276446 0 0 30000.000000
29.651484 0 2 200000.000000
30.512614 0 0 1000000.000000
30.629198 0 3 2000000.000000
30.878450 0 2 10000.000000
31.706495 0 1 10000.000000
32.354341 0 1 10000.000000
32.756973 0 2 80000.000000
33.448186 0 0 1000000.000000
33.519068 0 3 5000000.000000
33.593917 0 3 30000.000000
34.096623 0 2 1000000.000000
34.654251 0 3 5000000.000000
34.724926 0 2 80000.000000
34.787673 0 1 50000.000000
35.203875 0 2 50000.000000
36.892760 0 1 80000.000000
40.402611 0 0 200000.000000
40.478891 0 3 1000000.000000
40.796383 0 0 50000.000000
40.870019 0 3 10000.000000
41.267757 0 2 10000000.000000
42.137997 0 2 10000.000000
42.919423 0 3 10000.000000
43.039468 0 0 2000000.000000
44.196799 0 3 50000.000000
44.899992 0 1 2000000.000000
45.244324 0 1 1000000.000000
45.894121 0 3 1000000.000000
46.289180 0 1 30000.000000
46.347922 0 0 80000.000000
46.448391 0 2 1000000.000000
46.820086 0 3 200000.000000
47.018136 0 3 30000.000000
47.532869 0 1 200000.000000
47.626407 0 0 10000000.000000
48.265482 0 1 10000.000000
48.345313 0 1 30000.000000
49.322645 0 3 80000.000000
51.256301 0 2 30000.000000
52.234585 0 0 30000.000000
52.386629 0 2 1000000.000000
52.702333 0 3 10000.000000
53.564986 0 1 30000.000000
53.645227 0 3 10000000.000000
53.711219 0 0 2000000.000000
53.746392 0 2 30000.000000
55.442413 0 1 80000.000000
56.670827 0 1 10000.000000
58.295956 0 0 30000000.000000
58.387543 0 3 5000000.000000
59.803483 0 3 5000000.000000
59.868711 0 3 10000000.000000
60.364462 0 0 1000000.000000
60.720969 0 2 80000.000000
60.906545 0 1 200000.000000
61.204898 0 3 10000.000000
61.404190 0 3 50000.000000
62.164675 0 0 200000.000000
63.032081 0 2 10000000.000000
63.392691 0 2 1000000.000000
65.277421 0 3 80000.000000
65.755560 0 0 200000.000000
66.580275 0 2 30000.000000
66.744153 0 0 30000.000000
68.151638 0 0 50000.000000
69.133967 0 3 20000.000000
69.717643 0 0 30000.000000
70.155770 0 0 30000.000000
70.167625 0 1 200000.000000
70.578693 0 2 30000.000000
71.133406 0 0 80000.000000
71.352100 0 3 50000.000000
71.448841 0 0 80000.000000
72.134887 0 3 30000000.000000
72.288436 0 2 30000000.000000
72.536882 0 0 10000.000000
72.623505 0 2 1000000.000000
73.019999 0 1 80000.000000
73.175728 0 2 2000000.000000
73.434386 0 3 200000.000000
73.591455 0 1 200000.000000
73.714014 0 2 30000.000000
73.760736 0 1 80000.000000
75.797078 0 1 20000.000000
75.963152 0 1 30000.000000
75.986321 0 2 10000.000000
76.398122 0 0 2000000.000000
77.846698 0 1 1000000.000000
78.793434 0 0 80000.000000
78.927540 0 3 10000.000000
79.067420 0 2 50000.000000
79.337849 0 0 10000000.000000
79.583834 0 1 20000.000000
79.671868 0 1 10000000.000000
80.627052 0 3 50000.000000
80.659336 0 2 10000.000000
81.821242 0 3 2000000.000000
82.053805 0 1 30000.000000
82.110479 0 2 30000.000000
82.821481 0 3 2000000.000000
83.114711 0 1 80000.000000
84.211144 0 1 50000.000000
84.634324 0 2 5000000.000000
85.006012 0 2 30000000.000000
86.123310 0 2 1000000.000000
87.082105 0 1 5000000.000000
87.291445 0 2 1000000.000000
87.778759 0 2 10000.000000
87.967384 0 2 50000.000000
88.338559 0 2 30000.000000
88.468875 0 0 200000.000000
88.867856 0 1 2000000.000000
88.992620 0 0 10000.000000
89.071268 0 3 200000.000000
90.338840 0 0 200000.000000
90.432564 0 2 10000000.000000
90.536797 0 0 20000.000000
90.794901 0 3 50000.000000
91.759687 0 1 5000000.000000
91.784681 0 1 10000.000000
93.846520 0 3 5000000.000000
93.892058 0 1 20000.000000
93.912721 0 3 30000.000000
93.936356 0 0 10000000.000000
94.470660 0 2 50000.000000
95.100049 0 3 80000.000000
95.283926 0 3 10000.000000
95.841867 0 1 30000.000000
96.126514 0 3 30000.000000
96.529806 0 3 80000.000000
97.093187 0 0 2000000.000000
97.136105 0 1 50000.000000
97.278683 0 1 50000.000000
97.895105 0 3 10000.000000
99.246434 0 2 1000000.000000
100.901159 0 2 5000000.000000
101.258718 0 3 80000.000000
103.085820 0 3 1000000.000000
103.743227 0 2 50000.000000
104.375834 0 1 10000000.000000
104.476215 0 2 50000.000000
105.094208 0 3 1000000.000000
105.277593 0 1 1000000.000000
105.552397 0 2 80000.000000
106.292978 0 2 5000000.000000
107.027432 0 1 2000000.000000
107.393116 0 2 10000.000000
107.614257 0 2 10000.000000
108.167671 0 3 30000000.000000
108.190702 0 2 30000.000000
108.604363 0 3 1000000.000000
109.715254 0 2 1000000.000000
110.015645 0 0 1000000.000000
110.102201 0 1 5000000.000000
110.703234 0 1 50000.000000
111.005906 0 3 2000000.000000
111.195162 0 3 1000000.000000
111.324869 0 1 10000.000000
113.391031 0 0 5000000.000000
113.876571 0 1 30000.000000
115.100797 0 0 30000.000000
115.425492 0 0 50000.000000
116.509196 0 1 2000000.000000
116.924879 0 2 2000000.000000
117.197738 0 0 10000.000000
117.634301 0 1 10000000.000000
117.954828 0 1 10000.000000
118.096488 0 2 30000.000000
118.201014 0 1 50000.000000
118.244166 0 3 30000.000000
118.551276 0 2 50000.000000
119.528019 0 1 80000.000000
119.552628 0 2 80000.000000
120.184231 0 1 50000.000000
121.058567 0 2 5000000.000000
121.060488 0 0 10000.000000
121.961789 0 1 30000.000000
122.376638 0 2 30000000.000000
122.831511 0 2 10000000.000000
122.964477 0 2 5000000.000000
123.320626 0 1 50000.000000
123.543700 0 2 200000.000000
123.930345 0 3 50000.000000
124.041926 0 3 20000.000000
124.062192 0 0 80000.000000
124.413107 0 2 200000.000000
124.727240 0 1 200000.000000
124.804295 0 3 50000.000000
125.727529 0 2 30000.000000
125.878504 0 1 10000.000000
127.841916 0 3 5000000.000000
129.759645 0 0 5000000.000000
130.360772 0 1 1000000.000000
130.463923 0 3 1000000.000000
130.962012 0 2 1000000.000000
131.888223 0 3 10000.000000
132.254843 0 1 2000000.000000
132.302540 0 1 5000000.000000
132.681974 0 2 80000.000000
134.569240 0 0 5000000.000000
135.893350 0 3 1000000.000000
136.337774 0 0 2000000.000000
137.947714 0 2 10000.000000
139.345927 0 0 5000000.000000
140.143548 0 3 50000.000000
142.284967 0 1 80000.000000
142.844510 0 3 80000.000000
145.909607 0 0 80000.000000
146.150287 0 3 1000000.000000
146.172288 0 0 50000.000000
146.955282 0 1 20000.000000
148.113485 0 1 30000.000000
149.319167 0 1 10000.000000
149.370028 0 3 10000.000000
0.609837 1 3 30000.000000
1.244048 1 1 10000.000000
1.482852 1 2 80000.000000
2.379864 1 3 200000.000000
2.667621 1 0 10000.000000
3.616254 1 1 50000.000000
3.929588 1 0 5000000.000000
4.665195 1 2 30000.000000
5.129957 1 0 20000.000000
6.372636 1 0 10000.000000
7.155704 1 2 50000.000000
7.189432 1 1 10000.000000
7.348988 1 0 80000.000000
7.360966 1 2 10000.000000
8.784780 1 2 200000.000000
8.821752 1 0 5000000.000000
9.108336 1 2 1000000.000000
9.329570 1 0 20000.000000
10.176799 1 2 10000000.000000
10.251904 1 1 200000.000000
10.640479 1 2 30000.000000
11.087037 1 1 30000000.000000
11.471149 1 0 30000.000000
11.801953 1 2 10000000.000000
11.960114 1 2 10000.000000
12.600915 1 0 2000000.000000
13.197272 1 2 10000.000000
13.392294 1 0 200000.000000
13.718903 1 0 50000.000000
14.337880 1 3 20000.000000
14.364623 1 0 50000.000000
14.647777 1 0 2000000.000000
14.848001 1 0 80000.000000
15.044691 1 3 1000000.000000
15.130045 1 3 1000000.000000
15.402908 1 0 10000000.000000
15.416753 1 2 20000.000000
15.526195 1 3 30000000.000000
15.704908 1 2 30000.000000
15.789372 1 3 50000.000000
16.117454 1 3 80000.000000
16.354594 1 1 1000000.000000
17.074018 1 0 1000000.000000
17.516007 1 0 10000.000000
17.669530 1 3 10000000.000000
17.723827 1 3 10000.000000
18.004722 1 3 30000.000000
18.180508 1 2 5000000.000000
18.423948 1 3 20000.000000
18.673941 1 2 1000000.000000
18.684456 1 1 2000000.000000
19.205577 1 3 50000.000000
19.235721 1 1 200000.000000
20.018210 1 2 50000.000000
20.837804 1 0 30000.000000
21.580824 1 3 10000.000000
21.618208 1 0 80000.000000
22.568307 1 2 2000000.000000
22.917764 1 1 10000.000000
22.926831 1 1 20000.000000
24.316396 1 2 1000000.000000
24.893435 1 1 30000.000000
25.081125 1 0 80000.000000
25.555524 1 2 1000000.000000
26.212234 1 1 20000.000000
28.450251 1 2 10000.000000
28.505905 1 3 10000.000000
29.374812 1 2 10000000.000000
29.692098 1 1 20000.000000
30.150499 1 3 10000000.000000
30.973214 1 1 10000.000000
31.019393 1 1 10000.000000
31.027105 1 3 5000000.000000
31.223713 1 1 20000.000000
33.146433 1 2 1000000.000000
33.274587 1 2 10000000.000000
33.636912 1 0 10000.000000
33.649637 1 2 1000000.000000
34.327444 1 2 10000000.000000
35.465761 1 0 1000000.000000
36.062207 1 1 2000000.000000
37.150259 1 2 10000.000000
37.204899 1 1 10000.000000
37.327891 1 1 10000.000000
37.806142 1 0 50000.000000
38.024898 1 3 200000.000000
41.221163 1 3 10000.000000
41.657148 1 2 80000.000000
41.657983 1 0 30000000.000000
41.682634 1 0 10000000.000000
41.878746 1 2 200000.000000
44.901384 1 3 10000000.000000
45.358960 1 1 1000000.000000
45.978643 1 3 10000.000000
46.691789 1 2 10000.000000
47.206577 1 3 30000.000000
47.440863 1 2 50000.000000
47.546743 1 3 2000000.000000
47.557314 1 1 30000.000000
47.784262 1 1 200000.000000
48.410171 1 1 2000000.000000
49.950181 1 2 200000.000000
49.968886 1 2 50000.000000
50.469128 1 3 5000000.000000
50.718074 1 3 30000.000000
51.515178 1 1 30000000.000000
52.012568 1 1 30000.000000
52.671658 1 0 80000.000000
52.810427 1 1 10000.000000
52.884007 1 2 200000.000000
53.172548 1 3 2000000.000000
53.325433 1 2 80000.000000
53.416710 1 2 1000000.000000
53.763944 1 1 80000.000000
54.268183 1 2 80000.000000
54.903496 1 0 10000.000000
55.831169 1 3 30000.000000
55.853485 1 0 20000.000000
56.463486 1 2 20000.000000
56.516117 1 0 80000.000000
56.962411 1 3 50000.000000
57.871902 1 3 50000.000000
58.665627 1 1 5000000.000000
59.068861 1 3 10000.000000
59.237341 1 3 2000000.000000
59.313710 1 2 20000.000000
59.818391 1 2 80000.000000
61.316775 1 0 1000000.000000
61.713668 1 2 80000.000000
63.211073 1 3 10000.000000
63.687363 1 3 30000.000000
64.070524 1 0 50000.000000
64.743680 1 1 20000.000000
65.212091 1 0 10000.000000
65.833437 1 0 80000.000000
67.492395 1 0 10000000.000000
67.798094 1 1 80000.000000
68.096779 1 3 10000.000000
68.378672 1 0 80000.000000
68.478009 1 1 5000000.000000
68.601037 1 3 30000.000000
68.645909 1 2 5000000.000000
69.573601 1 3 30000.000000
69.707505 1 1 5000000.000000
69.851223 1 3 1000000.000000
70.108151 1 3 30000.000000
70.461250 1 3 200000.000000
70.843889 1 1 80000.000000
71.947781 1 0 10000.000000
72.754953 1 3 1000000.000000
72.910209 1 2 2000000.000000
73.916824 1 3 200000.000000
74.772068 1 0 50000.000000
75.068120 1 2 10000.000000
75.273520 1 1 20000.000000
75.409791 1 3 1000000.000000
75.522942 1 2 200000.000000
75.579262 1 2 30000.000000
75.652530 1 3 30000000.000000
75.766030 1 0 20000.000000
75.977554 1 0 10000.000000
76.547903 1 1 10000.000000
77.339505 1 2 1000000.000000
77.378896 1 0 30000000.000000
77.814258 1 0 30000.000000
78.815327 1 2 10000000.000000
81.218446 1 3 2000000.000000
81.305265 1 3 2000000.000000
82.714314 1 0 10000.000000
83.093628 1 3 10000.000000
83.128546 1 1 50000.000000
83.320197 1 1 2000000.000000
83.493450 1 0 2000000.000000
83.506310 1 1 5000000.000000
83.744623 1 3 30000.000000
84.754568 1 2 5000000.000000
85.030393 1 0 10000.000000
87.068741 1 2 1000000.000000
88.286176 1 2 10000.000000
88.383263 1 1 80000.000000
89.051547 1 2 2000000.000000
89.391666 1 1 30000.000000
89.781097 1 1 50000.000000
89.990336 1 1 30000.000000
90.363632 1 2 5000000.000000
90.511590 1 2 30000.000000
90.768455 1 3 80000.000000
90.771938 1 2 20000.000000
91.011162 1 3 20000.000000
91.538576 1 0 5000000.000000
92.026302 1 1 1000000.000000
92.064278 1 1 5000000.000000
92.176394 1 2 30000.000000
92.954837 1 1 50000.000000
93.376662 1 2 1000000.000000
93.464695 1 2 20000.000000
94.053752 1 2 2000000.000000
94.586316 1 2 80000.000000
95.020981 1 0 80000.000000
96.005772 1 1 10000.000000
96.824237 1 3 10000.000000
97.462004 1 1 10000.000000
97.806906 1 0 10000000.000000
99.216705 1 3 10000.000000
99.279724 1 0 80000.000000
99.355084 1 2 10000.000000
101.306265 1 1 5000000.000000
101.858811 1 3 2000000.000000
102.771614 1 3 10000000.000000
105.230119 1 3 10000.000000
105.452927 1 3 200000.000000
107.614055 1 2 10000.000000
108.845833 1 2 20000.000000
109.200980 1 1 30000000.000000
109.593274 1 3 5000000.000000
110.188678 1 1 200000.000000
110.417435 1 3 80000.000000
111.427498 1 2 50000.000000
111.428180 1 2 10000.000000
112.489729 1 2 200000.000000
113.551702 1 0 200000.000000
113.933352 1 0 10000.000000
113.965974 1 0 10000.000000
113.992488 1 1 1000000.000000
114.087255 1 0 200000.000000
114.364584 1 1 10000.000000
114.796700 1 2 5000000.000000
115.591772 1 0 80000.000000
115.623602 1 0 1000000.000000
115.711640 1 3 20000.000000
116.039192 1 1 10000.000000
117.229288 1 3 5000000.000000
117.263946 1 2 200000.000000
118.210104 1 3 10000.000000
118.533872 1 2 20000.000000
119.407847 1 3 2000000.000000
119.776312 1 2 2000000.000000
120.052553 1 3 30000.000000
121.349390 1 3 5000000.000000
122.973546 1 1 80000.000000
124.853204 1 1 80000.000000
124.958328 1 2 1000000.000000
126.098462 1 3 20000.000000
126.260937 1 0 50000.000000
127.932405 1 0 2000000.000000
128.011873 1 3 10000000.000000
128.131694 1 3 10000000.000000
128.200035 1 1 80000.000000
128.260623 1 3 10000.000000
128.303441 1 2 2000000.000000
128.519442 1 2 1000000.000000
129.165905 1 3 80000.000000
129.316638 1 1 10000000.000000
129.883088 1 2 50000.000000
130.832951 1 3 200000.000000
131.599510 1 3 2000000.000000
132.227420 1 2 50000.000000
133.772123 1 0 10000000.000000
133.827032 1 0 10000.000000
133.917774 1 1 80000.000000
134.688162 1 3 10000.000000
135.200910 1 2 1000000.000000
136.398292 1 3 30000.000000
136.827426 1 3 30000000.000000
138.570269 1 0 20000.000000
138.586580 1 0 10000.000000
138.778640 1 0 2000000.000000
139.589042 1 2 50000.000000
140.564165 1 2 2000000.000000
140.909012 1 2 200000.000000
141.881714 1 3 10000.000000
141.963787 1 2 10000000.000000
142.072280 1 3 30000.000000
142.196455 1 3 80000.000000
143.455756 1 2 2000000.000000
143.847875 1 3 30000.000000
146.343887 1 1 80000.000000
146.688012 1 3 30000.000000
147.443996 1 1 1000000.000000
147.827399 1 2 200000.000000
147.998311 1 1 80000.000000
149.196423 1 3 1000000.000000
149.654342 1 2 30000.000000
0.391629 2 2 10000.000000
1.691578 2 1 30000.000000
2.511848 2 2 50000.000000
3.319381 2 2 5000000.000000
3.887381 2 2 2000000.000000
5.270147 2 3 20000.000000
5.354065 2 0 200000.000000
5.970373 2 2 50000.000000
6.756484 2 3 50000.000000
6.974700 2 1 2000000.000000
7.623083 2 3 10000.000000
8.509332 2 2 50000.000000
9.432919 2 3 30000.000000
9.566435 2 0 30000.000000
9.730676 2 0 1000000.000000
10.508629 2 3 10000.000000
10.751233 2 3 10000000.000000
10.992352 2 3 2000000.000000
11.808821 2 0 20000.000000
11.974016 2 2 10000.000000
12.284550 2 2 5000000.000000
12.552007 2 1 2000000.000000
13.486795 2 0 2000000.000000
14.648223 2 1 2000000.000000
14.822533 2 3 50000.000000
15.013094 2 2 1000000.000000
15.015192 2 0 10000.000000
17.304516 2 0 10000.000000
17.974501 2 3 80000.000000
18.415545 2 1 2000000.000000
18.577619 2 3 30000.000000
19.125342 2 2 2000000.000000
19.236204 2 0 10000.000000
20.016739 2 0 10000.000000
20.299396 2 2 1000000.000000
21.653366 2 0 2000000.000000
22.130256 2 0 5000000.000000
22.410857 2 2 10000000.000000
23.208678 2 0 1000000.000000
23.272209 2 0 30000.000000
24.443874 2 2 2000000.000000
24.600873 2 2 30000000.000000
25.207758 2 3 80000.000000
25.773543 2 2 10000.000000
26.519611 2 3 5000000.000000
26.691058 2 2 200000.000000
26.874174 2 0 20000.000000
27.011428 2 1 5000000.000000
27.025760 2 1 5000000.000000
27.318169 2 1 1000000.000000
27.414584 2 0 200000.000000
27.471192 2 3 20000.000000
27.572371 2 2 80000.000000
27.894145 2 1 1000000.000000
27.901833 2 0 50000.000000
29.287406 2 2 2000000.000000
29.326342 2 3 30000.000000
29.596624 2 1 80000.000000
30.062673 2 3 50000.000000
30.291546 2 1 1000000.000000
30.374988 2 2 50000.000000
30.992712 2 1 2000000.000000
31.364207 2 3 1000000.000000
31.752733 2 3 5000000.000000
33.126452 2 0 1000000.000000
33.757590 2 3 20000.000000
34.086403 2 2 80000.000000
34.416189 2 1 2000000.000000
34.421017 2 3 80000.000000
34.481620 2 3 2000000.000000
35.259004 2 3 2000000.000000
36.468199 2 2 200000.000000
37.476410 2 2 50000.000000
38.345405 2 1 50000.000000
38.784271 2 2 10000.000000
39.647906 2 0 30000.000000
40.557619 2 1 5000000.000000
40.710448 2 3 10000.000000
40.806443 2 0 2000000.000000
41.718378 2 0 80000.000000
41.885702 2 2 10000000.000000
44.274543 2 1 20000.000000
44.843913 2 1 10000.000000
45.331756 2 1 80000.000000
46.556336 2 0 2000000.000000
47.052863 2 3 10000000.000000
47.160705 2 2 20000.000000
47.480212 2 2 10000.000000
47.682845 2 0 80000.000000
48.511340 2 2 1000000.000000
49.658517 2 1 30000000.000000
50.879932 2 3 200000.000000
51.574016 2 0 10000.000000
52.306629 2 2 2000000.000000
52.475333 2 0 10000.000000
52.796949 2 1 30000.000000
53.451139 2 1 10000000.000000
53.647016 2 3 10000000.000000
54.983546 2 1 5000000.000000
55.111172 2 2 80000.000000
56.008636 2 0 10000.000000
56.097513 2 1 1000000.000000
56.710171 2 3 50000.000000
56.805512 2 0 2000000.000000
57.735353 2 2 1000000.000000
57.926837 2 2 10000000.000000
58.468397 2 1 50000.000000
58.722582 2 1 80000.000000
59.423270 2 3 10000.000000
59.696995 2 1 2000000.000000
59.802401 2 1 200000.000000
60.107087 2 1 1000000.000000
60.381609 2 2 10000000.000000
60.557916 2 0 80000.000000
60.696547 2 0 80000.000000
61.038855 2 1 10000000.000000
61.882634 2 0 80000.000000
62.631134 2 0 2000000.000000
62.734482 2 2 5000000.000000
62.901370 2 2 2000000.000000
62.962469 2 2 10000000.000000
63.415424 2 0 30000.000000
63.458225 2 1 20000.000000
63.480821 2 0 20000.000000
63.586845 2 1 10000.000000
64.293086 2 3 10000000.000000
64.606794 2 1 80000.000000
65.078911 2 1 1000000.000000
65.626173 2 1 10000.000000
65.872110 2 2 10000.000000
66.403488 2 0 10000.000000
67.440209 2 3 200000.000000
67.454722 2 3 1000000.000000
67.736821 2 3 80000.000000
67.750367 2 3 80000.000000
69.301121 2 2 10000.000000
70.440099 2 2 50000.000000
70.609990 2 1 2000000.000000
71.898151 2 1 30000.000000
72.191600 2 0 5000000.000000
72.657966 2 3 50000.000000
73.034105 2 1 10000000.000000
73.208310 2 1 2000000.000000
73.647880 2 3 10000.000000
74.135092 2 1 1000000.000000
75.059345 2 0 10000000.000000
76.036670 2 2 5000000.000000
76.425678 2 2 80000.000000
78.078055 2 2 10000.000000
78.130609 2 2 1000000.000000
78.444631 2 3 80000.000000
78.662579 2 3 10000000.000000
78.866928 2 0 20000.000000
79.570191 2 2 80000.000000
79.795900 2 1 20000.000000
80.031754 2 3 2000000.000000
80.065083 2 2 80000.000000
80.296226 2 1 50000.000000
81.740683 2 0 2000000.000000
82.000974 2 2 1000000.000000
82.713180 2 3 5000000.000000
83.025152 2 2 2000000.000000
83.166015 2 2 2000000.000000
83.659186 2 2 2000000.000000
84.260216 2 2 80000.000000
84.726470 2 2 50000.000000
85.182595 2 1 30000.000000
85.983213 2 3 5000000.000000
86.159608 2 1 80000.000000
86.392664 2 2 5000000.000000
87.273914 2 0 10000.000000
87.836394 2 3 2000000.000000
88.402116 2 3 2000000.000000
89.142857 2 2 5000000.000000
89.195675 2 2 30000.000000
89.390938 2 0 10000000.000000
89.849709 2 2 30000.000000
89.858015 2 2 10000000.000000
90.267188 2 3 10000000.000000
91.090706 2 1 80000.000000
92.321460 2 0 20000.000000
92.684933 2 2 10000.000000
92.753933 2 0 200000.000000
92.777763 2 3 50000.000000
94.194945 2 3 2000000.000000
97.370086 2 3 2000000.000000
97.487237 2 0 5000000.000000
97.566755 2 2 50000.000000
98.375149 2 0 30000.000000
99.180920 2 2 10000.000000
100.283521 2 0 5000000.000000
101.672854 2 3 30000.000000
101.966845 2 0 5000000.000000
102.534193 2 3 30000.000000
102.813109 2 1 50000.000000
102.899207 2 0 5000000.000000
103.611392 2 3 50000.000000
104.751982 2 3 80000.000000
104.923555 2 1 5000000.000000
104.927292 2 0 10000.000000
105.062734 2 1 10000.000000
105.113716 2 0 80000.000000
105.123078 2 2 50000.000000
105.374795 2 0 10000.000000
105.469551 2 2 1000000.000000
105.624706 2 0 1000000.000000
105.723058 2 0 50000.000000
106.032488 2 0 1000000.000000
106.819858 2 0 200000.000000
106.957638 2 0 1000000.000000
107.008736 2 3 80000.000000
107.564828 2 3 1000000.000000
109.247414 2 3 50000.000000
109.286430 2 1 50000.000000
109.403450 2 1 10000.000000
110.280062 2 1 50000.000000
111.427801 2 1 1000000.000000
111.640946 2 3 80000.000000
111.658530 2 3 200000.000000
112.067513 2 2 20000.000000
112.369775 2 1 30000.000000
112.578605 2 3 2000000.000000
112.652598 2 2 50000.000000
112.683998 2 2 30000.000000
114.898422 2 3 30000.000000
115.237658 2 0 10000000.000000
116.027742 2 2 10000000.000000
116.302969 2 1 30000.000000
116.790243 2 1 2000000.000000
117.191424 2 2 10000.000000
117.995714 2 0 200000.000000
121.573408 2 1 5000000.000000
122.413196 2 0 1000000.000000
122.665307 2 0 50000.000000
123.040596 2 0 80000.000000
124.044729 2 0 200000.000000
124.624114 2 1 5000000.000000
125.317411 2 3 30000.000000
125.605811 2 3 1000000.000000
125.686180 2 1 1000000.000000
125.776348 2 3 10000.000000
126.782312 2 0 30000.000000
127.841185 2 0 20000.000000
128.130461 2 0 30000.000000
130.182252 2 0 1000000.000000
131.083025 2 1 30000.000000
131.494576 2 2 30000.000000
132.165584 2 1 10000.000000
132.485203 2 3 80000.000000
132.831774 2 2 2000000.000000
133.256597 2 0 80000.000000
133.730526 2 2 2000000.000000
133.945421 2 2 10000.000000
134.803076 2 0 10000.000000
135.876493 2 3 1000000.000000
137.201086 2 3 1000000.000000
137.635758 2 3 30000.000000
137.847667 2 0 200000.000000
137.872491 2 1 10000.000000
138.381775 2 1 50000.000000
139.088565 2 3 30000.000000
140.052629 2 1 10000.000000
140.114835 2 1 30000.000000
140.980246 2 3 10000000.000000
140.983505 2 3 10000.000000
141.311696 2 0 5000000.000000
141.314541 2 0 200000.000000
141.361374 2 0 5000000.000000
143.239721 2 0 200000.000000
143.309992 2 3 10000000.000000
143.342712 2 2 10000.000000
143.410109 2 1 5000000.000000
143.647919 2 1 10000.000000
144.994907 2 0 20000.000000
145.169615 2 2 50000.000000
145.423360 2 3 50000.000000
145.452262 2 0 20000.000000
146.055163 2 2 10000.000000
146.347300 2 2 10000.000000
147.271862 2 2 30000.000000
147.567281 2 3 50000.000000
147.682300 2 1 2000000.000000
147.744682 2 1 30000.000000
148.370920 2 1 200000.000000
148.666293 2 2 10000.000000
149.077564 2 0 200000.000000
0.011938 3 2 1000000.000000
0.372719 3 1 2000000.000000
1.505390 3 3 80000.000000
1.748309 3 2 50000.000000
1.823629 3 0 200000.000000
3.065325 3 3 80000.000000
3.167827 3 2 1000000.000000
3.217512 3 2 2000000.000000
3.275823 3 0 30000.000000
3.532741 3 3 80000.000000
4.044021 3 2 2000000.000000
5.032055 3 3 80000.000000
5.599611 3 2 50000.000000
7.866739 3 0 30000.000000
8.305343 3 1 10000.000000
8.580918 3 1 80000.000000
10.597243 3 2 5000000.000000
10.753955 3 3 10000000.000000
10.816678 3 1 30000.000000
11.290211 3 3 1000000.000000
11.539422 3 0 1000000.000000
11.801251 3 1 1000000.000000
12.564128 3 1 2000000.000000
13.103578 3 3 10000.000000
13.625022 3 3 200000.000000
14.141230 3 0 20000.000000
14.249068 3 3 10000000.000000
14.572235 3 1 30000.000000
15.300411 3 0 5000000.000000
15.363254 3 2 50000.000000
15.958119 3 2 10000000.000000
16.530893 3 0 20000.000000
17.329448 3 3 10000.000000
17.633794 3 2 200000.000000
17.835110 3 2 10000.000000
18.103817 3 1 50000.000000
18.219658 3 0 80000.000000
18.337735 3 0 80000.000000
18.461850 3 2 10000.000000
19.142758 3 2 30000.000000
19.979903 3 2 50000.000000
20.073134 3 3 10000.000000
20.096875 3 2 1000000.000000
20.574481 3 3 1000000.000000
20.617127 3 3 80000.000000
21.848945 3 3 80000.000000
22.080836 3 1 50000.000000
22.230492 3 2 20000.000000
22.747550 3 0 2000000.000000
23.999247 3 0 5000000.000000
24.485936 3 1 200000.000000
24.817070 3 0 80000.000000
26.046066 3 0 50000.000000
26.290037 3 3 30000.000000
26.722248 3 0 1000000.000000
27.742343 3 3 200000.000000
27.823527 3 1 200000.000000
27.886806 3 0 30000.000000
28.778425 3 0 80000.000000
28.886996 3 2 2000000.000000
29.492505 3 1 80000.000000
30.145381 3 0 2000000.000000
30.683608 3 1 5000000.000000
32.604904 3 3 1000000.000000
32.771131 3 2 50000.000000
33.507609 3 3 10000000.000000
33.984273 3 1 50000.000000
33.991975 3 2 10000000.000000
34.825076 3 0 5000000.000000
35.774633 3 3 10000.000000
35.915681 3 3 30000.000000
35.926074 3 3 80000.000000
36.277844 3 1 50000.000000
36.638002 3 0 10000.000000
37.855156 3 3 1000000.000000
38.006726 3 0 1000000.000000
40.345998 3 3 20000.000000
40.651574 3 3 50000.000000
40.978236 3 3 30000000.000000
41.219865 3 2 30000.000000
42.063361 3 1 10000.000000
42.489888 3 2 1000000.000000
42.992642 3 1 10000.000000
43.323370 3 3 30000.000000
44.060580 3 1 50000.000000
44.090316 3 2 200000.000000
45.117837 3 1 10000.000000
46.381768 3 1 10000000.000000
48.011773 3 1 5000000.000000
48.349272 3 0 2000000.000000
48.801429 3 3 80000.000000
48.888127 3 1 200000.000000
49.199988 3 1 10000000.000000
51.057706 3 0 2000000.000000
51.389492 3 2 80000.000000
51.476136 3 3 2000000.000000
51.767729 3 0 10000.000000
51.815312 3 2 10000.000000
52.062974 3 1 10000.000000
52.107993 3 3 30000.000000
54.763286 3 0 20000.000000
54.874063 3 3 10000.000000
54.934074 3 3 10000000.000000
55.287563 3 0 30000.000000
56.274672 3 2 20000.000000
56.745016 3 1 2000000.000000
57.050484 3 0 80000.000000
58.052492 3 1 5000000.000000
59.598784 3 3 30000.000000
59.902708 3 3 10000000.000000
59.961426 3 3 10000.000000
60.279601 3 2 2000000.000000
60.503056 3 3 2000000.000000
60.701221 3 2 80000.000000
61.594439 3 2 1000000.000000
61.609203 3 2 50000.000000
61.717056 3 3 10000.000000
61.892148 3 0 20000.000000
61.939862 3 3 10000.000000
62.108700 3 2 80000.000000
65.331151 3 0 10000000.000000
65.483370 3 3 10000000.000000
65.548925 3 3 200000.000000
65.585154 3 3 30000000.000000
66.365375 3 1 50000.000000
66.536182 3 0 10000.000000
67.313174 3 0 20000.000000
67.600151 3 1 10000.000000
69.191089 3 3 1000000.000000
69.238712 3 3 5000000.000000
69.398514 3 0 50000.000000
69.775786 3 0 30000.000000
70.921559 3 3 2000000.000000
71.489840 3 1 1000000.000000
71.524697 3 1 50000.000000
72.816489 3 0 30000.000000
73.400201 3 0 30000.000000
73.931018 3 3 5000000.000000
73.955316 3 0 80000.000000
75.747728 3 1 20000.000000
77.526662 3 0 30000.000000
79.151289 3 2 50000.000000
79.702380 3 0 80000.000000
80.818382 3 3 10000000.000000
82.416567 3 2 10000.000000
82.650844 3 1 200000.000000
83.044288 3 3 10000000.000000
83.637057 3 2 5000000.000000
83.813634 3 2 2000000.000000
83.884073 3 1 20000.000000
84.815069 3 0 200000.000000
85.122779 3 2 10000.000000
85.163851 3 1 200000.000000
85.790740 3 3 30000.000000
86.732619 3 3 50000.000000
87.295027 3 2 80000.000000
89.791662 3 2 10000.000000
90.410571 3 3 10000.000000
90.522143 3 0 30000.000000
91.028908 3 2 2000000.000000
92.360422 3 0 5000000.000000
92.853165 3 2 2000000.000000
92.948504 3 1 10000.000000
92.994200 3 2 10000.000000
93.619656 3 0 200000.000000
95.328150 3 3 1000000.000000
96.415191 3 1 10000.000000
96.726487 3 0 200000.000000
96.842553 3 2 20000.000000
97.023769 3 3 50000.000000
97.058538 3 0 1000000.000000
97.120267 3 0 20000.000000
97.841089 3 3 20000.000000
97.977317 3 1 5000000.000000
98.573969 3 1 10000000.000000
98.822260 3 2 50000.000000
99.579880 3 3 5000000.000000
99.717695 3 1 200000.000000
99.943060 3 1 10000.000000
99.966688 3 0 10000000.000000
100.110672 3 3 10000000.000000
100.433742 3 2 10000000.000000
100.589128 3 1 50000.000000
101.043986 3 3 5000000.000000
101.648654 3 2 50000.000000
101.824160 3 1 10000.000000
102.891647 3 1 10000.000000
104.615677 3 0 30000.000000
106.553766 3 1 1000000.000000
106.600622 3 3 30000.000000
108.084822 3 2 1000000.000000
108.992908 3 0 5000000.000000
111.035669 3 2 1000000.000000
111.419876 3 2 10000.000000
111.850594 3 0 30000.000000
111.865692 3 1 200000.000000
112.045877 3 1 2000000.000000
112.585067 3 1 2000000.000000
112.907555 3 1 10000.000000
113.170697 3 2 2000000.000000
113.595958 3 3 50000.000000
113.678122 3 1 50000.000000
114.134118 3 0 30000.000000
114.380411 3 0 200000.000000
114.457762 3 0 30000.000000
114.496841 3 0 10000.000000
114.628228 3 2 50000.000000
117.544112 3 3 80000.000000
118.489304 3 1 80000.000000
118.955057 3 0 5000000.000000
119.231533 3 3 30000.000000
119.289682 3 1 5000000.000000
121.024612 3 0 200000.000000
121.312777 3 3 1000000.000000
121.621235 3 3 30000.000000
121.839657 3 1 10000.000000
121.952407 3 0 2000000.000000
122.055998 3 3 10000000.000000
122.384071 3 0 30000.000000
122.591168 3 2 80000.000000
122.700119 3 3 50000.000000
122.870471 3 2 5000000.000000
123.024830 3 2 5000000.000000
124.797230 3 2 5000000.000000
124.882413 3 3 30000000.000000
126.862705 3 1 200000.000000
127.313993 3 3 2000000.000000
127.662105 3 0 1000000.000000
127.691925 3 1 10000.000000
127.700314 3 0 200000.000000
127.733102 3 1 20000.000000
128.925752 3 2 80000.000000
129.011338 3 0 50000.000000
129.548396 3 2 10000.000000
131.812680 3 1 10000.000000
133.289160 3 1 10000.000000
133.380054 3 3 80000.000000
133.439036 3 2 2000000.000000
133.937231 3 1 5000000.000000
134.580647 3 1 30000.000000
134.775673 3 2 10000000.000000
135.108666 3 0 10000.000000
136.923554 3 1 1000000.000000
136.930534 3 0 1000000.000000
137.585813 3 3 10000.000000
138.682207 3 2 20000.000000
138.732748 3 2 10000.000000
138.883472 3 2 30000.000000
139.435871 3 2 20000.000000
140.169775 3 2 10000000.000000
140.243194 3 1 1000000.000000
140.320229 3 3 30000.000000
140.486852 3 3 80000.000000
140.695018 3 3 10000000.000000
140.832951 3 1 20000.000000
141.116035 3 1 200000.000000
142.147012 3 3 10000000.000000
142.889636 3 0 5000000.000000
143.041831 3 1 50000.000000
143.891021 3 2 80000.000000
144.754924 3 1 2000000.000000
145.877268 3 1 20000.000000
147.058988 3 0 50000.000000
147.306847 3 1 10000.000000
147.684007 3 0 10000.000000
148.397528 3 1 2000000.000000
149.601489 3 3 10000.000000
