0.038376 0 1 200000.000000
0.526203 0 0 10000.000000
1.745308 0 0 10000.000000
2.563481 0 0 80000.000000
2.628444 0 3 1000000.000000
2.801011 0 3 50000.000000
3.773783 0 2 5000000.000000
3.809527 0 2 30000.000000
3.927073 0 0 80000.000000
4.008957 0 3 5000000.000000
4.247594 0 2 30000000.000000
4.287137 0 2 1000000.000000
5.261629 0 1 10000000.000000
5.758027 0 3 50000.000000
6.751265 0 3 5000000.000000
6.911995 0 3 200000.000000
7.069569 0 1 1000000.000000
8.185923 0 1 10000000.000000
8.986414 0 2 80000.000000
9.864073 0 0 10000000.000000
9.864189 0 1 5000000.000000
11.516981 0 1 5000000.000000
11.680840 0 1 5000000.000000
12.034720 0 1 10000.000000
12.729093 0 0 80000.000000
13.591037 0 2 200000.000000
15.158538 0 3 1000000.000000
15.326688 0 0 200000.000000
15.891404 0 1 2000000.000000
16.360428 0 0 80000.000000
17.463840 0 1 30000000.000000
17.494404 0 1 200000.000000
17.554036 0 3 2000000.000000
18.260881 0 0 10000000.000000
18.304815 0 0 10000000.000000
18.815345 0 3 5000000.000000
19.077542 0 3 20000.000000
19.531470 0 0 10000.000000
19.769522 0 0 5000000.000000
20.802416 0 2 2000000.000000
21.095763 0 1 20000.000000
21.705249 0 2 5000000.000000
22.290843 0 0 1000000.000000
27.735152 0 1 10000000.000000
28.102584 0 1 5000000.000000
28.190371 0 2 200000.000000
28.489851 0 0 200000.000000
29.652845 0 1 10000.000000
30.090576 0 2 1000000.000000
30.734898 0 2 10000.000000
31.146164 0 1 5000000.000000
31.358585 0 3 10000000.000000
32.093875 0 2 2000000.000000
33.180995 0 1 10000.000000
34.768765 0 0 20000.000000
34.932107 0 2 200000.000000
35.465761 0 0 2000000.000000
36.735488 0 1 2000000.000000
37.121268 0 2 80000.000000
37.198480 0 2 50000.000000
37.819722 0 3 1000000.000000
38.608723 0 2 1000000.000000
38.616859 0 0 80000.000000
39.255768 0 0 10000.000000
39.819320 0 0 10000.000000
40.288485 0 0 5000000.000000
40.400413 0 3 30000.000000
40.619782 0 1 10000000.000000
41.021406 0 2 50000.000000
42.404606 0 3 1000000.000000
43.161255 0 3 2000000.000000
45.152716 0 3 10000000.000000
45.678713 0 1 30000.000000
45.960400 0 0 50000.000000
46.127033 0 3 5000000.000000
46.323926 0 3 80000.000000
47.058554 0 3 200000.000000
48.056269 0 2 50000.000000
48.293672 0 0 30000.000000
48.412725 0 1 5000000.000000
48.463862 0 0 2000000.000000
48.765995 0 1 2000000.000000
48.808132 0 0 200000.000000
48.818802 0 1 200000.000000
48.894983 0 1 1000000.000000
48.968174 0 0 10000.000000
48.977683 0 2 200000.000000
49.183662 0 0 10000.000000
49.210293 0 0 10000.000000
49.511652 0 3 10000.000000
49.676678 0 3 10000.000000
50.815086 0 1 10000.000000
51.559933 0 3 10000.000000
52.149463 0 2 50000.000000
53.020611 0 2 10000000.000000
54.083906 0 3 30000.000000
54.205940 0 1 5000000.000000
54.469396 0 3 2000000.000000
54.861484 0 3 50000.000000
55.402540 0 0 10000000.000000
55.650780 0 1 1000000.000000
55.707156 0 1 80000.000000
56.375208 0 0 5000000.000000
56.505478 0 0 10000.000000
57.114900 0 1 10000000.000000
57.426994 0 3 80000.000000
57.476811 0 2 20000.000000
57.484705 0 0 2000000.000000
57.957378 0 1 10000000.000000
58.001519 0 1 20000.000000
58.414256 0 2 20000.000000
58.433226 0 2 10000.000000
58.492807 0 1 10000.000000
59.392225 0 2 200000.000000
59.762221 0 2 1000000.000000
59.886384 0 0 10000000.000000
60.127967 0 3 10000.000000
60.211699 0 3 10000.000000
60.214159 0 2 10000000.000000
60.251832 0 0 10000000.000000
60.298994 0 3 10000000.000000
60.534717 0 1 10000000.000000
60.679429 0 1 80000.000000
61.109632 0 2 5000000.000000
61.240508 0 3 30000.000000
61.379504 0 1 5000000.000000
61.908183 0 0 10000.000000
62.307007 0 2 200000.000000
62.825253 0 1 30000.000000
62.879927 0 1 10000.000000
62.924745 0 2 30000.000000
63.502180 0 3 2000000.000000
63.911807 0 3 5000000.000000
64.270967 0 2 30000.000000
64.347866 0 2 10000.000000
64.606183 0 1 2000000.000000
65.400778 0 2 30000.000000
66.354112 0 2 1000000.000000
67.491284 0 3 5000000.000000
67.633211 0 1 20000.000000
68.545536 0 0 20000.000000
69.380707 0 1 10000.000000
70.826075 0 3 80000.000000
71.380158 0 1 80000.000000
71.807952 0 3 50000.000000
71.908982 0 0 1000000.000000
72.024128 0 3 10000000.000000
72.240831 0 3 10000000.000000
73.089080 0 1 5000000.000000
73.349444 0 0 30000.000000
73.643861 0 0 10000.000000
74.104248 0 0 200000.000000
74.342536 0 0 30000.000000
74.932041 0 2 80000.000000
75.038104 0 3 50000.000000
75.125143 0 2 2000000.000000
75.835931 0 2 2000000.000000
77.190283 0 3 30000.000000
77.269965 0 2 10000.000000
77.800249 0 2 5000000.000000
78.138315 0 2 2000000.000000
79.438782 0 3 80000.000000
79.875930 0 1 10000000.000000
79.936512 0 0 200000.000000
80.025990 0 0 20000.000000
80.042842 0 2 2000000.000000
80.061845 0 1 50000.000000
81.266765 0 2 10000.000000
82.688705 0 1 10000.000000
82.807426 0 1 2000000.000000
83.396340 0 0 2000000.000000
83.425306 0 3 50000.000000
83.855631 0 3 5000000.000000
84.421686 0 0 30000.000000
84.636934 0 2 5000000.000000
84.692345 0 3 2000000.000000
84.738871 0 0 1000000.000000
85.173546 0 1 50000.000000
85.696816 0 0 20000.000000
86.763349 0 3 50000.000000
87.570713 0 1 30000.000000
88.353365 0 0 1000000.000000
89.249251 0 0 50000.000000
90.439594 0 0 30000.000000
92.509835 0 3 20000.000000
93.467123 0 1 2000000.000000
93.586518 0 1 80000.000000
94.381939 0 2 10000000.000000
94.638021 0 2 30000.000000
95.113694 0 1 1000000.000000
95.230442 0 0 2000000.000000
95.466908 0 0 50000.000000
95.863044 0 2 1000000.000000
96.061887 0 1 10000.000000
96.431297 0 3 20000.000000
96.837221 0 3 1000000.000000
96.980614 0 2 200000.000000
97.557179 0 3 20000.000000
97.664120 0 3 80000.000000
98.650464 0 3 5000000.000000
99.546523 0 1 10000000.000000
100.168439 0 2 10000.000000
101.211780 0 0 30000.000000
101.477557 0 2 2000000.000000
101.522912 0 2 2000000.000000
102.607169 0 2 30000.000000
102.819311 0 0 5000000.000000
103.058673 0 2 200000.000000
103.230133 0 3 5000000.000000
104.045935 0 2 2000000.000000
104.440835 0 3 10000.000000
104.496072 0 3 1000000.000000
104.506725 0 1 5000000.000000
104.954698 0 3 20000.000000
105.186269 0 2 30000.000000
105.251928 0 3 80000.000000
105.454815 0 2 2000000.000000
105.781071 0 2 1000000.000000
106.811817 0 1 20000.000000
107.419609 0 0 200000.000000
107.690638 0 1 80000.000000
108.139287 0 1 10000.000000
109.573207 0 0 30000000.000000
109.808405 0 0 30000.000000
110.223595 0 2 1000000.000000
110.261092 0 2 80000.000000
111.001681 0 0 200000.000000
111.121227 0 3 10000.000000
111.194052 0 0 50000.000000
111.670671 0 2 30000.000000
112.235251 0 1 30000.000000
112.654927 0 2 5000000.000000
112.691714 0 2 5000000.000000
113.178410 0 2 10000.000000
114.275689 0 2 10000.000000
114.404065 0 2 80000.000000
114.839433 0 1 80000.000000
114.952279 0 0 2000000.000000
115.301214 0 2 80000.000000
115.504969 0 1 5000000.000000
116.629376 0 3 1000000.000000
117.113022 0 1 10000.000000
117.837508 0 1 80000.000000
117.898995 0 1 1000000.000000
117.948313 0 3 2000000.000000
118.632344 0 0 80000.000000
119.397623 0 0 10000.000000
120.514142 0 3 10000.000000
123.869974 0 3 10000000.000000
124.007105 0 1 10000000.000000
124.635594 0 0 2000000.000000
124.938180 0 0 10000000.000000
126.214369 0 2 50000.000000
126.291213 0 2 30000.000000
126.594242 0 2 2000000.000000
127.081708 0 0 1000000.000000
127.119706 0 0 80000.000000
127.464355 0 1 10000.000000
128.505908 0 2 5000000.000000
130.449086 0 3 5000000.000000
130.478813 0 1 10000.000000
131.309516 0 1 1000000.000000
131.619402 0 1 20000.000000
132.033806 0 3 1000000.000000
133.145420 0 2 5000000.000000
134.927892 0 2 10000.000000
135.231295 0 3 80000.000000
135.332538 0 3 80000.000000
136.121322 0 0 30000.000000
136.512285 0 1 30000.000000
136.561687 0 1 5000000.000000
137.881181 0 3 50000.000000
138.305076 0 2 10000.000000
140.518930 0 3 10000000.000000
142.433965 0 2 2000000.000000
142.742230 0 1 200000.000000
143.131409 0 1 10000.000000
143.230524 0 0 1000000.000000
143.329916 0 3 80000.000000
144.121773 0 3 80000.000000
146.243730 0 3 10000.000000
146.930846 0 3 200000.000000
147.499900 0 1 20000.000000
148.126291 0 3 80000.000000
148.474457 0 3 20000.000000
148.547511 0 3 80000.000000
148.721012 0 1 10000.000000
149.398151 0 2 10000.000000
150.009161 0 3 5000000.000000
150.461037 0 0 80000.000000
150.859050 0 3 30000.000000
150.883189 0 1 10000000.000000
151.470390 0 0 5000000.000000
152.691929 0 3 10000.000000
153.411072 0 1 10000.000000
153.790388 0 0 30000.000000
154.851044 0 0 1000000.000000
154.994848 0 3 1000000.000000
155.777050 0 1 50000.000000
155.988934 0 2 50000.000000
157.152027 0 3 1000000.000000
157.303299 0 2 20000.000000
157.331774 0 0 1000000.000000
157.390028 0 0 5000000.000000
157.950466 0 2 1000000.000000
158.204147 0 0 80000.000000
158.482691 0 3 80000.000000
159.556362 0 2 2000000.000000
159.604530 0 3 1000000.000000
160.191393 0 3 2000000.000000
160.793910 0 3 10000000.000000
161.320483 0 0 2000000.000000
162.208543 0 3 5000000.000000
162.722665 0 1 10000.000000
163.885034 0 2 50000.000000
164.523038 0 1 30000.000000
165.298284 0 1 10000.000000
165.400154 0 1 50000.000000
165.699477 0 0 20000.000000
165.745227 0 0 2000000.000000
166.847164 0 3 200000.000000
168.498698 0 3 5000000.000000
169.250318 0 2 50000.000000
169.442974 0 1 10000000.000000
170.374456 0 2 10000000.000000
170.990566 0 1 1000000.000000
171.132838 0 0 1000000.000000
172.419487 0 2 200000.000000
172.686047 0 1 5000000.000000
173.672019 0 3 50000.000000
174.208544 0 3 10000000.000000
174.335616 0 0 50000.000000
174.392375 0 0 10000.000000
174.720546 0 2 10000000.000000
174.931945 0 0 50000.000000
174.971568 0 2 1000000.000000
175.021086 0 0 200000.000000
176.118793 0 1 10000.000000
176.138861 0 3 200000.000000
176.394671 0 0 50000.000000
177.168829 0 3 20000.000000
177.768880 0 0 10000000.000000
178.625690 0 3 200000.000000
179.275957 0 2 10000000.000000
179.310754 0 1 10000.000000
179.545369 0 0 10000.000000
179.808273 0 2 80000.000000
180.372105 0 2 1000000.000000
180.891851 0 3 20000.000000
180.901852 0 3 2000000.000000
182.823500 0 3 5000000.000000
183.985441 0 2 10000.000000
184.334010 0 0 5000000.000000
184.669495 0 2 2000000.000000
184.944581 0 1 20000.000000
185.342655 0 1 10000000.000000
185.785561 0 3 30000.000000
187.953434 0 3 2000000.000000
189.010006 0 3 80000.000000
190.620245 0 0 1000000.000000
190.651707 0 3 80000.000000
190.929925 0 2 1000000.000000
191.250206 0 1 2000000.000000
191.662298 0 0 80000.000000
191.687894 0 0 10000000.000000
192.124425 0 3 1000000.000000
192.407747 0 2 1000000.000000
192.545379 0 3 1000000.000000
193.932426 0 0 80000.000000
195.837599 0 1 10000000.000000
195.848739 0 3 80000.000000
195.914767 0 2 10000.000000
196.239647 0 0 50000.000000
196.531066 0 2 80000.000000
196.668906 0 3 10000.000000
197.112786 0 1 5000000.000000
197.181583 0 2 80000.000000
197.878990 0 0 80000.000000
199.158664 0 3 2000000.000000
199.986440 0 0 2000000.000000
200.544745 0 0 20000.000000
202.649692 0 3 30000000.000000
202.686400 0 1 2000000.000000
202.692651 0 0 50000.000000
203.998079 0 0 10000.000000
204.816561 0 0 5000000.000000
204.874930 0 1 1000000.000000
205.824616 0 3 30000.000000
207.272805 0 0 20000.000000
207.731518 0 1 5000000.000000
208.411497 0 3 80000.000000
209.690326 0 2 2000000.000000
210.041095 0 1 1000000.000000
210.917258 0 1 30000.000000
211.888784 0 3 30000.000000
212.477465 0 0 30000.000000
212.558941 0 2 30000000.000000
212.948634 0 2 5000000.000000
213.646141 0 2 5000000.000000
213.791997 0 1 80000.000000
213.899055 0 0 10000.000000
214.589469 0 3 80000.000000
214.755177 0 0 1000000.000000
214.893466 0 3 2000000.000000
215.182857 0 3 10000.000000
215.465840 0 0 200000.000000
216.520427 0 3 50000.000000
216.526456 0 3 10000.000000
218.240723 0 1 1000000.000000
220.551416 0 1 200000.000000
221.732451 0 3 10000000.000000
222.548448 0 0 80000.000000
223.249722 0 0 1000000.000000
223.942961 0 0 1000000.000000
224.161837 0 0 10000.000000
224.338506 0 2 10000.000000
226.586121 0 3 5000000.000000
228.524024 0 2 50000.000000
228.712192 0 3 50000.000000
228.793294 0 0 5000000.000000
228.905955 0 2 2000000.000000
228.976999 0 0 1000000.000000
229.593997 0 3 2000000.000000
229.712128 0 1 1000000.000000
229.735774 0 0 1000000.000000
230.000573 0 1 10000000.000000
230.409060 0 3 20000.000000
232.028817 0 0 10000.000000
232.033516 0 3 5000000.000000
232.260024 0 3 80000.000000
232.761866 0 3 30000.000000
235.523384 0 1 10000.000000
235.795748 0 2 30000000.000000
236.206420 0 2 30000.000000
236.720099 0 1 200000.000000
237.201990 0 3 50000.000000
237.366526 0 2 10000.000000
238.553880 0 0 80000.000000
238.560179 0 2 20000.000000
240.778940 0 3 5000000.000000
241.221224 0 0 10000.000000
241.845035 0 2 5000000.000000
243.075077 0 2 30000.000000
244.054797 0 3 200000.000000
244.578323 0 0 200000.000000
244.602943 0 1 80000.000000
244.741767 0 3 30000000.000000
244.829253 0 1 10000.000000
245.299501 0 2 80000.000000
245.497778 0 2 5000000.000000
245.999943 0 1 10000.000000
246.629177 0 2 80000.000000
246.643845 0 0 10000.000000
246.810843 0 2 10000.000000
247.506439 0 3 1000000.000000
248.214664 0 2 200000.000000
249.260852 0 1 2000000.000000
250.321530 0 3 50000.000000
250.441326 0 3 50000.000000
250.602407 0 1 200000.000000
251.091952 0 1 30000000.000000
251.177249 0 2 5000000.000000
252.938086 0 1 10000.000000
253.731567 0 2 30000000.000000
255.173840 0 3 5000000.000000
255.384410 0 2 10000.000000
255.675740 0 2 10000.000000
256.224600 0 1 10000.000000
256.995122 0 2 10000.000000
257.154974 0 1 5000000.000000
257.225139 0 0 10000.000000
258.873689 0 1 50000.000000
259.271971 0 0 10000.000000
260.529817 0 1 5000000.000000
261.039596 0 2 2000000.000000
261.204513 0 3 50000.000000
261.425423 0 0 10000000.000000
261.567465 0 0 2000000.000000
262.295900 0 1 30000.000000
262.533678 0 0 1000000.000000
262.871166 0 2 10000.000000
263.209126 0 2 10000.000000
264.399304 0 2 5000000.000000
265.347272 0 3 1000000.000000
265.539812 0 2 20000.000000
265.936511 0 2 10000.000000
266.019036 0 0 200000.000000
267.729366 0 3 200000.000000
268.476054 0 3 20000.000000
268.575514 0 3 80000.000000
268.924147 0 2 5000000.000000
269.842058 0 1 2000000.000000
270.525955 0 0 1000000.000000
271.218005 0 0 5000000.000000
271.536431 0 3 20000.000000
271.788066 0 2 10000.000000
272.073911 0 3 2000000.000000
272.091604 0 2 50000.000000
272.630476 0 3 20000.000000
273.299219 0 2 10000000.000000
273.989011 0 1 200000.000000
274.636208 0 3 1000000.000000
276.733054 0 3 10000000.000000
277.292766 0 1 30000.000000
277.757657 0 3 20000.000000
278.194810 0 0 1000000.000000
278.752490 0 3 2000000.000000
279.767090 0 1 5000000.000000
280.205201 0 2 30000.000000
280.360373 0 1 5000000.000000
280.964814 0 2 2000000.000000
280.993901 0 2 2000000.000000
281.061260 0 0 10000.000000
282.279749 0 0 30000000.000000
282.662644 0 1 1000000.000000
282.795864 0 1 1000000.000000
282.882813 0 3 80000.000000
283.791044 0 0 80000.000000
283.816939 0 3 10000.000000
284.512847 0 1 200000.000000
284.774492 0 3 1000000.000000
287.636832 0 1 30000.000000
288.377574 0 2 200000.000000
289.157618 0 2 2000000.000000
289.464654 0 3 50000.000000
290.740425 0 1 5000000.000000
293.374708 0 2 10000.000000
294.540423 0 0 200000.000000
295.199009 0 0 2000000.000000
299.768784 0 2 10000.000000
0.244624 1 2 80000.000000
0.289451 1 0 10000.000000
0.320998 1 3 200000.000000
1.421946 1 0 10000000.000000
1.459167 1 3 80000.000000
2.113663 1 2 5000000.000000
2.186090 1 2 30000.000000
2.423088 1 0 5000000.000000
2.458224 1 1 30000.000000
2.727743 1 0 1000000.000000
3.054519 1 1 5000000.000000
3.839680 1 2 30000.000000
4.085953 1 0 20000.000000
5.245553 1 2 2000000.000000
5.552118 1 2 10000000.000000
5.947955 1 2 2000000.000000
6.341702 1 3 1000000.000000
6.828573 1 2 80000.000000
8.397097 1 3 10000.000000
8.420812 1 2 5000000.000000
8.711114 1 3 50000.000000
9.919852 1 0 10000000.000000
10.497202 1 3 5000000.000000
10.870923 1 1 50000.000000
11.730767 1 3 10000.000000
12.362762 1 0 2000000.000000
12.775984 1 2 1000000.000000
13.700254 1 1 5000000.000000
14.458814 1 1 10000000.000000
15.017549 1 3 30000.000000
15.249185 1 0 80000.000000
15.351333 1 1 2000000.000000
15.571589 1 0 30000000.000000
16.970953 1 2 10000000.000000
17.032269 1 2 200000.000000
17.454513 1 2 10000000.000000
17.933307 1 0 30000000.000000
18.092310 1 3 200000.000000
19.016637 1 3 50000.000000
20.248817 1 3 10000000.000000
20.769804 1 2 200000.000000
20.935319 1 0 20000.000000
21.480055 1 3 30000.000000
21.976616 1 3 20000.000000
22.337793 1 0 1000000.000000
23.256098 1 0 80000.000000
23.979378 1 0 80000.000000
25.561847 1 0 5000000.000000
25.734711 1 1 10000.000000
26.035307 1 0 10000.000000
27.438139 1 3 200000.000000
28.211387 1 0 1000000.000000
28.279771 1 0 10000.000000
30.630541 1 3 5000000.000000
31.188623 1 0 2000000.000000
31.222177 1 3 2000000.000000
31.753871 1 2 10000000.000000
32.054228 1 2 1000000.000000
32.435167 1 0 80000.000000
32.889661 1 2 5000000.000000
33.010503 1 1 30000.000000
33.576357 1 1 5000000.000000
34.682615 1 0 30000.000000
35.703553 1 2 50000.000000
35.705744 1 3 30000000.000000
35.952732 1 0 1000000.000000
36.388114 1 0 10000.000000
38.485104 1 2 200000.000000
38.926518 1 0 10000.000000
39.203941 1 0 10000000.000000
39.242710 1 3 20000.000000
39.592137 1 2 30000.000000
39.640275 1 2 10000.000000
39.704024 1 3 5000000.000000
40.578433 1 2 30000.000000
40.641864 1 3 5000000.000000
40.659647 1 0 20000.000000
41.584466 1 1 5000000.000000
41.774854 1 1 10000000.000000
41.916913 1 1 10000000.000000
42.257597 1 1 30000.000000
42.379089 1 3 10000000.000000
42.436263 1 1 50000.000000
42.461822 1 1 2000000.000000
42.686521 1 2 10000000.000000
42.765139 1 1 5000000.000000
43.249660 1 1 5000000.000000
43.437192 1 3 2000000.000000
43.779502 1 0 80000.000000
44.001654 1 2 1000000.000000
44.662968 1 0 10000000.000000
45.051824 1 2 20000.000000
45.267005 1 1 2000000.000000
46.954647 1 0 20000.000000
47.836957 1 2 5000000.000000
49.732244 1 3 10000.000000
50.160470 1 2 20000.000000
50.606182 1 0 2000000.000000
52.074822 1 3 80000.000000
53.090403 1 1 10000.000000
54.182436 1 3 2000000.000000
54.459029 1 2 1000000.000000
55.271881 1 2 80000.000000
55.461772 1 1 20000.000000
56.790201 1 1 200000.000000
56.894257 1 1 80000.000000
58.763854 1 1 5000000.000000
59.129394 1 2 30000.000000
59.150398 1 2 50000.000000
59.767851 1 1 20000.000000
60.409456 1 0 10000.000000
62.314798 1 3 30000.000000
62.726862 1 2 2000000.000000
62.938142 1 2 30000.000000
63.028460 1 0 20000.000000
63.775305 1 2 1000000.000000
64.711249 1 3 2000000.000000
64.845571 1 1 1000000.000000
64.946766 1 2 30000.000000
65.475728 1 0 10000.000000
66.314770 1 1 30000.000000
66.485548 1 1 5000000.000000
66.543179 1 0 5000000.000000
66.811324 1 1 1000000.000000
67.834546 1 1 200000.000000
67.968093 1 2 10000000.000000
68.176196 1 2 20000.000000
68.582451 1 0 50000.000000
68.711564 1 0 5000000.000000
68.860633 1 1 10000.000000
69.223905 1 2 30000000.000000
69.427123 1 0 10000.000000
69.681757 1 3 1000000.000000
70.191134 1 3 5000000.000000
70.378254 1 3 20000.000000
70.523337 1 1 30000.000000
71.230132 1 0 10000.000000
71.387097 1 3 200000.000000
72.097751 1 1 30000.000000
72.163699 1 2 10000.000000
72.410115 1 2 2000000.000000
72.913112 1 0 50000.000000
73.079238 1 1 30000.000000
74.002070 1 0 5000000.000000
74.869893 1 3 5000000.000000
75.221243 1 1 30000.000000
75.992603 1 0 2000000.000000
77.242174 1 3 1000000.000000
77.987529 1 3 1000000.000000
78.455395 1 2 2000000.000000
78.517299 1 1 80000.000000
79.582960 1 0 30000.000000
79.869844 1 2 10000.000000
80.069913 1 1 5000000.000000
80.303127 1 0 1000000.000000
80.785504 1 2 1000000.000000
80.801187 1 3 80000.000000
83.159130 1 3 2000000.000000
83.326015 1 3 5000000.000000
83.484694 1 1 5000000.000000
83.506901 1 1 200000.000000
83.847610 1 0 1000000.000000
83.872678 1 0 10000000.000000
83.917952 1 1 2000000.000000
83.984340 1 1 50000.000000
84.363376 1 3 5000000.000000
85.159182 1 3 10000.000000
85.610378 1 3 5000000.000000
85.649518 1 2 10000000.000000
85.936770 1 0 200000.000000
85.944473 1 3 30000.000000
86.189189 1 1 80000.000000
86.917375 1 2 10000000.000000
86.927229 1 2 80000.000000
87.339298 1 3 5000000.000000
87.698966 1 0 10000.000000
88.043212 1 1 80000.000000
88.114180 1 2 2000000.000000
89.114326 1 3 1000000.000000
90.619420 1 2 10000000.000000
90.905779 1 3 10000.000000
90.930498 1 2 80000.000000
91.471167 1 0 80000.000000
91.974159 1 3 5000000.000000
91.980206 1 1 1000000.000000
92.324033 1 1 10000.000000
92.757290 1 2 2000000.000000
92.921783 1 2 20000.000000
92.984036 1 2 30000.000000
93.119254 1 2 10000.000000
94.038318 1 3 1000000.000000
94.753022 1 2 80000.000000
95.861370 1 2 10000.000000
96.055980 1 2 80000.000000
96.063206 1 3 2000000.000000
96.089412 1 1 30000.000000
96.177056 1 1 50000.000000
96.312769 1 0 200000.000000
96.442179 1 0 10000.000000
96.952011 1 0 2000000.000000
96.966487 1 3 80000.000000
97.776153 1 1 30000.000000
97.910181 1 3 50000.000000
98.438838 1 2 10000000.000000
98.845799 1 3 1000000.000000
99.252825 1 2 30000.000000
99.609877 1 2 20000.000000
99.907931 1 2 80000.000000
100.040521 1 0 200000.000000
100.587276 1 1 80000.000000
100.633579 1 1 80000.000000
101.071517 1 2 50000.000000
101.130853 1 1 10000000.000000
102.381430 1 0 20000.000000
103.545212 1 2 50000.000000
104.181272 1 2 50000.000000
104.352536 1 1 30000.000000
105.353621 1 3 200000.000000
108.051125 1 2 1000000.000000
108.223546 1 1 2000000.000000
108.478649 1 1 10000.000000
110.168521 1 3 1000000.000000
111.625015 1 0 50000.000000
112.088782 1 3 10000.000000
112.464256 1 2 200000.000000
113.016971 1 1 50000.000000
113.150363 1 2 20000.000000
113.533936 1 3 80000.000000
114.192193 1 2 200000.000000
114.638344 1 0 30000.000000
114.812648 1 0 10000.000000
115.198213 1 2 30000.000000
115.549876 1 1 30000.000000
116.152184 1 2 30000000.000000
116.934923 1 2 5000000.000000
116.965626 1 0 30000.000000
118.345236 1 3 5000000.000000
118.445483 1 2 30000.000000
118.576563 1 0 80000.000000
118.977708 1 1 10000.000000
119.193603 1 1 5000000.000000
119.447727 1 3 200000.000000
119.586296 1 1 10000.000000
120.462597 1 2 20000.000000
120.570191 1 1 10000.000000
121.327824 1 1 10000.000000
122.381057 1 0 1000000.000000
122.651613 1 3 200000.000000
124.538896 1 1 1000000.000000
124.710233 1 0 50000.000000
124.730983 1 0 50000.000000
125.262684 1 3 10000.000000
126.174028 1 3 10000000.000000
126.666830 1 0 5000000.000000
127.424679 1 3 20000.000000
128.705320 1 3 10000000.000000
128.796649 1 3 80000.000000
128.863303 1 0 10000.000000
129.306599 1 0 10000.000000
130.402565 1 0 2000000.000000
130.719704 1 1 2000000.000000
130.727058 1 3 10000000.000000
131.334624 1 1 30000.000000
131.543250 1 3 5000000.000000
131.560003 1 3 1000000.000000
132.206069 1 1 80000.000000
132.494712 1 0 30000.000000
132.750258 1 3 2000000.000000
132.858505 1 2 10000000.000000
133.543238 1 3 30000.000000
134.228762 1 0 1000000.000000
134.906381 1 1 200000.000000
136.836247 1 0 30000.000000
136.889000 1 0 20000.000000
138.088297 1 0 50000.000000
139.753367 1 2 10000.000000
140.799582 1 2 30000.000000
142.015296 1 2 200000.000000
142.420156 1 3 20000.000000
142.449177 1 1 10000000.000000
142.827558 1 1 200000.000000
144.112407 1 1 50000.000000
145.901578 1 3 80000.000000
146.433826 1 0 20000.000000
146.435604 1 0 2000000.000000
146.999100 1 2 80000.000000
148.024409 1 2 200000.000000
148.127046 1 0 80000.000000
148.439011 1 1 30000.000000
149.014994 1 3 30000.000000
150.190419 1 1 10000.000000
150.876846 1 2 50000.000000
151.653574 1 2 80000.000000
153.195821 1 2 50000.000000
153.667249 1 2 50000.000000
153.854259 1 3 200000.000000
153.893655 1 1 2000000.000000
154.030406 1 0 5000000.000000
154.565386 1 2 80000.000000
155.734459 1 1 30000.000000
156.056297 1 0 80000.000000
156.254972 1 3 200000.000000
157.785033 1 3 80000.000000
158.024920 1 2 80000.000000
158.352218 1 0 20000.000000
158.825278 1 1 80000.000000
159.375233 1 3 200000.000000
159.523221 1 0 10000.000000
160.188768 1 3 50000.000000
160.338074 1 3 50000.000000
160.637657 1 1 2000000.000000
160.694349 1 0 1000000.000000
161.557984 1 3 50000.000000
161.916394 1 3 80000.000000
161.978450 1 1 200000.000000
162.623333 1 0 1000000.000000
163.594693 1 0 10000.000000
164.449600 1 0 10000.000000
165.076569 1 3 2000000.000000
165.279285 1 3 30000.000000
165.407914 1 0 2000000.000000
165.898006 1 1 2000000.000000
166.414095 1 3 20000.000000
167.396520 1 0 80000.000000
167.547904 1 0 2000000.000000
168.323915 1 0 30000.000000
168.487302 1 2 30000.000000
168.624014 1 1 20000.000000
171.560444 1 1 10000000.000000
171.969920 1 3 80000.000000
172.465636 1 1 50000.000000
172.522364 1 0 200000.000000
172.650007 1 2 5000000.000000
173.997675 1 1 5000000.000000
174.024222 1 3 20000.000000
174.132775 1 2 10000.000000
174.757526 1 1 10000000.000000
174.967747 1 2 2000000.000000
175.169370 1 1 1000000.000000
175.523458 1 0 1000000.000000
175.780078 1 2 10000.000000
176.076229 1 0 10000.000000
176.189158 1 1 5000000.000000
177.007682 1 1 10000000.000000
179.163772 1 1 50000.000000
179.176408 1 1 30000.000000
179.344448 1 3 10000.000000
179.417020 1 1 200000.000000
179.876929 1 2 30000000.000000
179.974268 1 0 80000.000000
180.259475 1 3 10000.000000
180.415950 1 0 1000000.000000
180.520388 1 1 80000.000000
180.716923 1 2 1000000.000000
181.961432 1 0 1000000.000000
183.488597 1 1 1000000.000000
183.736859 1 2 30000.000000
184.037504 1 2 200000.000000
186.005035 1 2 80000.000000
186.515555 1 3 50000.000000
186.568367 1 0 80000.000000
187.023371 1 2 200000.000000
187.427186 1 2 10000000.000000
187.839247 1 2 50000.000000
188.002482 1 2 10000.000000
188.674902 1 1 1000000.000000
189.031663 1 0 1000000.000000
189.500876 1 2 20000.000000
189.564634 1 3 20000.000000
190.216042 1 0 50000.000000
190.764578 1 2 1000000.000000
191.055117 1 2 10000.000000
192.627188 1 2 30000.000000
193.439671 1 1 10000.000000
193.713090 1 0 30000.000000
194.318204 1 0 30000.000000
194.944758 1 0 80000.000000
195.487689 1 1 30000.000000
195.902671 1 2 30000000.000000
196.339897 1 2 50000.000000
196.872659 1 1 10000.000000
197.227455 1 1 30000.000000
199.647440 1 0 5000000.000000
199.746133 1 2 50000.000000
199.876068 1 0 2000000.000000
200.592723 1 3 5000000.000000
200.705958 1 0 2000000.000000
200.959467 1 0 50000.000000
202.734505 1 1 1000000.000000
203.214856 1 3 2000000.000000
203.679142 1 1 2000000.000000
204.198890 1 3 1000000.000000
204.342812 1 2 50000.000000
204.852766 1 0 20000.000000
205.318095 1 3 30000.000000
205.535850 1 0 50000.000000
206.879541 1 2 1000000.000000
206.904200 1 1 20000.000000
207.441954 1 1 30000000.000000
208.157828 1 2 80000.000000
208.399915 1 2 50000.000000
208.571215 1 1 20000.000000
208.885143 1 2 30000.000000
209.102393 1 2 10000.000000
209.222942 1 2 80000.000000
210.580129 1 1 5000000.000000
211.053839 1 1 50000.000000
211.336202 1 0 30000000.000000
211.581596 1 0 200000.000000
211.699163 1 3 10000000.000000
212.112859 1 3 2000000.000000
213.390870 1 3 30000.000000
214.079050 1 0 10000000.000000
214.591237 1 3 5000000.000000
215.158347 1 0 10000.000000
215.169841 1 0 20000.000000
216.957222 1 2 2000000.000000
217.014811 1 1 80000.000000
217.287229 1 2 80000.000000
218.697200 1 0 80000.000000
218.734312 1 1 50000.000000
219.342615 1 3 30000.000000
219.528882 1 2 30000000.000000
219.665899 1 1 30000.000000
220.228702 1 0 80000.000000
220.700498 1 2 80000.000000
221.696281 1 3 1000000.000000
222.558631 1 0 10000.000000
223.454727 1 2 1000000.000000
224.325539 1 1 30000000.000000
225.282382 1 1 10000000.000000
225.303656 1 0 1000000.000000
225.470256 1 2 10000.000000
225.627555 1 0 5000000.000000
226.263805 1 1 200000.000000
226.277565 1 0 10000.000000
226.322666 1 1 2000000.000000
227.781725 1 0 10000.000000
228.739559 1 3 1000000.000000
229.169315 1 2 80000.000000
229.516066 1 1 2000000.000000
230.124601 1 2 30000.000000
230.218247 1 1 10000.000000
230.480658 1 0 50000.000000
233.133775 1 1 10000000.000000
233.536364 1 1 10000.000000
233.791078 1 3 10000.000000
234.764451 1 2 30000.000000
234.977098 1 0 5000000.000000
235.312996 1 2 1000000.000000
235.397050 1 2 80000.000000
236.326153 1 0 5000000.000000
236.637498 1 2 200000.000000
237.009986 1 3 10000.000000
237.233324 1 2 10000000.000000
238.717611 1 0 50000.000000
239.076952 1 1 10000000.000000
239.498571 1 0 200000.000000
239.591084 1 0 10000.000000
239.736318 1 2 80000.000000
240.337075 1 1 50000.000000
240.460609 1 0 10000000.000000
241.416973 1 1 30000.000000
241.968207 1 2 10000.000000
246.137330 1 0 2000000.000000
246.839322 1 3 30000000.000000
246.964786 1 2 10000.000000
247.549367 1 1 80000.000000
248.186635 1 3 5000000.000000
250.218916 1 1 5000000.000000
250.324345 1 1 1000000.000000
250.414278 1 1 10000.000000
250.962734 1 3 5000000.000000
251.057537 1 1 20000.000000
251.201990 1 1 200000.000000
251.458046 1 1 50000.000000
251.644736 1 2 10000.000000
251.862672 1 3 50000.000000
251.947212 1 3 10000.000000
252.099273 1 1 10000000.000000
252.425492 1 1 20000.000000
252.894969 1 1 10000.000000
254.075606 1 3 30000.000000
254.297798 1 0 10000000.000000
255.345671 1 3 2000000.000000
257.123039 1 0 80000.000000
257.367573 1 3 80000.000000
258.484135 1 3 10000.000000
259.467005 1 2 2000000.000000
259.616074 1 2 30000.000000
260.565514 1 3 50000.000000
260.598072 1 2 30000.000000
261.088284 1 0 10000000.000000
261.132545 1 1 5000000.000000
261.172406 1 2 10000.000000
261.685023 1 2 5000000.000000
262.121729 1 3 2000000.000000
262.380233 1 2 200000.000000
262.827712 1 1 200000.000000
263.212072 1 2 20000.000000
263.506663 1 0 2000000.000000
263.835072 1 1 2000000.000000
264.475531 1 0 2000000.000000
267.677871 1 1 1000000.000000
268.296729 1 0 30000000.000000
268.948222 1 2 50000.000000
269.088001 1 2 200000.000000
271.025761 1 0 50000.000000
272.097498 1 1 30000.000000
272.430984 1 1 10000.000000
273.637203 1 1 200000.000000
274.153339 1 2 1000000.000000
275.153120 1 2 10000000.000000
275.682769 1 3 50000.000000
276.158886 1 3 1000000.000000
276.670392 1 0 10000000.000000
277.191927 1 0 1000000.000000
277.809817 1 2 5000000.000000
277.901435 1 1 80000.000000
277.971095 1 2 80000.000000
278.062009 1 3 10000.000000
278.436126 1 0 5000000.000000
279.130304 1 0 80000.000000
279.139399 1 0 10000.000000
279.318547 1 3 80000.000000
281.664634 1 0 20000.000000
281.953213 1 1 2000000.000000
282.238747 1 0 10000000.000000
282.536055 1 3 10000.000000
282.590457 1 3 30000.000000
283.256745 1 1 30000.000000
283.545789 1 1 30000.000000
285.178133 1 1 50000.000000
285.207458 1 1 80000.000000
285.357241 1 2 20000.000000
285.935568 1 0 2000000.000000
286.029551 1 0 10000000.000000
286.476034 1 3 2000000.000000
286.977575 1 2 5000000.000000
287.100447 1 2 30000.000000
287.168979 1 0 20000.000000
287.753079 1 1 80000.000000
288.598778 1 1 2000000.000000
288.744665 1 1 1000000.000000
288.956790 1 1 10000.000000
289.114128 1 2 10000.000000
289.735275 1 0 30000.000000
290.006214 1 0 50000.000000
290.704085 1 2 10000000.000000
291.864842 1 1 10000000.000000
292.691084 1 2 5000000.000000
292.890792 1 2 30000.000000
293.241290 1 2 50000.000000
293.697532 1 3 30000.000000
294.647376 1 0 80000.000000
294.969632 1 1 200000.000000
295.567780 1 1 200000.000000
295.883954 1 2 10000.000000
296.262062 1 0 10000000.000000
296.669998 1 3 1000000.000000
296.748892 1 0 5000000.000000
296.962928 1 0 10000000.000000
297.221154 1 1 10000.000000
298.175114 1 2 30000.000000
298.840964 1 3 10000.000000
299.918158 1 0 20000.000000
0.932815 2 1 80000.000000
1.263874 2 3 50000.000000
2.358063 2 0 10000.000000
3.256593 2 0 10000.000000
3.395878 2 1 1000000.000000
6.644166 2 2 2000000.000000
9.186804 2 0 20000.000000
10.304422 2 0 10000.000000
10.416372 2 0 2000000.000000
10.575802 2 1 2000000.000000
10.590391 2 1 10000.000000
11.155198 2 0 30000.000000
11.286805 2 3 10000.000000
14.588471 2 1 20000.000000
14.883986 2 2 30000.000000
14.954994 2 3 2000000.000000
15.004195 2 1 5000000.000000
15.990573 2 3 10000.000000
16.685718 2 1 1000000.000000
18.027604 2 2 10000.000000
18.856015 2 0 50000.000000
18.891367 2 0 10000.000000
19.636848 2 1 30000.000000
20.958854 2 0 1000000.000000
20.980142 2 0 80000.000000
21.843263 2 1 30000.000000
24.363881 2 0 10000.000000
25.136087 2 3 1000000.000000
25.528220 2 0 10000.000000
25.878578 2 1 5000000.000000
26.570368 2 3 30000.000000
26.950607 2 2 80000.000000
27.177400 2 2 10000.000000
27.304702 2 1 10000.000000
27.792087 2 0 1000000.000000
28.035113 2 2 30000.000000
28.090611 2 0 10000000.000000
28.966655 2 1 10000.000000
30.555088 2 0 200000.000000
31.628205 2 2 2000000.000000
33.878711 2 0 20000.000000
34.231881 2 2 1000000.000000
34.476498 2 1 10000.000000
34.870803 2 3 80000.000000
36.007787 2 2 20000.000000
36.426428 2 0 10000000.000000
36.458774 2 0 30000000.000000
38.371242 2 1 10000.000000
38.544807 2 0 30000000.000000
39.374652 2 2 10000000.000000
39.814325 2 3 30000.000000
39.924133 2 2 2000000.000000
40.062766 2 0 10000.000000
40.392576 2 1 50000.000000
41.025704 2 1 10000.000000
41.348491 2 0 30000.000000
41.445210 2 3 2000000.000000
42.623688 2 1 10000.000000
43.008351 2 0 20000.000000
43.347178 2 1 10000.000000
43.661528 2 0 30000000.000000
45.437781 2 0 50000.000000
46.844161 2 1 80000.000000
47.096149 2 3 1000000.000000
47.199849 2 0 200000.000000
47.355696 2 2 30000.000000
47.623244 2 2 2000000.000000
47.926580 2 3 10000000.000000
47.941909 2 0 30000.000000
48.921381 2 2 10000000.000000
50.002908 2 3 80000.000000
50.465146 2 3 10000.000000
50.986081 2 1 10000.000000
52.365423 2 2 30000.000000
52.610168 2 1 20000.000000
52.936812 2 0 1000000.000000
53.645123 2 2 10000000.000000
54.076975 2 2 1000000.000000
54.200042 2 1 80000.000000
55.224778 2 0 10000.000000
55.659816 2 2 50000.000000
56.244049 2 1 80000.000000
56.508197 2 3 30000.000000
56.585491 2 3 80000.000000
56.954596 2 0 20000.000000
58.543001 2 1 30000.000000
58.696179 2 1 200000.000000
61.341970 2 2 80000.000000
62.174890 2 0 80000.000000
63.793202 2 0 10000000.000000
64.149719 2 1 200000.000000
65.253780 2 3 5000000.000000
65.997992 2 0 30000.000000
66.763000 2 2 10000000.000000
67.247562 2 2 50000.000000
68.315149 2 3 50000.000000
68.964030 2 1 30000.000000
69.652090 2 1 80000.000000
71.149504 2 1 10000.000000
71.387465 2 0 200000.000000
71.923592 2 3 5000000.000000
72.164892 2 2 10000.000000
72.361217 2 1 20000.000000
73.523379 2 2 200000.000000
73.630195 2 1 2000000.000000
74.651500 2 3 30000.000000
75.745513 2 2 1000000.000000
76.160826 2 1 5000000.000000
76.635050 2 3 30000.000000
77.073476 2 0 10000.000000
77.235866 2 2 5000000.000000
77.960018 2 2 50000.000000
78.079537 2 0 2000000.000000
78.498474 2 0 2000000.000000
78.735107 2 0 20000.000000
78.895694 2 0 30000.000000
79.269162 2 2 1000000.000000
79.400668 2 3 80000.000000
79.485534 2 2 50000.000000
79.576334 2 2 10000000.000000
82.368156 2 0 200000.000000
84.211763 2 2 10000.000000
85.488830 2 0 80000.000000
85.523666 2 1 10000.000000
85.702500 2 3 2000000.000000
86.193805 2 1 30000.000000
86.331404 2 1 5000000.000000
86.392633 2 1 5000000.000000
87.320183 2 2 10000000.000000
87.669740 2 3 200000.000000
89.583884 2 2 10000000.000000
89.629237 2 2 1000000.000000
90.378337 2 1 30000.000000
90.519690 2 1 5000000.000000
90.892769 2 0 1000000.000000
90.908127 2 0 30000.000000
92.267983 2 0 200000.000000
93.391502 2 3 80000.000000
93.612012 2 2 30000.000000
93.805168 2 0 20000.000000
94.317342 2 2 80000.000000
95.341692 2 3 2000000.000000
95.593372 2 0 20000.000000
97.137886 2 1 30000000.000000
97.280852 2 2 20000.000000
97.373257 2 1 30000.000000
97.539919 2 0 80000.000000
98.113701 2 1 20000.000000
98.408969 2 2 10000.000000
98.984300 2 1 50000.000000
99.286758 2 1 50000.000000
100.059206 2 2 30000000.000000
100.154139 2 0 30000000.000000
100.447657 2 2 5000000.000000
100.791158 2 3 1000000.000000
100.825734 2 0 2000000.000000
100.831031 2 3 10000.000000
101.096131 2 1 200000.000000
101.911766 2 0 10000.000000
102.065447 2 2 50000.000000
102.777662 2 2 1000000.000000
103.687893 2 3 80000.000000
104.443984 2 3 80000.000000
104.673800 2 0 50000.000000
105.425778 2 3 1000000.000000
105.568387 2 3 30000.000000
106.255863 2 3 5000000.000000
108.681605 2 2 50000.000000
108.780423 2 0 2000000.000000
109.569857 2 1 200000.000000
110.051326 2 3 5000000.000000
110.116920 2 0 2000000.000000
110.281954 2 2 5000000.000000
110.732109 2 2 10000.000000
111.120094 2 3 50000.000000
111.399690 2 1 30000.000000
111.854626 2 0 10000.000000
112.249444 2 0 10000.000000
112.389504 2 0 5000000.000000
112.609764 2 1 1000000.000000
113.161993 2 2 200000.000000
113.385914 2 0 80000.000000
114.897466 2 2 30000.000000
115.775206 2 0 30000.000000
116.023705 2 3 1000000.000000
116.234137 2 1 80000.000000
116.366914 2 3 20000.000000
116.478134 2 2 10000000.000000
116.538722 2 3 80000.000000
116.551519 2 0 80000.000000
117.046627 2 1 80000.000000
118.927686 2 1 30000.000000
119.375149 2 1 10000.000000
119.737283 2 0 2000000.000000
121.144524 2 2 5000000.000000
122.422337 2 1 50000.000000
122.660603 2 2 5000000.000000
122.753547 2 1 5000000.000000
122.957424 2 3 50000.000000
123.044384 2 3 10000.000000
123.461685 2 2 10000.000000
123.742316 2 2 10000.000000
123.950268 2 2 50000.000000
124.311995 2 3 2000000.000000
124.375541 2 0 10000.000000
124.401068 2 1 30000.000000
125.125955 2 0 10000.000000
126.000196 2 2 50000.000000
127.325519 2 3 10000000.000000
127.531127 2 3 80000.000000
128.201935 2 0 10000.000000
128.426547 2 1 20000.000000
128.787184 2 1 30000.000000
129.325129 2 3 80000.000000
129.400805 2 3 30000.000000
129.401216 2 3 30000.000000
129.438613 2 2 50000.000000
129.807242 2 0 10000000.000000
129.863865 2 1 30000000.000000
131.023327 2 3 10000.000000
131.262130 2 3 80000.000000
131.513207 2 3 5000000.000000
131.777741 2 2 80000.000000
131.995931 2 1 1000000.000000
132.945431 2 1 30000.000000
133.390297 2 3 200000.000000
134.013903 2 0 10000.000000
134.949534 2 0 1000000.000000
136.343147 2 3 5000000.000000
136.589516 2 1 80000.000000
136.647222 2 1 5000000.000000
137.059946 2 0 10000000.000000
137.383337 2 2 20000.000000
137.938628 2 0 10000.000000
138.315974 2 0 10000.000000
138.508592 2 2 5000000.000000
139.123813 2 3 10000.000000
140.107292 2 2 20000.000000
141.689433 2 3 80000.000000
142.047998 2 3 2000000.000000
142.637933 2 3 80000.000000
143.189362 2 2 10000.000000
144.163826 2 2 20000.000000
144.494173 2 0 2000000.000000
146.383453 2 1 80000.000000
146.915761 2 0 1000000.000000
147.862733 2 3 10000.000000
148.251275 2 1 1000000.000000
148.364236 2 1 10000.000000
148.684463 2 1 10000.000000
149.207555 2 1 5000000.000000
149.457823 2 0 2000000.000000
149.940310 2 1 1000000.000000
150.488794 2 2 5000000.000000
150.538844 2 2 2000000.000000
150.549604 2 1 80000.000000
150.592168 2 3 10000.000000
150.663268 2 1 30000.000000
150.927555 2 1 5000000.000000
151.752744 2 3 5000000.000000
152.332722 2 3 50000.000000
152.697157 2 0 30000.000000
152.883451 2 0 2000000.000000
153.155588 2 0 1000000.000000
153.345329 2 3 10000.000000
153.479116 2 2 10000000.000000
154.551470 2 1 1000000.000000
155.485642 2 2 30000.000000
155.493953 2 0 1000000.000000
155.873124 2 2 10000000.000000
156.464273 2 2 10000000.000000
157.075253 2 0 20000.000000
157.621233 2 2 10000000.000000
157.903566 2 3 50000.000000
158.106146 2 2 80000.000000
158.192506 2 1 1000000.000000
158.527027 2 2 5000000.000000
158.569608 2 0 1000000.000000
158.802545 2 3 2000000.000000
159.249083 2 3 5000000.000000
160.183462 2 2 200000.000000
160.820959 2 3 30000.000000
160.988396 2 3 10000000.000000
161.306065 2 1 10000.000000
161.562773 2 2 2000000.000000
161.983276 2 2 200000.000000
162.071445 2 3 50000.000000
162.941484 2 1 2000000.000000
163.275230 2 3 20000.000000
163.986491 2 1 1000000.000000
164.233589 2 0 5000000.000000
164.288839 2 0 5000000.000000
164.333475 2 0 20000.000000
164.810657 2 1 2000000.000000
164.822925 2 1 50000.000000
164.831374 2 1 30000.000000
165.277469 2 2 50000.000000
165.326801 2 2 30000.000000
165.448548 2 2 200000.000000
165.622485 2 1 80000.000000
165.922157 2 2 20000.000000
166.591579 2 0 10000.000000
167.361020 2 2 2000000.000000
168.492706 2 3 80000.000000
168.809027 2 3 50000.000000
169.279666 2 0 200000.000000
169.645649 2 2 80000.000000
171.111950 2 1 5000000.000000
171.445395 2 0 10000.000000
171.773610 2 1 200000.000000
172.100040 2 3 20000.000000
172.206278 2 0 10000000.000000
172.309216 2 0 5000000.000000
172.539505 2 2 50000.000000
173.022488 2 1 10000000.000000
173.164014 2 3 5000000.000000
174.159072 2 0 50000.000000
174.193422 2 1 2000000.000000
174.604556 2 1 2000000.000000
174.939212 2 0 10000.000000
175.372661 2 0 50000.000000
175.995086 2 3 80000.000000
176.008579 2 0 1000000.000000
176.043425 2 1 80000.000000
176.065001 2 3 30000000.000000
176.439235 2 2 1000000.000000
176.957221 2 2 80000.000000
177.111298 2 3 2000000.000000
177.994680 2 1 50000.000000
178.441444 2 0 50000.000000
178.870426 2 2 50000.000000
179.588524 2 3 10000000.000000
180.764084 2 3 20000.000000
180.964130 2 0 5000000.000000
181.275315 2 1 10000000.000000
181.735494 2 1 1000000.000000
181.976036 2 1 20000.000000
184.619254 2 0 10000.000000
185.534422 2 1 80000.000000
186.338372 2 3 200000.000000
186.344748 2 1 1000000.000000
188.106169 2 3 10000.000000
188.463643 2 0 10000000.000000
188.526645 2 1 10000000.000000
190.382022 2 1 80000.000000
191.060582 2 1 200000.000000
191.821564 2 1 200000.000000
191.912904 2 1 1000000.000000
192.009242 2 0 1000000.000000
192.302222 2 0 30000.000000
192.314517 2 2 80000.000000
192.814861 2 3 80000.000000
193.272898 2 2 80000.000000
193.411886 2 2 30000000.000000
193.974510 2 1 1000000.000000
194.059780 2 0 10000000.000000
194.081088 2 2 50000.000000
195.711529 2 1 80000.000000
195.763616 2 3 80000.000000
195.831103 2 1 10000.000000
196.059151 2 0 30000.000000
196.313736 2 3 5000000.000000
197.239808 2 2 200000.000000
197.370826 2 1 10000.000000
197.422608 2 1 80000.000000
197.947974 2 0 80000.000000
198.508449 2 3 2000000.000000
198.527542 2 0 1000000.000000
199.473772 2 2 30000000.000000
200.028275 2 0 30000.000000
200.256231 2 3 2000000.000000
200.500159 2 2 200000.000000
200.642397 2 1 5000000.000000
201.451570 2 0 50000.000000
202.490157 2 2 10000000.000000
203.927928 2 0 5000000.000000
204.205818 2 3 10000.000000
204.760493 2 3 10000.000000
205.456841 2 3 50000.000000
207.566734 2 0 80000.000000
207.818040 2 2 10000000.000000
208.351182 2 0 5000000.000000
208.883994 2 3 5000000.000000
208.885249 2 2 80000.000000
209.099623 2 2 2000000.000000
209.302053 2 1 80000.000000
210.262304 2 3 80000.000000
210.972039 2 3 1000000.000000
211.544760 2 0 1000000.000000
211.671289 2 0 20000.000000
211.914682 2 1 80000.000000
212.568690 2 1 5000000.000000
212.909762 2 3 50000.000000
214.209865 2 2 2000000.000000
214.541031 2 1 10000.000000
214.819021 2 3 10000.000000
215.212405 2 2 30000.000000
215.374283 2 0 10000.000000
216.459601 2 0 10000.000000
216.688280 2 2 80000.000000
217.289138 2 0 50000.000000
217.492793 2 0 30000.000000
217.552079 2 0 200000.000000
218.228528 2 0 1000000.000000
218.507356 2 2 80000.000000
219.261627 2 2 10000000.000000
220.300665 2 1 10000000.000000
220.585425 2 0 1000000.000000
221.014424 2 0 2000000.000000
221.130863 2 3 10000000.000000
221.251253 2 0 2000000.000000
221.650669 2 0 30000.000000
222.268740 2 2 10000000.000000
222.593723 2 3 200000.000000
222.670773 2 2 80000.000000
223.429578 2 0 30000.000000
224.943502 2 1 80000.000000
225.152410 2 2 30000.000000
225.810690 2 3 80000.000000
226.079763 2 1 5000000.000000
226.736869 2 0 50000.000000
227.179532 2 1 10000.000000
227.179773 2 3 2000000.000000
227.357542 2 2 200000.000000
227.646681 2 3 10000.000000
228.497269 2 0 50000.000000
228.885150 2 0 10000.000000
230.860787 2 1 50000.000000
231.012316 2 0 80000.000000
231.440370 2 0 10000.000000
231.804073 2 2 80000.000000
232.652054 2 1 10000000.000000
232.722992 2 1 50000.000000
233.940929 2 1 10000.000000
233.962151 2 2 10000.000000
234.068678 2 3 5000000.000000
235.225347 2 2 5000000.000000
235.396100 2 0 1000000.000000
235.688987 2 2 200000.000000
237.488895 2 1 1000000.000000
237.523275 2 0 50000.000000
237.614317 2 1 1000000.000000
238.125500 2 2 1000000.000000
239.053586 2 3 200000.000000
239.803611 2 3 10000.000000
240.158214 2 1 30000.000000
240.532243 2 1 30000000.000000
240.617209 2 0 30000000.000000
240.813895 2 2 50000.000000
241.243726 2 3 2000000.000000
242.448057 2 0 10000.000000
243.002884 2 3 5000000.000000
243.679459 2 3 10000.000000
244.315046 2 0 20000.000000
244.696537 2 1 50000.000000
244.740391 2 2 5000000.000000
244.761745 2 0 80000.000000
245.803845 2 3 2000000.000000
245.931188 2 2 80000.000000
246.003726 2 1 5000000.000000
246.261643 2 2 80000.000000
246.584595 2 2 30000000.000000
246.610136 2 1 80000.000000
247.316208 2 2 5000000.000000
247.767573 2 0 1000000.000000
250.193953 2 0 30000.000000
250.355766 2 0 30000.000000
250.370182 2 2 2000000.000000
251.004713 2 2 30000.000000
252.016235 2 0 10000000.000000
252.353209 2 1 2000000.000000
252.700217 2 1 5000000.000000
253.093002 2 2 2000000.000000
253.369463 2 3 5000000.000000
254.016317 2 3 10000000.000000
254.019662 2 1 5000000.000000
254.237895 2 0 30000000.000000
255.251786 2 1 5000000.000000
255.336516 2 1 50000.000000
255.811068 2 1 2000000.000000
255.915470 2 0 5000000.000000
256.996584 2 1 20000.000000
257.053412 2 0 1000000.000000
258.226309 2 3 30000000.000000
258.235707 2 3 50000.000000
258.308206 2 1 10000.000000
259.028166 2 2 2000000.000000
260.323934 2 1 80000.000000
260.333731 2 3 200000.000000
260.605083 2 0 50000.000000
261.907974 2 1 1000000.000000
262.552999 2 0 80000.000000
262.711006 2 0 10000.000000
263.660334 2 3 200000.000000
263.778789 2 0 20000.000000
264.640623 2 3 5000000.000000
266.099170 2 1 50000.000000
267.114089 2 1 2000000.000000
267.275541 2 0 200000.000000
269.292747 2 3 80000.000000
269.557569 2 0 1000000.000000
269.609416 2 3 20000.000000
271.565579 2 3 80000.000000
272.478118 2 2 30000000.000000
272.789362 2 1 30000000.000000
272.888451 2 1 200000.000000
273.073029 2 3 1000000.000000
273.448907 2 0 2000000.000000
273.763034 2 2 30000000.000000
274.141713 2 0 10000.000000
275.737806 2 3 2000000.000000
278.185792 2 3 30000.000000
278.313175 2 0 10000.000000
279.183405 2 1 1000000.000000
280.034599 2 0 20000.000000
280.226211 2 0 10000.000000
280.342138 2 0 1000000.000000
280.879868 2 2 2000000.000000
280.929849 2 0 80000.000000
281.038331 2 3 1000000.000000
281.124359 2 2 20000.000000
281.516221 2 3 200000.000000
282.240987 2 2 2000000.000000
282.253858 2 0 10000.000000
282.262626 2 2 2000000.000000
283.323477 2 3 80000.000000
284.112208 2 0 10000.000000
284.380199 2 1 10000.000000
284.482483 2 2 2000000.000000
284.628866 2 1 5000000.000000
285.275084 2 2 50000.000000
285.667932 2 3 5000000.000000
285.717579 2 0 50000.000000
286.159090 2 3 10000.000000
287.187703 2 2 80000.000000
287.622494 2 1 30000.000000
288.344971 2 2 10000000.000000
288.380924 2 2 80000.000000
288.497234 2 0 2000000.000000
288.676375 2 1 200000.000000
290.774600 2 3 30000.000000
291.141979 2 0 80000.000000
291.569042 2 2 50000.000000
291.683673 2 0 20000.000000
292.419138 2 0 50000.000000
292.523007 2 2 200000.000000
293.187042 2 2 10000.000000
295.514300 2 2 30000.000000
295.528336 2 3 80000.000000
295.887307 2 3 5000000.000000
295.971722 2 3 20000.000000
296.011953 2 1 1000000.000000
296.805085 2 2 80000.000000
298.730987 2 2 80000.000000
299.078670 2 2 5000000.000000
0.193582 3 1 30000.000000
0.757791 3 3 10000.000000
1.929679 3 1 80000.000000
2.982526 3 0 80000.000000
3.312747 3 1 10000.000000
4.211106 3 3 2000000.000000
5.749479 3 3 10000.000000
6.140790 3 1 80000.000000
6.348954 3 1 10000000.000000
6.890327 3 2 2000000.000000
7.890229 3 1 80000.000000
10.321117 3 1 80000.000000
12.256954 3 3 1000000.000000
12.604185 3 2 80000.000000
12.718532 3 2 2000000.000000
14.126621 3 0 10000.000000
15.358843 3 1 10000000.000000
16.016687 3 1 50000.000000
17.472955 3 0 1000000.000000
17.559401 3 1 10000.000000
17.721356 3 2 20000.000000
17.948561 3 0 5000000.000000
19.583790 3 2 30000.000000
19.656040 3 3 2000000.000000
22.668927 3 1 5000000.000000
24.377869 3 0 80000.000000
25.334668 3 3 10000.000000
26.399129 3 1 10000.000000
27.288844 3 1 50000.000000
28.072772 3 3 30000.000000
29.484694 3 3 80000.000000
29.610598 3 2 10000.000000
29.746025 3 2 80000.000000
30.182376 3 3 50000.000000
30.302421 3 1 5000000.000000
30.891606 3 3 50000.000000
30.918106 3 1 2000000.000000
31.583311 3 1 10000000.000000
32.019473 3 1 10000.000000
32.164081 3 3 2000000.000000
32.731427 3 1 10000.000000
32.894465 3 1 2000000.000000
33.214527 3 0 1000000.000000
33.275188 3 2 50000.000000
33.433050 3 1 1000000.000000
34.516924 3 0 200000.000000
34.806650 3 0 50000.000000
35.121221 3 0 10000.000000
36.157168 3 3 30000.000000
36.184869 3 0 10000.000000
36.298097 3 0 50000.000000
36.533268 3 0 2000000.000000
36.687135 3 3 2000000.000000
37.549930 3 1 2000000.000000
38.087839 3 1 2000000.000000
38.104687 3 2 30000.000000
38.338463 3 3 2000000.000000
40.148577 3 3 10000.000000
41.500773 3 1 10000.000000
41.539835 3 1 5000000.000000
43.110922 3 3 200000.000000
43.270548 3 2 2000000.000000
43.313228 3 0 10000.000000
43.883681 3 2 10000000.000000
44.459420 3 3 1000000.000000
44.691786 3 0 30000000.000000
44.733752 3 2 10000.000000
45.971117 3 1 1000000.000000
48.174480 3 1 5000000.000000
48.203799 3 1 20000.000000
48.458246 3 2 50000.000000
49.343074 3 0 20000.000000
49.509954 3 3 10000000.000000
49.887192 3 0 10000000.000000
50.252173 3 1 50000.000000
50.416306 3 3 10000.000000
51.890220 3 3 20000.000000
53.787803 3 3 50000.000000
53.980868 3 0 20000.000000
55.592688 3 3 1000000.000000
55.719872 3 0 50000.000000
56.463703 3 3 5000000.000000
56.650435 3 3 50000.000000
56.693380 3 3 2000000.000000
58.053958 3 2 50000.000000
58.785719 3 2 80000.000000
58.839419 3 3 80000.000000
60.179956 3 1 5000000.000000
60.337343 3 2 10000.000000
61.555437 3 3 5000000.000000
61.910319 3 3 200000.000000
62.537590 3 3 2000000.000000
62.686291 3 3 5000000.000000
63.785441 3 1 200000.000000
64.160333 3 0 80000.000000
64.556841 3 3 10000000.000000
66.896398 3 3 80000.000000
67.435500 3 2 30000.000000
67.474149 3 2 50000.000000
67.548379 3 2 20000.000000
68.426835 3 1 10000.000000
69.018300 3 0 200000.000000
69.086719 3 3 5000000.000000
70.269123 3 3 80000.000000
70.276405 3 3 2000000.000000
70.547890 3 0 30000.000000
71.254272 3 0 5000000.000000
71.669580 3 0 200000.000000
72.085742 3 1 2000000.000000
72.375347 3 3 50000.000000
72.909963 3 2 80000.000000
73.004006 3 1 1000000.000000
73.070256 3 1 1000000.000000
74.539552 3 0 2000000.000000
74.830189 3 0 200000.000000
75.070365 3 0 30000.000000
75.338320 3 3 10000.000000
75.540959 3 2 2000000.000000
76.486804 3 2 5000000.000000
76.685765 3 3 80000.000000
77.410924 3 3 10000.000000
77.510482 3 3 50000.000000
77.514190 3 2 50000.000000
78.451208 3 2 10000.000000
79.067834 3 1 20000.000000
79.804338 3 1 10000000.000000
79.905791 3 1 2000000.000000
80.332744 3 0 80000.000000
80.368701 3 2 10000.000000
80.540642 3 2 10000000.000000
80.856484 3 3 200000.000000
81.041128 3 0 80000.000000
81.195111 3 0 10000.000000
81.251522 3 0 30000.000000
81.263385 3 3 10000000.000000
82.798878 3 0 30000000.000000
82.807848 3 2 10000000.000000
85.115554 3 1 80000.000000
85.124784 3 3 50000.000000
85.310816 3 3 80000.000000
85.866600 3 1 200000.000000
86.149558 3 3 20000.000000
86.569676 3 3 10000.000000
87.017422 3 1 5000000.000000
87.102048 3 0 5000000.000000
87.888754 3 3 50000.000000
88.015520 3 2 10000.000000
89.235260 3 1 1000000.000000
89.689748 3 1 10000000.000000
89.806015 3 1 10000.000000
91.439814 3 0 10000.000000
92.175622 3 2 30000000.000000
92.289206 3 0 80000.000000
92.870484 3 2 10000000.000000
93.824601 3 3 10000.000000
94.379763 3 3 80000.000000
94.753400 3 2 50000.000000
96.971791 3 3 10000.000000
97.148416 3 2 50000.000000
98.232903 3 2 200000.000000
98.388159 3 3 30000.000000
99.098233 3 1 1000000.000000
99.622116 3 1 1000000.000000
100.235433 3 0 80000.000000
101.346195 3 3 50000.000000
101.826455 3 3 200000.000000
102.265205 3 2 10000.000000
102.783676 3 1 10000.000000
102.892918 3 1 30000000.000000
104.678748 3 2 10000.000000
104.884742 3 0 80000.000000
106.090091 3 0 30000.000000
107.417886 3 0 200000.000000
107.602550 3 3 2000000.000000
108.047644 3 3 30000.000000
108.070239 3 0 10000.000000
108.609685 3 3 20000.000000
108.773819 3 1 50000.000000
109.047704 3 3 30000.000000
109.501991 3 2 10000000.000000
111.797134 3 3 80000.000000
112.308187 3 1 1000000.000000
112.831059 3 3 200000.000000
113.290455 3 0 30000.000000
113.882138 3 1 5000000.000000
116.199962 3 0 1000000.000000
116.340318 3 1 20000.000000
117.194554 3 0 1000000.000000
117.267815 3 0 20000.000000
117.292733 3 0 2000000.000000
117.510754 3 1 30000.000000
117.549058 3 2 10000.000000
118.532825 3 2 30000.000000
118.761478 3 0 2000000.000000
119.116583 3 1 50000.000000
119.340732 3 0 30000.000000
119.637949 3 0 2000000.000000
119.705983 3 1 80000.000000
120.467614 3 0 5000000.000000
121.016700 3 3 5000000.000000
122.150650 3 1 10000000.000000
122.574578 3 3 10000.000000
123.276308 3 0 5000000.000000
125.417694 3 3 80000.000000
125.905273 3 0 2000000.000000
126.897777 3 3 200000.000000
127.101047 3 0 1000000.000000
127.550863 3 2 80000.000000
127.597467 3 1 20000.000000
127.748813 3 3 200000.000000
128.456407 3 1 80000.000000
129.001739 3 2 10000000.000000
129.756545 3 1 50000.000000
130.036678 3 1 80000.000000
130.200959 3 2 1000000.000000
130.369855 3 2 50000.000000
130.684467 3 0 5000000.000000
130.979393 3 1 30000.000000
134.087770 3 2 20000.000000
135.111831 3 0 2000000.000000
135.744850 3 0 80000.000000
137.187499 3 3 5000000.000000
137.387261 3 2 80000.000000
137.422771 3 2 1000000.000000
139.885406 3 0 80000.000000
140.406404 3 2 50000.000000
140.481960 3 1 80000.000000
140.724498 3 3 20000.000000
141.154904 3 0 30000.000000
141.177120 3 3 80000.000000
141.626686 3 2 200000.000000
141.739110 3 1 30000000.000000
143.949117 3 3 2000000.000000
144.763567 3 3 20000.000000
145.107484 3 3 200000.000000
145.784909 3 3 5000000.000000
146.812519 3 3 5000000.000000
146.850856 3 3 2000000.000000
147.123954 3 0 200000.000000
147.298692 3 1 10000.000000
149.098035 3 2 10000.000000
149.263862 3 2 10000.000000
150.521694 3 3 30000.000000
150.533391 3 1 10000.000000
152.069944 3 2 80000.000000
153.213637 3 2 50000.000000
153.496194 3 2 50000.000000
153.808810 3 3 200000.000000
154.776882 3 2 10000.000000
155.002483 3 3 1000000.000000
155.120546 3 1 30000.000000
155.712752 3 0 5000000.000000
156.096445 3 1 2000000.000000
156.134810 3 2 80000.000000
156.201389 3 0 80000.000000
156.513847 3 2 80000.000000
156.636736 3 2 10000.000000
157.085142 3 2 30000.000000
157.387316 3 2 80000.000000
159.119325 3 2 2000000.000000
159.942876 3 0 30000.000000
160.288783 3 1 10000.000000
160.516969 3 0 80000.000000
160.816281 3 0 5000000.000000
160.992685 3 2 10000000.000000
161.169110 3 0 50000.000000
161.449996 3 1 10000000.000000
161.556114 3 0 30000.000000
161.707313 3 0 2000000.000000
161.773805 3 1 10000.000000
162.544826 3 2 50000.000000
163.101586 3 0 80000.000000
163.565618 3 0 1000000.000000
164.182916 3 3 1000000.000000
164.291551 3 2 10000.000000
166.050723 3 2 10000.000000
166.310732 3 1 20000.000000
166.637748 3 1 30000000.000000
166.824214 3 3 80000.000000
167.303780 3 1 80000.000000
167.418107 3 0 2000000.000000
168.647999 3 1 10000.000000
168.765705 3 2 80000.000000
169.236134 3 1 30000000.000000
169.660685 3 0 1000000.000000
169.825960 3 0 1000000.000000
170.357565 3 1 20000.000000
171.041517 3 0 50000.000000
171.743149 3 2 5000000.000000
171.977379 3 3 200000.000000
172.881548 3 0 1000000.000000
173.471049 3 0 1000000.000000
173.681112 3 1 10000.000000
173.722717 3 3 10000.000000
174.214470 3 3 10000.000000
174.303526 3 2 80000.000000
174.486607 3 2 50000.000000
175.211241 3 1 10000.000000
175.435904 3 1 80000.000000
175.500831 3 3 1000000.000000
175.627716 3 0 10000.000000
176.314066 3 0 1000000.000000
177.140769 3 3 10000.000000
178.029283 3 3 2000000.000000
179.432356 3 3 10000.000000
179.625395 3 3 30000.000000
180.402568 3 1 10000.000000
181.190280 3 1 10000.000000
182.590624 3 0 20000.000000
182.637166 3 3 1000000.000000
184.313112 3 1 1000000.000000
184.512758 3 3 80000.000000
184.767771 3 1 20000.000000
185.997336 3 3 5000000.000000
186.390699 3 3 10000.000000
186.907664 3 0 5000000.000000
187.204773 3 2 50000.000000
188.536704 3 1 10000.000000
189.513176 3 1 10000.000000
189.781311 3 0 50000.000000
191.127363 3 0 30000.000000
191.314138 3 0 10000000.000000
192.071882 3 2 10000.000000
192.227666 3 3 200000.000000
192.561308 3 1 2000000.000000
193.003463 3 2 80000.000000
193.286937 3 1 2000000.000000
193.312009 3 1 5000000.000000
193.318068 3 1 10000000.000000
193.585887 3 1 10000.000000
193.591015 3 0 2000000.000000
194.203325 3 0 30000.000000
195.060754 3 1 80000.000000
195.073262 3 0 1000000.000000
195.334154 3 2 2000000.000000
195.942659 3 3 30000.000000
197.914053 3 3 10000.000000
198.736948 3 3 80000.000000
199.984967 3 0 2000000.000000
201.101414 3 0 80000.000000
202.826664 3 2 2000000.000000
203.502511 3 0 30000000.000000
203.636417 3 3 5000000.000000
203.855028 3 1 80000.000000
205.607132 3 2 10000.000000
205.860577 3 1 10000000.000000
206.157469 3 3 10000.000000
206.187185 3 1 10000.000000
206.362656 3 2 1000000.000000
206.372314 3 3 10000.000000
206.533620 3 2 2000000.000000
206.801252 3 3 200000.000000
207.015829 3 1 10000.000000
207.054127 3 3 10000.000000
207.173361 3 2 1000000.000000
207.285939 3 3 5000000.000000
207.450640 3 1 10000000.000000
207.628346 3 3 80000.000000
208.262991 3 0 30000.000000
208.593092 3 0 30000.000000
209.418289 3 3 200000.000000
211.672525 3 1 5000000.000000
213.599243 3 2 80000.000000
213.717195 3 3 2000000.000000
215.567119 3 0 50000.000000
215.953369 3 2 200000.000000
216.123412 3 1 1000000.000000
216.974021 3 3 10000000.000000
217.034775 3 0 30000.000000
217.258171 3 0 80000.000000
217.657189 3 1 80000.000000
217.708477 3 2 5000000.000000
218.458323 3 2 30000.000000
219.020780 3 2 30000.000000
219.372563 3 2 2000000.000000
219.508349 3 2 80000.000000
219.776124 3 0 10000.000000
220.449306 3 3 80000.000000
220.763316 3 2 80000.000000
220.917643 3 0 1000000.000000
221.175256 3 2 200000.000000
221.268365 3 0 50000.000000
221.418002 3 3 10000000.000000
221.436582 3 2 5000000.000000
223.166254 3 2 1000000.000000
223.261784 3 2 10000.000000
223.793955 3 2 5000000.000000
224.044502 3 2 10000.000000
225.842678 3 2 30000.000000
226.520073 3 0 2000000.000000
227.446408 3 3 2000000.000000
227.776437 3 1 30000.000000
227.859645 3 1 20000.000000
227.866093 3 3 10000.000000
228.130962 3 0 30000000.000000
228.593614 3 1 5000000.000000
228.872673 3 1 80000.000000
228.898234 3 1 30000.000000
230.852384 3 1 10000000.000000
231.373332 3 0 2000000.000000
231.424132 3 3 10000.000000
231.918478 3 2 30000.000000
232.240385 3 0 5000000.000000
232.613752 3 2 10000.000000
235.016369 3 1 80000.000000
235.161701 3 3 1000000.000000
235.701914 3 0 80000.000000
236.200735 3 0 1000000.000000
236.278490 3 1 2000000.000000
237.896426 3 1 5000000.000000
238.252257 3 2 30000000.000000
238.974378 3 3 30000.000000
239.918994 3 0 5000000.000000
240.196869 3 0 10000.000000
240.295336 3 1 1000000.000000
240.639490 3 0 10000000.000000
241.370419 3 3 30000.000000
241.721105 3 1 1000000.000000
242.021863 3 3 50000.000000
242.031860 3 2 30000.000000
242.627651 3 2 10000000.000000
242.939076 3 1 2000000.000000
243.511803 3 1 5000000.000000
243.548303 3 1 30000.000000
243.705180 3 1 1000000.000000
243.799278 3 0 50000.000000
245.515415 3 1 2000000.000000
245.743431 3 3 1000000.000000
246.760168 3 1 1000000.000000
246.850583 3 3 30000000.000000
247.703282 3 3 10000.000000
247.909754 3 2 10000.000000
248.421704 3 3 200000.000000
248.720249 3 2 80000.000000
248.780854 3 3 10000.000000
249.066029 3 3 80000.000000
250.611174 3 1 20000.000000
251.438225 3 1 10000.000000
252.145441 3 1 10000.000000
252.411077 3 2 2000000.000000
252.440136 3 0 5000000.000000
252.923914 3 2 80000.000000
254.458712 3 2 30000.000000
254.530417 3 0 2000000.000000
254.609549 3 0 10000000.000000
255.537724 3 1 50000.000000
255.603915 3 3 20000.000000
255.879504 3 2 5000000.000000
257.877346 3 3 5000000.000000
258.409304 3 1 30000.000000
258.729199 3 1 200000.000000
258.757426 3 0 80000.000000
259.472143 3 0 5000000.000000
259.686506 3 2 80000.000000
260.929493 3 3 50000.000000
261.575510 3 0 1000000.000000
262.267488 3 2 2000000.000000
262.477047 3 2 5000000.000000
263.200865 3 3 30000.000000
263.327915 3 0 30000000.000000
263.832464 3 1 80000.000000
264.464101 3 2 1000000.000000
265.586564 3 1 5000000.000000
265.916969 3 3 10000000.000000
266.846362 3 2 2000000.000000
266.917991 3 3 10000.000000
267.382287 3 0 10000000.000000
267.734823 3 2 20000.000000
268.347912 3 1 80000.000000
269.337521 3 2 20000.000000
269.546103 3 0 30000.000000
269.634045 3 0 10000.000000
269.843495 3 0 5000000.000000
270.068472 3 0 10000.000000
270.632805 3 0 200000.000000
272.206382 3 2 30000.000000
272.405042 3 2 10000000.000000
273.161109 3 3 2000000.000000
274.078920 3 1 80000.000000
275.039719 3 0 50000.000000
275.180979 3 3 80000.000000
275.460938 3 3 10000.000000
275.502489 3 3 80000.000000
275.556996 3 0 1000000.000000
276.368164 3 2 5000000.000000
276.797236 3 0 2000000.000000
277.534471 3 0 1000000.000000
277.539771 3 1 30000.000000
278.402538 3 3 1000000.000000
278.962130 3 3 2000000.000000
279.293653 3 2 10000000.000000
279.406490 3 2 50000.000000
280.046844 3 1 80000.000000
280.336835 3 0 1000000.000000
280.469599 3 3 2000000.000000
280.518005 3 2 30000.000000
281.074071 3 0 10000.000000
281.124219 3 2 200000.000000
281.286341 3 3 30000.000000
281.816222 3 3 5000000.000000
282.309606 3 0 10000.000000
282.642716 3 3 50000.000000
283.239427 3 1 80000.000000
283.374580 3 0 5000000.000000
283.786278 3 2 80000.000000
284.119448 3 0 5000000.000000
284.795574 3 0 10000.000000
284.987718 3 1 5000000.000000
287.271088 3 3 2000000.000000
287.351104 3 0 10000.000000
288.063045 3 2 200000.000000
288.739814 3 1 2000000.000000
289.382915 3 0 2000000.000000
289.525652 3 2 10000.000000
290.065043 3 1 20000.000000
290.260258 3 0 10000.000000
291.368053 3 2 80000.000000
291.965113 3 1 10000.000000
292.233728 3 1 80000.000000
292.744770 3 3 200000.000000
293.624457 3 0 10000000.000000
294.014398 3 0 50000.000000
294.355997 3 2 1000000.000000
295.430957 3 2 1000000.000000
297.150249 3 2 20000.000000
297.521848 3 1 10000.000000
297.769569 3 1 1000000.000000
298.595652 3 0 50000.000000
298.828260 3 2 30000.000000
299.753347 3 1 2000000.000000
299.902032 3 0 50000.000000
