0.197005 0 2 30000.000000
0.523744 0 1 80000.000000
1.248804 0 2 30000000.000000
1.575624 0 2 2000000.000000
1.992171 0 0 2000000.000000
2.125516 0 3 10000000.000000
2.273815 0 0 80000.000000
2.281231 0 2 10000.000000
3.405284 0 1 50000.000000
4.596390 0 2 5000000.000000
4.612880 0 3 10000000.000000
4.695905 0 1 10000.000000
4.757950 0 3 5000000.000000
4.826938 0 0 80000.000000
5.148550 0 2 50000.000000
5.606745 0 0 20000.000000
6.005739 0 3 5000000.000000
6.087940 0 1 30000.000000
6.581117 0 0 1000000.000000
6.698717 0 1 20000.000000
7.190708 0 1 5000000.000000
7.495182 0 1 30000.000000
7.523749 0 1 50000.000000
8.125455 0 1 2000000.000000
8.662839 0 3 1000000.000000
8.684842 0 2 1000000.000000
8.872899 0 0 10000000.000000
9.918113 0 0 200000.000000
10.235248 0 2 80000.000000
10.317969 0 3 30000.000000
10.571456 0 1 10000.000000
10.625305 0 1 80000.000000
10.773556 0 0 200000.000000
10.875729 0 1 30000.000000
11.121293 0 1 50000.000000
11.160606 0 1 30000.000000
11.410894 0 2 200000.000000
11.882083 0 0 20000.000000
11.977934 0 1 10000000.000000
12.320714 0 2 1000000.000000
12.592868 0 0 10000.000000
13.009442 0 3 30000.000000
13.126636 0 3 30000.000000
13.516969 0 0 30000.000000
13.957651 0 0 80000.000000
14.077397 0 2 1000000.000000
14.311155 0 3 80000.000000
14.381957 0 2 5000000.000000
14.660589 0 2 5000000.000000
14.752945 0 1 50000.000000
15.554519 0 2 200000.000000
15.561176 0 2 80000.000000
15.591209 0 1 10000.000000
15.830496 0 1 1000000.000000
15.845979 0 3 200000.000000
16.144462 0 3 20000.000000
16.266274 0 0 2000000.000000
16.422323 0 0 200000.000000
16.503003 0 3 5000000.000000
16.577618 0 1 50000.000000
17.928804 0 1 5000000.000000
18.673627 0 1 30000.000000
18.829839 0 2 20000.000000
19.040284 0 0 80000.000000
19.281648 0 0 2000000.000000
19.523379 0 0 30000.000000
19.579900 0 0 200000.000000
19.655337 0 3 10000.000000
19.891825 0 0 80000.000000
19.924777 0 3 30000.000000
19.991011 0 0 10000.000000
20.212421 0 2 20000.000000
20.353053 0 2 10000000.000000
20.632968 0 3 10000.000000
20.744784 0 0 200000.000000
21.082675 0 0 80000.000000
21.131054 0 3 80000.000000
21.295225 0 1 5000000.000000
21.468166 0 2 80000.000000
21.695977 0 2 1000000.000000
21.753324 0 3 5000000.000000
21.798644 0 0 10000.000000
21.808938 0 0 50000.000000
22.920675 0 0 10000.000000
23.043978 0 0 10000.000000
23.509131 0 3 50000.000000
24.007809 0 3 50000.000000
24.270190 0 0 10000.000000
24.411346 0 1 50000.000000
25.164913 0 2 10000.000000
25.215922 0 0 10000.000000
25.289420 0 2 10000.000000
25.384379 0 0 80000.000000
26.453161 0 2 200000.000000
26.505343 0 1 50000.000000
26.708723 0 0 10000.000000
26.942769 0 3 2000000.000000
27.667425 0 0 1000000.000000
27.712536 0 1 80000.000000
28.249748 0 0 5000000.000000
28.342375 0 1 2000000.000000
28.455726 0 2 20000.000000
28.597236 0 1 50000.000000
28.861768 0 1 80000.000000
29.009404 0 2 10000000.000000
29.623210 0 3 50000.000000
29.712688 0 1 30000.000000
29.789814 0 3 10000000.000000
31.006609 0 1 2000000.000000
31.032199 0 0 20000.000000
31.117622 0 1 2000000.000000
31.234403 0 3 5000000.000000
31.346961 0 2 10000.000000
32.542002 0 0 10000.000000
32.571717 0 1 5000000.000000
32.750027 0 0 200000.000000
32.935626 0 3 1000000.000000
33.063115 0 2 1000000.000000
33.417490 0 1 200000.000000
33.868578 0 3 5000000.000000
34.250976 0 2 2000000.000000
35.007934 0 2 30000000.000000
36.416863 0 0 10000.000000
36.983933 0 1 5000000.000000
37.231176 0 2 80000.000000
38.690535 0 0 5000000.000000
38.710765 0 3 80000.000000
40.289123 0 0 20000.000000
40.599385 0 3 2000000.000000
40.739993 0 0 200000.000000
40.828788 0 0 200000.000000
40.955307 0 2 1000000.000000
41.661629 0 3 10000000.000000
42.107589 0 1 5000000.000000
42.340877 0 3 10000.000000
43.007619 0 3 80000.000000
43.520916 0 3 30000000.000000
43.703281 0 1 10000000.000000
43.713915 0 3 30000000.000000
43.767925 0 1 2000000.000000
44.094857 0 0 10000000.000000
44.245154 0 2 10000.000000
44.436544 0 1 5000000.000000
44.583434 0 0 10000000.000000
45.228107 0 3 200000.000000
46.807094 0 1 30000.000000
47.063038 0 1 2000000.000000
47.534737 0 3 10000.000000
47.571496 0 0 5000000.000000
47.903917 0 0 2000000.000000
48.496055 0 1 10000.000000
49.332379 0 1 2000000.000000
49.545578 0 1 50000.000000
49.688100 0 0 1000000.000000
49.752626 0 0 1000000.000000
49.939755 0 3 5000000.000000
50.721868 0 3 1000000.000000
51.313939 0 0 10000.000000
51.598261 0 3 5000000.000000
52.096808 0 1 1000000.000000
52.830493 0 1 10000.000000
53.067055 0 2 1000000.000000
53.411124 0 1 10000000.000000
53.489392 0 2 1000000.000000
53.768278 0 2 10000.000000
54.057232 0 1 2000000.000000
54.322883 0 2 5000000.000000
54.373935 0 3 5000000.000000
54.518922 0 0 2000000.000000
54.932619 0 0 1000000.000000
55.896120 0 2 30000000.000000
56.243328 0 1 80000.000000
56.551844 0 0 10000.000000
56.613141 0 2 20000.000000
57.620223 0 3 10000.000000
57.909032 0 2 10000000.000000
58.095612 0 1 50000.000000
58.300705 0 3 10000.000000
59.235821 0 2 2000000.000000
59.373969 0 0 20000.000000
59.579959 0 0 50000.000000
59.599483 0 3 200000.000000
59.710396 0 3 80000.000000
59.845425 0 1 10000000.000000
59.898217 0 2 10000.000000
60.012397 0 3 1000000.000000
60.344953 0 1 1000000.000000
60.429606 0 2 10000.000000
60.683964 0 3 2000000.000000
60.722617 0 2 20000.000000
60.731295 0 3 1000000.000000
60.955452 0 2 80000.000000
61.031881 0 1 2000000.000000
61.438180 0 2 10000000.000000
61.443258 0 3 80000.000000
61.510861 0 3 5000000.000000
61.753973 0 3 10000.000000
61.914027 0 1 80000.000000
62.134405 0 0 5000000.000000
62.334228 0 1 50000.000000
62.720250 0 0 10000.000000
63.027443 0 3 80000.000000
63.058559 0 2 10000.000000
63.985823 0 0 10000000.000000
63.988818 0 1 10000000.000000
64.364450 0 3 20000.000000
64.407339 0 2 30000.000000
64.679860 0 0 20000.000000
65.292806 0 3 30000.000000
65.513300 0 2 80000.000000
66.634226 0 1 2000000.000000
66.683055 0 1 80000.000000
67.057991 0 3 50000.000000
67.374639 0 3 50000.000000
67.387518 0 0 80000.000000
67.595457 0 3 30000.000000
68.050150 0 2 10000.000000
68.145742 0 3 1000000.000000
68.368517 0 0 50000.000000
68.632480 0 1 10000.000000
68.651961 0 1 2000000.000000
69.200806 0 2 10000000.000000
69.202435 0 1 30000000.000000
69.435596 0 3 10000.000000
69.743479 0 1 2000000.000000
70.012436 0 2 30000000.000000
70.020183 0 3 10000000.000000
70.709763 0 0 2000000.000000
70.845781 0 1 80000.000000
70.966895 0 2 10000.000000
71.388379 0 0 50000.000000
71.787907 0 3 50000.000000
71.860251 0 0 10000000.000000
71.981787 0 2 30000.000000
71.991160 0 1 2000000.000000
71.996926 0 1 200000.000000
72.704732 0 3 2000000.000000
73.370721 0 1 10000.000000
73.421802 0 2 10000.000000
73.617019 0 1 80000.000000
73.638797 0 2 10000.000000
74.167516 0 2 30000.000000
74.985314 0 3 80000.000000
75.702200 0 3 2000000.000000
76.024367 0 2 2000000.000000
76.355011 0 3 5000000.000000
77.168153 0 3 10000.000000
77.170890 0 1 10000.000000
77.406791 0 0 50000.000000
77.773428 0 3 30000.000000
77.817910 0 3 5000000.000000
78.306886 0 3 10000.000000
78.663654 0 0 2000000.000000
79.248429 0 3 5000000.000000
79.474681 0 1 20000.000000
79.488096 0 2 20000.000000
79.517827 0 1 50000.000000
79.903008 0 0 2000000.000000
80.208300 0 3 10000.000000
80.905311 0 1 5000000.000000
81.008747 0 1 5000000.000000
81.029908 0 3 5000000.000000
81.915151 0 2 200000.000000
82.191891 0 0 5000000.000000
82.220678 0 0 50000.000000
82.455162 0 3 1000000.000000
83.383140 0 1 30000000.000000
83.433588 0 1 30000.000000
86.102809 0 3 80000.000000
86.278308 0 0 1000000.000000
86.289153 0 2 10000000.000000
86.561425 0 3 50000.000000
86.784053 0 2 5000000.000000
86.915403 0 3 1000000.000000
87.066260 0 2 20000.000000
87.212527 0 2 30000.000000
87.477211 0 1 80000.000000
87.572926 0 1 80000.000000
87.851486 0 2 10000.000000
87.876702 0 2 10000.000000
88.115723 0 1 10000.000000
88.264467 0 1 20000.000000
88.712711 0 0 80000.000000
89.104138 0 0 5000000.000000
89.955593 0 0 80000.000000
90.571297 0 3 30000000.000000
91.148715 0 2 50000.000000
91.746052 0 1 30000.000000
92.347053 0 1 10000000.000000
92.698346 0 2 200000.000000
93.146077 0 1 200000.000000
93.159354 0 0 1000000.000000
93.216709 0 2 80000.000000
93.847045 0 3 10000.000000
93.894114 0 2 80000.000000
94.692035 0 3 1000000.000000
95.207284 0 3 50000.000000
95.698645 0 2 10000.000000
95.875913 0 0 2000000.000000
96.314798 0 3 30000.000000
97.619265 0 2 80000.000000
98.043988 0 2 2000000.000000
98.759908 0 1 10000.000000
99.243528 0 1 80000.000000
99.392500 0 3 10000.000000
99.476424 0 3 30000.000000
99.637052 0 3 10000000.000000
99.877503 0 0 2000000.000000
100.323470 0 0 10000.000000
100.402428 0 3 200000.000000
100.414126 0 0 10000.000000
100.670783 0 2 200000.000000
100.715997 0 3 200000.000000
102.245312 0 0 2000000.000000
102.339100 0 3 30000.000000
102.447242 0 3 20000.000000
102.908804 0 2 30000.000000
102.995728 0 2 200000.000000
103.386908 0 0 10000.000000
104.694329 0 3 5000000.000000
104.871834 0 2 1000000.000000
104.909841 0 1 80000.000000
105.501641 0 1 80000.000000
105.701733 0 0 1000000.000000
105.707396 0 0 1000000.000000
105.972092 0 3 10000.000000
106.180963 0 1 10000000.000000
106.211816 0 0 10000.000000
106.373271 0 3 80000.000000
106.883856 0 0 5000000.000000
107.202346 0 0 5000000.000000
107.601182 0 0 80000.000000
107.754164 0 1 10000.000000
107.811379 0 2 30000000.000000
108.387570 0 2 200000.000000
108.399714 0 2 80000.000000
109.018099 0 3 80000.000000
109.021808 0 3 10000000.000000
109.333945 0 0 1000000.000000
109.522533 0 1 80000.000000
109.730571 0 2 2000000.000000
110.322844 0 0 80000.000000
110.896845 0 3 50000.000000
111.141444 0 0 30000.000000
111.201220 0 1 10000000.000000
111.394797 0 0 80000.000000
111.754558 0 1 2000000.000000
111.860091 0 0 80000.000000
111.925720 0 0 80000.000000
111.943574 0 0 10000.000000
112.571472 0 0 50000.000000
112.596274 0 3 30000.000000
112.736863 0 1 80000.000000
112.763431 0 0 5000000.000000
112.941482 0 1 2000000.000000
113.081512 0 1 30000000.000000
113.494067 0 2 30000000.000000
113.950946 0 3 2000000.000000
114.316760 0 3 200000.000000
114.832526 0 3 200000.000000
114.919568 0 0 2000000.000000
115.136038 0 2 50000.000000
115.617707 0 1 10000.000000
115.804408 0 0 5000000.000000
116.127745 0 0 30000.000000
116.273045 0 3 80000.000000
116.586720 0 3 200000.000000
117.414540 0 0 10000000.000000
117.606835 0 1 10000000.000000
117.652276 0 2 50000.000000
118.012689 0 1 10000.000000
118.169210 0 2 2000000.000000
118.424369 0 1 30000.000000
118.720688 0 1 10000000.000000
118.774930 0 1 1000000.000000
119.056325 0 1 50000.000000
119.094742 0 1 1000000.000000
119.745252 0 3 5000000.000000
119.974776 0 1 200000.000000
120.135069 0 3 1000000.000000
120.231030 0 3 5000000.000000
120.279174 0 2 30000000.000000
120.488789 0 1 5000000.000000
120.682833 0 3 200000.000000
120.840109 0 2 2000000.000000
120.958512 0 2 200000.000000
121.075894 0 0 1000000.000000
121.171827 0 3 200000.000000
121.818251 0 2 80000.000000
122.230502 0 2 5000000.000000
122.662599 0 2 1000000.000000
122.952898 0 0 10000.000000
123.384603 0 2 80000.000000
124.502866 0 1 80000.000000
125.422814 0 2 2000000.000000
125.499270 0 1 10000000.000000
126.138394 0 2 50000.000000
126.417391 0 0 10000.000000
126.744250 0 1 50000.000000
127.682637 0 3 10000.000000
127.959473 0 0 80000.000000
128.001081 0 2 1000000.000000
128.604228 0 1 200000.000000
128.633046 0 3 1000000.000000
128.703097 0 3 30000.000000
128.746427 0 2 30000.000000
128.770126 0 1 50000.000000
128.770911 0 0 2000000.000000
128.939204 0 2 30000.000000
128.996745 0 3 80000.000000
129.776490 0 1 80000.000000
129.838978 0 3 10000.000000
129.975039 0 3 5000000.000000
130.092661 0 3 80000.000000
130.418912 0 3 2000000.000000
130.604639 0 3 80000.000000
131.248531 0 3 20000.000000
131.456963 0 0 10000000.000000
132.288260 0 3 30000.000000
132.770157 0 0 2000000.000000
132.870135 0 1 20000.000000
133.655504 0 3 10000000.000000
134.054382 0 2 2000000.000000
134.242306 0 1 10000000.000000
134.246964 0 0 10000000.000000
134.277519 0 1 80000.000000
134.297939 0 0 30000.000000
134.328978 0 1 10000.000000
134.379286 0 0 2000000.000000
134.806462 0 3 5000000.000000
134.892320 0 3 20000.000000
135.004957 0 2 30000.000000
135.550526 0 0 50000.000000
135.701006 0 3 10000.000000
136.610159 0 2 2000000.000000
136.738290 0 2 2000000.000000
137.094344 0 3 10000000.000000
138.169099 0 1 10000.000000
138.190546 0 1 50000.000000
138.474410 0 1 30000.000000
138.521204 0 3 5000000.000000
139.329264 0 3 1000000.000000
139.934373 0 3 50000.000000
140.036683 0 3 2000000.000000
141.157326 0 0 80000.000000
141.438185 0 2 10000.000000
141.637046 0 1 10000.000000
141.733741 0 2 10000.000000
142.023670 0 0 10000000.000000
142.350588 0 1 10000.000000
142.646679 0 1 10000.000000
142.706131 0 2 30000.000000
143.107191 0 0 80000.000000
143.233478 0 1 30000.000000
143.257504 0 2 5000000.000000
143.593433 0 3 10000.000000
143.650791 0 2 5000000.000000
143.826376 0 2 50000.000000
144.083053 0 2 30000.000000
144.802336 0 1 2000000.000000
144.932755 0 0 50000.000000
145.234971 0 2 10000000.000000
145.468013 0 0 1000000.000000
145.567303 0 3 30000.000000
145.601626 0 1 30000.000000
146.640226 0 3 10000000.000000
146.648113 0 3 20000.000000
147.379655 0 3 80000.000000
147.683369 0 0 1000000.000000
148.032687 0 1 80000.000000
148.481996 0 0 2000000.000000
148.874719 0 1 20000.000000
149.181113 0 2 10000.000000
149.199954 0 3 50000.000000
149.286840 0 0 30000.000000
0.633730 1 3 10000000.000000
1.169575 1 0 10000000.000000
1.179404 1 3 80000.000000
1.622087 1 1 30000000.000000
2.002314 1 1 50000.000000
2.381629 1 3 20000.000000
2.669910 1 1 10000.000000
2.904400 1 1 10000.000000
3.105951 1 2 80000.000000
3.329571 1 2 50000.000000
3.732928 1 0 1000000.000000
3.916734 1 0 30000.000000
3.937278 1 0 50000.000000
4.110665 1 0 80000.000000
4.125795 1 3 80000.000000
4.151133 1 0 2000000.000000
4.159152 1 2 50000.000000
4.432365 1 3 10000000.000000
4.510966 1 0 10000000.000000
4.588230 1 3 10000.000000
4.823871 1 3 1000000.000000
5.624051 1 1 200000.000000
6.150214 1 1 10000.000000
6.554203 1 1 80000.000000
7.186607 1 0 50000.000000
7.992778 1 3 20000.000000
8.007121 1 1 10000000.000000
8.562466 1 2 80000.000000
8.754456 1 3 10000.000000
9.217276 1 1 80000.000000
9.363693 1 3 10000.000000
9.632160 1 1 1000000.000000
9.865060 1 1 80000.000000
10.503481 1 2 2000000.000000
10.780204 1 1 30000000.000000
10.993037 1 3 20000.000000
11.359608 1 0 10000.000000
11.607105 1 0 80000.000000
12.656667 1 3 80000.000000
13.067179 1 1 50000.000000
13.443247 1 1 30000.000000
13.456898 1 3 80000.000000
13.889353 1 0 80000.000000
14.566644 1 0 80000.000000
14.674969 1 0 5000000.000000
14.924789 1 2 2000000.000000
15.073622 1 2 10000.000000
15.104761 1 1 5000000.000000
15.245268 1 3 10000000.000000
15.329923 1 1 80000.000000
15.443763 1 1 80000.000000
16.079649 1 0 1000000.000000
16.330275 1 0 10000000.000000
16.479705 1 3 50000.000000
17.609143 1 3 200000.000000
17.696743 1 2 2000000.000000
17.832493 1 1 50000.000000
18.237421 1 3 80000.000000
18.575353 1 3 30000.000000
18.586077 1 1 80000.000000
18.868211 1 1 80000.000000
19.142671 1 3 200000.000000
19.348323 1 2 1000000.000000
19.623946 1 3 30000.000000
19.922011 1 3 200000.000000
20.243577 1 2 10000.000000
20.460158 1 0 10000000.000000
21.436109 1 3 30000.000000
22.016808 1 3 30000.000000
22.262803 1 0 2000000.000000
22.280148 1 3 80000.000000
22.586198 1 3 2000000.000000
22.632814 1 1 5000000.000000
22.680223 1 1 1000000.000000
23.024857 1 2 50000.000000
23.277163 1 0 30000.000000
23.295397 1 1 10000000.000000
23.548140 1 0 200000.000000
23.756793 1 3 2000000.000000
23.757729 1 1 1000000.000000
24.295989 1 0 10000.000000
24.617176 1 3 10000000.000000
25.004939 1 1 50000.000000
25.490813 1 1 10000.000000
26.018595 1 1 2000000.000000
26.642483 1 3 200000.000000
26.733944 1 1 5000000.000000
26.891987 1 0 200000.000000
27.334488 1 1 1000000.000000
27.832592 1 2 80000.000000
27.928690 1 0 80000.000000
28.025944 1 3 50000.000000
28.246551 1 1 200000.000000
28.973949 1 1 10000000.000000
29.774710 1 3 2000000.000000
29.794002 1 3 1000000.000000
29.795921 1 1 30000.000000
29.815408 1 3 200000.000000
29.866990 1 1 30000.000000
29.980427 1 3 80000.000000
30.403102 1 3 10000000.000000
31.386467 1 2 2000000.000000
32.108965 1 1 50000.000000
33.063600 1 2 1000000.000000
33.435842 1 3 200000.000000
33.544795 1 2 80000.000000
33.564034 1 3 50000.000000
33.637895 1 1 50000.000000
33.735988 1 1 2000000.000000
34.037858 1 1 2000000.000000
34.175323 1 0 50000.000000
34.204104 1 3 10000.000000
34.239116 1 2 200000.000000
34.317058 1 3 80000.000000
34.809057 1 3 2000000.000000
34.868553 1 1 5000000.000000
34.956487 1 2 10000000.000000
35.054555 1 2 10000000.000000
35.079503 1 1 50000.000000
35.440782 1 2 30000.000000
36.205519 1 1 30000.000000
36.231281 1 0 10000.000000
36.345478 1 1 10000.000000
36.421915 1 0 1000000.000000
37.077973 1 3 1000000.000000
37.652013 1 2 10000000.000000
37.742758 1 1 50000.000000
37.989594 1 0 50000.000000
38.062324 1 0 200000.000000
38.187850 1 3 20000.000000
38.869613 1 3 10000.000000
39.148525 1 2 80000.000000
39.148565 1 0 10000.000000
39.283426 1 0 5000000.000000
39.294247 1 1 80000.000000
39.749414 1 3 200000.000000
39.856214 1 2 80000.000000
39.986378 1 2 80000.000000
40.020710 1 1 80000.000000
40.255828 1 2 10000000.000000
40.668977 1 0 10000.000000
40.942970 1 0 2000000.000000
41.651177 1 2 30000.000000
42.681351 1 1 2000000.000000
43.289860 1 0 5000000.000000
43.440117 1 2 1000000.000000
43.535881 1 2 80000.000000
43.845054 1 0 10000.000000
44.144607 1 0 10000000.000000
44.489403 1 0 20000.000000
44.744408 1 3 10000.000000
44.748497 1 3 30000.000000
44.794449 1 3 5000000.000000
45.113125 1 2 20000.000000
45.842877 1 0 5000000.000000
45.955513 1 0 10000000.000000
46.384155 1 1 80000.000000
46.464583 1 1 2000000.000000
47.132063 1 1 50000.000000
47.153760 1 2 1000000.000000
47.594890 1 0 80000.000000
48.229743 1 1 5000000.000000
48.304877 1 0 50000.000000
48.528496 1 0 1000000.000000
48.942202 1 2 10000000.000000
48.943160 1 2 30000.000000
49.505806 1 0 200000.000000
49.847361 1 0 30000.000000
50.187329 1 3 30000.000000
50.345164 1 3 10000.000000
51.200170 1 2 10000.000000
51.286662 1 3 10000.000000
51.297387 1 0 80000.000000
51.442589 1 0 30000.000000
51.847832 1 0 5000000.000000
52.336339 1 3 200000.000000
52.710032 1 3 1000000.000000
52.727353 1 2 50000.000000
53.047276 1 1 10000000.000000
53.259909 1 0 30000.000000
53.647003 1 3 5000000.000000
54.192898 1 2 200000.000000
54.399357 1 1 200000.000000
54.569984 1 3 2000000.000000
54.598091 1 0 30000.000000
55.953850 1 0 10000.000000
55.957439 1 3 200000.000000
55.971154 1 2 2000000.000000
56.062059 1 0 200000.000000
56.465046 1 1 2000000.000000
56.922615 1 1 2000000.000000
57.542215 1 0 5000000.000000
57.874903 1 0 5000000.000000
57.998533 1 3 10000000.000000
58.145307 1 1 50000.000000
58.263711 1 1 2000000.000000
58.318614 1 3 2000000.000000
58.403059 1 0 200000.000000
58.595243 1 1 20000.000000
58.600182 1 0 2000000.000000
58.877893 1 3 30000.000000
58.931954 1 0 20000.000000
59.102743 1 0 30000000.000000
59.245281 1 1 5000000.000000
59.367869 1 1 50000.000000
59.457611 1 1 80000.000000
59.778139 1 2 10000.000000
59.783877 1 2 10000.000000
59.983387 1 0 20000.000000
59.993954 1 0 10000000.000000
60.254206 1 1 30000.000000
60.773381 1 1 20000.000000
61.393118 1 1 10000.000000
61.981952 1 0 50000.000000
62.263182 1 2 10000.000000
62.266380 1 0 30000.000000
62.314413 1 1 80000.000000
62.644448 1 3 30000.000000
63.109476 1 2 5000000.000000
63.366716 1 2 10000000.000000
63.450615 1 3 10000000.000000
63.455229 1 1 5000000.000000
63.919482 1 0 50000.000000
63.939361 1 0 10000.000000
64.107314 1 1 10000.000000
64.868264 1 1 10000.000000
65.798954 1 1 50000.000000
65.806881 1 3 50000.000000
65.809226 1 1 30000000.000000
65.975927 1 1 50000.000000
66.060748 1 0 50000.000000
66.272366 1 0 30000000.000000
66.631240 1 1 200000.000000
67.030134 1 3 2000000.000000
67.249008 1 3 10000000.000000
67.376314 1 3 30000.000000
67.530613 1 0 20000.000000
68.066236 1 0 10000000.000000
68.203254 1 0 1000000.000000
68.422673 1 1 10000.000000
68.986881 1 0 1000000.000000
69.270667 1 3 10000.000000
69.932185 1 2 80000.000000
70.358483 1 0 10000000.000000
70.804520 1 2 1000000.000000
71.174121 1 2 10000.000000
72.004418 1 2 50000.000000
72.180399 1 0 5000000.000000
72.306650 1 1 50000.000000
72.469365 1 2 80000.000000
72.926911 1 1 50000.000000
73.301722 1 3 30000.000000
73.660781 1 2 50000.000000
73.819311 1 3 1000000.000000
73.828728 1 3 2000000.000000
74.343501 1 3 10000.000000
74.731335 1 3 10000000.000000
74.732906 1 0 10000000.000000
74.944857 1 1 80000.000000
75.000743 1 0 5000000.000000
75.110188 1 1 1000000.000000
75.177657 1 1 1000000.000000
75.342541 1 0 80000.000000
76.289039 1 2 10000.000000
76.295874 1 2 10000.000000
76.787151 1 2 10000.000000
77.275951 1 2 1000000.000000
77.681978 1 1 80000.000000
77.734347 1 0 80000.000000
77.857700 1 2 10000000.000000
77.972098 1 1 10000000.000000
78.178632 1 2 50000.000000
78.245375 1 0 2000000.000000
78.368398 1 2 30000.000000
78.705741 1 3 2000000.000000
79.457921 1 0 80000.000000
79.495186 1 1 10000.000000
79.744354 1 0 80000.000000
80.094559 1 3 1000000.000000
80.301062 1 3 30000.000000
80.384462 1 3 1000000.000000
80.711679 1 1 5000000.000000
81.502607 1 2 1000000.000000
82.348330 1 2 5000000.000000
82.389186 1 3 10000.000000
82.406312 1 1 80000.000000
83.195612 1 2 10000000.000000
84.124074 1 0 5000000.000000
84.390360 1 1 1000000.000000
84.463735 1 3 80000.000000
84.507742 1 1 50000.000000
84.907877 1 1 50000.000000
85.100767 1 1 30000.000000
85.238901 1 3 2000000.000000
85.757581 1 3 200000.000000
85.909403 1 2 30000.000000
86.547968 1 3 5000000.000000
86.889455 1 1 80000.000000
87.021885 1 1 80000.000000
87.863776 1 3 1000000.000000
88.025285 1 0 1000000.000000
88.421468 1 0 10000.000000
88.579228 1 3 10000.000000
88.725840 1 1 2000000.000000
89.106834 1 3 10000.000000
89.972513 1 1 20000.000000
90.259020 1 0 50000.000000
90.400042 1 2 2000000.000000
90.464116 1 3 10000.000000
90.525491 1 2 30000000.000000
90.900211 1 0 10000.000000
91.054430 1 2 2000000.000000
91.058556 1 3 50000.000000
91.388150 1 1 80000.000000
91.967090 1 2 10000.000000
92.041873 1 1 80000.000000
92.127382 1 1 30000.000000
92.671044 1 2 5000000.000000
93.339375 1 2 50000.000000
93.389400 1 2 1000000.000000
93.502992 1 0 10000000.000000
93.556581 1 2 80000.000000
93.776283 1 2 5000000.000000
94.223729 1 2 5000000.000000
94.535581 1 3 30000.000000
95.004238 1 0 30000000.000000
95.138613 1 0 20000.000000
95.256323 1 3 50000.000000
96.116378 1 1 200000.000000
96.429216 1 0 10000.000000
96.431177 1 2 10000000.000000
96.683190 1 3 30000000.000000
96.911660 1 2 10000000.000000
97.197965 1 0 1000000.000000
97.482742 1 0 80000.000000
97.701429 1 3 50000.000000
97.834482 1 2 10000.000000
98.501374 1 2 2000000.000000
98.661367 1 2 10000000.000000
98.720232 1 1 80000.000000
99.696819 1 1 1000000.000000
100.014499 1 1 1000000.000000
100.049799 1 0 20000.000000
100.165897 1 1 80000.000000
100.233049 1 1 80000.000000
100.455764 1 2 30000000.000000
100.696011 1 2 5000000.000000
100.934066 1 3 20000.000000
101.208697 1 2 5000000.000000
101.500609 1 1 1000000.000000
101.849129 1 2 20000.000000
102.196896 1 3 50000.000000
102.268349 1 2 30000.000000
102.295974 1 0 30000.000000
102.669120 1 2 50000.000000
102.886733 1 2 80000.000000
102.951851 1 3 10000.000000
103.195360 1 0 5000000.000000
103.246691 1 3 5000000.000000
103.624914 1 2 10000.000000
104.566928 1 2 30000.000000
104.614271 1 0 20000.000000
104.646643 1 1 10000.000000
104.862188 1 1 80000.000000
105.093597 1 3 30000.000000
105.416908 1 1 10000000.000000
105.462395 1 3 1000000.000000
106.101412 1 1 30000.000000
106.589070 1 2 10000000.000000
106.756819 1 1 20000.000000
106.856319 1 2 1000000.000000
107.195808 1 3 5000000.000000
107.328379 1 2 10000000.000000
107.339879 1 2 10000.000000
107.399485 1 1 10000.000000
107.406161 1 3 80000.000000
107.793719 1 0 10000000.000000
109.037727 1 0 10000000.000000
109.135942 1 3 1000000.000000
110.913730 1 0 1000000.000000
110.946868 1 0 10000.000000
111.059697 1 3 10000000.000000
111.078286 1 2 5000000.000000
111.210827 1 0 10000.000000
112.442511 1 1 30000.000000
112.684273 1 1 30000.000000
112.790479 1 1 10000.000000
113.342287 1 1 2000000.000000
113.366458 1 1 50000.000000
113.385984 1 1 20000.000000
113.727303 1 3 1000000.000000
114.285234 1 2 30000.000000
114.837308 1 0 10000000.000000
114.871018 1 0 10000.000000
115.078858 1 0 10000.000000
115.346622 1 1 200000.000000
116.627261 1 2 5000000.000000
116.670930 1 3 50000.000000
116.967479 1 0 30000.000000
117.103832 1 1 1000000.000000
117.767247 1 1 5000000.000000
117.896844 1 0 80000.000000
118.733821 1 0 10000.000000
118.767660 1 1 30000.000000
119.226833 1 1 10000.000000
119.264899 1 3 50000.000000
120.085145 1 3 20000.000000
120.541614 1 0 2000000.000000
120.805760 1 1 30000.000000
121.379519 1 2 2000000.000000
121.666588 1 1 2000000.000000
121.980418 1 2 10000.000000
122.091458 1 3 10000000.000000
122.505742 1 0 5000000.000000
122.545652 1 1 10000000.000000
122.645993 1 0 2000000.000000
122.671370 1 0 50000.000000
122.963544 1 0 10000.000000
123.261535 1 3 5000000.000000
123.777057 1 1 50000.000000
123.895520 1 0 5000000.000000
123.903394 1 1 200000.000000
123.947258 1 3 5000000.000000
124.386100 1 3 30000.000000
124.677965 1 3 2000000.000000
125.014532 1 1 80000.000000
125.345237 1 1 10000000.000000
127.142507 1 0 10000.000000
127.926525 1 1 10000.000000
128.129320 1 0 30000.000000
128.259418 1 1 10000.000000
128.453389 1 0 30000.000000
129.027501 1 2 2000000.000000
129.577125 1 2 30000.000000
129.586645 1 1 30000.000000
129.672187 1 1 10000.000000
132.096853 1 1 5000000.000000
132.658524 1 2 30000.000000
133.039150 1 1 200000.000000
133.250747 1 0 2000000.000000
133.370926 1 3 10000.000000
133.845534 1 0 5000000.000000
134.147952 1 1 80000.000000
135.056262 1 2 80000.000000
135.750695 1 0 200000.000000
136.027846 1 0 5000000.000000
136.367792 1 3 30000.000000
136.428815 1 0 10000000.000000
136.554203 1 0 80000.000000
136.597885 1 2 2000000.000000
136.949019 1 2 10000000.000000
137.331744 1 3 80000.000000
137.598679 1 3 10000.000000
138.184365 1 3 80000.000000
138.213985 1 3 50000.000000
138.595039 1 0 10000.000000
138.694145 1 1 10000.000000
138.697139 1 3 10000.000000
138.763852 1 1 80000.000000
139.482068 1 0 80000.000000
139.678051 1 0 30000.000000
139.981784 1 3 200000.000000
140.100087 1 0 200000.000000
140.199143 1 1 1000000.000000
140.825959 1 2 5000000.000000
140.913563 1 1 10000000.000000
141.398420 1 3 2000000.000000
141.441704 1 0 200000.000000
141.530284 1 2 2000000.000000
141.838445 1 2 10000000.000000
142.060765 1 3 30000.000000
142.419750 1 0 10000.000000
142.556860 1 3 50000.000000
142.971065 1 2 80000.000000
143.208568 1 1 10000.000000
143.368298 1 1 50000.000000
143.482918 1 2 10000.000000
143.806556 1 0 10000.000000
143.869780 1 0 10000.000000
144.321126 1 2 2000000.000000
144.335610 1 1 10000.000000
144.492510 1 3 2000000.000000
144.943837 1 0 10000.000000
145.081734 1 3 10000.000000
145.408167 1 2 5000000.000000
145.587170 1 0 80000.000000
145.797971 1 0 10000.000000
146.075040 1 1 20000.000000
146.258987 1 0 30000.000000
146.713651 1 3 5000000.000000
146.723815 1 1 30000.000000
147.105944 1 2 5000000.000000
147.403335 1 1 20000.000000
147.440121 1 1 10000000.000000
147.908360 1 0 200000.000000
148.111288 1 0 1000000.000000
148.175910 1 3 5000000.000000
148.743019 1 1 80000.000000
148.755180 1 2 5000000.000000
148.894352 1 2 80000.000000
148.897428 1 2 1000000.000000
149.409668 1 2 30000000.000000
149.671497 1 3 20000.000000
149.779481 1 1 10000.000000
0.180786 2 3 50000.000000
0.196462 2 0 5000000.000000
0.291839 2 0 10000.000000
0.603713 2 0 10000.000000
0.632768 2 1 200000.000000
0.799878 2 0 10000.000000
0.940956 2 1 20000.000000
1.448494 2 2 2000000.000000
2.104486 2 0 30000.000000
2.207826 2 0 10000.000000
2.487622 2 0 2000000.000000
2.767946 2 3 50000.000000
3.058356 2 1 10000.000000
3.093674 2 0 200000.000000
3.239399 2 2 200000.000000
3.353605 2 0 20000.000000
3.600928 2 1 1000000.000000
3.785643 2 2 20000.000000
3.826869 2 3 10000.000000
4.569741 2 3 1000000.000000
4.831668 2 1 1000000.000000
6.350747 2 1 30000.000000
6.544692 2 0 10000.000000
7.143856 2 3 10000000.000000
7.191799 2 3 30000.000000
7.225711 2 2 10000000.000000
7.241236 2 1 1000000.000000
7.730692 2 1 50000.000000
7.997254 2 0 2000000.000000
8.150870 2 0 30000000.000000
8.381507 2 2 20000.000000
8.473678 2 3 2000000.000000
8.643183 2 1 1000000.000000
8.789580 2 0 1000000.000000
9.016732 2 1 20000.000000
9.069234 2 1 10000.000000
9.524720 2 3 200000.000000
9.583368 2 0 2000000.000000
10.915152 2 2 50000.000000
11.054531 2 3 10000000.000000
11.125337 2 2 30000.000000
11.296859 2 0 1000000.000000
11.349135 2 0 30000.000000
11.385930 2 3 10000.000000
11.440158 2 2 80000.000000
11.499986 2 2 50000.000000
11.857013 2 3 2000000.000000
11.914542 2 3 80000.000000
12.154690 2 3 10000.000000
12.537492 2 2 2000000.000000
13.129999 2 0 30000000.000000
13.169327 2 2 2000000.000000
13.261224 2 2 10000.000000
13.927166 2 3 1000000.000000
14.380607 2 2 1000000.000000
14.534415 2 2 20000.000000
14.552356 2 0 10000.000000
14.781629 2 1 2000000.000000
15.080235 2 0 5000000.000000
15.174420 2 0 50000.000000
15.239313 2 3 10000000.000000
15.460964 2 3 200000.000000
15.733326 2 0 30000.000000
16.244313 2 3 10000.000000
16.305816 2 3 30000.000000
16.322939 2 0 30000.000000
17.962928 2 1 1000000.000000
18.289560 2 2 50000.000000
18.626340 2 1 10000000.000000
18.778048 2 0 2000000.000000
19.018119 2 0 1000000.000000
19.035075 2 1 10000.000000
19.353377 2 2 5000000.000000
19.373161 2 1 30000000.000000
20.038036 2 2 1000000.000000
20.693341 2 1 1000000.000000
20.696898 2 0 80000.000000
20.930906 2 3 5000000.000000
21.079948 2 0 50000.000000
21.148594 2 3 10000.000000
21.767229 2 0 5000000.000000
21.790396 2 2 80000.000000
22.304355 2 2 5000000.000000
22.311175 2 1 30000.000000
22.540987 2 2 30000.000000
22.577096 2 3 80000.000000
22.974469 2 0 10000.000000
22.998666 2 2 1000000.000000
23.034287 2 2 2000000.000000
23.324458 2 1 10000.000000
23.493442 2 1 80000.000000
24.856503 2 1 20000.000000
24.920594 2 3 10000000.000000
24.959963 2 1 10000.000000
25.116245 2 0 200000.000000
25.596480 2 2 50000.000000
25.852635 2 0 20000.000000
26.479709 2 2 80000.000000
27.701236 2 1 200000.000000
27.785724 2 1 50000.000000
27.934722 2 0 5000000.000000
28.272514 2 1 5000000.000000
28.344048 2 1 2000000.000000
28.912027 2 3 50000.000000
29.272923 2 3 200000.000000
29.324298 2 0 80000.000000
29.502601 2 3 2000000.000000
29.693583 2 1 5000000.000000
29.729912 2 3 30000.000000
29.803460 2 2 10000000.000000
30.131306 2 2 50000.000000
30.648663 2 3 2000000.000000
30.750253 2 1 10000.000000
30.856741 2 0 10000.000000
31.769580 2 0 10000.000000
31.872000 2 1 10000.000000
32.010795 2 3 200000.000000
32.286040 2 2 50000.000000
32.525442 2 1 80000.000000
32.565724 2 0 50000.000000
32.997905 2 2 30000.000000
33.294134 2 0 10000.000000
33.407238 2 3 200000.000000
33.510834 2 3 1000000.000000
34.974811 2 3 1000000.000000
35.111626 2 1 1000000.000000
36.186602 2 2 10000000.000000
36.915859 2 0 10000000.000000
37.540312 2 2 2000000.000000
38.331142 2 1 5000000.000000
38.331695 2 3 5000000.000000
38.496672 2 3 1000000.000000
38.901216 2 0 10000.000000
39.029403 2 2 2000000.000000
39.087792 2 3 30000.000000
39.138878 2 2 1000000.000000
39.319229 2 0 10000000.000000
39.994451 2 2 10000000.000000
40.628203 2 0 5000000.000000
40.740217 2 1 10000000.000000
40.785583 2 3 30000.000000
41.527695 2 1 80000.000000
41.857052 2 2 1000000.000000
41.874759 2 0 50000.000000
41.890935 2 3 50000.000000
42.173778 2 3 2000000.000000
42.248177 2 3 2000000.000000
43.169074 2 0 1000000.000000
43.438897 2 0 80000.000000
44.414397 2 0 2000000.000000
44.762551 2 1 80000.000000
45.082298 2 0 2000000.000000
45.185817 2 1 1000000.000000
45.253739 2 0 80000.000000
45.330755 2 3 50000.000000
45.425288 2 0 80000.000000
46.205898 2 3 10000.000000
46.466177 2 3 5000000.000000
46.503718 2 0 30000.000000
46.845287 2 2 200000.000000
46.872399 2 0 80000.000000
47.107963 2 1 5000000.000000
48.012357 2 0 30000.000000
48.274901 2 2 10000.000000
48.490433 2 3 80000.000000
48.720978 2 3 10000.000000
49.262067 2 1 30000.000000
49.524815 2 2 5000000.000000
49.938036 2 1 1000000.000000
49.955601 2 3 10000000.000000
50.035870 2 0 30000.000000
50.715030 2 3 20000.000000
50.872517 2 2 5000000.000000
50.948601 2 2 80000.000000
51.001819 2 2 50000.000000
51.093264 2 1 2000000.000000
51.119318 2 2 50000.000000
51.988926 2 2 30000.000000
52.145929 2 3 2000000.000000
52.180079 2 2 80000.000000
52.317222 2 3 20000.000000
52.628578 2 3 200000.000000
53.271083 2 0 30000000.000000
53.602972 2 3 10000000.000000
53.616546 2 1 2000000.000000
53.987200 2 1 10000.000000
54.327405 2 3 5000000.000000
54.605169 2 1 2000000.000000
54.841170 2 3 50000.000000
54.940642 2 3 5000000.000000
55.120045 2 0 2000000.000000
55.280503 2 3 1000000.000000
55.339391 2 2 5000000.000000
55.921898 2 0 5000000.000000
55.929504 2 2 30000.000000
56.102006 2 3 30000.000000
56.274044 2 3 80000.000000
56.296019 2 2 50000.000000
56.379143 2 1 30000.000000
56.384596 2 0 1000000.000000
56.401527 2 1 30000.000000
56.587338 2 3 80000.000000
57.320023 2 2 200000.000000
58.415825 2 1 2000000.000000
58.467317 2 0 10000.000000
58.855598 2 2 2000000.000000
59.340468 2 0 1000000.000000
59.683545 2 2 10000.000000
59.826150 2 3 50000.000000
60.025879 2 3 200000.000000
60.197661 2 0 5000000.000000
61.750597 2 2 10000.000000
62.239964 2 1 1000000.000000
62.283510 2 2 50000.000000
62.718546 2 3 30000.000000
64.068193 2 0 50000.000000
64.645172 2 0 2000000.000000
65.159213 2 0 200000.000000
65.184068 2 1 200000.000000
65.421678 2 3 5000000.000000
66.015054 2 1 10000000.000000
66.306955 2 2 80000.000000
66.529800 2 2 10000.000000
66.575360 2 3 20000.000000
67.150009 2 3 50000.000000
67.153958 2 2 10000.000000
67.285259 2 0 10000.000000
67.522742 2 3 200000.000000
67.817455 2 2 200000.000000
68.010741 2 0 10000.000000
68.211369 2 0 10000000.000000
68.230007 2 1 5000000.000000
68.352060 2 1 1000000.000000
68.362986 2 2 200000.000000
68.695066 2 2 2000000.000000
68.809710 2 3 5000000.000000
69.956627 2 2 80000.000000
70.703767 2 0 5000000.000000
70.845811 2 2 30000.000000
70.867080 2 2 80000.000000
70.935928 2 1 5000000.000000
70.966517 2 0 5000000.000000
71.016011 2 1 2000000.000000
71.340044 2 3 10000.000000
72.628809 2 1 10000000.000000
72.654898 2 0 1000000.000000
72.997749 2 1 10000.000000
73.665345 2 1 200000.000000
74.475360 2 2 80000.000000
74.513393 2 0 10000.000000
74.747906 2 0 30000000.000000
74.826197 2 3 80000.000000
74.976467 2 1 30000.000000
75.077671 2 2 30000000.000000
75.580460 2 2 50000.000000
75.726079 2 0 2000000.000000
76.262409 2 1 10000.000000
76.429104 2 1 1000000.000000
76.897049 2 0 200000.000000
77.676035 2 2 1000000.000000
78.457983 2 0 200000.000000
78.461528 2 2 80000.000000
78.636832 2 0 30000.000000
78.661044 2 3 80000.000000
78.903102 2 2 10000.000000
79.900694 2 3 10000000.000000
79.990598 2 3 200000.000000
80.330530 2 0 200000.000000
80.365676 2 2 2000000.000000
80.402611 2 3 80000.000000
81.002162 2 3 10000.000000
81.335480 2 0 80000.000000
81.716337 2 3 5000000.000000
81.832738 2 2 30000000.000000
82.017374 2 1 10000.000000
82.039873 2 0 80000.000000
82.175609 2 3 50000.000000
83.091300 2 3 50000.000000
83.100962 2 1 50000.000000
83.167022 2 1 5000000.000000
83.210749 2 2 10000000.000000
83.697577 2 1 1000000.000000
84.118388 2 3 30000.000000
84.613375 2 1 80000.000000
84.613401 2 0 5000000.000000
84.770172 2 1 1000000.000000
85.603090 2 3 10000.000000
85.672809 2 3 2000000.000000
85.874396 2 2 30000.000000
85.907877 2 2 5000000.000000
86.034233 2 2 50000.000000
86.090423 2 2 80000.000000
86.360816 2 1 1000000.000000
86.522049 2 0 50000.000000
86.563223 2 0 30000.000000
86.814527 2 2 10000.000000
86.966531 2 2 200000.000000
87.267170 2 0 2000000.000000
87.360874 2 1 200000.000000
87.512547 2 2 5000000.000000
87.667539 2 2 10000.000000
87.941389 2 0 10000000.000000
88.247633 2 1 1000000.000000
88.319370 2 1 1000000.000000
88.571733 2 1 5000000.000000
89.688681 2 3 2000000.000000
90.055775 2 2 50000.000000
90.825470 2 0 80000.000000
91.392682 2 3 1000000.000000
91.605961 2 3 1000000.000000
91.810664 2 1 1000000.000000
92.098938 2 2 10000.000000
92.450180 2 1 200000.000000
95.195400 2 0 10000.000000
95.275388 2 1 10000.000000
95.549582 2 0 10000.000000
95.564810 2 2 80000.000000
95.972389 2 1 10000.000000
96.593944 2 0 10000.000000
97.387737 2 2 10000.000000
97.617667 2 2 2000000.000000
97.779095 2 0 30000.000000
98.110187 2 3 1000000.000000
98.645480 2 0 1000000.000000
98.678008 2 0 10000.000000
98.861295 2 2 1000000.000000
99.199302 2 1 10000.000000
99.774514 2 1 10000.000000
100.109053 2 3 10000.000000
100.368752 2 1 20000.000000
101.066419 2 0 1000000.000000
101.070361 2 0 30000000.000000
101.240183 2 3 2000000.000000
101.293220 2 1 30000.000000
101.322121 2 0 30000.000000
102.716232 2 1 30000000.000000
102.902216 2 2 1000000.000000
103.105208 2 2 10000.000000
103.140574 2 2 200000.000000
103.191029 2 0 10000.000000
103.378649 2 2 80000.000000
104.222080 2 0 10000.000000
104.277706 2 2 10000.000000
104.547946 2 2 1000000.000000
104.728553 2 0 10000000.000000
104.864623 2 2 5000000.000000
105.485459 2 1 1000000.000000
105.949438 2 3 30000.000000
106.056576 2 0 50000.000000
106.430282 2 0 50000.000000
106.682201 2 0 80000.000000
106.987838 2 2 1000000.000000
108.003496 2 2 1000000.000000
108.181018 2 0 10000000.000000
108.535949 2 3 80000.000000
108.844502 2 3 80000.000000
108.992983 2 2 10000000.000000
108.999853 2 1 200000.000000
109.060105 2 1 1000000.000000
109.082897 2 2 1000000.000000
109.435507 2 3 1000000.000000
110.125111 2 2 2000000.000000
111.941340 2 3 80000.000000
112.087320 2 1 50000.000000
112.146777 2 1 1000000.000000
112.534320 2 3 10000.000000
112.645021 2 2 10000.000000
112.849894 2 0 20000.000000
112.982972 2 2 10000.000000
113.124592 2 1 10000.000000
113.607298 2 0 2000000.000000
113.638017 2 3 10000.000000
113.941685 2 3 10000.000000
114.254242 2 3 30000.000000
115.109272 2 0 80000.000000
115.273785 2 2 50000.000000
115.445034 2 2 200000.000000
115.759463 2 0 10000.000000
116.363536 2 1 1000000.000000
116.471922 2 1 80000.000000
116.690059 2 2 10000.000000
116.824123 2 1 30000.000000
117.083397 2 2 5000000.000000
117.970658 2 0 10000.000000
118.159959 2 2 10000.000000
118.362906 2 2 10000000.000000
118.757972 2 1 1000000.000000
119.300722 2 1 1000000.000000
119.513759 2 2 30000.000000
120.020595 2 2 30000000.000000
120.329939 2 1 5000000.000000
120.468911 2 2 10000.000000
120.766626 2 1 10000000.000000
121.438760 2 2 80000.000000
121.710580 2 3 80000.000000
121.984716 2 1 30000.000000
122.188623 2 0 10000.000000
122.222290 2 1 50000.000000
122.448458 2 0 10000.000000
123.113558 2 3 30000.000000
123.126469 2 3 1000000.000000
123.147667 2 0 10000.000000
123.805184 2 3 30000.000000
124.218557 2 2 10000.000000
124.219287 2 1 200000.000000
124.243054 2 0 50000.000000
124.412303 2 0 10000000.000000
124.663841 2 3 50000.000000
124.776420 2 1 10000000.000000
125.043080 2 0 10000000.000000
125.104512 2 0 5000000.000000
125.182402 2 2 80000.000000
125.352355 2 0 50000.000000
125.491999 2 0 50000.000000
125.864486 2 2 10000000.000000
126.227426 2 2 10000.000000
126.307230 2 1 5000000.000000
126.383517 2 2 80000.000000
127.262506 2 0 50000.000000
127.493847 2 1 1000000.000000
128.269300 2 0 1000000.000000
128.462393 2 0 5000000.000000
128.607846 2 1 5000000.000000
129.056725 2 2 10000.000000
129.092025 2 0 1000000.000000
129.265458 2 3 2000000.000000
129.526992 2 0 30000.000000
129.802366 2 2 200000.000000
130.120034 2 2 30000.000000
130.651334 2 0 1000000.000000
130.861658 2 1 10000.000000
130.876914 2 1 2000000.000000
131.064953 2 0 80000.000000
131.078774 2 2 10000.000000
131.227175 2 0 30000.000000
131.280773 2 2 5000000.000000
131.578934 2 2 1000000.000000
131.662047 2 2 200000.000000
132.196276 2 2 10000.000000
132.413008 2 1 5000000.000000
132.539679 2 3 1000000.000000
132.815383 2 3 30000.000000
133.011537 2 3 10000000.000000
133.232664 2 3 1000000.000000
133.393069 2 3 30000.000000
133.908402 2 1 5000000.000000
133.918090 2 1 10000.000000
134.418530 2 3 2000000.000000
134.491433 2 2 30000.000000
134.813201 2 2 10000.000000
135.099253 2 2 80000.000000
135.107965 2 0 80000.000000
136.336637 2 2 20000.000000
136.474267 2 3 30000.000000
136.579579 2 2 10000.000000
136.922539 2 3 80000.000000
137.975657 2 1 5000000.000000
137.983041 2 0 10000.000000
138.091258 2 0 200000.000000
138.168531 2 1 80000.000000
138.239800 2 2 1000000.000000
138.547892 2 0 20000.000000
138.664472 2 1 50000.000000
139.160001 2 1 10000000.000000
139.372998 2 2 2000000.000000
139.608962 2 2 10000.000000
140.492464 2 3 80000.000000
140.633948 2 0 5000000.000000
140.925548 2 0 200000.000000
140.971167 2 2 80000.000000
141.833712 2 3 30000.000000
141.873388 2 0 5000000.000000
141.961226 2 3 200000.000000
142.131504 2 1 50000.000000
142.380210 2 0 2000000.000000
142.538080 2 3 30000000.000000
142.772323 2 1 200000.000000
142.856819 2 2 30000.000000
142.858742 2 3 1000000.000000
142.933731 2 2 10000000.000000
143.095735 2 2 2000000.000000
144.029885 2 1 80000.000000
144.033592 2 3 20000.000000
144.183983 2 3 80000.000000
144.718337 2 0 80000.000000
145.184322 2 2 50000.000000
145.293210 2 2 30000.000000
145.340345 2 1 30000.000000
145.969153 2 0 2000000.000000
146.048399 2 1 80000.000000
146.554921 2 1 80000.000000
146.607627 2 3 10000.000000
147.537083 2 3 20000.000000
147.615387 2 1 50000.000000
147.984814 2 1 80000.000000
148.055157 2 0 1000000.000000
148.268002 2 0 80000.000000
148.687560 2 1 10000.000000
148.723251 2 3 10000.000000
149.147466 2 2 10000000.000000
149.430736 2 1 10000000.000000
149.466525 2 0 30000.000000
149.597314 2 0 1000000.000000
0.718798 3 1 10000.000000
0.928335 3 3 30000.000000
1.107459 3 0 10000.000000
1.347884 3 2 80000.000000
1.889503 3 0 1000000.000000
2.415944 3 2 5000000.000000
2.547760 3 0 80000.000000
3.101458 3 1 10000000.000000
3.392507 3 3 200000.000000
3.671261 3 3 80000.000000
3.958296 3 0 1000000.000000
4.355098 3 1 1000000.000000
4.394491 3 2 10000.000000
4.906768 3 3 10000000.000000
5.472880 3 2 2000000.000000
5.557851 3 3 80000.000000
6.189422 3 3 80000.000000
6.521310 3 1 5000000.000000
6.596362 3 0 50000.000000
7.019279 3 0 10000.000000
7.448780 3 1 10000.000000
7.728956 3 1 1000000.000000
7.785597 3 1 1000000.000000
7.934758 3 2 50000.000000
8.580699 3 3 20000.000000
8.611995 3 2 5000000.000000
8.656206 3 0 50000.000000
8.952067 3 2 80000.000000
9.255957 3 2 200000.000000
9.353105 3 1 5000000.000000
9.865753 3 1 80000.000000
9.988024 3 0 1000000.000000
10.154908 3 3 200000.000000
10.740877 3 0 80000.000000
11.059600 3 1 50000.000000
11.229699 3 3 10000.000000
11.473080 3 2 10000000.000000
11.501445 3 0 200000.000000
11.883885 3 3 80000.000000
12.117586 3 1 10000000.000000
12.452078 3 0 1000000.000000
13.680290 3 2 200000.000000
13.710085 3 2 50000.000000
13.779396 3 2 10000.000000
14.188339 3 2 10000000.000000
15.000551 3 2 2000000.000000
15.057266 3 0 2000000.000000
15.291786 3 3 80000.000000
15.323469 3 0 50000.000000
15.563941 3 3 50000.000000
15.580641 3 0 10000000.000000
15.617429 3 0 2000000.000000
15.665983 3 3 2000000.000000
16.163737 3 3 10000.000000
16.743012 3 3 20000.000000
17.311537 3 2 10000.000000
17.655366 3 3 30000.000000
17.817219 3 3 10000000.000000
18.016051 3 1 10000.000000
18.462653 3 2 10000.000000
19.175496 3 1 5000000.000000
19.535702 3 2 10000.000000
19.680695 3 3 30000.000000
19.931193 3 0 200000.000000
21.722307 3 1 10000000.000000
22.757006 3 1 80000.000000
23.264582 3 2 80000.000000
23.398835 3 1 2000000.000000
23.402596 3 2 10000.000000
23.480865 3 0 10000.000000
23.754866 3 0 2000000.000000
24.527670 3 0 10000.000000
25.425598 3 3 20000.000000
25.612928 3 0 2000000.000000
25.718510 3 1 80000.000000
26.065681 3 3 80000.000000
26.486303 3 3 200000.000000
26.864503 3 3 10000.000000
27.409382 3 2 10000.000000
27.504872 3 2 10000000.000000
27.589002 3 3 10000.000000
27.787751 3 2 5000000.000000
27.793356 3 1 200000.000000
28.023119 3 2 30000.000000
28.148102 3 3 30000000.000000
28.313915 3 1 30000.000000
28.506417 3 1 5000000.000000
29.145979 3 2 5000000.000000
29.275127 3 1 10000000.000000
29.436492 3 0 10000000.000000
29.580786 3 1 50000.000000
29.781777 3 0 50000.000000
29.865899 3 0 10000000.000000
30.400653 3 3 2000000.000000
30.633466 3 3 10000.000000
30.642618 3 3 80000.000000
30.715933 3 1 200000.000000
31.053995 3 3 20000.000000
31.249007 3 0 80000.000000
31.573888 3 2 20000.000000
32.097175 3 0 2000000.000000
32.125611 3 2 30000.000000
32.137658 3 2 5000000.000000
32.669628 3 2 30000.000000
32.700434 3 2 50000.000000
33.162951 3 2 50000.000000
33.718135 3 2 1000000.000000
33.726583 3 1 20000.000000
33.817562 3 2 20000.000000
34.330663 3 2 10000.000000
34.728052 3 2 1000000.000000
34.810356 3 3 10000000.000000
35.214026 3 2 10000000.000000
35.248091 3 1 5000000.000000
35.310224 3 3 200000.000000
35.738306 3 1 10000000.000000
36.409466 3 0 200000.000000
36.851484 3 2 200000.000000
37.040084 3 3 10000000.000000
37.337538 3 1 5000000.000000
37.883197 3 3 200000.000000
38.307976 3 1 10000.000000
38.346954 3 2 50000.000000
38.415557 3 1 50000.000000
38.464040 3 3 1000000.000000
39.085961 3 1 30000.000000
39.470800 3 0 10000.000000
39.492503 3 0 200000.000000
39.978980 3 2 80000.000000
40.019188 3 0 80000.000000
40.059306 3 1 80000.000000
40.141419 3 1 80000.000000
40.344643 3 0 2000000.000000
40.711885 3 3 10000.000000
40.992822 3 0 2000000.000000
41.281962 3 0 10000.000000
41.304325 3 0 10000.000000
41.448258 3 1 200000.000000
41.784291 3 0 2000000.000000
42.001061 3 2 50000.000000
42.150288 3 1 80000.000000
42.531481 3 0 50000.000000
42.950198 3 3 80000.000000
42.954770 3 3 20000.000000
43.102310 3 2 50000.000000
44.456741 3 3 80000.000000
44.966494 3 0 20000.000000
45.000107 3 1 10000.000000
45.155476 3 0 2000000.000000
45.197999 3 3 30000.000000
45.443730 3 1 10000.000000
46.838929 3 3 80000.000000
46.908266 3 2 5000000.000000
47.375999 3 0 5000000.000000
47.575283 3 3 10000.000000
47.665414 3 2 10000.000000
48.148370 3 2 80000.000000
48.737527 3 2 1000000.000000
49.554087 3 3 5000000.000000
50.133480 3 3 5000000.000000
50.150621 3 1 10000.000000
50.302813 3 0 2000000.000000
50.312604 3 3 1000000.000000
50.456820 3 2 30000.000000
50.546522 3 2 5000000.000000
51.102429 3 3 10000.000000
51.176628 3 2 30000.000000
51.698175 3 1 80000.000000
51.984295 3 3 10000.000000
52.959839 3 2 30000.000000
52.984676 3 1 20000.000000
53.181954 3 0 1000000.000000
53.239219 3 3 50000.000000
53.939703 3 1 1000000.000000
54.098713 3 0 1000000.000000
54.121913 3 3 200000.000000
54.216874 3 3 5000000.000000
54.355662 3 0 50000.000000
54.411574 3 1 10000.000000
54.425327 3 1 80000.000000
54.641910 3 0 200000.000000
54.858068 3 2 80000.000000
55.034831 3 3 200000.000000
55.273678 3 2 80000.000000
55.531995 3 2 2000000.000000
55.849419 3 1 50000.000000
55.998122 3 1 1000000.000000
56.105645 3 2 10000.000000
56.152683 3 0 5000000.000000
56.295548 3 2 50000.000000
57.416654 3 1 30000.000000
57.565044 3 2 1000000.000000
57.634524 3 1 2000000.000000
58.039654 3 3 1000000.000000
58.440880 3 1 1000000.000000
58.482934 3 1 10000000.000000
58.740043 3 1 10000.000000
59.155587 3 0 20000.000000
59.735309 3 3 2000000.000000
59.954834 3 2 80000.000000
60.148548 3 3 10000000.000000
60.202758 3 0 5000000.000000
60.530988 3 1 80000.000000
60.652360 3 1 2000000.000000
60.800554 3 3 2000000.000000
61.025641 3 2 50000.000000
62.053586 3 1 10000.000000
62.139151 3 0 1000000.000000
62.326239 3 3 200000.000000
62.468838 3 0 50000.000000
62.546108 3 0 10000000.000000
62.639797 3 1 200000.000000
62.977538 3 1 20000.000000
63.146020 3 1 5000000.000000
63.591779 3 0 80000.000000
63.608652 3 2 80000.000000
65.732306 3 3 30000.000000
65.857251 3 0 10000.000000
66.107080 3 1 50000.000000
66.804507 3 2 1000000.000000
67.564095 3 2 10000.000000
68.080806 3 0 20000.000000
68.105302 3 1 200000.000000
69.272010 3 2 10000.000000
69.379211 3 0 2000000.000000
69.771326 3 0 80000.000000
69.810267 3 0 2000000.000000
70.214022 3 1 5000000.000000
70.278227 3 3 2000000.000000
70.680391 3 1 10000000.000000
71.280018 3 2 10000.000000
71.851589 3 2 20000.000000
72.301332 3 2 2000000.000000
72.939560 3 2 2000000.000000
73.031890 3 1 1000000.000000
73.123347 3 0 20000.000000
73.175175 3 1 5000000.000000
73.272188 3 2 50000.000000
73.342483 3 1 2000000.000000
73.652655 3 2 10000.000000
74.353199 3 3 30000000.000000
74.650264 3 2 30000.000000
75.850817 3 0 10000.000000
75.939793 3 0 2000000.000000
75.958157 3 2 5000000.000000
76.158095 3 2 1000000.000000
76.484486 3 1 80000.000000
76.722798 3 2 5000000.000000
77.033055 3 3 1000000.000000
77.105151 3 2 2000000.000000
77.586900 3 1 10000000.000000
78.182740 3 3 10000.000000
79.069787 3 3 80000.000000
80.028202 3 1 5000000.000000
80.552332 3 2 80000.000000
81.069448 3 2 30000.000000
81.769656 3 2 10000.000000
81.852116 3 0 30000.000000
81.944167 3 1 1000000.000000
82.059888 3 1 10000.000000
82.109253 3 2 10000.000000
82.652822 3 0 80000.000000
83.098365 3 0 30000.000000
83.372117 3 2 80000.000000
83.802835 3 2 50000.000000
83.980406 3 0 20000.000000
84.934813 3 3 30000.000000
85.147442 3 3 30000.000000
85.187389 3 1 1000000.000000
85.290784 3 2 80000.000000
85.529325 3 0 200000.000000
85.815407 3 1 200000.000000
85.976062 3 2 50000.000000
86.284625 3 1 50000.000000
86.388501 3 2 50000.000000
86.455607 3 2 80000.000000
86.753728 3 2 80000.000000
87.002299 3 3 20000.000000
87.800889 3 0 30000.000000
87.833852 3 2 200000.000000
88.188265 3 2 80000.000000
88.336625 3 3 200000.000000
88.371057 3 1 10000.000000
88.495692 3 3 10000000.000000
88.877194 3 2 5000000.000000
88.919653 3 3 50000.000000
88.980976 3 2 200000.000000
89.042473 3 2 10000.000000
89.077751 3 2 2000000.000000
89.200421 3 3 10000.000000
89.515607 3 2 10000.000000
90.541359 3 1 200000.000000
91.082224 3 0 80000.000000
91.540352 3 3 30000.000000
92.271471 3 2 10000000.000000
92.366010 3 0 10000.000000
92.534731 3 3 200000.000000
92.744190 3 1 200000.000000
92.874893 3 1 80000.000000
93.217000 3 0 2000000.000000
93.365916 3 2 50000.000000
94.037655 3 2 50000.000000
94.320787 3 3 10000.000000
94.741410 3 1 10000000.000000
94.918712 3 0 10000.000000
95.020405 3 3 80000.000000
95.802239 3 2 10000.000000
96.774526 3 3 1000000.000000
97.035263 3 1 5000000.000000
97.818160 3 0 50000.000000
98.013995 3 0 1000000.000000
98.327351 3 0 1000000.000000
98.503802 3 3 10000.000000
98.758846 3 1 50000.000000
98.775040 3 2 1000000.000000
99.042056 3 3 50000.000000
99.956031 3 0 30000.000000
100.017535 3 1 80000.000000
100.346738 3 2 30000.000000
100.490065 3 1 2000000.000000
100.769754 3 2 10000000.000000
101.041159 3 1 50000.000000
101.079999 3 1 30000.000000
101.281243 3 0 10000.000000
101.416061 3 3 10000000.000000
101.486519 3 2 5000000.000000
102.238597 3 0 10000000.000000
102.928579 3 0 50000.000000
103.020746 3 1 2000000.000000
103.088110 3 3 200000.000000
103.811083 3 2 5000000.000000
104.088161 3 0 80000.000000
104.584076 3 0 2000000.000000
105.212187 3 1 80000.000000
106.065718 3 3 80000.000000
106.120952 3 1 30000.000000
106.582045 3 3 10000000.000000
106.821152 3 2 10000000.000000
107.196545 3 3 1000000.000000
107.240492 3 3 30000.000000
107.674690 3 2 5000000.000000
108.037428 3 2 5000000.000000
109.226442 3 0 30000.000000
109.578394 3 1 50000.000000
109.899051 3 3 10000000.000000
109.944054 3 1 10000000.000000
110.314100 3 3 80000.000000
110.477734 3 3 5000000.000000
111.101378 3 2 80000.000000
111.362397 3 2 2000000.000000
111.481726 3 0 200000.000000
111.788291 3 2 80000.000000
111.805234 3 2 1000000.000000
111.856094 3 0 30000.000000
112.353265 3 3 5000000.000000
113.047351 3 0 200000.000000
113.454211 3 0 2000000.000000
114.181427 3 0 10000.000000
114.440796 3 1 200000.000000
114.791535 3 2 80000.000000
114.911400 3 2 5000000.000000
115.575499 3 2 30000.000000
115.706237 3 0 50000.000000
115.911086 3 1 10000.000000
116.393020 3 2 200000.000000
116.902974 3 3 5000000.000000
117.217331 3 3 5000000.000000
117.529900 3 2 2000000.000000
117.749493 3 3 30000.000000
118.097685 3 3 5000000.000000
118.787382 3 1 200000.000000
118.871158 3 0 80000.000000
118.872538 3 2 30000.000000
119.057610 3 2 10000000.000000
119.170660 3 3 80000.000000
119.540333 3 3 50000.000000
119.992692 3 0 5000000.000000
120.027560 3 3 30000.000000
120.297755 3 3 5000000.000000
120.382366 3 3 10000.000000
120.581193 3 3 200000.000000
121.973326 3 0 10000.000000
122.193743 3 1 10000000.000000
123.609406 3 1 5000000.000000
123.722463 3 0 50000.000000
124.410045 3 2 80000.000000
124.491006 3 0 10000.000000
124.770183 3 2 5000000.000000
124.859761 3 0 10000000.000000
124.880510 3 1 30000.000000
125.622360 3 2 30000.000000
125.849400 3 0 5000000.000000
125.849933 3 2 50000.000000
126.227455 3 3 5000000.000000
126.245172 3 3 5000000.000000
126.412992 3 2 20000.000000
127.088382 3 2 200000.000000
127.327836 3 2 50000.000000
128.121880 3 0 30000.000000
128.142573 3 3 2000000.000000
128.228249 3 3 10000000.000000
128.354138 3 1 10000.000000
128.847838 3 0 1000000.000000
129.037209 3 1 10000000.000000
129.363936 3 1 5000000.000000
129.474757 3 3 10000.000000
129.510625 3 3 5000000.000000
129.525539 3 1 30000.000000
129.558231 3 3 80000.000000
129.817788 3 2 10000000.000000
129.866818 3 0 10000.000000
130.395166 3 2 30000.000000
131.294984 3 3 80000.000000
131.333158 3 1 20000.000000
131.817535 3 3 50000.000000
132.325513 3 0 5000000.000000
132.935764 3 1 1000000.000000
133.052700 3 2 5000000.000000
133.756690 3 1 10000.000000
133.879915 3 2 10000000.000000
134.035707 3 2 10000.000000
134.311376 3 1 1000000.000000
134.421565 3 2 10000000.000000
134.683193 3 2 1000000.000000
135.194490 3 0 10000.000000
135.399182 3 0 2000000.000000
135.750589 3 0 1000000.000000
135.790141 3 2 5000000.000000
136.262514 3 2 200000.000000
136.466904 3 3 5000000.000000
137.210106 3 3 10000.000000
137.546155 3 0 1000000.000000
137.996341 3 0 1000000.000000
138.243133 3 2 10000.000000
138.712765 3 1 10000.000000
138.959300 3 0 2000000.000000
139.178308 3 3 1000000.000000
139.468844 3 0 10000.000000
139.627416 3 1 5000000.000000
139.845536 3 2 10000.000000
140.174740 3 2 5000000.000000
140.743662 3 1 200000.000000
140.842520 3 1 2000000.000000
140.897549 3 2 10000.000000
141.557874 3 2 200000.000000
141.898673 3 1 1000000.000000
142.319183 3 0 1000000.000000
142.503655 3 1 10000000.000000
143.220022 3 3 10000000.000000
143.335543 3 3 10000.000000
143.383689 3 1 1000000.000000
143.880034 3 0 10000.000000
144.137796 3 1 2000000.000000
144.148990 3 1 50000.000000
144.430630 3 3 80000.000000
144.565402 3 3 80000.000000
144.861532 3 2 10000.000000
144.944004 3 1 50000.000000
145.024899 3 3 200000.000000
145.331114 3 0 1000000.000000
145.531351 3 1 10000000.000000
145.592740 3 2 5000000.000000
145.993066 3 3 1000000.000000
146.095684 3 2 50000.000000
146.110746 3 0 5000000.000000
146.628369 3 3 1000000.000000
146.870072 3 1 2000000.000000
147.325097 3 1 1000000.000000
147.399757 3 1 80000.000000
147.566291 3 1 10000.000000
147.627262 3 1 10000000.000000
147.671503 3 2 30000.000000
147.801362 3 1 200000.000000
147.823519 3 0 50000.000000
148.301445 3 3 10000.000000
148.930071 3 2 2000000.000000
149.014210 3 1 50000.000000
149.111710 3 1 10000.000000
149.118619 3 0 5000000.000000
149.196802 3 3 10000.000000
149.302450 3 1 5000000.000000
149.778873 3 1 10000.000000
149.888086 3 2 30000000.000000
