0.178279 0 2 10000.000000
0.296550 0 3 50000.000000
0.830751 0 0 10000.000000
1.944089 0 1 50000.000000
2.065518 0 1 2000000.000000
2.743129 0 0 1000000.000000
2.785897 0 3 1000000.000000
3.434249 0 0 80000.000000
3.652441 0 2 80000.000000
3.996433 0 0 50000.000000
4.462511 0 3 20000.000000
4.949761 0 3 10000.000000
5.210786 0 3 200000.000000
5.533759 0 0 20000.000000
5.579596 0 3 1000000.000000
5.716762 0 0 2000000.000000
6.059355 0 2 5000000.000000
6.179070 0 3 2000000.000000
6.649952 0 1 30000.000000
6.700160 0 1 2000000.000000
7.111345 0 3 50000.000000
7.143583 0 3 5000000.000000
7.602324 0 2 30000000.000000
7.886666 0 1 50000.000000
8.314111 0 2 5000000.000000
9.058902 0 2 200000.000000
10.431319 0 2 10000.000000
10.817244 0 0 1000000.000000
11.251362 0 1 5000000.000000
11.773322 0 2 10000.000000
11.787667 0 1 5000000.000000
12.548916 0 1 5000000.000000
13.411306 0 3 10000.000000
13.650952 0 2 1000000.000000
13.670847 0 1 2000000.000000
14.292764 0 3 30000.000000
14.392148 0 1 5000000.000000
14.590465 0 0 200000.000000
14.831068 0 1 80000.000000
15.072207 0 0 30000.000000
15.277693 0 3 10000.000000
15.562479 0 0 10000000.000000
15.580640 0 0 200000.000000
16.349792 0 3 30000.000000
16.779378 0 1 10000.000000
17.194925 0 1 200000.000000
18.107557 0 0 10000.000000
19.194779 0 1 200000.000000
19.585132 0 3 10000.000000
20.218976 0 0 5000000.000000
21.220860 0 3 1000000.000000
21.736138 0 1 5000000.000000
21.739351 0 1 30000.000000
21.827688 0 0 50000.000000
22.536310 0 3 50000.000000
23.380829 0 1 10000.000000
23.389213 0 3 80000.000000
23.412716 0 0 20000.000000
23.655016 0 2 20000.000000
23.822686 0 1 10000.000000
25.893097 0 0 2000000.000000
26.018498 0 1 10000.000000
26.146781 0 1 1000000.000000
27.482084 0 0 10000.000000
28.181964 0 2 80000.000000
28.254452 0 1 10000000.000000
28.680192 0 3 10000.000000
29.038555 0 2 1000000.000000
29.251489 0 0 2000000.000000
29.360343 0 2 200000.000000
29.619741 0 3 1000000.000000
30.227777 0 1 1000000.000000
30.796022 0 1 30000.000000
31.605978 0 2 2000000.000000
31.829069 0 0 2000000.000000
31.947210 0 2 1000000.000000
32.242326 0 3 10000.000000
32.341955 0 2 80000.000000
32.625200 0 1 30000000.000000
32.904177 0 1 10000000.000000
33.671952 0 3 20000.000000
33.886771 0 2 10000.000000
34.323746 0 0 20000.000000
34.390190 0 3 20000.000000
34.767473 0 3 2000000.000000
34.909469 0 3 10000.000000
36.594116 0 1 10000.000000
36.642219 0 0 80000.000000
36.703834 0 2 30000000.000000
37.229389 0 1 2000000.000000
37.462393 0 3 10000.000000
38.268471 0 0 5000000.000000
39.153741 0 2 30000.000000
39.881666 0 2 80000.000000
40.259896 0 0 30000000.000000
40.282715 0 3 20000.000000
40.521817 0 1 30000.000000
40.874605 0 2 200000.000000
41.115030 0 2 10000.000000
41.461497 0 2 50000.000000
41.622059 0 2 10000.000000
42.089505 0 3 1000000.000000
42.124869 0 3 10000.000000
42.242303 0 1 50000.000000
43.329424 0 2 10000000.000000
43.394380 0 0 50000.000000
43.912147 0 1 10000.000000
43.953048 0 3 5000000.000000
44.352141 0 2 200000.000000
44.524415 0 3 10000.000000
44.542819 0 1 30000.000000
44.602336 0 2 2000000.000000
45.322868 0 0 1000000.000000
45.368987 0 1 10000000.000000
46.209025 0 1 200000.000000
46.315953 0 3 80000.000000
46.387877 0 1 30000.000000
46.539809 0 3 2000000.000000
46.913115 0 1 2000000.000000
47.850129 0 2 10000.000000
47.941412 0 3 2000000.000000
48.200272 0 1 5000000.000000
49.612710 0 3 200000.000000
49.639257 0 0 50000.000000
49.965410 0 3 30000000.000000
50.863533 0 0 1000000.000000
51.424906 0 2 5000000.000000
51.521181 0 3 2000000.000000
51.632143 0 3 30000.000000
53.104085 0 0 30000.000000
53.176218 0 0 80000.000000
53.339033 0 1 80000.000000
53.548682 0 1 2000000.000000
53.736685 0 2 1000000.000000
53.771526 0 1 50000.000000
54.579938 0 2 2000000.000000
55.739166 0 2 200000.000000
55.795379 0 2 10000.000000
55.846366 0 1 30000.000000
56.516275 0 3 30000.000000
56.539076 0 2 50000.000000
56.697498 0 0 80000.000000
57.316798 0 2 10000000.000000
57.585172 0 2 30000.000000
58.294359 0 0 80000.000000
58.323772 0 3 80000.000000
58.697409 0 1 20000.000000
59.056520 0 2 2000000.000000
61.125894 0 0 1000000.000000
61.293776 0 0 200000.000000
61.761629 0 0 200000.000000
62.491182 0 3 10000.000000
62.549822 0 3 10000000.000000
62.745236 0 0 50000.000000
62.759053 0 3 10000.000000
63.019902 0 0 80000.000000
64.457513 0 2 200000.000000
64.770998 0 1 30000.000000
64.884318 0 0 2000000.000000
65.076755 0 3 2000000.000000
65.081735 0 1 10000.000000
65.910124 0 1 2000000.000000
66.759050 0 2 1000000.000000
67.053317 0 0 2000000.000000
67.761295 0 3 10000000.000000
68.042062 0 0 5000000.000000
68.508410 0 0 10000.000000
69.026579 0 2 2000000.000000
69.183536 0 0 10000.000000
69.618354 0 3 50000.000000
69.865003 0 1 1000000.000000
70.063075 0 1 2000000.000000
70.767578 0 3 50000.000000
70.886548 0 0 5000000.000000
71.068692 0 2 200000.000000
71.104045 0 1 80000.000000
71.598235 0 1 30000.000000
72.108469 0 2 80000.000000
72.191219 0 2 2000000.000000
72.283572 0 2 5000000.000000
73.051585 0 0 1000000.000000
73.339390 0 1 20000.000000
73.602107 0 2 10000.000000
74.268906 0 3 5000000.000000
75.067679 0 1 80000.000000
75.193892 0 2 10000.000000
75.700665 0 1 200000.000000
76.292841 0 1 80000.000000
76.339624 0 3 30000.000000
76.841371 0 0 10000.000000
77.075119 0 1 50000.000000
77.353064 0 1 10000000.000000
78.038744 0 0 2000000.000000
78.364146 0 2 30000.000000
78.405185 0 3 20000.000000
78.734199 0 3 1000000.000000
78.750230 0 3 30000.000000
79.786120 0 3 1000000.000000
80.067642 0 3 30000.000000
80.917139 0 3 30000.000000
81.223348 0 0 5000000.000000
82.170029 0 2 5000000.000000
82.308542 0 2 10000.000000
82.960475 0 1 50000.000000
83.007929 0 2 1000000.000000
83.429627 0 2 200000.000000
83.438866 0 3 10000.000000
83.978691 0 2 2000000.000000
84.028426 0 0 10000000.000000
84.378181 0 1 30000.000000
84.383579 0 1 200000.000000
85.619189 0 2 10000.000000
86.253974 0 1 30000.000000
86.694701 0 1 5000000.000000
87.001445 0 3 2000000.000000
87.191547 0 1 30000.000000
88.273120 0 3 5000000.000000
88.544750 0 0 80000.000000
88.634682 0 0 80000.000000
89.080671 0 2 1000000.000000
89.170861 0 3 2000000.000000
89.934470 0 1 2000000.000000
90.264440 0 0 2000000.000000
90.322665 0 2 10000.000000
90.447307 0 1 10000000.000000
90.714128 0 3 5000000.000000
90.818415 0 1 1000000.000000
91.260882 0 3 50000.000000
91.581987 0 2 10000.000000
93.254683 0 3 50000.000000
93.260241 0 1 2000000.000000
93.411441 0 0 10000000.000000
93.597103 0 1 30000.000000
93.693453 0 1 80000.000000
94.429746 0 2 30000.000000
94.891187 0 3 80000.000000
95.129090 0 0 10000000.000000
95.142460 0 0 5000000.000000
96.301999 0 0 20000.000000
96.443684 0 1 50000.000000
97.334722 0 3 20000.000000
97.748211 0 0 20000.000000
97.773288 0 2 10000.000000
97.945973 0 2 30000.000000
98.049034 0 3 5000000.000000
98.518313 0 2 80000.000000
98.889088 0 3 30000.000000
98.903241 0 1 30000.000000
99.250046 0 3 2000000.000000
99.257751 0 1 5000000.000000
99.754873 0 2 80000.000000
99.962461 0 2 1000000.000000
99.971699 0 0 10000.000000
100.032345 0 3 10000.000000
100.177732 0 2 5000000.000000
100.332996 0 2 5000000.000000
100.470325 0 0 200000.000000
100.957233 0 1 5000000.000000
101.010218 0 1 2000000.000000
101.033753 0 3 2000000.000000
101.794328 0 1 30000.000000
101.901551 0 2 1000000.000000
102.093690 0 3 30000000.000000
102.103955 0 0 10000.000000
102.528018 0 2 20000.000000
102.660032 0 3 5000000.000000
102.722011 0 1 50000.000000
103.091026 0 3 1000000.000000
103.451686 0 1 10000.000000
103.698872 0 3 10000.000000
103.932227 0 2 10000.000000
105.857213 0 0 80000.000000
106.017983 0 0 1000000.000000
106.550198 0 1 50000.000000
106.843115 0 0 10000.000000
107.147248 0 2 50000.000000
107.795273 0 1 2000000.000000
107.977101 0 2 80000.000000
109.285652 0 0 80000.000000
109.330830 0 3 200000.000000
109.663642 0 0 10000.000000
112.557479 0 3 5000000.000000
112.616452 0 1 80000.000000
113.216241 0 0 50000.000000
113.883351 0 1 10000.000000
113.916395 0 1 10000000.000000
114.539482 0 0 10000000.000000
114.554800 0 3 10000.000000
115.023097 0 2 50000.000000
115.292277 0 2 10000000.000000
116.171452 0 1 10000.000000
117.085975 0 0 30000.000000
117.140862 0 1 5000000.000000
117.891762 0 3 1000000.000000
117.972203 0 2 2000000.000000
118.078224 0 3 10000000.000000
118.264606 0 2 1000000.000000
118.544828 0 0 5000000.000000
118.859524 0 2 2000000.000000
119.283536 0 1 2000000.000000
119.676801 0 3 30000.000000
119.677345 0 3 20000.000000
120.346456 0 3 10000.000000
120.821140 0 0 5000000.000000
120.835050 0 3 20000.000000
120.848777 0 3 50000.000000
121.769256 0 3 200000.000000
121.980310 0 2 200000.000000
122.095812 0 3 30000.000000
122.359058 0 1 30000.000000
122.482945 0 1 5000000.000000
122.976086 0 3 80000.000000
123.006110 0 3 80000.000000
124.177630 0 2 2000000.000000
124.523675 0 0 10000.000000
125.534334 0 1 20000.000000
125.628822 0 1 2000000.000000
125.789251 0 0 10000.000000
126.119496 0 3 200000.000000
127.383948 0 1 80000.000000
127.776387 0 3 20000.000000
127.794153 0 2 10000.000000
127.907434 0 0 5000000.000000
129.227363 0 2 2000000.000000
129.720145 0 2 50000.000000
130.036473 0 0 2000000.000000
130.274886 0 3 2000000.000000
130.804964 0 2 2000000.000000
130.823379 0 0 30000.000000
130.843295 0 0 200000.000000
130.903836 0 3 10000.000000
131.173794 0 0 30000.000000
131.778418 0 2 1000000.000000
132.149602 0 0 5000000.000000
132.202125 0 1 30000.000000
133.302714 0 3 10000.000000
133.839931 0 2 10000.000000
134.087105 0 2 2000000.000000
134.550910 0 1 30000.000000
134.998900 0 2 20000.000000
135.130735 0 3 10000.000000
135.214196 0 3 5000000.000000
135.328386 0 2 30000.000000
135.591225 0 1 30000.000000
135.861013 0 2 2000000.000000
136.796127 0 3 30000000.000000
136.987719 0 3 1000000.000000
136.993737 0 2 5000000.000000
137.315093 0 0 20000.000000
137.500811 0 2 200000.000000
137.865880 0 0 80000.000000
138.340805 0 1 80000.000000
138.890823 0 2 5000000.000000
139.067423 0 1 80000.000000
139.327733 0 3 2000000.000000
139.765483 0 0 2000000.000000
140.563299 0 1 1000000.000000
141.083823 0 0 2000000.000000
141.296531 0 1 2000000.000000
141.435228 0 2 80000.000000
141.578729 0 0 30000.000000
141.949517 0 2 5000000.000000
142.242900 0 1 2000000.000000
143.006980 0 1 2000000.000000
143.459592 0 3 50000.000000
143.666142 0 2 10000.000000
143.899946 0 1 30000000.000000
144.208975 0 2 50000.000000
144.315257 0 2 30000.000000
144.611070 0 3 80000.000000
144.840819 0 2 10000.000000
145.393504 0 3 5000000.000000
145.548854 0 3 2000000.000000
145.705853 0 0 1000000.000000
146.022268 0 1 10000.000000
147.190080 0 0 80000.000000
147.190151 0 0 1000000.000000
147.222193 0 1 2000000.000000
147.235520 0 3 10000.000000
147.505182 0 2 200000.000000
148.054280 0 1 50000.000000
148.133002 0 2 30000.000000
148.430688 0 3 10000.000000
148.705928 0 2 20000.000000
149.182677 0 0 80000.000000
149.630154 0 2 2000000.000000
149.994531 0 1 5000000.000000
0.006272 1 3 2000000.000000
0.022601 1 0 2000000.000000
0.607813 1 0 30000.000000
1.476754 1 1 10000.000000
1.906004 1 3 200000.000000
1.935487 1 3 1000000.000000
2.077345 1 2 50000.000000
2.675146 1 2 50000.000000
2.769415 1 1 2000000.000000
3.023300 1 0 10000000.000000
3.358143 1 2 200000.000000
3.425838 1 0 2000000.000000
4.106583 1 0 5000000.000000
4.441326 1 2 5000000.000000
6.728743 1 0 10000000.000000
6.820825 1 3 2000000.000000
6.919873 1 3 50000.000000
8.503841 1 2 10000.000000
9.280220 1 2 30000.000000
9.428437 1 0 5000000.000000
9.587547 1 1 10000.000000
9.934224 1 2 1000000.000000
10.172036 1 2 50000.000000
10.490611 1 0 2000000.000000
11.409924 1 0 30000.000000
11.545014 1 3 2000000.000000
11.548109 1 0 2000000.000000
11.598460 1 3 10000.000000
11.884973 1 0 50000.000000
12.576037 1 3 2000000.000000
12.694396 1 0 20000.000000
12.726303 1 3 30000000.000000
12.739076 1 2 10000000.000000
12.765272 1 3 2000000.000000
13.017345 1 1 5000000.000000
13.761517 1 2 10000.000000
14.522488 1 3 20000.000000
14.807058 1 1 30000.000000
15.304789 1 0 5000000.000000
15.394850 1 1 30000.000000
16.109249 1 2 50000.000000
16.367904 1 0 80000.000000
17.068188 1 0 200000.000000
17.353032 1 2 50000.000000
17.495186 1 1 10000.000000
18.502474 1 1 2000000.000000
19.037129 1 0 200000.000000
19.576945 1 1 30000.000000
19.764873 1 2 50000.000000
19.862380 1 3 2000000.000000
20.391765 1 3 20000.000000
20.656261 1 1 1000000.000000
22.254045 1 1 10000.000000
23.731561 1 1 80000.000000
23.840283 1 0 200000.000000
24.646319 1 2 10000.000000
25.227413 1 3 30000.000000
25.766266 1 0 1000000.000000
26.331522 1 2 200000.000000
27.235246 1 3 30000.000000
27.936187 1 0 200000.000000
28.394327 1 0 50000.000000
29.357097 1 1 30000.000000
30.356827 1 2 2000000.000000
30.444562 1 1 20000.000000
31.132191 1 2 50000.000000
31.468830 1 2 50000.000000
32.050256 1 0 2000000.000000
32.252414 1 1 10000000.000000
32.372609 1 1 80000.000000
33.549033 1 3 10000.000000
33.723827 1 3 80000.000000
33.735200 1 2 10000.000000
33.791905 1 1 1000000.000000
34.465276 1 2 1000000.000000
34.621713 1 3 2000000.000000
35.919655 1 1 80000.000000
36.126733 1 2 50000.000000
36.836510 1 1 20000.000000
37.960018 1 1 5000000.000000
38.008227 1 2 200000.000000
38.536670 1 3 2000000.000000
39.080074 1 2 30000.000000
39.326926 1 0 80000.000000
39.397033 1 0 50000.000000
39.819271 1 1 1000000.000000
40.043966 1 0 50000.000000
40.334662 1 2 20000.000000
40.661663 1 0 2000000.000000
40.673583 1 2 200000.000000
40.764840 1 1 2000000.000000
40.835667 1 0 1000000.000000
40.957216 1 1 5000000.000000
41.009342 1 1 10000000.000000
42.047004 1 3 1000000.000000
42.202916 1 0 80000.000000
42.296111 1 2 10000.000000
42.299556 1 1 2000000.000000
42.626076 1 3 50000.000000
42.759397 1 0 80000.000000
42.805339 1 2 10000.000000
42.937325 1 0 200000.000000
43.053017 1 3 50000.000000
43.119396 1 1 10000000.000000
43.978612 1 2 200000.000000
44.025781 1 2 1000000.000000
44.051438 1 1 30000.000000
44.601535 1 2 10000.000000
45.334650 1 1 30000000.000000
45.625362 1 0 30000.000000
45.692143 1 1 50000.000000
46.848686 1 1 10000.000000
48.638440 1 1 200000.000000
48.913537 1 0 30000.000000
49.555964 1 0 200000.000000
49.948284 1 0 10000.000000
50.445448 1 2 50000.000000
51.099935 1 1 5000000.000000
51.396151 1 3 80000.000000
51.908284 1 1 10000000.000000
52.367010 1 3 2000000.000000
52.981505 1 1 50000.000000
53.299508 1 1 10000000.000000
53.362259 1 3 30000.000000
54.166640 1 2 200000.000000
54.276588 1 2 10000.000000
54.442264 1 0 50000.000000
54.465297 1 3 80000.000000
54.479388 1 2 10000.000000
55.005954 1 2 80000.000000
55.334070 1 3 5000000.000000
55.779307 1 0 80000.000000
56.071260 1 3 30000.000000
56.199500 1 3 200000.000000
56.523377 1 1 200000.000000
56.679496 1 3 20000.000000
57.268913 1 3 10000.000000
58.360257 1 0 10000000.000000
58.487742 1 3 10000.000000
58.623435 1 3 10000.000000
58.660545 1 3 50000.000000
58.963603 1 1 30000.000000
59.188021 1 1 80000.000000
59.380201 1 1 30000.000000
60.256227 1 3 50000.000000
60.519230 1 1 1000000.000000
60.852657 1 1 2000000.000000
61.260313 1 0 10000.000000
62.887318 1 0 80000.000000
63.071608 1 2 10000.000000
63.132898 1 0 30000.000000
63.720901 1 1 10000000.000000
64.164369 1 2 80000.000000
64.202450 1 1 10000000.000000
64.309022 1 1 20000.000000
64.668980 1 3 5000000.000000
65.724597 1 2 2000000.000000
65.979735 1 3 50000.000000
66.073885 1 0 2000000.000000
66.211978 1 3 20000.000000
66.354889 1 3 50000.000000
67.272115 1 2 10000000.000000
67.499337 1 3 1000000.000000
68.182073 1 1 200000.000000
68.359163 1 2 20000.000000
68.403742 1 0 1000000.000000
68.541276 1 2 10000.000000
69.153044 1 3 30000.000000
69.283563 1 2 80000.000000
69.339883 1 2 20000.000000
69.677202 1 0 30000.000000
69.695164 1 3 50000.000000
69.725915 1 2 30000.000000
70.426864 1 3 10000.000000
70.472206 1 3 10000000.000000
70.481910 1 2 2000000.000000
70.781940 1 3 30000.000000
71.145880 1 0 80000.000000
71.223133 1 3 1000000.000000
71.371789 1 1 80000.000000
71.567670 1 1 5000000.000000
71.802569 1 0 50000.000000
72.194622 1 2 50000.000000
72.419970 1 0 10000000.000000
72.964621 1 3 5000000.000000
73.281240 1 0 200000.000000
73.930178 1 0 30000.000000
74.657505 1 3 10000.000000
75.605969 1 3 2000000.000000
75.619932 1 2 10000.000000
75.859057 1 0 200000.000000
75.936419 1 1 10000.000000
76.124095 1 1 10000000.000000
76.490187 1 2 30000.000000
76.562518 1 3 200000.000000
76.952411 1 1 10000.000000
76.960922 1 1 10000.000000
76.971013 1 0 50000.000000
77.091437 1 1 10000000.000000
77.568092 1 1 30000.000000
77.932364 1 2 80000.000000
78.366123 1 1 5000000.000000
78.916738 1 1 50000.000000
79.045330 1 2 50000.000000
79.063829 1 2 10000.000000
79.473508 1 3 30000.000000
79.910681 1 0 1000000.000000
80.334539 1 2 80000.000000
80.367840 1 2 5000000.000000
80.860548 1 1 30000.000000
81.040576 1 1 1000000.000000
81.222687 1 1 5000000.000000
81.523471 1 1 10000.000000
82.554155 1 2 1000000.000000
82.597186 1 1 10000.000000
82.979093 1 3 30000.000000
83.063901 1 1 2000000.000000
83.184946 1 3 80000.000000
83.781688 1 0 10000.000000
83.993039 1 3 1000000.000000
84.043825 1 1 1000000.000000
84.066502 1 1 30000.000000
84.181370 1 2 2000000.000000
84.627331 1 3 10000.000000
84.919968 1 0 20000.000000
85.034036 1 1 80000.000000
85.078284 1 3 200000.000000
85.572090 1 0 200000.000000
86.522306 1 0 30000.000000
86.836718 1 3 1000000.000000
86.914256 1 2 200000.000000
87.077117 1 2 30000000.000000
87.325209 1 3 10000.000000
87.633681 1 1 50000.000000
87.844035 1 2 2000000.000000
88.189098 1 2 30000.000000
88.315922 1 2 80000.000000
88.341886 1 0 5000000.000000
88.387445 1 2 10000000.000000
88.396098 1 1 30000.000000
88.753704 1 0 30000.000000
88.828089 1 0 10000000.000000
89.110559 1 2 2000000.000000
89.518167 1 0 10000.000000
90.133298 1 3 2000000.000000
90.162012 1 0 5000000.000000
90.617945 1 1 2000000.000000
90.642862 1 0 10000.000000
91.190307 1 3 2000000.000000
91.723470 1 0 10000.000000
91.968937 1 2 10000.000000
92.057138 1 0 200000.000000
92.618598 1 1 10000000.000000
92.811592 1 1 1000000.000000
93.406096 1 0 10000000.000000
94.319348 1 2 10000000.000000
94.358051 1 2 2000000.000000
94.426111 1 0 10000.000000
95.104846 1 3 10000000.000000
95.567854 1 2 5000000.000000
95.857034 1 3 30000000.000000
96.112044 1 3 10000000.000000
96.274078 1 1 10000.000000
96.525972 1 1 30000.000000
97.497185 1 1 1000000.000000
98.041242 1 2 10000000.000000
98.077404 1 3 2000000.000000
98.804302 1 3 20000.000000
99.118938 1 0 10000000.000000
99.900525 1 3 200000.000000
100.182194 1 0 5000000.000000
100.201109 1 1 1000000.000000
101.699586 1 1 10000000.000000
101.881742 1 2 80000.000000
102.033644 1 1 80000.000000
102.891162 1 3 80000.000000
102.903883 1 3 1000000.000000
103.354816 1 0 30000.000000
103.394024 1 2 10000.000000
103.575540 1 2 10000.000000
103.938687 1 2 5000000.000000
104.088048 1 2 50000.000000
105.161297 1 3 80000.000000
105.828713 1 1 30000.000000
106.367452 1 2 10000000.000000
107.111470 1 0 5000000.000000
107.435291 1 3 5000000.000000
107.464630 1 0 50000.000000
107.508067 1 2 50000.000000
107.682435 1 0 2000000.000000
107.713969 1 3 2000000.000000
107.774248 1 3 50000.000000
107.793835 1 2 30000.000000
108.026032 1 3 10000.000000
108.399410 1 1 1000000.000000
108.684171 1 3 80000.000000
109.120347 1 2 10000.000000
109.288413 1 1 200000.000000
110.027668 1 2 80000.000000
110.375015 1 1 80000.000000
110.395775 1 3 1000000.000000
110.593504 1 3 30000.000000
110.888068 1 2 5000000.000000
111.914466 1 2 50000.000000
111.989795 1 2 80000.000000
112.519030 1 3 10000.000000
113.304580 1 2 80000.000000
113.321261 1 0 80000.000000
113.426426 1 1 200000.000000
113.689065 1 0 200000.000000
113.781048 1 1 1000000.000000
114.312788 1 2 2000000.000000
115.119338 1 0 30000000.000000
115.470136 1 0 30000.000000
116.576073 1 1 1000000.000000
116.824230 1 0 80000.000000
116.827301 1 2 10000.000000
117.122902 1 3 50000.000000
117.666003 1 3 5000000.000000
117.705402 1 0 20000.000000
118.849330 1 1 30000000.000000
119.787165 1 3 10000000.000000
120.205863 1 1 30000.000000
120.598663 1 0 30000.000000
120.618191 1 3 10000.000000
120.928750 1 1 1000000.000000
121.112579 1 0 80000.000000
121.399008 1 3 80000.000000
121.536832 1 2 5000000.000000
121.956091 1 3 80000.000000
122.664811 1 1 50000.000000
122.770543 1 1 10000000.000000
122.940888 1 3 200000.000000
123.019623 1 0 50000.000000
123.202763 1 2 10000.000000
123.343994 1 0 2000000.000000
124.071880 1 0 5000000.000000
124.113714 1 3 10000.000000
125.294389 1 3 200000.000000
125.429454 1 0 80000.000000
126.579860 1 3 1000000.000000
127.366793 1 2 5000000.000000
127.416017 1 1 200000.000000
127.634829 1 0 200000.000000
127.890383 1 1 10000.000000
128.159459 1 0 30000000.000000
128.414720 1 3 5000000.000000
129.618634 1 1 5000000.000000
129.855663 1 1 30000.000000
130.266869 1 0 10000000.000000
130.821216 1 2 50000.000000
131.974819 1 3 80000.000000
132.281021 1 1 50000.000000
132.546141 1 3 5000000.000000
132.795926 1 1 10000000.000000
132.867617 1 3 10000.000000
132.904031 1 2 10000000.000000
132.945649 1 0 2000000.000000
133.592823 1 3 50000.000000
133.822840 1 3 10000000.000000
134.004314 1 0 5000000.000000
134.548636 1 2 5000000.000000
134.589784 1 0 50000.000000
135.005302 1 1 2000000.000000
135.133522 1 1 10000.000000
135.447149 1 2 80000.000000
135.532341 1 2 10000000.000000
135.573676 1 1 1000000.000000
135.642759 1 0 10000.000000
135.901401 1 0 2000000.000000
135.928451 1 0 5000000.000000
136.084653 1 2 1000000.000000
136.170482 1 0 50000.000000
137.566827 1 2 5000000.000000
138.268912 1 3 30000.000000
138.641073 1 3 200000.000000
138.666520 1 1 2000000.000000
138.700843 1 2 5000000.000000
139.282579 1 1 1000000.000000
139.615400 1 3 30000.000000
139.837451 1 1 10000000.000000
140.614038 1 1 1000000.000000
141.502697 1 3 30000.000000
141.565262 1 3 20000.000000
142.375820 1 2 5000000.000000
142.430075 1 0 50000.000000
142.764627 1 2 50000.000000
143.208418 1 1 10000.000000
143.675227 1 2 10000.000000
143.696632 1 2 5000000.000000
143.988538 1 1 1000000.000000
144.809392 1 1 200000.000000
145.368803 1 3 5000000.000000
145.995902 1 3 1000000.000000
146.067426 1 3 10000.000000
146.451074 1 2 30000.000000
146.801373 1 0 10000.000000
147.314523 1 3 30000000.000000
149.006125 1 1 5000000.000000
149.559336 1 2 2000000.000000
149.863089 1 1 10000.000000
1.309193 2 2 10000000.000000
1.922778 2 2 2000000.000000
1.941495 2 2 1000000.000000
2.280245 2 3 50000.000000
3.525495 2 1 20000.000000
4.052336 2 1 80000.000000
5.060870 2 2 10000.000000
5.471719 2 2 1000000.000000
6.294169 2 0 5000000.000000
6.380744 2 1 1000000.000000
6.475648 2 1 80000.000000
6.753533 2 1 200000.000000
7.269862 2 1 20000.000000
7.319195 2 3 10000.000000
7.911595 2 2 10000.000000
8.499511 2 2 80000.000000
8.932987 2 0 2000000.000000
9.162885 2 0 10000.000000
9.342919 2 0 10000.000000
10.239500 2 2 80000.000000
10.386697 2 0 80000.000000
10.717798 2 0 10000.000000
10.722794 2 0 1000000.000000
11.057483 2 1 30000.000000
11.585796 2 3 1000000.000000
12.429857 2 3 10000.000000
12.463072 2 3 1000000.000000
12.647287 2 1 10000.000000
12.882798 2 3 200000.000000
12.890070 2 0 30000.000000
13.595288 2 0 200000.000000
14.031933 2 1 2000000.000000
14.392964 2 3 1000000.000000
14.572280 2 2 50000.000000
15.310567 2 2 2000000.000000
15.537517 2 1 80000.000000
15.742784 2 0 20000.000000
16.265865 2 1 2000000.000000
16.885309 2 0 30000.000000
17.203608 2 0 50000.000000
17.451560 2 0 80000.000000
18.071216 2 0 80000.000000
18.279782 2 0 1000000.000000
18.404771 2 0 80000.000000
18.653519 2 1 2000000.000000
18.888604 2 0 5000000.000000
19.804474 2 3 1000000.000000
20.077519 2 2 30000.000000
20.321769 2 3 80000.000000
20.328159 2 1 80000.000000
20.639024 2 1 50000.000000
20.816688 2 0 10000.000000
20.974262 2 1 10000.000000
21.033629 2 1 5000000.000000
22.339181 2 0 5000000.000000
22.351948 2 1 50000.000000
22.482952 2 1 30000.000000
22.517168 2 0 10000000.000000
22.931991 2 3 10000000.000000
23.614615 2 0 10000.000000
23.960916 2 1 2000000.000000
24.217376 2 3 10000.000000
24.275037 2 2 80000.000000
24.846426 2 2 2000000.000000
25.063696 2 2 50000.000000
25.354745 2 3 2000000.000000
25.512450 2 3 2000000.000000
25.892207 2 1 2000000.000000
26.514356 2 0 1000000.000000
26.665314 2 1 30000.000000
26.755435 2 1 80000.000000
27.205475 2 1 80000.000000
27.627430 2 1 10000000.000000
28.342597 2 0 10000.000000
28.394214 2 2 50000.000000
28.530691 2 1 200000.000000
28.685399 2 1 10000000.000000
29.224075 2 0 2000000.000000
29.252371 2 2 10000.000000
29.716784 2 0 200000.000000
29.991443 2 3 30000.000000
30.011893 2 0 1000000.000000
30.632962 2 2 1000000.000000
31.047557 2 2 10000000.000000
32.083520 2 1 2000000.000000
32.848149 2 3 30000000.000000
33.043364 2 2 2000000.000000
33.216581 2 0 50000.000000
33.331875 2 2 5000000.000000
33.516445 2 0 200000.000000
34.647513 2 1 10000.000000
34.700364 2 0 10000.000000
35.520388 2 2 10000000.000000
36.485054 2 1 80000.000000
36.982429 2 0 30000.000000
37.166649 2 0 80000.000000
37.466862 2 1 80000.000000
37.948424 2 1 1000000.000000
38.226039 2 3 1000000.000000
38.793465 2 2 10000.000000
38.874187 2 2 5000000.000000
39.137778 2 2 1000000.000000
39.661400 2 2 10000.000000
39.848076 2 0 5000000.000000
40.142126 2 3 80000.000000
40.415850 2 1 20000.000000
40.666087 2 2 2000000.000000
41.420456 2 2 80000.000000
41.824870 2 2 80000.000000
43.071561 2 0 1000000.000000
43.146130 2 0 10000.000000
43.379794 2 1 30000.000000
43.493407 2 1 30000.000000
43.836019 2 1 2000000.000000
44.115179 2 1 30000000.000000
44.277660 2 0 5000000.000000
44.426972 2 1 10000000.000000
44.505124 2 1 80000.000000
45.155315 2 1 80000.000000
45.453871 2 0 50000.000000
46.070185 2 2 5000000.000000
47.085745 2 0 10000.000000
47.357756 2 3 2000000.000000
47.683807 2 0 5000000.000000
47.813861 2 1 200000.000000
47.892679 2 0 5000000.000000
48.610195 2 0 10000.000000
48.616643 2 3 30000.000000
48.999695 2 0 10000.000000
49.546971 2 2 30000.000000
50.764690 2 3 10000000.000000
50.809062 2 1 5000000.000000
50.945024 2 1 1000000.000000
51.926856 2 1 50000.000000
52.106734 2 0 2000000.000000
52.110245 2 2 10000.000000
53.320119 2 3 30000.000000
53.916968 2 2 5000000.000000
54.675653 2 0 10000.000000
54.883279 2 3 2000000.000000
55.297222 2 2 1000000.000000
55.352471 2 3 80000.000000
56.006762 2 1 30000.000000
57.738410 2 0 1000000.000000
57.821733 2 2 50000.000000
57.889464 2 2 80000.000000
58.498585 2 2 10000.000000
58.711879 2 2 1000000.000000
58.819428 2 2 2000000.000000
59.610245 2 2 5000000.000000
59.696470 2 1 50000.000000
59.788708 2 0 20000.000000
60.231075 2 3 200000.000000
60.471033 2 2 20000.000000
60.790983 2 0 10000.000000
60.833575 2 1 80000.000000
61.128376 2 1 10000.000000
61.487584 2 1 10000.000000
61.572649 2 2 10000.000000
62.153515 2 3 2000000.000000
62.358227 2 0 10000.000000
62.532899 2 1 30000.000000
63.142673 2 1 10000.000000
63.985600 2 2 50000.000000
64.525225 2 3 80000.000000
64.994736 2 2 20000.000000
65.069595 2 0 1000000.000000
65.153147 2 0 80000.000000
65.217122 2 1 50000.000000
65.641626 2 3 80000.000000
65.979610 2 0 10000.000000
67.104101 2 0 30000.000000
67.153703 2 0 5000000.000000
67.537241 2 3 1000000.000000
67.921527 2 3 80000.000000
70.636854 2 2 10000000.000000
71.923831 2 3 10000.000000
72.026822 2 2 20000.000000
72.304300 2 3 10000.000000
72.707246 2 1 50000.000000
73.251430 2 0 2000000.000000
73.388199 2 3 10000000.000000
74.269244 2 2 10000000.000000
74.348447 2 0 1000000.000000
74.534369 2 2 1000000.000000
74.968361 2 2 50000.000000
75.371235 2 3 10000.000000
75.496073 2 3 30000000.000000
75.578350 2 0 80000.000000
76.770578 2 1 10000.000000
77.598631 2 0 10000.000000
77.808259 2 2 80000.000000
78.248644 2 2 2000000.000000
78.352832 2 1 1000000.000000
78.467682 2 0 1000000.000000
78.577244 2 1 80000.000000
78.646758 2 1 10000.000000
78.649304 2 1 50000.000000
78.871930 2 0 80000.000000
80.204870 2 0 50000.000000
80.266584 2 0 2000000.000000
80.675500 2 1 50000.000000
81.136238 2 0 5000000.000000
81.343155 2 2 10000000.000000
82.784923 2 3 10000000.000000
82.807233 2 3 2000000.000000
84.223986 2 2 200000.000000
85.466749 2 0 10000.000000
85.798085 2 2 5000000.000000
86.445289 2 2 1000000.000000
86.526646 2 3 50000.000000
87.314295 2 3 200000.000000
87.810647 2 0 10000.000000
88.083300 2 0 50000.000000
89.512915 2 1 200000.000000
91.399615 2 3 80000.000000
91.618533 2 2 50000.000000
91.650156 2 0 2000000.000000
91.654238 2 2 1000000.000000
92.100954 2 3 80000.000000
92.349920 2 1 2000000.000000
93.769462 2 1 10000.000000
93.785989 2 1 80000.000000
95.227184 2 0 10000.000000
95.637159 2 2 10000.000000
95.838467 2 2 10000.000000
96.248948 2 2 50000.000000
96.525310 2 2 30000.000000
96.818317 2 2 10000.000000
97.238544 2 2 10000000.000000
97.456887 2 3 2000000.000000
97.922254 2 1 80000.000000
98.056966 2 3 50000.000000
99.421784 2 0 5000000.000000
99.480903 2 0 200000.000000
99.702473 2 2 1000000.000000
99.708677 2 3 1000000.000000
100.413267 2 1 2000000.000000
100.905011 2 1 10000.000000
101.168648 2 3 200000.000000
102.300494 2 0 10000.000000
102.407771 2 1 80000.000000
102.521146 2 0 20000.000000
102.681930 2 0 30000000.000000
102.702750 2 2 2000000.000000
102.823396 2 2 10000000.000000
103.479418 2 0 10000.000000
103.728562 2 2 2000000.000000
103.770885 2 2 2000000.000000
103.896247 2 0 80000.000000
103.951156 2 3 80000.000000
103.974102 2 0 2000000.000000
104.689065 2 3 10000.000000
104.745542 2 2 30000.000000
105.096321 2 3 10000000.000000
105.174017 2 0 20000.000000
105.270687 2 3 80000.000000
105.349133 2 1 200000.000000
105.973133 2 1 2000000.000000
105.983413 2 2 10000000.000000
106.103962 2 0 200000.000000
106.696801 2 0 200000.000000
106.866356 2 0 50000.000000
107.138424 2 0 80000.000000
107.428112 2 2 50000.000000
107.438064 2 1 80000.000000
107.494467 2 3 10000.000000
107.747843 2 3 80000.000000
108.488143 2 3 50000.000000
108.811104 2 3 30000.000000
109.531793 2 2 1000000.000000
109.715085 2 2 50000.000000
110.629088 2 1 200000.000000
110.907899 2 1 5000000.000000
111.129570 2 1 10000.000000
111.163066 2 2 10000000.000000
111.396966 2 0 2000000.000000
111.547346 2 2 20000.000000
111.912826 2 2 50000.000000
112.845056 2 3 1000000.000000
112.975807 2 2 20000.000000
113.131337 2 1 1000000.000000
113.533432 2 1 10000000.000000
114.292812 2 0 10000000.000000
114.691696 2 1 10000.000000
114.718584 2 0 200000.000000
115.277152 2 3 30000.000000
115.372523 2 1 5000000.000000
115.864750 2 2 50000.000000
116.265428 2 3 2000000.000000
116.379948 2 2 10000.000000
117.235035 2 1 200000.000000
117.415597 2 1 30000.000000
117.430139 2 3 50000.000000
117.470013 2 1 30000000.000000
117.696535 2 3 80000.000000
118.556432 2 2 1000000.000000
118.975089 2 2 80000.000000
119.688871 2 0 50000.000000
119.704985 2 0 80000.000000
119.751023 2 2 1000000.000000
121.179110 2 0 20000.000000
121.292755 2 3 10000000.000000
121.405877 2 1 30000.000000
121.783279 2 1 30000.000000
122.105316 2 1 2000000.000000
122.573956 2 3 1000000.000000
122.598248 2 2 200000.000000
122.613800 2 2 80000.000000
123.313754 2 3 200000.000000
123.340733 2 3 5000000.000000
123.352282 2 0 20000.000000
123.586571 2 2 1000000.000000
123.980064 2 0 30000.000000
124.301310 2 0 10000.000000
124.338060 2 3 80000.000000
124.631739 2 1 2000000.000000
125.039443 2 3 1000000.000000
125.075175 2 1 30000.000000
125.097389 2 2 80000.000000
125.975071 2 2 10000000.000000
126.400580 2 2 50000.000000
126.644999 2 2 10000.000000
127.191208 2 1 200000.000000
127.342247 2 1 5000000.000000
127.449604 2 1 200000.000000
127.471713 2 2 1000000.000000
127.512626 2 1 50000.000000
127.963956 2 3 5000000.000000
128.070730 2 2 50000.000000
128.823646 2 2 5000000.000000
129.290279 2 2 1000000.000000
129.481132 2 0 10000.000000
129.534075 2 0 5000000.000000
129.740280 2 2 50000.000000
130.291547 2 0 50000.000000
130.782784 2 2 10000.000000
131.004375 2 1 80000.000000
131.326406 2 2 30000.000000
131.407929 2 1 1000000.000000
131.538480 2 2 1000000.000000
132.445685 2 3 5000000.000000
133.037307 2 3 10000000.000000
133.416351 2 0 1000000.000000
134.139299 2 2 50000.000000
134.165567 2 2 2000000.000000
134.545109 2 3 10000.000000
135.301684 2 0 5000000.000000
135.411898 2 1 5000000.000000
135.616270 2 2 10000000.000000
135.675778 2 3 10000.000000
135.808905 2 0 10000.000000
137.130794 2 1 1000000.000000
137.320490 2 2 20000.000000
137.331012 2 0 30000000.000000
138.134661 2 3 80000.000000
138.877843 2 2 200000.000000
139.672946 2 3 10000.000000
139.893211 2 3 10000.000000
140.242989 2 0 5000000.000000
140.264100 2 2 30000.000000
140.273397 2 1 10000.000000
140.870112 2 2 1000000.000000
141.184578 2 2 5000000.000000
141.186075 2 3 1000000.000000
141.231818 2 3 1000000.000000
141.783549 2 2 2000000.000000
141.827806 2 0 2000000.000000
142.205943 2 2 1000000.000000
142.331091 2 3 2000000.000000
142.401383 2 1 50000.000000
143.308413 2 1 50000.000000
143.428063 2 0 1000000.000000
143.836406 2 1 80000.000000
143.980781 2 1 10000.000000
144.217335 2 0 200000.000000
144.544942 2 3 10000000.000000
145.081877 2 1 10000.000000
145.194997 2 0 1000000.000000
145.584760 2 0 200000.000000
146.183116 2 3 50000.000000
146.651493 2 1 30000000.000000
146.689081 2 0 80000.000000
146.753704 2 1 80000.000000
146.834054 2 3 2000000.000000
148.136802 2 0 10000000.000000
148.175404 2 2 200000.000000
148.213244 2 0 10000.000000
148.342990 2 3 2000000.000000
148.810170 2 2 50000.000000
148.987245 2 2 5000000.000000
149.824613 2 3 30000.000000
149.967856 2 1 1000000.000000
1.022170 3 2 5000000.000000
1.698041 3 0 5000000.000000
1.974926 3 0 200000.000000
2.097079 3 3 20000.000000
2.996736 3 2 5000000.000000
5.632745 3 3 50000.000000
5.755419 3 1 50000.000000
5.929035 3 0 1000000.000000
6.692652 3 3 50000.000000
6.936569 3 3 1000000.000000
7.008676 3 1 30000000.000000
7.185287 3 1 80000.000000
7.606773 3 2 30000.000000
8.142980 3 3 30000.000000
8.183093 3 1 10000.000000
8.223465 3 3 2000000.000000
8.365750 3 1 20000.000000
8.530706 3 3 5000000.000000
8.936524 3 3 10000000.000000
9.032430 3 2 50000.000000
9.270125 3 1 1000000.000000
9.474775 3 1 1000000.000000
9.476872 3 0 5000000.000000
9.928729 3 3 50000.000000
10.015347 3 3 20000.000000
10.057000 3 3 30000.000000
10.444630 3 1 80000.000000
11.901995 3 1 200000.000000
12.433054 3 1 10000.000000
12.542635 3 2 10000.000000
13.314785 3 0 5000000.000000
13.315870 3 2 10000.000000
14.224467 3 0 20000.000000
14.281982 3 2 2000000.000000
14.444917 3 3 10000000.000000
14.527821 3 1 80000.000000
16.894892 3 2 5000000.000000
17.799142 3 2 2000000.000000
18.076594 3 3 10000.000000
18.078968 3 1 10000.000000
18.355375 3 1 30000.000000
18.843675 3 0 10000000.000000
19.376671 3 2 10000000.000000
20.206515 3 2 5000000.000000
20.343184 3 1 5000000.000000
21.137773 3 1 10000.000000
21.238605 3 1 80000.000000
21.858674 3 2 2000000.000000
22.343534 3 1 80000.000000
22.854875 3 2 50000.000000
23.262690 3 0 20000.000000
23.847949 3 1 1000000.000000
24.355103 3 2 80000.000000
24.403900 3 0 50000.000000
24.691804 3 2 10000.000000
25.113989 3 0 2000000.000000
25.399683 3 3 10000.000000
26.140414 3 1 10000000.000000
26.860672 3 1 2000000.000000
27.405308 3 0 10000.000000
27.651749 3 0 50000.000000
28.111278 3 3 50000.000000
28.279131 3 1 30000.000000
28.307451 3 0 10000.000000
28.528066 3 1 20000.000000
29.178755 3 0 30000.000000
30.075191 3 1 30000.000000
30.920022 3 0 10000000.000000
31.507460 3 1 2000000.000000
31.979436 3 1 30000.000000
32.314526 3 3 20000.000000
32.478404 3 2 10000.000000
32.697893 3 2 30000.000000
33.046667 3 3 5000000.000000
33.266854 3 0 50000.000000
33.832489 3 2 20000.000000
33.849058 3 0 80000.000000
33.980738 3 2 10000.000000
34.150630 3 3 30000.000000
34.344409 3 1 10000000.000000
34.435902 3 0 1000000.000000
34.759571 3 2 30000.000000
34.804350 3 2 10000.000000
35.397093 3 1 1000000.000000
35.488880 3 0 10000.000000
35.844209 3 3 200000.000000
35.851523 3 0 80000.000000
36.643826 3 1 10000.000000
36.682069 3 2 200000.000000
37.300497 3 1 30000.000000
37.355425 3 3 50000.000000
38.602140 3 2 200000.000000
38.645642 3 1 1000000.000000
38.728488 3 1 10000.000000
39.141104 3 3 80000.000000
39.523714 3 0 30000.000000
39.865207 3 3 2000000.000000
39.886220 3 2 10000.000000
40.040327 3 2 50000.000000
40.248949 3 2 20000.000000
40.298739 3 2 2000000.000000
41.194744 3 1 20000.000000
41.332003 3 3 5000000.000000
41.694763 3 0 10000.000000
41.967215 3 2 1000000.000000
42.241577 3 3 10000000.000000
42.252033 3 1 50000.000000
42.350687 3 0 80000.000000
42.828531 3 3 2000000.000000
44.700569 3 2 5000000.000000
45.459840 3 0 10000.000000
45.875570 3 2 10000000.000000
45.896423 3 1 20000.000000
46.209548 3 2 30000.000000
46.793402 3 0 50000.000000
46.916030 3 1 10000.000000
47.764471 3 1 30000.000000
48.145741 3 0 80000.000000
48.869042 3 0 80000.000000
49.794509 3 2 1000000.000000
49.978472 3 1 30000.000000
50.103406 3 3 30000.000000
50.383052 3 0 20000.000000
50.684050 3 0 1000000.000000
51.165727 3 2 30000.000000
51.583168 3 1 30000.000000
51.867641 3 1 200000.000000
52.070224 3 2 2000000.000000
52.124674 3 0 2000000.000000
52.130424 3 2 50000.000000
52.403088 3 0 80000.000000
53.352725 3 2 50000.000000
53.442922 3 2 10000.000000
54.705984 3 3 80000.000000
55.114276 3 2 2000000.000000
55.266785 3 1 5000000.000000
55.331075 3 3 50000.000000
55.739426 3 2 30000.000000
55.996442 3 0 50000.000000
56.044439 3 2 80000.000000
56.102491 3 1 50000.000000
56.698871 3 1 5000000.000000
56.732053 3 0 10000000.000000
56.965354 3 1 50000.000000
57.328164 3 0 2000000.000000
57.638358 3 1 2000000.000000
57.834955 3 2 1000000.000000
57.983123 3 2 80000.000000
58.413680 3 2 10000000.000000
58.430482 3 3 80000.000000
58.652559 3 3 20000.000000
58.916261 3 0 50000.000000
59.407286 3 0 10000000.000000
60.305401 3 2 200000.000000
60.438036 3 2 80000.000000
60.513129 3 3 5000000.000000
61.190229 3 0 50000.000000
61.679262 3 2 5000000.000000
62.080559 3 0 10000000.000000
62.153416 3 1 10000000.000000
62.321582 3 2 80000.000000
63.344677 3 0 5000000.000000
63.788104 3 1 10000000.000000
64.088503 3 1 80000.000000
64.341741 3 0 80000.000000
65.129239 3 0 1000000.000000
65.244005 3 0 50000.000000
65.983931 3 2 20000.000000
66.261803 3 3 200000.000000
66.783511 3 1 10000.000000
67.039487 3 0 5000000.000000
67.440988 3 1 80000.000000
67.608763 3 1 10000.000000
67.863578 3 1 80000.000000
67.988387 3 2 80000.000000
68.583190 3 1 30000.000000
68.742698 3 0 30000.000000
69.313735 3 0 10000.000000
69.678111 3 1 10000.000000
70.619049 3 1 10000.000000
72.698810 3 1 10000.000000
72.858807 3 1 20000.000000
74.578877 3 2 1000000.000000
74.633783 3 2 10000.000000
75.101079 3 3 1000000.000000
75.831540 3 3 5000000.000000
75.949625 3 0 200000.000000
76.558075 3 0 5000000.000000
76.692691 3 3 1000000.000000
76.931329 3 3 50000.000000
76.973949 3 0 80000.000000
77.139855 3 1 1000000.000000
77.423318 3 3 2000000.000000
77.580437 3 3 30000.000000
78.211395 3 3 2000000.000000
78.915879 3 1 50000.000000
79.167678 3 2 30000000.000000
79.523304 3 2 200000.000000
79.574135 3 1 50000.000000
79.685586 3 1 10000000.000000
79.739764 3 3 10000000.000000
80.110781 3 0 1000000.000000
80.743530 3 0 1000000.000000
80.871473 3 2 5000000.000000
80.996168 3 2 10000000.000000
81.280699 3 0 10000.000000
81.528514 3 2 5000000.000000
82.662733 3 0 80000.000000
83.091175 3 3 50000.000000
83.108348 3 1 10000000.000000
83.912321 3 3 1000000.000000
84.012961 3 2 5000000.000000
84.080908 3 1 30000.000000
84.098366 3 1 5000000.000000
84.727004 3 0 2000000.000000
84.804482 3 3 2000000.000000
85.164731 3 3 10000.000000
85.284338 3 0 2000000.000000
85.517355 3 0 200000.000000
85.921853 3 3 1000000.000000
85.956262 3 3 80000.000000
86.192959 3 1 80000.000000
86.482935 3 1 10000000.000000
86.731094 3 3 10000000.000000
86.917091 3 0 30000.000000
88.728908 3 2 50000.000000
88.738552 3 0 1000000.000000
90.152360 3 1 200000.000000
90.363626 3 1 2000000.000000
90.657011 3 0 1000000.000000
90.757068 3 2 2000000.000000
90.758228 3 2 2000000.000000
90.911939 3 3 80000.000000
91.904385 3 1 30000.000000
91.926039 3 0 2000000.000000
92.083954 3 2 200000.000000
92.591245 3 1 30000.000000
92.619933 3 1 30000000.000000
92.996250 3 1 80000.000000
93.589831 3 3 10000000.000000
93.679173 3 2 30000.000000
93.712141 3 1 20000.000000
93.929097 3 2 10000.000000
93.975163 3 3 10000000.000000
94.038910 3 2 1000000.000000
94.313520 3 2 80000.000000
95.540449 3 0 200000.000000
95.897532 3 1 2000000.000000
96.397339 3 2 30000.000000
96.441431 3 3 10000.000000
96.700972 3 0 80000.000000
96.877058 3 1 20000.000000
96.969775 3 0 10000.000000
97.033554 3 3 10000000.000000
97.672254 3 0 10000.000000
98.326873 3 3 30000.000000
98.508892 3 0 5000000.000000
99.239840 3 0 50000.000000
99.456499 3 3 2000000.000000
100.172234 3 2 10000000.000000
100.701800 3 3 10000000.000000
100.946176 3 1 5000000.000000
101.782959 3 0 10000.000000
102.340603 3 3 200000.000000
102.342090 3 2 2000000.000000
104.283485 3 0 30000.000000
104.363762 3 3 30000.000000
105.181029 3 3 10000.000000
105.353174 3 1 1000000.000000
105.947540 3 1 80000.000000
106.108413 3 1 80000.000000
108.005511 3 3 30000.000000
108.220024 3 0 30000.000000
108.690436 3 3 5000000.000000
109.461729 3 2 10000000.000000
109.853654 3 1 80000.000000
110.198171 3 2 30000.000000
110.310901 3 1 50000.000000
110.429225 3 2 80000.000000
110.450955 3 1 1000000.000000
110.812969 3 2 10000.000000
111.039085 3 2 200000.000000
111.363472 3 0 10000000.000000
111.452562 3 1 1000000.000000
111.843266 3 3 2000000.000000
112.094812 3 2 5000000.000000
112.164069 3 2 5000000.000000
112.308993 3 1 1000000.000000
112.623216 3 0 2000000.000000
112.999246 3 2 200000.000000
114.723029 3 3 50000.000000
114.727775 3 0 10000.000000
114.865470 3 3 5000000.000000
115.100000 3 0 80000.000000
116.080913 3 2 10000000.000000
116.491499 3 1 20000.000000
116.603309 3 0 200000.000000
116.924031 3 2 2000000.000000
117.492658 3 0 10000000.000000
117.733389 3 1 200000.000000
118.927397 3 1 10000.000000
119.189795 3 0 80000.000000
120.116653 3 0 10000.000000
120.403564 3 2 50000.000000
120.739971 3 2 30000.000000
121.173067 3 2 200000.000000
121.760369 3 0 80000.000000
121.945826 3 3 2000000.000000
123.244604 3 1 1000000.000000
123.336049 3 0 30000.000000
123.344872 3 1 50000.000000
123.522288 3 0 10000.000000
123.595772 3 0 2000000.000000
123.603216 3 1 5000000.000000
124.053811 3 2 80000.000000
124.918496 3 0 50000.000000
125.322032 3 1 80000.000000
126.159488 3 3 5000000.000000
126.181944 3 1 1000000.000000
126.580593 3 1 200000.000000
126.623121 3 2 1000000.000000
126.784524 3 1 10000.000000
126.881923 3 3 50000.000000
126.996702 3 2 80000.000000
127.062121 3 0 10000.000000
127.163110 3 3 1000000.000000
127.518519 3 0 1000000.000000
127.625170 3 3 50000.000000
128.209613 3 3 30000.000000
128.591583 3 1 10000.000000
128.717683 3 3 30000.000000
128.804091 3 1 1000000.000000
129.216809 3 1 80000.000000
130.154419 3 2 80000.000000
130.771946 3 2 20000.000000
130.878091 3 2 80000.000000
130.909601 3 3 20000.000000
131.465755 3 3 10000.000000
131.597282 3 0 30000.000000
132.132484 3 2 200000.000000
132.622310 3 3 5000000.000000
132.822871 3 2 2000000.000000
133.209957 3 2 80000.000000
133.404558 3 0 10000000.000000
133.902809 3 1 50000.000000
134.242835 3 2 10000000.000000
134.393775 3 2 200000.000000
134.837080 3 1 80000.000000
134.846108 3 1 200000.000000
135.358335 3 1 10000.000000
135.368717 3 2 80000.000000
135.554558 3 0 30000.000000
135.866490 3 0 200000.000000
135.907557 3 0 1000000.000000
136.639201 3 0 50000.000000
136.698327 3 1 30000.000000
136.862219 3 1 30000000.000000
137.033519 3 3 5000000.000000
137.171943 3 0 2000000.000000
139.106434 3 0 5000000.000000
140.114421 3 0 5000000.000000
140.346756 3 2 2000000.000000
141.173754 3 2 80000.000000
141.322058 3 1 200000.000000
141.620955 3 2 200000.000000
141.667601 3 3 5000000.000000
141.942202 3 2 5000000.000000
141.948562 3 2 1000000.000000
142.027055 3 2 5000000.000000
142.069929 3 3 50000.000000
142.244595 3 2 1000000.000000
142.311849 3 1 200000.000000
142.486632 3 3 30000.000000
142.712678 3 2 2000000.000000
143.038203 3 3 1000000.000000
143.291143 3 0 10000.000000
143.634138 3 0 5000000.000000
143.704414 3 1 10000.000000
144.112012 3 1 10000.000000
144.511286 3 2 2000000.000000
144.689576 3 1 10000.000000
145.349727 3 0 1000000.000000
145.370522 3 0 2000000.000000
145.855251 3 2 50000.000000
146.566100 3 1 30000.000000
146.642611 3 0 50000.000000
146.809769 3 1 80000.000000
146.840408 3 2 20000.000000
147.431044 3 2 5000000.000000
147.503263 3 3 1000000.000000
147.646140 3 2 10000000.000000
148.999574 3 1 20000.000000
149.561504 3 2 200000.000000
149.603237 3 2 80000.000000
149.724973 3 1 10000.000000
