0.786326 0 2 10000.000000
0.968585 0 3 50000.000000
2.145165 0 0 10000.000000
2.453215 0 1 50000.000000
2.495198 0 1 2000000.000000
2.673535 0 0 1000000.000000
2.709145 0 3 1000000.000000
2.805751 0 0 80000.000000
3.147192 0 2 80000.000000
4.066575 0 0 50000.000000
4.205615 0 3 20000.000000
4.685531 0 3 10000.000000
6.465266 0 3 200000.000000
6.845216 0 0 20000.000000
6.875772 0 3 1000000.000000
6.880627 0 0 2000000.000000
6.897963 0 2 5000000.000000
7.504400 0 3 2000000.000000
7.635996 0 1 30000.000000
8.577184 0 1 2000000.000000
9.176355 0 3 50000.000000
9.673130 0 3 5000000.000000
10.216298 0 2 30000000.000000
10.222032 0 1 50000.000000
10.258799 0 2 5000000.000000
10.549251 0 2 200000.000000
10.577295 0 2 10000.000000
10.672835 0 0 1000000.000000
10.802401 0 1 5000000.000000
11.076379 0 2 10000.000000
11.078456 0 1 5000000.000000
11.568890 0 1 5000000.000000
11.627023 0 3 10000.000000
11.979371 0 2 1000000.000000
12.118177 0 1 2000000.000000
12.430940 0 3 30000.000000
12.827806 0 1 5000000.000000
13.005955 0 0 200000.000000
13.798856 0 1 80000.000000
15.189077 0 0 30000.000000
15.403868 0 3 10000.000000
15.615218 0 0 10000000.000000
16.200703 0 0 200000.000000
16.723288 0 3 30000.000000
17.474547 0 1 10000.000000
17.495942 0 1 200000.000000
18.058196 0 0 10000.000000
18.749456 0 1 200000.000000
19.035365 0 3 10000.000000
19.169352 0 0 5000000.000000
20.383619 0 3 1000000.000000
20.686796 0 1 5000000.000000
21.808286 0 1 30000.000000
22.483811 0 0 50000.000000
22.914298 0 3 50000.000000
23.226393 0 1 10000.000000
23.372005 0 3 80000.000000
23.756512 0 0 20000.000000
24.084228 0 2 20000.000000
24.441957 0 1 10000.000000
24.510395 0 0 2000000.000000
24.546398 0 1 10000.000000
25.457726 0 1 1000000.000000
25.969610 0 0 10000.000000
26.118070 0 2 80000.000000
26.343956 0 1 10000000.000000
26.789895 0 3 10000.000000
26.970325 0 2 1000000.000000
27.047085 0 0 2000000.000000
27.915122 0 2 200000.000000
28.026055 0 3 1000000.000000
28.148052 0 1 1000000.000000
28.341945 0 1 30000.000000
28.523515 0 2 2000000.000000
28.799788 0 0 2000000.000000
28.811174 0 2 1000000.000000
28.936500 0 3 10000.000000
29.172342 0 2 80000.000000
29.308698 0 1 30000000.000000
29.946715 0 1 10000000.000000
31.228803 0 3 20000.000000
31.893745 0 2 10000.000000
32.084219 0 0 20000.000000
32.086604 0 3 20000.000000
32.173911 0 3 2000000.000000
34.096746 0 3 10000.000000
34.542159 0 1 10000.000000
34.796152 0 0 80000.000000
35.389366 0 2 30000000.000000
35.452686 0 1 2000000.000000
36.030158 0 3 10000.000000
36.096673 0 0 5000000.000000
36.267860 0 2 30000.000000
36.305348 0 2 80000.000000
38.053366 0 0 30000000.000000
38.331608 0 3 20000.000000
38.352370 0 1 30000.000000
38.440442 0 2 200000.000000
38.463380 0 2 10000.000000
38.579569 0 2 50000.000000
38.584555 0 2 10000.000000
38.841567 0 3 1000000.000000
38.876959 0 3 10000.000000
38.891613 0 1 50000.000000
40.368926 0 2 10000000.000000
40.464131 0 0 50000.000000
40.789465 0 1 10000.000000
41.193584 0 3 5000000.000000
41.287576 0 2 200000.000000
41.536655 0 3 10000.000000
43.116830 0 1 30000.000000
44.147208 0 2 2000000.000000
44.876905 0 0 1000000.000000
44.916019 0 1 10000000.000000
46.249033 0 1 200000.000000
46.507068 0 3 80000.000000
46.680257 0 1 30000.000000
47.028102 0 3 2000000.000000
47.039099 0 1 2000000.000000
47.064831 0 2 10000.000000
47.127151 0 3 2000000.000000
47.343856 0 1 5000000.000000
47.541011 0 3 200000.000000
48.376132 0 0 50000.000000
48.664165 0 3 30000000.000000
49.904523 0 0 1000000.000000
50.033565 0 2 5000000.000000
50.395716 0 3 2000000.000000
50.438624 0 3 30000.000000
50.482754 0 0 30000.000000
51.066900 0 0 80000.000000
51.399544 0 1 80000.000000
51.811777 0 1 2000000.000000
51.994033 0 2 1000000.000000
52.001868 0 1 50000.000000
52.012672 0 2 2000000.000000
53.147344 0 2 200000.000000
54.216998 0 2 10000.000000
54.769516 0 1 30000.000000
54.779002 0 3 30000.000000
55.209950 0 2 50000.000000
55.606911 0 0 80000.000000
56.051643 0 2 10000000.000000
56.626316 0 2 30000.000000
56.768699 0 0 80000.000000
57.256945 0 3 80000.000000
57.607657 0 1 20000.000000
58.047804 0 2 2000000.000000
58.247743 0 0 1000000.000000
58.474706 0 0 200000.000000
58.794566 0 0 200000.000000
58.902980 0 3 10000.000000
58.933835 0 3 10000000.000000
59.104462 0 0 50000.000000
59.665861 0 3 10000.000000
60.071459 0 0 80000.000000
60.719398 0 2 200000.000000
61.044935 0 1 30000.000000
61.478148 0 0 2000000.000000
61.568044 0 3 2000000.000000
62.587639 0 1 10000.000000
63.023385 0 1 2000000.000000
63.311486 0 2 1000000.000000
63.643168 0 0 2000000.000000
64.444980 0 3 10000000.000000
64.652234 0 0 5000000.000000
64.850325 0 0 10000.000000
65.411695 0 2 2000000.000000
65.416742 0 0 10000.000000
67.800051 0 3 50000.000000
68.108554 0 1 1000000.000000
68.595240 0 1 2000000.000000
69.262668 0 3 50000.000000
69.602156 0 0 5000000.000000
69.750333 0 2 200000.000000
70.817260 0 1 80000.000000
71.053994 0 1 30000.000000
71.258546 0 2 80000.000000
71.393953 0 2 2000000.000000
71.473441 0 2 5000000.000000
71.686720 0 0 1000000.000000
71.870861 0 1 20000.000000
71.936790 0 2 10000.000000
72.932236 0 3 5000000.000000
72.978808 0 1 80000.000000
73.368953 0 2 10000.000000
74.056998 0 1 200000.000000
74.517702 0 1 80000.000000
75.370051 0 3 30000.000000
76.009001 0 0 10000.000000
77.002976 0 1 50000.000000
77.071236 0 1 10000000.000000
78.041261 0 0 2000000.000000
78.080466 0 2 30000.000000
78.390070 0 3 20000.000000
79.459678 0 3 1000000.000000
79.640476 0 3 30000.000000
79.790286 0 3 1000000.000000
79.898396 0 3 30000.000000
80.085983 0 3 30000.000000
80.446209 0 0 5000000.000000
80.759062 0 2 5000000.000000
81.080376 0 2 10000.000000
81.312684 0 1 50000.000000
81.334679 0 2 1000000.000000
82.328061 0 2 200000.000000
82.358882 0 3 10000.000000
84.010768 0 2 2000000.000000
85.040112 0 0 10000000.000000
85.578764 0 1 30000.000000
85.638541 0 1 200000.000000
86.373135 0 2 10000.000000
86.404298 0 1 30000.000000
86.636820 0 1 5000000.000000
87.094860 0 3 2000000.000000
87.099237 0 1 30000.000000
87.236501 0 3 5000000.000000
87.497350 0 0 80000.000000
88.216285 0 0 80000.000000
88.693672 0 2 1000000.000000
88.704185 0 3 2000000.000000
89.295203 0 1 2000000.000000
89.300659 0 0 2000000.000000
89.653869 0 2 10000.000000
89.953399 0 1 10000000.000000
90.359577 0 3 5000000.000000
90.563362 0 1 1000000.000000
90.952723 0 3 50000.000000
91.152460 0 2 10000.000000
92.319756 0 3 50000.000000
93.043426 0 1 2000000.000000
93.422155 0 0 10000000.000000
93.700573 0 1 30000.000000
94.177721 0 1 80000.000000
94.636908 0 2 30000.000000
94.712309 0 3 80000.000000
95.286214 0 0 10000000.000000
95.595556 0 0 5000000.000000
95.633832 0 0 20000.000000
96.425242 0 1 50000.000000
96.489028 0 3 20000.000000
96.718675 0 0 20000.000000
96.834165 0 2 10000.000000
96.973379 0 2 30000.000000
97.483008 0 3 5000000.000000
98.216952 0 2 80000.000000
98.324966 0 3 30000.000000
98.359493 0 1 30000.000000
98.812238 0 3 2000000.000000
100.119182 0 1 5000000.000000
101.974551 0 2 80000.000000
102.309179 0 2 1000000.000000
102.353556 0 0 10000.000000
103.419805 0 3 10000.000000
103.619861 0 2 5000000.000000
103.996942 0 2 5000000.000000
104.534090 0 0 200000.000000
104.561728 0 1 5000000.000000
104.808269 0 1 2000000.000000
105.139738 0 3 2000000.000000
105.291991 0 1 30000.000000
105.407833 0 2 1000000.000000
105.424592 0 3 30000000.000000
105.854535 0 0 10000.000000
106.156509 0 2 20000.000000
106.415101 0 3 5000000.000000
106.534846 0 1 50000.000000
107.167035 0 3 1000000.000000
107.847821 0 1 10000.000000
107.985668 0 3 10000.000000
108.708026 0 2 10000.000000
108.749329 0 0 80000.000000
108.933517 0 0 1000000.000000
109.072489 0 1 50000.000000
109.482292 0 0 10000.000000
109.558674 0 2 50000.000000
110.561140 0 1 2000000.000000
110.930984 0 2 80000.000000
111.257974 0 0 80000.000000
113.118420 0 3 200000.000000
113.559730 0 0 10000.000000
114.169264 0 3 5000000.000000
114.266446 0 1 80000.000000
114.301686 0 0 50000.000000
115.293198 0 1 10000.000000
115.368335 0 1 10000000.000000
115.676298 0 0 10000000.000000
116.103236 0 3 10000.000000
116.867339 0 2 50000.000000
116.950581 0 2 10000000.000000
117.623017 0 1 10000.000000
119.271587 0 0 30000.000000
119.614447 0 1 5000000.000000
121.126681 0 3 1000000.000000
121.566704 0 2 2000000.000000
121.743485 0 3 10000000.000000
121.768497 0 2 1000000.000000
122.798811 0 0 5000000.000000
123.484434 0 2 2000000.000000
123.505299 0 1 2000000.000000
123.704048 0 3 30000.000000
123.859594 0 3 20000.000000
123.979513 0 3 10000.000000
124.496451 0 0 5000000.000000
124.676475 0 3 20000.000000
125.339910 0 3 50000.000000
125.841549 0 3 200000.000000
126.992819 0 2 200000.000000
127.300612 0 3 30000.000000
127.819172 0 1 30000.000000
128.755386 0 1 5000000.000000
129.104316 0 3 80000.000000
129.175380 0 3 80000.000000
129.549618 0 2 2000000.000000
129.829059 0 0 10000.000000
130.705164 0 1 20000.000000
130.795158 0 1 2000000.000000
130.824948 0 0 10000.000000
130.863102 0 3 200000.000000
131.178711 0 1 80000.000000
131.668792 0 3 20000.000000
132.485071 0 2 10000.000000
132.921152 0 0 5000000.000000
133.152693 0 2 2000000.000000
133.384557 0 2 50000.000000
133.561597 0 0 2000000.000000
133.627871 0 3 2000000.000000
134.521757 0 2 2000000.000000
134.536491 0 0 30000.000000
135.075947 0 0 200000.000000
135.483166 0 3 10000.000000
136.725725 0 0 30000.000000
137.058389 0 2 1000000.000000
137.556061 0 0 5000000.000000
138.233712 0 1 30000.000000
138.816204 0 3 10000.000000
138.879038 0 2 10000.000000
138.912774 0 2 2000000.000000
138.974243 0 1 30000.000000
139.074261 0 2 20000.000000
139.826967 0 3 10000.000000
140.951580 0 3 5000000.000000
141.258523 0 2 30000.000000
142.259432 0 1 30000.000000
142.325119 0 2 2000000.000000
142.354621 0 3 30000000.000000
142.409046 0 3 1000000.000000
142.654914 0 2 5000000.000000
143.043220 0 0 20000.000000
143.984341 0 2 200000.000000
144.234502 0 0 80000.000000
145.145789 0 1 80000.000000
145.490632 0 2 5000000.000000
145.559195 0 1 80000.000000
145.723423 0 3 2000000.000000
146.667181 0 0 2000000.000000
147.846938 0 1 1000000.000000
148.201898 0 0 2000000.000000
148.486283 0 1 2000000.000000
148.505379 0 2 80000.000000
148.697598 0 0 30000.000000
149.771280 0 2 5000000.000000
0.229738 1 1 2000000.000000
1.048340 1 1 2000000.000000
1.643871 1 3 50000.000000
2.284325 1 2 10000.000000
3.132369 1 1 30000000.000000
4.758826 1 2 50000.000000
5.276158 1 2 30000.000000
6.194511 1 3 80000.000000
6.417225 1 2 10000.000000
6.425154 1 3 5000000.000000
6.504621 1 3 2000000.000000
6.845518 1 0 1000000.000000
7.431335 1 1 10000.000000
7.606151 1 0 80000.000000
7.710061 1 0 1000000.000000
8.558071 1 1 2000000.000000
8.845733 1 3 10000.000000
9.299271 1 2 200000.000000
9.831613 1 1 50000.000000
10.220429 1 2 30000.000000
10.579640 1 3 10000.000000
10.762334 1 2 20000.000000
11.138294 1 0 80000.000000
12.066090 1 2 2000000.000000
12.124577 1 1 5000000.000000
13.054583 1 3 2000000.000000
13.165980 1 0 2000000.000000
13.594537 1 0 30000.000000
14.118399 1 1 10000.000000
14.256217 1 3 200000.000000
14.279704 1 3 1000000.000000
15.574777 1 2 50000.000000
15.578008 1 2 50000.000000
15.760473 1 1 2000000.000000
16.024926 1 0 10000000.000000
16.144942 1 2 200000.000000
16.405901 1 0 2000000.000000
17.933517 1 0 5000000.000000
18.778130 1 2 5000000.000000
18.821903 1 0 10000000.000000
18.863742 1 3 2000000.000000
19.183638 1 3 50000.000000
20.456175 1 2 10000.000000
21.190340 1 2 30000.000000
21.228223 1 0 5000000.000000
21.299392 1 1 10000.000000
22.021001 1 2 1000000.000000
22.295837 1 2 50000.000000
22.485591 1 0 2000000.000000
22.681572 1 0 30000.000000
23.883424 1 3 2000000.000000
24.742355 1 0 2000000.000000
24.751701 1 3 10000.000000
25.033312 1 0 50000.000000
25.937162 1 3 2000000.000000
26.175266 1 0 20000.000000
26.365204 1 3 30000000.000000
26.461148 1 2 10000000.000000
27.294790 1 3 2000000.000000
27.480404 1 1 5000000.000000
28.109345 1 2 10000.000000
28.300901 1 3 20000.000000
28.344827 1 1 30000.000000
28.763309 1 0 5000000.000000
28.980685 1 1 30000.000000
29.446917 1 2 50000.000000
29.913137 1 0 80000.000000
30.103337 1 0 200000.000000
30.145188 1 2 50000.000000
30.281188 1 1 10000.000000
30.887646 1 1 2000000.000000
31.582236 1 0 200000.000000
31.667516 1 1 30000.000000
31.861795 1 2 50000.000000
33.059062 1 3 2000000.000000
33.242454 1 3 20000.000000
33.713006 1 1 1000000.000000
34.186358 1 1 10000.000000
34.241186 1 1 80000.000000
34.429532 1 0 200000.000000
34.488342 1 2 10000.000000
34.592517 1 3 30000.000000
34.846930 1 0 1000000.000000
34.942880 1 2 200000.000000
35.094295 1 3 30000.000000
35.372528 1 0 200000.000000
35.709488 1 0 50000.000000
35.722240 1 1 30000.000000
35.805820 1 2 2000000.000000
36.099476 1 1 20000.000000
36.855694 1 2 50000.000000
37.021919 1 2 50000.000000
37.095301 1 0 2000000.000000
37.936486 1 1 10000000.000000
38.109699 1 1 80000.000000
38.182764 1 3 10000.000000
38.526874 1 3 80000.000000
39.036995 1 2 10000.000000
39.267450 1 1 1000000.000000
39.399252 1 2 1000000.000000
39.409896 1 3 2000000.000000
39.707592 1 1 80000.000000
40.599113 1 2 50000.000000
40.732267 1 1 20000.000000
41.671733 1 1 5000000.000000
42.287928 1 2 200000.000000
42.769517 1 3 2000000.000000
43.055340 1 2 30000.000000
43.113709 1 0 80000.000000
43.404347 1 0 50000.000000
44.188052 1 1 1000000.000000
44.231354 1 0 50000.000000
45.117881 1 2 20000.000000
45.807547 1 0 2000000.000000
46.024972 1 2 200000.000000
46.232342 1 1 2000000.000000
47.083508 1 0 1000000.000000
47.641188 1 1 5000000.000000
48.215481 1 1 10000000.000000
48.922133 1 3 1000000.000000
49.090763 1 0 80000.000000
49.176834 1 2 10000.000000
49.789677 1 1 2000000.000000
50.196442 1 3 50000.000000
50.764068 1 0 80000.000000
51.286787 1 2 10000.000000
51.345029 1 0 200000.000000
51.964513 1 3 50000.000000
52.616466 1 1 10000000.000000
53.938173 1 2 200000.000000
54.131194 1 2 1000000.000000
55.386397 1 1 30000.000000
55.594806 1 2 10000.000000
55.978263 1 1 30000000.000000
56.046255 1 0 30000.000000
56.334577 1 1 50000.000000
56.792536 1 1 10000.000000
56.967016 1 1 200000.000000
57.047070 1 0 30000.000000
57.174195 1 0 200000.000000
57.344009 1 0 10000.000000
57.371271 1 2 50000.000000
57.819226 1 1 5000000.000000
57.823287 1 3 80000.000000
58.103342 1 1 10000000.000000
59.591964 1 3 2000000.000000
60.370363 1 1 50000.000000
61.432073 1 1 10000000.000000
61.478429 1 3 30000.000000
64.338230 1 2 200000.000000
64.408791 1 2 10000.000000
64.619595 1 0 50000.000000
64.701470 1 3 80000.000000
64.710841 1 2 10000.000000
64.745777 1 2 80000.000000
64.814262 1 3 5000000.000000
64.913689 1 0 80000.000000
65.096906 1 3 30000.000000
65.587571 1 3 200000.000000
65.636309 1 1 200000.000000
66.296471 1 3 20000.000000
67.276025 1 3 10000.000000
67.435741 1 0 10000000.000000
69.597840 1 3 10000.000000
70.025505 1 3 10000.000000
70.263220 1 3 50000.000000
70.272906 1 1 30000.000000
70.344966 1 1 80000.000000
70.529370 1 1 30000.000000
70.691541 1 3 50000.000000
71.068403 1 1 1000000.000000
71.401439 1 1 2000000.000000
71.937435 1 0 10000.000000
72.035618 1 0 80000.000000
72.622220 1 2 10000.000000
72.701599 1 0 30000.000000
72.739026 1 1 10000000.000000
73.052360 1 2 80000.000000
73.431060 1 1 10000000.000000
73.594395 1 1 20000.000000
73.823451 1 3 5000000.000000
73.965454 1 2 2000000.000000
74.291993 1 3 50000.000000
74.518874 1 0 2000000.000000
75.236032 1 3 20000.000000
75.259077 1 3 50000.000000
75.319744 1 2 10000000.000000
75.995288 1 3 1000000.000000
78.037306 1 1 200000.000000
79.246145 1 2 20000.000000
79.277644 1 0 1000000.000000
79.570232 1 2 10000.000000
79.625818 1 3 30000.000000
79.991699 1 2 80000.000000
80.394092 1 2 20000.000000
80.650617 1 0 30000.000000
80.859532 1 3 50000.000000
80.938013 1 2 30000.000000
81.400736 1 3 10000.000000
81.712480 1 3 10000000.000000
82.168020 1 2 2000000.000000
82.703673 1 3 30000.000000
82.737482 1 0 80000.000000
83.983573 1 3 1000000.000000
84.197436 1 1 80000.000000
84.510886 1 1 5000000.000000
84.535866 1 0 50000.000000
84.537009 1 2 50000.000000
84.973098 1 0 10000000.000000
86.238874 1 3 5000000.000000
86.317790 1 0 200000.000000
86.398744 1 0 30000.000000
86.562885 1 3 10000.000000
87.426671 1 3 2000000.000000
87.539919 1 2 10000.000000
87.597286 1 0 200000.000000
88.442040 1 1 10000.000000
89.058101 1 1 10000000.000000
89.518492 1 2 30000.000000
89.688996 1 3 200000.000000
90.375421 1 1 10000.000000
90.655082 1 1 10000.000000
91.257346 1 0 50000.000000
91.346757 1 1 10000000.000000
91.887159 1 1 30000.000000
91.933339 1 2 80000.000000
91.950087 1 1 5000000.000000
92.219439 1 1 50000.000000
92.624379 1 2 50000.000000
93.083902 1 2 10000.000000
93.531275 1 3 30000.000000
94.626604 1 0 1000000.000000
95.365893 1 2 80000.000000
95.535744 1 2 5000000.000000
96.487209 1 1 30000.000000
96.586952 1 1 1000000.000000
96.738155 1 1 5000000.000000
97.421690 1 1 10000.000000
97.735070 1 2 1000000.000000
99.061180 1 1 10000.000000
100.677387 1 3 30000.000000
100.894650 1 1 2000000.000000
101.154071 1 3 80000.000000
101.623310 1 0 10000.000000
102.097211 1 3 1000000.000000
102.165867 1 1 1000000.000000
102.291286 1 1 30000.000000
102.512024 1 2 2000000.000000
102.615303 1 3 10000.000000
102.852181 1 0 20000.000000
103.031473 1 1 80000.000000
103.220408 1 3 200000.000000
103.288625 1 0 200000.000000
103.415465 1 0 30000.000000
104.614896 1 3 1000000.000000
104.706945 1 2 200000.000000
104.733129 1 2 30000000.000000
105.928093 1 3 10000.000000
106.348680 1 1 50000.000000
106.498881 1 2 2000000.000000
107.107560 1 2 30000.000000
107.257650 1 2 80000.000000
107.259968 1 0 5000000.000000
107.767844 1 2 10000000.000000
108.112771 1 1 30000.000000
108.120023 1 0 30000.000000
108.530266 1 0 10000000.000000
108.553734 1 2 2000000.000000
108.852210 1 0 10000.000000
109.635665 1 3 2000000.000000
109.821074 1 0 5000000.000000
110.031877 1 1 2000000.000000
110.297931 1 0 10000.000000
110.609802 1 3 2000000.000000
110.917592 1 0 10000.000000
111.043850 1 2 10000.000000
111.328096 1 0 200000.000000
113.063922 1 1 10000000.000000
113.513189 1 1 1000000.000000
113.611634 1 0 10000000.000000
113.707324 1 2 10000000.000000
113.755957 1 2 2000000.000000
113.938435 1 0 10000.000000
113.945618 1 3 10000000.000000
113.989327 1 2 5000000.000000
114.344489 1 3 30000000.000000
114.386902 1 3 10000000.000000
114.985479 1 1 10000.000000
115.789640 1 1 30000.000000
117.945307 1 1 1000000.000000
118.189283 1 2 10000000.000000
118.395001 1 3 2000000.000000
118.790315 1 3 20000.000000
118.810606 1 0 10000000.000000
119.185868 1 3 200000.000000
119.717578 1 0 5000000.000000
119.954831 1 1 1000000.000000
120.193204 1 1 10000000.000000
120.272352 1 2 80000.000000
120.751052 1 1 80000.000000
120.951485 1 3 80000.000000
121.705158 1 3 1000000.000000
121.805724 1 0 30000.000000
121.860566 1 2 10000.000000
122.228312 1 2 10000.000000
122.629903 1 2 5000000.000000
122.945100 1 2 50000.000000
123.382618 1 3 80000.000000
123.385729 1 1 30000.000000
123.488655 1 2 10000000.000000
123.833021 1 0 5000000.000000
124.547653 1 3 5000000.000000
124.857581 1 0 50000.000000
125.484681 1 2 50000.000000
125.760758 1 0 2000000.000000
125.842776 1 3 2000000.000000
125.900739 1 3 50000.000000
126.941412 1 2 30000.000000
127.109885 1 3 10000.000000
127.504613 1 1 1000000.000000
129.550039 1 3 80000.000000
129.615296 1 2 10000.000000
129.830867 1 1 200000.000000
129.971230 1 2 80000.000000
130.347929 1 1 80000.000000
132.165332 1 3 1000000.000000
132.465944 1 3 30000.000000
132.669628 1 2 5000000.000000
132.900755 1 2 50000.000000
132.924179 1 2 80000.000000
133.623633 1 3 10000.000000
133.635640 1 2 80000.000000
134.029016 1 0 80000.000000
134.690555 1 1 200000.000000
135.052685 1 0 200000.000000
135.524026 1 1 1000000.000000
137.297393 1 2 2000000.000000
137.378294 1 0 30000000.000000
137.434733 1 0 30000.000000
137.439932 1 1 1000000.000000
137.766995 1 0 80000.000000
138.058048 1 2 10000.000000
138.557343 1 3 50000.000000
138.852559 1 3 5000000.000000
138.996657 1 0 20000.000000
139.543584 1 1 30000000.000000
139.681787 1 3 10000000.000000
139.904578 1 1 30000.000000
143.562015 1 0 30000.000000
143.640514 1 3 10000.000000
144.606235 1 1 1000000.000000
144.653729 1 0 80000.000000
145.159882 1 3 80000.000000
145.660569 1 2 5000000.000000
146.114360 1 3 80000.000000
146.439958 1 1 50000.000000
146.605468 1 1 10000000.000000
146.709543 1 3 200000.000000
147.276511 1 0 50000.000000
147.908548 1 2 10000.000000
147.960302 1 0 2000000.000000
148.312626 1 0 5000000.000000
148.605156 1 3 10000.000000
149.472176 1 3 200000.000000
149.876672 1 0 80000.000000
0.098964 2 3 1000000.000000
0.322488 2 2 5000000.000000
1.068738 2 1 200000.000000
1.435885 2 0 200000.000000
2.738816 2 1 10000.000000
3.996154 2 0 30000000.000000
4.264539 2 3 5000000.000000
4.724459 2 1 5000000.000000
5.026423 2 1 30000.000000
7.040565 2 0 10000000.000000
7.649995 2 2 50000.000000
7.792049 2 3 80000.000000
8.010408 2 1 50000.000000
8.057842 2 3 5000000.000000
8.766858 2 1 10000000.000000
8.824565 2 3 10000.000000
9.365656 2 2 10000000.000000
9.608547 2 0 2000000.000000
9.686698 2 3 50000.000000
9.977887 2 3 10000000.000000
10.421980 2 0 5000000.000000
10.750402 2 2 5000000.000000
11.016605 2 0 50000.000000
12.114063 2 1 2000000.000000
12.892243 2 1 10000.000000
13.582102 2 2 80000.000000
13.698910 2 2 10000000.000000
14.256651 2 1 1000000.000000
14.603684 2 0 10000.000000
15.444348 2 0 2000000.000000
15.493056 2 0 5000000.000000
15.611160 2 2 1000000.000000
16.165799 2 0 50000.000000
16.216467 2 2 5000000.000000
16.477565 2 3 30000.000000
16.688242 2 3 200000.000000
17.484182 2 1 2000000.000000
17.693782 2 2 5000000.000000
17.867929 2 1 1000000.000000
17.884618 2 3 30000.000000
18.442999 2 1 10000000.000000
18.444732 2 1 1000000.000000
18.576926 2 3 30000.000000
18.657942 2 3 20000.000000
18.851818 2 2 5000000.000000
19.012810 2 0 50000.000000
19.050919 2 2 50000.000000
19.098297 2 1 10000.000000
19.649455 2 2 10000.000000
20.198520 2 2 5000000.000000
20.567508 2 1 1000000.000000
20.816109 2 1 200000.000000
21.639744 2 3 5000000.000000
22.274565 2 3 1000000.000000
23.272982 2 3 10000.000000
23.382256 2 2 30000.000000
23.526500 2 0 10000.000000
23.632593 2 3 30000000.000000
23.762718 2 1 5000000.000000
23.785183 2 2 2000000.000000
23.862455 2 1 10000.000000
24.494375 2 2 10000000.000000
24.661382 2 2 2000000.000000
24.806953 2 2 1000000.000000
24.832597 2 3 50000.000000
24.839511 2 1 20000.000000
25.229356 2 1 80000.000000
25.362153 2 2 10000.000000
25.763363 2 2 1000000.000000
25.773978 2 0 5000000.000000
25.957918 2 1 1000000.000000
27.304167 2 1 80000.000000
27.491647 2 1 200000.000000
27.499360 2 1 20000.000000
27.881063 2 3 10000.000000
28.127127 2 2 10000.000000
28.133064 2 2 80000.000000
28.169904 2 0 2000000.000000
28.403351 2 0 10000.000000
28.690332 2 0 10000.000000
28.995519 2 2 80000.000000
29.014637 2 0 80000.000000
29.199983 2 0 10000.000000
29.389074 2 0 1000000.000000
29.897810 2 1 30000.000000
30.107447 2 3 1000000.000000
30.171345 2 3 10000.000000
30.629095 2 3 1000000.000000
30.970448 2 1 10000.000000
31.118781 2 3 200000.000000
31.303874 2 0 30000.000000
31.363710 2 0 200000.000000
31.543319 2 1 2000000.000000
32.609081 2 3 1000000.000000
32.633574 2 2 50000.000000
32.886569 2 2 2000000.000000
32.996037 2 1 80000.000000
33.209719 2 0 20000.000000
33.302428 2 1 2000000.000000
33.535817 2 0 30000.000000
34.052216 2 0 50000.000000
35.193527 2 0 80000.000000
36.610647 2 0 80000.000000
37.507192 2 0 1000000.000000
37.528884 2 0 80000.000000
37.587972 2 1 2000000.000000
37.976960 2 0 5000000.000000
38.556626 2 3 1000000.000000
39.000898 2 2 30000.000000
39.907650 2 3 80000.000000
40.913338 2 1 80000.000000
41.375564 2 1 50000.000000
41.472722 2 0 10000.000000
41.762821 2 1 10000.000000
42.145789 2 1 5000000.000000
42.304831 2 0 5000000.000000
42.339731 2 1 50000.000000
42.385658 2 1 30000.000000
42.796031 2 0 10000000.000000
43.653202 2 3 10000000.000000
44.039121 2 0 10000.000000
44.143992 2 1 2000000.000000
44.373628 2 3 10000.000000
44.637443 2 2 80000.000000
45.278962 2 2 2000000.000000
45.389924 2 2 50000.000000
45.749095 2 3 2000000.000000
45.825826 2 3 2000000.000000
46.298764 2 1 2000000.000000
46.386517 2 0 1000000.000000
47.226291 2 1 30000.000000
47.302309 2 1 80000.000000
47.676740 2 1 80000.000000
47.934983 2 1 10000000.000000
47.942921 2 0 10000.000000
47.948580 2 2 50000.000000
48.454501 2 1 200000.000000
48.496822 2 1 10000000.000000
50.265921 2 0 2000000.000000
50.714861 2 2 10000.000000
51.254648 2 0 200000.000000
51.388398 2 3 30000.000000
51.903494 2 0 1000000.000000
52.819643 2 2 1000000.000000
52.901887 2 2 10000000.000000
53.490827 2 1 2000000.000000
53.521461 2 3 30000000.000000
53.749740 2 2 2000000.000000
53.947133 2 0 50000.000000
54.028971 2 2 5000000.000000
54.406172 2 0 200000.000000
54.579697 2 1 10000.000000
54.872462 2 0 10000.000000
55.737122 2 2 10000000.000000
55.882583 2 1 80000.000000
55.911221 2 0 30000.000000
56.712191 2 0 80000.000000
57.630225 2 1 80000.000000
58.449443 2 1 1000000.000000
58.744210 2 3 1000000.000000
58.830079 2 2 10000.000000
59.995825 2 2 5000000.000000
60.108811 2 2 1000000.000000
60.412813 2 2 10000.000000
61.100018 2 0 5000000.000000
61.406768 2 3 80000.000000
62.115429 2 1 20000.000000
62.217133 2 2 2000000.000000
62.359319 2 2 80000.000000
62.748501 2 2 80000.000000
62.834090 2 0 1000000.000000
63.285881 2 0 10000.000000
63.655047 2 1 30000.000000
63.738759 2 1 30000.000000
64.035604 2 1 2000000.000000
64.108271 2 1 30000000.000000
64.292784 2 0 5000000.000000
64.657951 2 1 10000000.000000
65.368716 2 1 80000.000000
65.955364 2 1 80000.000000
66.135333 2 0 50000.000000
66.178937 2 2 5000000.000000
66.319853 2 0 10000.000000
66.675921 2 3 2000000.000000
67.328462 2 0 5000000.000000
67.943339 2 1 200000.000000
68.966091 2 0 5000000.000000
69.200553 2 0 10000.000000
69.311774 2 3 30000.000000
69.748382 2 0 10000.000000
70.691986 2 2 30000.000000
71.286516 2 3 10000000.000000
71.421813 2 1 5000000.000000
71.449033 2 1 1000000.000000
71.507438 2 1 50000.000000
71.756368 2 0 2000000.000000
72.272870 2 2 10000.000000
72.538859 2 3 30000.000000
72.577963 2 2 5000000.000000
72.710951 2 0 10000.000000
73.262699 2 3 2000000.000000
73.347443 2 2 1000000.000000
73.409392 2 3 80000.000000
74.463102 2 1 30000.000000
74.643693 2 0 1000000.000000
74.781430 2 2 50000.000000
75.205840 2 2 80000.000000
75.738012 2 2 10000.000000
75.756396 2 2 1000000.000000
75.816238 2 2 2000000.000000
75.909786 2 2 5000000.000000
75.975974 2 1 50000.000000
75.990241 2 0 20000.000000
76.486620 2 3 200000.000000
76.519761 2 2 20000.000000
76.734993 2 0 10000.000000
77.564427 2 1 80000.000000
78.078040 2 1 10000.000000
78.654507 2 1 10000.000000
78.735540 2 2 10000.000000
78.863049 2 3 2000000.000000
79.151786 2 0 10000.000000
79.709893 2 1 30000.000000
79.757843 2 1 10000.000000
80.724945 2 2 50000.000000
81.291596 2 3 80000.000000
81.584782 2 2 20000.000000
81.848835 2 0 1000000.000000
82.372491 2 0 80000.000000
82.797353 2 1 50000.000000
82.878000 2 3 80000.000000
83.266654 2 0 10000.000000
83.681903 2 0 30000.000000
84.721364 2 0 5000000.000000
85.289562 2 3 1000000.000000
85.388231 2 3 80000.000000
85.408242 2 2 10000000.000000
86.056779 2 3 10000.000000
86.069553 2 2 20000.000000
86.166093 2 3 10000.000000
86.815543 2 1 50000.000000
87.656158 2 0 2000000.000000
87.829864 2 3 10000000.000000
88.071321 2 2 10000000.000000
88.138581 2 0 1000000.000000
88.159314 2 2 1000000.000000
88.219104 2 2 50000.000000
88.921357 2 3 10000.000000
90.052912 2 3 30000000.000000
90.077023 2 0 80000.000000
90.180317 2 1 10000.000000
90.221671 2 0 10000.000000
90.262990 2 2 80000.000000
90.836272 2 2 2000000.000000
90.975585 2 1 1000000.000000
91.263721 2 0 1000000.000000
91.639063 2 1 80000.000000
91.808278 2 1 10000.000000
91.825640 2 1 50000.000000
92.108844 2 0 80000.000000
92.126214 2 0 50000.000000
92.227051 2 0 2000000.000000
92.274489 2 1 50000.000000
93.018063 2 0 5000000.000000
94.087134 2 2 10000000.000000
94.159549 2 3 10000000.000000
94.219266 2 3 2000000.000000
94.655509 2 2 200000.000000
94.825826 2 0 10000.000000
94.974537 2 2 5000000.000000
95.560435 2 2 1000000.000000
95.825989 2 3 50000.000000
96.000880 2 3 200000.000000
96.389285 2 0 10000.000000
96.578601 2 0 50000.000000
96.823548 2 1 200000.000000
97.004702 2 3 80000.000000
97.136981 2 2 50000.000000
97.283387 2 0 2000000.000000
98.574357 2 2 1000000.000000
99.493078 2 3 80000.000000
99.703536 2 1 2000000.000000
100.238794 2 1 10000.000000
100.494085 2 1 80000.000000
100.810690 2 0 10000.000000
100.875981 2 2 10000.000000
101.934651 2 2 10000.000000
102.640746 2 2 50000.000000
103.046063 2 2 30000.000000
103.196849 2 2 10000.000000
103.394847 2 2 10000000.000000
103.444637 2 3 2000000.000000
103.574765 2 1 80000.000000
103.582443 2 3 50000.000000
104.045962 2 0 5000000.000000
104.147453 2 0 200000.000000
104.165272 2 2 1000000.000000
104.717601 2 3 1000000.000000
105.282513 2 1 2000000.000000
105.447141 2 1 10000.000000
105.533090 2 3 200000.000000
106.098972 2 0 10000.000000
106.205435 2 1 80000.000000
106.634909 2 0 20000.000000
107.255314 2 0 30000000.000000
108.533565 2 2 2000000.000000
109.398192 2 2 10000000.000000
109.444910 2 0 10000.000000
109.966866 2 2 2000000.000000
110.116196 2 2 2000000.000000
110.661455 2 0 80000.000000
110.740189 2 3 80000.000000
110.865891 2 0 2000000.000000
111.088088 2 3 10000.000000
111.604353 2 2 30000.000000
111.758022 2 3 10000000.000000
111.920718 2 0 20000.000000
112.213210 2 3 80000.000000
112.491495 2 1 200000.000000
112.688046 2 1 2000000.000000
112.733559 2 2 10000000.000000
113.460409 2 0 200000.000000
113.656790 2 0 200000.000000
115.072380 2 0 50000.000000
116.459352 2 0 80000.000000
117.200953 2 2 50000.000000
117.746204 2 1 80000.000000
118.226788 2 3 10000.000000
119.067241 2 3 80000.000000
119.399800 2 3 50000.000000
120.215978 2 3 30000.000000
120.239338 2 2 1000000.000000
120.455832 2 2 50000.000000
121.249737 2 1 200000.000000
121.312423 2 1 5000000.000000
122.680649 2 1 10000.000000
123.208324 2 2 10000000.000000
123.341282 2 0 2000000.000000
123.456124 2 2 20000.000000
123.862344 2 2 50000.000000
124.097155 2 3 1000000.000000
124.116131 2 2 20000.000000
124.769357 2 1 1000000.000000
124.928568 2 1 10000000.000000
125.576215 2 0 10000000.000000
125.746066 2 1 10000.000000
126.217935 2 0 200000.000000
126.286375 2 3 30000.000000
126.430313 2 1 5000000.000000
126.504002 2 2 50000.000000
126.840469 2 3 2000000.000000
127.179171 2 2 10000.000000
127.501519 2 1 200000.000000
127.552743 2 1 30000.000000
128.214661 2 3 50000.000000
128.748930 2 1 30000000.000000
128.797045 2 3 80000.000000
129.094660 2 2 1000000.000000
129.329766 2 2 80000.000000
129.374929 2 0 50000.000000
129.675846 2 0 80000.000000
129.731901 2 2 1000000.000000
130.277701 2 0 20000.000000
130.328103 2 3 10000000.000000
130.373014 2 1 30000.000000
130.580443 2 1 30000.000000
131.379231 2 1 2000000.000000
133.433617 2 3 1000000.000000
134.010653 2 2 200000.000000
134.570045 2 2 80000.000000
134.862111 2 3 200000.000000
134.994849 2 3 5000000.000000
135.270741 2 0 20000.000000
135.351061 2 2 1000000.000000
135.663054 2 0 30000.000000
136.083012 2 0 10000.000000
137.004647 2 3 80000.000000
137.151487 2 1 2000000.000000
137.246140 2 3 1000000.000000
137.286361 2 1 30000.000000
138.206802 2 2 80000.000000
138.395382 2 2 10000000.000000
138.776736 2 2 50000.000000
138.806250 2 2 10000.000000
139.153088 2 1 200000.000000
139.227178 2 1 5000000.000000
139.262280 2 1 200000.000000
139.597905 2 2 1000000.000000
140.247423 2 1 50000.000000
141.047578 2 3 5000000.000000
141.443104 2 2 50000.000000
141.700609 2 2 5000000.000000
142.008829 2 2 1000000.000000
142.333590 2 0 10000.000000
142.557223 2 0 5000000.000000
142.687109 2 2 50000.000000
142.887903 2 0 50000.000000
143.263371 2 2 10000.000000
143.306464 2 1 80000.000000
143.428501 2 2 30000.000000
144.022516 2 1 1000000.000000
144.081687 2 2 1000000.000000
144.549746 2 3 5000000.000000
145.193703 2 3 10000000.000000
145.406850 2 0 1000000.000000
145.511073 2 2 50000.000000
146.029288 2 2 2000000.000000
146.223168 2 3 10000.000000
147.217841 2 0 5000000.000000
147.271579 2 1 5000000.000000
147.442209 2 2 10000000.000000
147.940392 2 3 10000.000000
148.329410 2 0 10000.000000
149.131573 2 1 1000000.000000
0.270502 3 2 20000.000000
0.378601 3 0 30000000.000000
0.444535 3 3 80000.000000
1.068178 3 2 200000.000000
1.237372 3 3 10000.000000
1.250930 3 3 10000.000000
1.825083 3 0 5000000.000000
2.006651 3 2 30000.000000
2.194248 3 1 10000.000000
2.383740 3 2 1000000.000000
2.577023 3 2 5000000.000000
2.840381 3 3 1000000.000000
2.917941 3 3 1000000.000000
2.958900 3 2 2000000.000000
4.014797 3 0 2000000.000000
4.464334 3 2 1000000.000000
4.997314 3 3 2000000.000000
5.108595 3 1 50000.000000
5.115034 3 1 50000.000000
5.205460 3 0 1000000.000000
5.581244 3 1 80000.000000
5.667499 3 1 10000.000000
5.832032 3 0 200000.000000
6.286068 3 3 10000000.000000
6.394857 3 1 10000.000000
7.123580 3 0 1000000.000000
7.141156 3 0 200000.000000
7.517335 3 3 50000.000000
7.800629 3 1 30000000.000000
8.346621 3 0 80000.000000
8.581494 3 1 80000.000000
8.951987 3 3 2000000.000000
9.612289 3 0 10000000.000000
9.621260 3 2 200000.000000
9.765250 3 0 10000.000000
9.993523 3 3 2000000.000000
10.133102 3 2 50000.000000
10.373344 3 2 5000000.000000
10.555708 3 3 30000.000000
10.565637 3 1 1000000.000000
10.939343 3 2 5000000.000000
11.014073 3 0 5000000.000000
11.319921 3 0 200000.000000
12.007182 3 3 20000.000000
12.286818 3 2 5000000.000000
12.299240 3 3 50000.000000
12.346006 3 1 50000.000000
12.433514 3 0 1000000.000000
12.938423 3 3 50000.000000
13.310272 3 3 1000000.000000
13.854032 3 1 30000000.000000
14.037214 3 1 80000.000000
15.029702 3 2 30000.000000
15.090097 3 3 30000.000000
16.352943 3 1 10000.000000
17.382459 3 3 2000000.000000
18.163170 3 1 20000.000000
18.171216 3 3 5000000.000000
19.305915 3 3 10000000.000000
19.661637 3 2 50000.000000
19.834228 3 1 1000000.000000
19.942067 3 1 1000000.000000
20.551224 3 0 5000000.000000
20.906549 3 3 50000.000000
20.926120 3 3 20000.000000
21.227968 3 3 30000.000000
21.262418 3 1 80000.000000
22.161916 3 1 200000.000000
22.265748 3 1 10000.000000
22.744393 3 2 10000.000000
22.959455 3 0 5000000.000000
23.209005 3 2 10000.000000
24.224376 3 0 20000.000000
24.597194 3 2 2000000.000000
24.683188 3 3 10000000.000000
25.798635 3 1 80000.000000
26.733931 3 2 5000000.000000
26.853155 3 2 2000000.000000
27.131386 3 3 10000.000000
27.292546 3 1 10000.000000
27.386896 3 1 30000.000000
28.038666 3 0 10000000.000000
28.399356 3 2 10000000.000000
28.921150 3 2 5000000.000000
29.453457 3 1 5000000.000000
29.456231 3 1 10000.000000
29.779451 3 1 80000.000000
29.962738 3 2 2000000.000000
30.241253 3 1 80000.000000
31.090138 3 2 50000.000000
31.484572 3 0 20000.000000
31.804248 3 1 1000000.000000
31.933379 3 2 80000.000000
31.951085 3 0 50000.000000
32.712438 3 2 10000.000000
32.796673 3 0 2000000.000000
33.057501 3 3 10000.000000
33.066991 3 1 10000000.000000
33.202596 3 1 2000000.000000
33.406491 3 0 10000.000000
33.462642 3 0 50000.000000
33.715629 3 3 50000.000000
34.075989 3 1 30000.000000
34.661553 3 0 10000.000000
34.891644 3 1 20000.000000
35.695948 3 0 30000.000000
36.729979 3 1 30000.000000
37.273016 3 0 10000000.000000
37.464309 3 1 2000000.000000
37.637539 3 1 30000.000000
37.996579 3 3 20000.000000
39.148895 3 2 10000.000000
39.249324 3 2 30000.000000
39.701107 3 3 5000000.000000
40.610981 3 0 50000.000000
40.733339 3 2 20000.000000
40.736478 3 0 80000.000000
40.823521 3 2 10000.000000
41.797460 3 3 30000.000000
41.855412 3 1 10000000.000000
42.414586 3 0 1000000.000000
42.754070 3 2 30000.000000
43.364036 3 2 10000.000000
44.328783 3 1 1000000.000000
44.748357 3 0 10000.000000
45.833240 3 3 200000.000000
46.107696 3 0 80000.000000
46.911779 3 1 10000.000000
47.233599 3 2 200000.000000
48.783745 3 1 30000.000000
50.006050 3 3 50000.000000
50.925593 3 2 200000.000000
51.618895 3 1 1000000.000000
51.953156 3 1 10000.000000
52.488408 3 3 80000.000000
52.510633 3 0 30000.000000
53.024495 3 3 2000000.000000
53.297056 3 2 10000.000000
54.280689 3 2 50000.000000
54.296223 3 2 20000.000000
54.346054 3 2 2000000.000000
54.746748 3 1 20000.000000
55.266420 3 3 5000000.000000
55.653951 3 0 10000.000000
55.864116 3 2 1000000.000000
56.853856 3 3 10000000.000000
56.960058 3 1 50000.000000
57.342337 3 0 80000.000000
57.670871 3 3 2000000.000000
57.716553 3 2 5000000.000000
58.059024 3 0 10000.000000
58.540740 3 2 10000000.000000
58.665781 3 1 20000.000000
58.984944 3 2 30000.000000
59.181546 3 0 50000.000000
59.293751 3 1 10000.000000
59.918703 3 1 30000.000000
60.382623 3 0 80000.000000
61.230617 3 0 80000.000000
61.347717 3 2 1000000.000000
62.392048 3 1 30000.000000
62.726902 3 3 30000.000000
63.116022 3 0 20000.000000
63.726203 3 0 1000000.000000
63.770505 3 2 30000.000000
63.798230 3 1 30000.000000
64.296907 3 1 200000.000000
64.333811 3 2 2000000.000000
65.519507 3 0 2000000.000000
65.597662 3 2 50000.000000
66.221427 3 0 80000.000000
66.313659 3 2 50000.000000
66.426427 3 2 10000.000000
66.569277 3 3 80000.000000
66.756621 3 2 2000000.000000
66.988382 3 1 5000000.000000
67.024318 3 3 50000.000000
67.362650 3 2 30000.000000
67.391689 3 0 50000.000000
67.551639 3 2 80000.000000
67.785544 3 1 50000.000000
68.282189 3 1 5000000.000000
68.326894 3 0 10000000.000000
68.444740 3 1 50000.000000
68.560813 3 0 2000000.000000
68.952316 3 1 2000000.000000
69.046596 3 2 1000000.000000
69.347356 3 2 80000.000000
69.703894 3 2 10000000.000000
70.411586 3 3 80000.000000
70.919211 3 3 20000.000000
71.595738 3 0 50000.000000
71.989299 3 0 10000000.000000
72.311620 3 2 200000.000000
72.994323 3 2 80000.000000
72.999693 3 3 5000000.000000
73.003167 3 0 50000.000000
73.063517 3 2 5000000.000000
73.828182 3 0 10000000.000000
74.095504 3 1 10000000.000000
75.417903 3 2 80000.000000
75.559195 3 0 5000000.000000
75.958608 3 1 10000000.000000
76.340775 3 1 80000.000000
77.162093 3 0 80000.000000
78.183069 3 0 1000000.000000
78.251419 3 0 50000.000000
79.323670 3 2 20000.000000
79.329808 3 3 200000.000000
79.957770 3 1 10000.000000
79.978203 3 0 5000000.000000
80.149022 3 1 80000.000000
80.317294 3 1 10000.000000
81.248803 3 1 80000.000000
81.250230 3 2 80000.000000
81.333649 3 1 30000.000000
81.988267 3 0 30000.000000
82.256530 3 0 10000.000000
82.875351 3 1 10000.000000
83.099581 3 1 10000.000000
83.472886 3 1 10000.000000
83.657432 3 1 20000.000000
84.103273 3 2 1000000.000000
84.610791 3 2 10000.000000
84.643966 3 3 1000000.000000
85.011219 3 3 5000000.000000
85.466199 3 0 200000.000000
85.553981 3 0 5000000.000000
86.526288 3 3 1000000.000000
86.797377 3 3 50000.000000
88.078524 3 0 80000.000000
88.199255 3 1 1000000.000000
88.770020 3 3 2000000.000000
89.472159 3 3 30000.000000
89.804143 3 3 2000000.000000
90.283718 3 1 50000.000000
91.408145 3 2 30000000.000000
92.564932 3 2 200000.000000
92.772135 3 1 50000.000000
93.378129 3 1 10000000.000000
93.804303 3 3 10000000.000000
93.915700 3 0 1000000.000000
93.996080 3 0 1000000.000000
94.096161 3 2 5000000.000000
94.352815 3 2 10000000.000000
94.836690 3 0 10000.000000
94.874617 3 2 5000000.000000
95.009924 3 0 80000.000000
95.093460 3 3 50000.000000
95.106480 3 1 10000000.000000
95.636992 3 3 1000000.000000
96.064076 3 2 5000000.000000
96.427124 3 1 30000.000000
96.541946 3 1 5000000.000000
96.690064 3 0 2000000.000000
97.269058 3 3 2000000.000000
97.535550 3 3 10000.000000
97.582396 3 0 2000000.000000
97.990052 3 0 200000.000000
98.165080 3 3 1000000.000000
98.273830 3 3 80000.000000
98.983636 3 1 80000.000000
99.246045 3 1 10000000.000000
99.896125 3 3 10000000.000000
100.176643 3 0 30000.000000
100.344149 3 2 50000.000000
101.183062 3 0 1000000.000000
101.542426 3 1 200000.000000
101.578188 3 1 2000000.000000
101.709129 3 0 1000000.000000
102.173510 3 2 2000000.000000
102.603496 3 2 2000000.000000
102.763328 3 3 80000.000000
102.896224 3 1 30000.000000
103.694020 3 0 2000000.000000
103.962301 3 2 200000.000000
105.110800 3 1 30000.000000
105.880437 3 1 30000000.000000
105.885234 3 1 80000.000000
107.252924 3 3 10000000.000000
107.337435 3 2 30000.000000
107.680711 3 1 20000.000000
108.232434 3 2 10000.000000
108.675700 3 3 10000000.000000
109.046241 3 2 1000000.000000
109.277659 3 2 80000.000000
110.295574 3 0 200000.000000
110.375863 3 1 2000000.000000
110.613228 3 2 30000.000000
110.901558 3 3 10000.000000
111.372076 3 0 80000.000000
111.489993 3 1 20000.000000
112.362952 3 0 10000.000000
112.393166 3 3 10000000.000000
113.936990 3 0 10000.000000
114.307569 3 3 30000.000000
115.173255 3 0 5000000.000000
115.208455 3 0 50000.000000
115.251040 3 3 2000000.000000
115.434051 3 2 10000000.000000
115.821748 3 3 10000000.000000
116.395702 3 1 5000000.000000
116.578285 3 0 10000.000000
116.779924 3 3 200000.000000
117.253535 3 2 2000000.000000
117.642368 3 0 30000.000000
117.808518 3 3 30000.000000
117.958140 3 3 10000.000000
118.283366 3 1 1000000.000000
118.547221 3 1 80000.000000
118.637438 3 1 80000.000000
118.691945 3 3 30000.000000
118.697844 3 0 30000.000000
120.614855 3 3 5000000.000000
121.231682 3 2 10000000.000000
122.063034 3 1 80000.000000
122.134428 3 2 30000.000000
122.407691 3 1 50000.000000
122.844561 3 2 80000.000000
123.700382 3 1 1000000.000000
124.518676 3 2 10000.000000
124.801257 3 2 200000.000000
124.900215 3 0 10000000.000000
124.949470 3 1 1000000.000000
124.989769 3 3 2000000.000000
125.059156 3 2 5000000.000000
125.928372 3 2 5000000.000000
125.938815 3 1 1000000.000000
126.277006 3 0 2000000.000000
126.490561 3 2 200000.000000
126.652112 3 3 50000.000000
126.863288 3 0 10000.000000
127.154857 3 3 5000000.000000
127.223550 3 0 80000.000000
128.381336 3 2 10000000.000000
128.640261 3 1 20000.000000
129.995926 3 0 200000.000000
130.237997 3 2 2000000.000000
130.590184 3 0 10000000.000000
130.952803 3 1 200000.000000
131.132220 3 1 10000.000000
132.103079 3 0 80000.000000
132.234628 3 0 10000.000000
132.497153 3 2 50000.000000
133.298607 3 2 30000.000000
133.720224 3 2 200000.000000
134.363832 3 0 80000.000000
134.560996 3 3 2000000.000000
135.308032 3 1 1000000.000000
135.461247 3 0 30000.000000
135.816882 3 1 50000.000000
136.364739 3 0 10000.000000
136.472170 3 0 2000000.000000
136.628011 3 1 5000000.000000
137.458109 3 2 80000.000000
137.621823 3 0 50000.000000
138.028199 3 1 80000.000000
138.165988 3 3 5000000.000000
138.210324 3 1 1000000.000000
138.253766 3 1 200000.000000
138.983982 3 2 1000000.000000
139.335268 3 1 10000.000000
140.540069 3 3 50000.000000
140.686378 3 2 80000.000000
140.721004 3 0 10000.000000
141.072316 3 3 1000000.000000
141.326336 3 0 1000000.000000
141.356404 3 3 50000.000000
141.378815 3 3 30000.000000
141.395674 3 1 10000.000000
141.905621 3 3 30000.000000
142.531696 3 1 1000000.000000
142.804912 3 1 80000.000000
142.826657 3 2 80000.000000
143.005715 3 2 20000.000000
143.014204 3 2 80000.000000
143.220292 3 3 20000.000000
143.525580 3 3 10000.000000
143.646196 3 0 30000.000000
143.772854 3 2 200000.000000
144.025445 3 3 5000000.000000
144.092433 3 2 2000000.000000
145.202197 3 2 80000.000000
145.687158 3 0 10000000.000000
145.719101 3 1 50000.000000
146.170597 3 2 10000000.000000
148.886441 3 2 200000.000000
148.996242 3 1 80000.000000
149.247686 3 1 200000.000000
149.353629 3 1 10000.000000
149.375142 3 2 80000.000000
