0.417355 0 2 10000.000000
0.485780 0 3 50000.000000
1.061709 0 0 10000.000000
1.200442 0 1 50000.000000
1.411375 0 1 2000000.000000
1.564683 0 0 1000000.000000
1.618466 0 3 1000000.000000
1.656479 0 0 80000.000000
2.055995 0 2 80000.000000
2.561920 0 0 50000.000000
2.803426 0 3 20000.000000
3.078197 0 3 10000.000000
3.642836 0 3 200000.000000
3.843068 0 0 20000.000000
3.933693 0 3 1000000.000000
4.250137 0 0 2000000.000000
4.516398 0 2 5000000.000000
4.545736 0 3 2000000.000000
4.664069 0 1 30000.000000
4.769292 0 1 2000000.000000
4.784258 0 3 50000.000000
4.860533 0 3 5000000.000000
4.961546 0 2 30000000.000000
5.816522 0 1 50000.000000
6.379275 0 2 5000000.000000
6.524135 0 2 200000.000000
6.796190 0 2 10000.000000
6.966783 0 0 1000000.000000
7.202422 0 1 5000000.000000
7.648413 0 2 10000.000000
7.668438 0 1 5000000.000000
8.061619 0 1 5000000.000000
8.088369 0 3 10000.000000
8.148934 0 2 1000000.000000
8.246752 0 1 2000000.000000
8.626493 0 3 30000.000000
8.868832 0 1 5000000.000000
9.364759 0 0 200000.000000
9.739518 0 1 80000.000000
9.953102 0 0 30000.000000
10.229461 0 3 10000.000000
10.486481 0 0 10000000.000000
10.641147 0 0 200000.000000
10.908698 0 3 30000.000000
11.521923 0 1 10000.000000
12.413200 0 1 200000.000000
12.507362 0 0 10000.000000
12.518201 0 1 200000.000000
12.748387 0 3 10000.000000
12.950307 0 0 5000000.000000
13.045893 0 3 1000000.000000
13.074908 0 1 5000000.000000
13.637298 0 1 30000.000000
14.077981 0 0 50000.000000
14.080943 0 3 50000.000000
15.093604 0 1 10000.000000
15.129901 0 3 80000.000000
15.259810 0 0 20000.000000
15.297290 0 2 20000.000000
15.308052 0 1 10000.000000
15.660082 0 0 2000000.000000
16.014664 0 1 10000.000000
16.189920 0 1 1000000.000000
16.325585 0 0 10000.000000
16.741383 0 2 80000.000000
16.770869 0 1 10000000.000000
16.801501 0 3 10000.000000
17.135286 0 2 1000000.000000
17.388291 0 0 2000000.000000
17.430905 0 2 200000.000000
17.777779 0 3 1000000.000000
17.781741 0 1 1000000.000000
18.472418 0 1 30000.000000
19.264118 0 2 2000000.000000
19.454042 0 0 2000000.000000
19.573509 0 2 1000000.000000
19.604659 0 3 10000.000000
19.815709 0 2 80000.000000
19.869877 0 1 30000000.000000
20.212520 0 1 10000000.000000
20.652021 0 3 20000.000000
21.349985 0 2 10000.000000
21.426766 0 0 20000.000000
21.830496 0 3 20000.000000
22.002569 0 3 2000000.000000
22.060100 0 3 10000.000000
22.602620 0 1 10000.000000
22.610733 0 0 80000.000000
22.852589 0 2 30000000.000000
22.946574 0 1 2000000.000000
23.118031 0 3 10000.000000
23.401749 0 0 5000000.000000
24.244752 0 2 30000.000000
24.279649 0 2 80000.000000
24.687164 0 0 30000000.000000
24.731253 0 3 20000.000000
25.225956 0 1 30000.000000
25.491588 0 2 200000.000000
25.878098 0 2 10000.000000
26.426006 0 2 50000.000000
26.523450 0 2 10000.000000
26.550485 0 3 1000000.000000
28.037276 0 3 10000.000000
28.326679 0 1 50000.000000
28.753996 0 2 10000000.000000
29.761983 0 0 50000.000000
30.011236 0 1 10000.000000
30.673894 0 3 5000000.000000
30.887428 0 2 200000.000000
31.128348 0 3 10000.000000
31.446891 0 1 30000.000000
31.833115 0 2 2000000.000000
31.984064 0 0 1000000.000000
32.624312 0 1 10000000.000000
32.864079 0 1 200000.000000
33.130490 0 3 80000.000000
33.252976 0 1 30000.000000
33.569062 0 3 2000000.000000
33.775736 0 1 2000000.000000
33.828573 0 2 10000.000000
33.992509 0 3 2000000.000000
34.134187 0 1 5000000.000000
34.141060 0 3 200000.000000
34.655119 0 0 50000.000000
35.066317 0 3 30000000.000000
35.385396 0 0 1000000.000000
35.560358 0 2 5000000.000000
35.778353 0 3 2000000.000000
35.945240 0 3 30000.000000
36.749647 0 0 30000.000000
36.869337 0 0 80000.000000
37.755468 0 1 80000.000000
38.355845 0 1 2000000.000000
38.514433 0 2 1000000.000000
39.121122 0 1 50000.000000
39.339996 0 2 2000000.000000
39.865856 0 2 200000.000000
39.969600 0 2 10000.000000
40.078856 0 1 30000.000000
40.191347 0 3 30000.000000
40.296777 0 2 50000.000000
40.342991 0 0 80000.000000
40.750076 0 2 10000000.000000
40.853065 0 2 30000.000000
41.091650 0 0 80000.000000
41.106466 0 3 80000.000000
41.331466 0 1 20000.000000
41.451397 0 2 2000000.000000
41.515009 0 0 1000000.000000
41.613861 0 0 200000.000000
42.043901 0 0 200000.000000
42.119191 0 3 10000.000000
42.131841 0 3 10000000.000000
42.460974 0 0 50000.000000
42.543376 0 3 10000.000000
42.968357 0 0 80000.000000
43.092356 0 2 200000.000000
43.130021 0 1 30000.000000
43.620067 0 0 2000000.000000
43.942064 0 3 2000000.000000
44.016813 0 1 10000.000000
44.178903 0 1 2000000.000000
44.353220 0 2 1000000.000000
44.371226 0 0 2000000.000000
44.577946 0 3 10000000.000000
45.107817 0 0 5000000.000000
45.533278 0 0 10000.000000
46.069378 0 2 2000000.000000
46.579038 0 0 10000.000000
48.727386 0 3 50000.000000
48.740620 0 1 1000000.000000
49.021175 0 1 2000000.000000
49.270172 0 3 50000.000000
49.610066 0 0 5000000.000000
49.844713 0 2 200000.000000
49.968606 0 1 80000.000000
50.244250 0 1 30000.000000
50.248611 0 2 80000.000000
50.479544 0 2 2000000.000000
51.176403 0 2 5000000.000000
51.188224 0 0 1000000.000000
51.905018 0 1 20000.000000
53.125283 0 2 10000.000000
54.586156 0 3 5000000.000000
54.617390 0 1 80000.000000
54.685367 0 2 10000.000000
54.712176 0 1 200000.000000
54.780014 0 1 80000.000000
55.138777 0 3 30000.000000
55.476409 0 0 10000.000000
55.767697 0 1 50000.000000
56.031721 0 1 10000000.000000
56.127212 0 0 2000000.000000
56.232903 0 2 30000.000000
56.243431 0 3 20000.000000
56.299034 0 3 1000000.000000
56.939481 0 3 30000.000000
57.763540 0 3 1000000.000000
57.793985 0 3 30000.000000
57.902920 0 3 30000.000000
58.337562 0 0 5000000.000000
58.414010 0 2 5000000.000000
58.631715 0 2 10000.000000
59.299344 0 1 50000.000000
59.367133 0 2 1000000.000000
59.998994 0 2 200000.000000
60.486809 0 3 10000.000000
60.582020 0 2 2000000.000000
60.966209 0 0 10000000.000000
61.409561 0 1 30000.000000
61.905713 0 1 200000.000000
62.215755 0 2 10000.000000
62.315861 0 1 30000.000000
62.403450 0 1 5000000.000000
62.708636 0 3 2000000.000000
62.898315 0 1 30000.000000
62.949253 0 3 5000000.000000
63.177416 0 0 80000.000000
63.209916 0 0 80000.000000
63.214133 0 2 1000000.000000
63.281448 0 3 2000000.000000
63.720289 0 1 2000000.000000
63.855101 0 0 2000000.000000
63.867606 0 2 10000.000000
64.189058 0 1 10000000.000000
64.486856 0 3 5000000.000000
65.025332 0 1 1000000.000000
65.437084 0 3 50000.000000
65.438193 0 2 10000.000000
66.024691 0 3 50000.000000
66.277909 0 1 2000000.000000
66.320669 0 0 10000000.000000
66.762582 0 1 30000.000000
66.886256 0 1 80000.000000
67.210967 0 2 30000.000000
67.473124 0 3 80000.000000
67.558736 0 0 10000000.000000
67.570818 0 0 5000000.000000
67.619345 0 0 20000.000000
67.820023 0 1 50000.000000
67.924908 0 3 20000.000000
68.160288 0 0 20000.000000
68.314174 0 2 10000.000000
68.502652 0 2 30000.000000
68.841255 0 3 5000000.000000
69.357654 0 2 80000.000000
69.402500 0 3 30000.000000
69.718105 0 1 30000.000000
70.114183 0 3 2000000.000000
70.305009 0 1 5000000.000000
70.347585 0 2 80000.000000
71.110514 0 2 1000000.000000
71.414809 0 0 10000.000000
71.470869 0 3 10000.000000
71.667312 0 2 5000000.000000
71.981125 0 2 5000000.000000
72.038654 0 0 200000.000000
72.182113 0 1 5000000.000000
72.958314 0 1 2000000.000000
73.218372 0 3 2000000.000000
73.450491 0 1 30000.000000
73.477454 0 2 1000000.000000
73.763964 0 3 30000000.000000
73.783807 0 0 10000.000000
74.422553 0 2 20000.000000
74.451585 0 3 5000000.000000
74.533920 0 1 50000.000000
75.818843 0 3 1000000.000000
75.912024 0 1 10000.000000
75.954347 0 3 10000.000000
76.225312 0 2 10000.000000
76.289238 0 0 80000.000000
76.325887 0 0 1000000.000000
77.260258 0 1 50000.000000
77.483991 0 0 10000.000000
77.499615 0 2 50000.000000
77.608037 0 1 2000000.000000
77.969238 0 2 80000.000000
78.128400 0 0 80000.000000
78.315644 0 3 200000.000000
78.673511 0 0 10000.000000
78.884879 0 3 5000000.000000
79.196695 0 1 80000.000000
79.684689 0 0 50000.000000
79.692333 0 1 10000.000000
79.979176 0 1 10000000.000000
79.989228 0 0 10000000.000000
80.146253 0 3 10000.000000
81.811849 0 2 50000.000000
81.854281 0 2 10000000.000000
81.903887 0 1 10000.000000
82.561567 0 0 30000.000000
82.677382 0 1 5000000.000000
82.724723 0 3 1000000.000000
82.860501 0 2 2000000.000000
83.144308 0 3 10000000.000000
84.127005 0 2 1000000.000000
84.367761 0 0 5000000.000000
84.372448 0 2 2000000.000000
84.477819 0 1 2000000.000000
84.572594 0 3 30000.000000
85.198551 0 3 20000.000000
85.354855 0 3 10000.000000
86.311511 0 0 5000000.000000
86.770708 0 3 20000.000000
87.261340 0 3 50000.000000
87.333613 0 3 200000.000000
87.420977 0 2 200000.000000
88.161162 0 3 30000.000000
88.539769 0 1 30000.000000
88.697248 0 1 5000000.000000
89.181175 0 3 80000.000000
91.443903 0 3 80000.000000
91.763382 0 2 2000000.000000
91.983035 0 0 10000.000000
92.368637 0 1 20000.000000
92.931670 0 1 2000000.000000
92.997034 0 0 10000.000000
93.044461 0 3 200000.000000
93.081307 0 1 80000.000000
93.312867 0 3 20000.000000
93.624002 0 2 10000.000000
93.885160 0 0 5000000.000000
94.071247 0 2 2000000.000000
94.382381 0 2 50000.000000
94.636234 0 0 2000000.000000
95.139253 0 3 2000000.000000
95.171766 0 2 2000000.000000
95.267306 0 0 30000.000000
95.502919 0 0 200000.000000
95.594277 0 3 10000.000000
95.954810 0 0 30000.000000
96.224268 0 2 1000000.000000
96.396156 0 0 5000000.000000
96.554752 0 1 30000.000000
96.599145 0 3 10000.000000
96.692712 0 2 10000.000000
96.722554 0 2 2000000.000000
96.851066 0 1 30000.000000
97.301662 0 2 20000.000000
97.313846 0 3 10000.000000
97.430193 0 3 5000000.000000
97.526734 0 2 30000.000000
97.791706 0 1 30000.000000
97.807862 0 2 2000000.000000
97.926194 0 3 30000000.000000
98.017130 0 3 1000000.000000
98.026971 0 2 5000000.000000
98.129978 0 0 20000.000000
98.423438 0 2 200000.000000
98.682599 0 0 80000.000000
98.929169 0 1 80000.000000
99.079793 0 2 5000000.000000
99.083709 0 1 80000.000000
99.467746 0 3 2000000.000000
99.604209 0 0 2000000.000000
100.080422 0 1 1000000.000000
100.171459 0 0 2000000.000000
100.277954 0 1 2000000.000000
100.286899 0 2 80000.000000
100.604225 0 0 30000.000000
101.068004 0 2 5000000.000000
101.426340 0 1 2000000.000000
101.522577 0 1 2000000.000000
101.674389 0 3 50000.000000
103.222145 0 2 10000.000000
103.227197 0 1 30000000.000000
103.300839 0 2 50000.000000
103.357023 0 2 30000.000000
103.572958 0 3 80000.000000
103.637492 0 2 10000.000000
103.878161 0 3 5000000.000000
105.051832 0 3 2000000.000000
105.079092 0 0 1000000.000000
105.914905 0 1 10000.000000
106.556045 0 0 80000.000000
106.610094 0 0 1000000.000000
106.653789 0 1 2000000.000000
107.210992 0 3 10000.000000
107.275443 0 2 200000.000000
107.350671 0 1 50000.000000
107.779837 0 2 30000.000000
107.845693 0 3 10000.000000
107.848161 0 2 20000.000000
108.120410 0 0 80000.000000
108.127207 0 2 2000000.000000
108.191986 0 1 5000000.000000
108.607064 0 3 2000000.000000
108.840080 0 0 2000000.000000
109.033923 0 0 30000.000000
109.063592 0 1 10000.000000
109.102221 0 3 200000.000000
109.894728 0 3 1000000.000000
110.063565 0 2 50000.000000
110.141644 0 2 50000.000000
110.198993 0 1 2000000.000000
110.623569 0 0 10000000.000000
110.912238 0 2 200000.000000
111.186449 0 0 2000000.000000
111.331459 0 0 5000000.000000
111.484484 0 2 5000000.000000
111.494788 0 0 10000000.000000
111.805081 0 3 2000000.000000
111.831107 0 3 50000.000000
112.524015 0 2 10000.000000
112.672725 0 2 30000.000000
112.983737 0 0 5000000.000000
113.258956 0 1 10000.000000
114.102344 0 2 1000000.000000
114.296358 0 2 50000.000000
114.304552 0 0 2000000.000000
114.917669 0 0 30000.000000
114.985061 0 3 2000000.000000
115.005634 0 0 2000000.000000
115.455823 0 3 10000.000000
115.496610 0 0 50000.000000
115.989132 0 3 2000000.000000
116.137466 0 0 20000.000000
116.556378 0 3 30000000.000000
116.747745 0 2 10000000.000000
116.748223 0 3 2000000.000000
116.962984 0 1 5000000.000000
117.511246 0 2 10000.000000
117.696581 0 3 20000.000000
117.846884 0 1 30000.000000
118.168369 0 0 5000000.000000
118.304155 0 1 30000.000000
118.643999 0 2 50000.000000
118.690827 0 0 80000.000000
118.700177 0 0 200000.000000
118.771399 0 2 50000.000000
118.808685 0 1 10000.000000
118.992556 0 1 2000000.000000
119.507425 0 0 200000.000000
119.620556 0 1 30000.000000
119.753684 0 2 50000.000000
119.851217 0 3 2000000.000000
119.929292 0 3 20000.000000
120.335612 0 1 1000000.000000
120.365754 0 1 10000.000000
120.490959 0 1 80000.000000
120.494707 0 0 200000.000000
120.957730 0 2 10000.000000
121.324455 0 3 30000.000000
121.355012 0 0 1000000.000000
121.660747 0 2 200000.000000
121.960904 0 3 30000.000000
122.675789 0 0 200000.000000
123.371342 0 0 50000.000000
123.531333 0 1 30000.000000
123.701572 0 2 2000000.000000
124.356055 0 1 20000.000000
125.094267 0 2 50000.000000
125.202817 0 2 50000.000000
125.288724 0 0 2000000.000000
125.328051 0 1 10000000.000000
125.401103 0 1 80000.000000
125.410063 0 3 10000.000000
125.646528 0 3 80000.000000
126.154324 0 2 10000.000000
126.280685 0 1 1000000.000000
126.392729 0 2 1000000.000000
127.102498 0 3 2000000.000000
127.175524 0 1 80000.000000
127.391902 0 2 50000.000000
127.415815 0 1 20000.000000
127.459189 0 1 5000000.000000
127.790976 0 2 200000.000000
127.843444 0 3 2000000.000000
128.123698 0 2 30000.000000
128.146504 0 0 80000.000000
129.370969 0 0 50000.000000
129.517510 0 1 1000000.000000
129.605704 0 0 50000.000000
129.932482 0 2 20000.000000
130.333298 0 0 2000000.000000
130.594351 0 2 200000.000000
130.894718 0 1 2000000.000000
130.895678 0 0 1000000.000000
130.919131 0 1 5000000.000000
131.223416 0 1 10000000.000000
131.223953 0 3 1000000.000000
131.478084 0 0 80000.000000
131.647226 0 2 10000.000000
132.001868 0 1 2000000.000000
132.177326 0 3 50000.000000
132.278381 0 0 80000.000000
132.601987 0 2 10000.000000
132.682514 0 0 200000.000000
133.487081 0 3 50000.000000
133.571961 0 1 10000000.000000
133.641048 0 2 200000.000000
133.704923 0 2 1000000.000000
134.574961 0 1 30000.000000
134.734897 0 2 10000.000000
134.822420 0 1 30000000.000000
135.300257 0 0 30000.000000
135.453667 0 1 50000.000000
136.089668 0 1 10000.000000
136.151619 0 1 200000.000000
136.238560 0 0 30000.000000
136.434940 0 0 200000.000000
136.871078 0 0 10000.000000
137.334311 0 2 50000.000000
137.344651 0 1 5000000.000000
137.986189 0 3 80000.000000
138.067148 0 1 10000000.000000
138.537583 0 3 2000000.000000
138.876190 0 1 50000.000000
138.886510 0 1 10000000.000000
140.296357 0 3 30000.000000
141.068025 0 2 200000.000000
141.988445 0 2 10000.000000
143.283640 0 0 50000.000000
143.398652 0 3 80000.000000
143.693654 0 2 10000.000000
144.147937 0 2 80000.000000
144.230457 0 3 5000000.000000
144.479918 0 0 80000.000000
144.939326 0 3 30000.000000
144.950341 0 3 200000.000000
144.961235 0 1 200000.000000
145.177841 0 3 20000.000000
145.253564 0 3 10000.000000
145.573260 0 0 10000000.000000
146.046568 0 3 10000.000000
146.116029 0 3 10000.000000
146.118183 0 3 50000.000000
146.364213 0 1 30000.000000
146.795175 0 1 80000.000000
146.851306 0 1 30000.000000
147.233187 0 3 50000.000000
147.616724 0 1 1000000.000000
147.726083 0 1 2000000.000000
147.790724 0 0 10000.000000
147.855061 0 0 80000.000000
148.072753 0 2 10000.000000
148.850404 0 0 30000.000000
148.888111 0 1 10000000.000000
149.107609 0 2 80000.000000
149.317431 0 1 10000000.000000
0.328947 1 1 20000.000000
0.402793 1 3 5000000.000000
0.559755 1 2 2000000.000000
0.994975 1 3 50000.000000
1.093075 1 0 2000000.000000
1.321005 1 3 20000.000000
1.616686 1 3 50000.000000
1.795230 1 2 10000000.000000
2.177322 1 3 1000000.000000
2.318854 1 1 200000.000000
2.925646 1 2 20000.000000
3.285876 1 0 1000000.000000
3.295937 1 2 10000.000000
3.315342 1 3 30000.000000
3.350383 1 2 80000.000000
3.553464 1 2 20000.000000
3.668685 1 0 30000.000000
4.694352 1 3 50000.000000
5.298895 1 2 30000.000000
5.323647 1 3 10000.000000
6.153498 1 3 10000000.000000
6.195909 1 2 2000000.000000
6.810764 1 3 30000.000000
7.186566 1 0 80000.000000
7.252302 1 3 1000000.000000
7.462609 1 1 80000.000000
7.512174 1 1 5000000.000000
7.701612 1 0 50000.000000
7.734141 1 2 50000.000000
7.738161 1 0 10000000.000000
8.129511 1 3 5000000.000000
8.842897 1 0 200000.000000
9.634571 1 0 30000.000000
9.829911 1 3 10000.000000
9.866966 1 3 2000000.000000
9.904421 1 2 10000.000000
10.038397 1 0 200000.000000
10.254304 1 1 10000.000000
10.476772 1 1 10000000.000000
10.926789 1 2 30000.000000
11.140480 1 3 200000.000000
11.510138 1 1 10000.000000
11.629940 1 1 10000.000000
11.810079 1 0 50000.000000
12.297451 1 1 10000000.000000
12.381451 1 1 30000.000000
13.208801 1 2 80000.000000
13.378867 1 1 5000000.000000
13.601742 1 1 50000.000000
13.690560 1 2 50000.000000
14.498264 1 2 10000.000000
14.689543 1 3 30000.000000
14.788396 1 0 1000000.000000
15.031336 1 2 80000.000000
15.300231 1 2 5000000.000000
15.497633 1 1 30000.000000
15.551603 1 1 1000000.000000
15.761125 1 1 5000000.000000
16.089047 1 1 10000.000000
16.745854 1 2 1000000.000000
17.074181 1 1 10000.000000
17.429895 1 3 30000.000000
18.344000 1 1 2000000.000000
18.359262 1 3 80000.000000
18.536176 1 0 10000.000000
20.330427 1 3 1000000.000000
20.371988 1 1 1000000.000000
20.516717 1 1 30000.000000
21.202645 1 2 2000000.000000
21.884952 1 3 10000.000000
21.931462 1 0 20000.000000
21.973076 1 1 80000.000000
22.048799 1 3 200000.000000
22.093363 1 0 200000.000000
22.908319 1 0 30000.000000
22.914393 1 3 1000000.000000
23.123282 1 2 200000.000000
23.170478 1 2 30000000.000000
23.706692 1 3 10000.000000
23.907362 1 1 50000.000000
23.932215 1 2 2000000.000000
24.057038 1 2 30000.000000
24.073698 1 2 80000.000000
24.337948 1 0 5000000.000000
24.338602 1 2 10000000.000000
24.368121 1 1 30000.000000
24.517694 1 0 30000.000000
25.015557 1 0 10000000.000000
25.311380 1 2 2000000.000000
26.051137 1 0 10000.000000
26.203474 1 3 2000000.000000
26.736596 1 0 5000000.000000
27.156268 1 1 2000000.000000
27.167553 1 0 10000.000000
28.625052 1 3 2000000.000000
29.222674 1 0 10000.000000
29.492016 1 2 10000.000000
29.639938 1 0 200000.000000
30.335232 1 1 10000000.000000
30.591082 1 1 1000000.000000
30.911746 1 0 10000000.000000
30.948256 1 2 10000000.000000
31.140598 1 2 2000000.000000
31.670810 1 0 10000.000000
31.879450 1 3 10000000.000000
32.014196 1 2 5000000.000000
32.021140 1 3 30000000.000000
32.109649 1 3 10000000.000000
32.258474 1 1 10000.000000
32.283958 1 1 30000.000000
33.092891 1 1 1000000.000000
33.323870 1 2 10000000.000000
34.263486 1 3 2000000.000000
34.471292 1 3 20000.000000
34.563813 1 0 10000000.000000
34.741101 1 3 200000.000000
35.071587 1 0 5000000.000000
35.253874 1 1 1000000.000000
35.687831 1 1 10000000.000000
36.017109 1 2 80000.000000
36.286529 1 1 80000.000000
36.742957 1 3 80000.000000
37.665903 1 3 1000000.000000
38.154323 1 0 30000.000000
38.531760 1 2 10000.000000
38.538630 1 2 10000.000000
38.709112 1 2 5000000.000000
38.796917 1 2 50000.000000
38.913900 1 3 80000.000000
39.050045 1 1 30000.000000
39.232321 1 2 10000000.000000
39.632937 1 0 5000000.000000
40.069718 1 3 5000000.000000
40.119524 1 0 50000.000000
40.429486 1 2 50000.000000
40.490419 1 0 2000000.000000
40.548102 1 3 2000000.000000
41.399682 1 3 50000.000000
42.047355 1 2 30000.000000
42.410729 1 3 10000.000000
42.503592 1 1 1000000.000000
42.692767 1 3 80000.000000
43.444782 1 2 10000.000000
43.465448 1 1 200000.000000
43.497818 1 2 80000.000000
43.638414 1 1 80000.000000
43.967956 1 3 1000000.000000
44.277875 1 3 30000.000000
44.364474 1 2 5000000.000000
44.626552 1 2 50000.000000
45.028312 1 2 80000.000000
45.130799 1 3 10000.000000
46.787472 1 2 80000.000000
46.789092 1 0 80000.000000
47.140734 1 1 200000.000000
47.367095 1 0 200000.000000
47.916878 1 1 1000000.000000
48.015210 1 2 2000000.000000
48.243246 1 0 30000000.000000
48.335412 1 0 30000.000000
48.577077 1 1 1000000.000000
48.793599 1 0 80000.000000
49.230312 1 2 10000.000000
49.621163 1 3 50000.000000
49.632592 1 3 5000000.000000
49.686013 1 0 20000.000000
49.839639 1 1 30000000.000000
49.866813 1 3 10000000.000000
50.015465 1 1 30000.000000
50.317816 1 0 30000.000000
50.949844 1 3 10000.000000
51.626165 1 1 1000000.000000
51.751957 1 0 80000.000000
52.861720 1 3 80000.000000
53.191188 1 2 5000000.000000
53.366072 1 3 80000.000000
53.498474 1 1 50000.000000
53.689174 1 1 10000000.000000
53.716527 1 3 200000.000000
54.228226 1 0 50000.000000
54.894633 1 2 10000.000000
55.133608 1 0 2000000.000000
55.344049 1 0 5000000.000000
55.760763 1 3 10000.000000
55.807531 1 3 200000.000000
55.980277 1 0 80000.000000
56.012741 1 3 1000000.000000
56.286452 1 2 5000000.000000
56.358496 1 1 200000.000000
56.813984 1 0 200000.000000
56.825500 1 1 10000.000000
57.576122 1 0 30000000.000000
58.072209 1 3 5000000.000000
58.762067 1 1 5000000.000000
59.113193 1 1 30000.000000
59.427668 1 0 10000000.000000
59.873975 1 2 50000.000000
60.238614 1 3 80000.000000
60.386000 1 1 50000.000000
61.433661 1 3 5000000.000000
62.183556 1 1 10000000.000000
62.231457 1 3 10000.000000
62.286740 1 2 10000000.000000
62.662142 1 0 2000000.000000
62.721613 1 3 50000.000000
63.138021 1 3 10000000.000000
63.232736 1 0 5000000.000000
63.583504 1 2 5000000.000000
64.062924 1 0 50000.000000
64.162081 1 1 2000000.000000
64.359320 1 1 10000.000000
64.961860 1 2 80000.000000
65.084000 1 2 10000000.000000
65.250715 1 1 1000000.000000
65.284366 1 0 10000.000000
65.575661 1 0 2000000.000000
65.867150 1 0 5000000.000000
66.517041 1 2 1000000.000000
66.754688 1 0 50000.000000
66.847681 1 2 5000000.000000
66.847867 1 3 30000.000000
67.493941 1 3 200000.000000
67.972591 1 1 2000000.000000
69.404296 1 2 5000000.000000
70.208988 1 1 1000000.000000
70.212123 1 3 30000.000000
70.331762 1 1 10000000.000000
70.438250 1 1 1000000.000000
70.850263 1 3 30000.000000
70.908343 1 3 20000.000000
71.081338 1 2 5000000.000000
71.380782 1 0 50000.000000
71.806606 1 2 50000.000000
71.809100 1 1 10000.000000
72.088772 1 2 10000.000000
72.135832 1 2 5000000.000000
72.870936 1 1 1000000.000000
73.008272 1 1 200000.000000
73.272406 1 3 5000000.000000
73.279779 1 3 1000000.000000
73.502317 1 3 10000.000000
73.701792 1 2 30000.000000
74.152457 1 0 10000.000000
74.167940 1 3 30000000.000000
74.208319 1 1 5000000.000000
74.412635 1 2 2000000.000000
74.770099 1 1 10000.000000
75.049624 1 2 10000000.000000
75.468370 1 2 2000000.000000
75.999653 1 2 1000000.000000
76.189736 1 3 50000.000000
76.284902 1 1 20000.000000
76.533951 1 1 80000.000000
76.944066 1 2 10000.000000
77.053847 1 2 1000000.000000
77.146971 1 0 5000000.000000
77.289428 1 1 1000000.000000
77.998000 1 1 80000.000000
78.237908 1 1 200000.000000
78.863176 1 1 20000.000000
78.893072 1 3 10000.000000
79.120566 1 2 10000.000000
79.681418 1 2 80000.000000
79.993101 1 0 2000000.000000
80.286138 1 0 10000.000000
80.487321 1 0 10000.000000
80.691902 1 2 80000.000000
80.799310 1 0 80000.000000
80.988881 1 0 10000.000000
81.596483 1 0 1000000.000000
81.864258 1 1 30000.000000
82.461285 1 3 1000000.000000
83.242762 1 3 10000.000000
83.490511 1 3 1000000.000000
83.578096 1 1 10000.000000
83.937722 1 3 200000.000000
84.304210 1 0 30000.000000
84.561470 1 0 200000.000000
84.618564 1 1 2000000.000000
84.719738 1 3 1000000.000000
85.092672 1 2 50000.000000
85.314882 1 2 2000000.000000
85.786742 1 1 80000.000000
86.239966 1 0 20000.000000
87.592630 1 1 2000000.000000
88.181467 1 0 30000.000000
88.496205 1 0 50000.000000
88.704470 1 0 80000.000000
88.797713 1 0 80000.000000
88.907288 1 0 1000000.000000
89.057484 1 0 80000.000000
89.495399 1 1 2000000.000000
89.519012 1 0 5000000.000000
90.432697 1 3 1000000.000000
90.506978 1 2 30000.000000
90.885347 1 3 80000.000000
90.974199 1 1 80000.000000
91.460647 1 1 50000.000000
91.557066 1 0 10000.000000
91.754329 1 1 10000.000000
91.963087 1 1 5000000.000000
92.300895 1 0 5000000.000000
92.536069 1 1 50000.000000
92.937637 1 1 30000.000000
93.297372 1 0 10000000.000000
93.695199 1 3 10000000.000000
94.117113 1 0 10000.000000
94.295009 1 1 2000000.000000
94.317195 1 3 10000.000000
94.905696 1 2 80000.000000
95.637019 1 2 2000000.000000
96.381501 1 2 50000.000000
96.541151 1 3 2000000.000000
96.631086 1 3 2000000.000000
97.488698 1 1 2000000.000000
97.639448 1 0 1000000.000000
97.644107 1 1 30000.000000
98.149614 1 1 80000.000000
98.466623 1 1 80000.000000
98.785316 1 1 10000000.000000
98.857273 1 0 10000.000000
99.235078 1 2 50000.000000
99.391055 1 1 200000.000000
99.746294 1 1 10000000.000000
100.490754 1 0 2000000.000000
100.567896 1 2 10000.000000
100.768142 1 0 200000.000000
100.877428 1 3 30000.000000
101.730102 1 0 1000000.000000
101.886929 1 2 1000000.000000
102.129425 1 2 10000000.000000
103.008080 1 1 2000000.000000
103.036954 1 3 30000000.000000
103.656537 1 2 2000000.000000
103.689273 1 0 50000.000000
103.778580 1 2 5000000.000000
104.362508 1 0 200000.000000
104.515370 1 1 10000.000000
104.730599 1 0 10000.000000
105.031040 1 2 10000000.000000
105.120260 1 1 80000.000000
105.400800 1 0 30000.000000
105.494264 1 0 80000.000000
105.654962 1 1 80000.000000
105.972484 1 1 1000000.000000
106.411274 1 3 1000000.000000
106.414099 1 2 10000.000000
107.186770 1 2 5000000.000000
107.279725 1 2 1000000.000000
107.485037 1 2 10000.000000
107.785350 1 0 5000000.000000
107.956178 1 3 80000.000000
108.049173 1 1 20000.000000
108.066942 1 2 2000000.000000
108.212399 1 2 80000.000000
108.230782 1 2 80000.000000
108.414889 1 0 1000000.000000
108.781508 1 0 10000.000000
108.852789 1 1 30000.000000
109.525759 1 1 30000.000000
109.948314 1 1 2000000.000000
110.425948 1 1 30000000.000000
110.825550 1 0 5000000.000000
111.826903 1 1 10000000.000000
112.091947 1 1 80000.000000
112.195651 1 1 80000.000000
112.205870 1 0 50000.000000
112.229505 1 2 5000000.000000
112.460184 1 0 10000.000000
112.505375 1 3 2000000.000000
112.618545 1 0 5000000.000000
113.166094 1 1 200000.000000
113.238078 1 0 5000000.000000
113.314846 1 0 10000.000000
113.367401 1 3 30000.000000
113.388555 1 0 10000.000000
113.396612 1 2 30000.000000
113.592745 1 3 10000000.000000
113.855828 1 1 5000000.000000
114.094721 1 1 1000000.000000
115.174464 1 1 50000.000000
115.986694 1 0 2000000.000000
116.296877 1 2 10000.000000
116.406658 1 3 30000.000000
116.442561 1 2 5000000.000000
116.796143 1 0 10000.000000
117.593058 1 3 2000000.000000
117.810423 1 2 1000000.000000
117.986679 1 3 80000.000000
118.460939 1 1 30000.000000
118.767242 1 0 1000000.000000
118.872694 1 2 50000.000000
118.948717 1 2 80000.000000
119.087664 1 2 10000.000000
119.553394 1 2 1000000.000000
119.953312 1 2 2000000.000000
120.408812 1 2 5000000.000000
120.855607 1 1 50000.000000
120.989337 1 0 20000.000000
121.069893 1 3 200000.000000
121.620025 1 2 20000.000000
121.680331 1 0 10000.000000
121.911095 1 1 80000.000000
122.454526 1 1 10000.000000
122.985131 1 1 10000.000000
123.002006 1 2 10000.000000
123.798567 1 3 2000000.000000
124.016715 1 0 10000.000000
124.017272 1 1 30000.000000
124.061723 1 1 10000.000000
124.143407 1 2 50000.000000
124.252913 1 3 80000.000000
125.293933 1 2 20000.000000
125.554812 1 0 1000000.000000
126.269538 1 0 80000.000000
126.275939 1 1 50000.000000
126.315390 1 3 80000.000000
126.826499 1 0 10000.000000
127.016737 1 0 30000.000000
127.157710 1 0 5000000.000000
127.237965 1 3 1000000.000000
127.252010 1 3 80000.000000
127.272591 1 2 10000000.000000
127.299446 1 3 10000.000000
127.416743 1 2 20000.000000
127.775351 1 3 10000.000000
128.297002 1 1 50000.000000
128.374050 1 0 2000000.000000
128.652508 1 3 10000000.000000
129.099753 1 2 10000000.000000
129.147762 1 0 1000000.000000
129.278911 1 2 1000000.000000
129.454628 1 2 50000.000000
129.622692 1 3 10000.000000
130.345729 1 3 30000000.000000
130.458942 1 0 80000.000000
131.248835 1 1 10000.000000
131.769951 1 0 10000.000000
131.988116 1 2 80000.000000
132.431632 1 2 2000000.000000
132.748604 1 1 1000000.000000
132.977408 1 0 1000000.000000
133.007572 1 1 80000.000000
133.009800 1 1 10000.000000
133.186108 1 1 50000.000000
134.014427 1 0 80000.000000
134.594728 1 0 50000.000000
134.967359 1 0 2000000.000000
135.266321 1 1 50000.000000
135.500468 1 0 5000000.000000
136.856516 1 2 10000000.000000
137.039443 1 3 10000000.000000
137.047951 1 3 2000000.000000
137.103336 1 2 200000.000000
137.137548 1 0 10000.000000
137.180323 1 2 5000000.000000
137.286244 1 2 1000000.000000
137.766035 1 3 50000.000000
137.772714 1 3 200000.000000
137.843313 1 0 10000.000000
137.850446 1 0 50000.000000
138.000108 1 1 200000.000000
138.035685 1 3 80000.000000
138.828275 1 2 50000.000000
138.859895 1 0 2000000.000000
138.894620 1 2 1000000.000000
138.953557 1 3 80000.000000
139.556223 1 1 2000000.000000
140.459958 1 1 10000.000000
140.716004 1 1 80000.000000
141.277693 1 0 10000.000000
141.852849 1 2 10000.000000
141.976800 1 2 10000.000000
142.280046 1 2 50000.000000
142.302175 1 2 30000.000000
142.919577 1 2 10000.000000
142.927434 1 2 10000000.000000
142.959183 1 3 2000000.000000
142.966167 1 1 80000.000000
143.006965 1 3 50000.000000
143.154592 1 0 5000000.000000
143.456061 1 0 200000.000000
143.694380 1 2 1000000.000000
143.909263 1 3 1000000.000000
144.071187 1 1 2000000.000000
144.235270 1 1 10000.000000
144.520634 1 3 200000.000000
144.664551 1 0 10000.000000
144.705581 1 1 80000.000000
144.725538 1 0 20000.000000
144.731574 1 0 30000000.000000
144.882445 1 2 2000000.000000
145.141183 1 2 10000000.000000
145.466208 1 0 10000.000000
146.190791 1 2 2000000.000000
146.431031 1 2 2000000.000000
146.492470 1 0 80000.000000
146.504657 1 3 80000.000000
146.706418 1 0 2000000.000000
147.282611 1 3 10000.000000
147.382989 1 2 30000.000000
147.987062 1 3 10000000.000000
148.128219 1 0 20000.000000
148.159476 1 3 80000.000000
148.199226 1 1 200000.000000
148.972694 1 1 2000000.000000
149.290452 1 2 10000000.000000
149.375469 1 0 200000.000000
149.393022 1 0 200000.000000
149.397783 1 0 50000.000000
149.824265 1 0 80000.000000
0.247740 2 2 50000.000000
0.310706 2 1 80000.000000
0.426481 2 3 10000.000000
0.590262 2 3 80000.000000
0.922134 2 3 50000.000000
2.607336 2 3 30000.000000
2.712420 2 2 1000000.000000
2.931636 2 2 50000.000000
3.042239 2 1 200000.000000
3.052036 2 1 5000000.000000
3.174767 2 1 10000.000000
3.549564 2 2 10000000.000000
3.675505 2 0 2000000.000000
4.152120 2 2 20000.000000
5.409353 2 2 50000.000000
5.536383 2 3 1000000.000000
5.687096 2 2 20000.000000
6.464866 2 1 1000000.000000
6.881368 2 1 10000000.000000
7.014133 2 0 10000000.000000
7.361858 2 1 10000.000000
7.411701 2 0 200000.000000
8.081035 2 3 30000.000000
8.121195 2 1 5000000.000000
8.666829 2 2 50000.000000
8.927532 2 3 2000000.000000
10.656278 2 2 10000.000000
10.717238 2 1 200000.000000
11.446129 2 1 30000.000000
11.914375 2 3 50000.000000
12.109926 2 1 30000000.000000
12.110241 2 3 80000.000000
12.218307 2 2 1000000.000000
12.291659 2 2 80000.000000
12.540236 2 0 50000.000000
12.970578 2 0 80000.000000
13.534510 2 2 1000000.000000
13.654782 2 0 20000.000000
13.691088 2 3 10000000.000000
13.955014 2 1 30000.000000
14.106633 2 1 30000.000000
14.198163 2 1 2000000.000000
14.473855 2 3 1000000.000000
14.846409 2 2 200000.000000
15.210800 2 2 80000.000000
15.351664 2 3 200000.000000
15.716563 2 3 5000000.000000
16.235383 2 0 20000.000000
16.942876 2 2 1000000.000000
17.857979 2 0 30000.000000
17.998074 2 0 10000.000000
18.068033 2 3 80000.000000
18.289451 2 1 2000000.000000
18.595163 2 3 1000000.000000
18.704863 2 1 30000.000000
18.762517 2 2 80000.000000
19.036964 2 2 10000000.000000
20.186019 2 2 50000.000000
20.368767 2 2 10000.000000
20.410695 2 1 200000.000000
20.480652 2 1 5000000.000000
20.547017 2 1 200000.000000
20.578019 2 2 1000000.000000
20.788982 2 1 50000.000000
20.983736 2 3 5000000.000000
21.261766 2 2 50000.000000
21.387705 2 2 5000000.000000
21.700642 2 2 1000000.000000
22.110205 2 0 10000.000000
22.544823 2 0 5000000.000000
22.669209 2 2 50000.000000
22.699264 2 0 50000.000000
23.429225 2 2 10000.000000
23.469995 2 1 80000.000000
24.252626 2 2 30000.000000
24.362572 2 1 1000000.000000
24.510306 2 2 1000000.000000
24.834078 2 3 5000000.000000
24.998288 2 3 10000000.000000
25.095528 2 0 1000000.000000
25.128820 2 2 50000.000000
25.230196 2 2 2000000.000000
25.496618 2 3 10000.000000
25.631356 2 0 5000000.000000
25.678161 2 1 5000000.000000
25.828505 2 2 10000000.000000
25.837044 2 3 10000.000000
25.855814 2 0 10000.000000
26.087205 2 1 1000000.000000
26.132491 2 2 20000.000000
26.155253 2 0 30000000.000000
26.264938 2 3 80000.000000
26.273438 2 2 200000.000000
27.364557 2 3 10000.000000
27.394182 2 3 10000.000000
27.993098 2 0 5000000.000000
28.176508 2 2 30000.000000
28.697737 2 1 10000.000000
28.801544 2 2 1000000.000000
28.929060 2 2 5000000.000000
29.458300 2 3 1000000.000000
29.580598 2 3 1000000.000000
30.025466 2 2 2000000.000000
30.104405 2 0 2000000.000000
30.242894 2 2 1000000.000000
30.409298 2 3 2000000.000000
30.448812 2 1 50000.000000
30.477667 2 1 50000.000000
30.648737 2 0 1000000.000000
30.735213 2 1 80000.000000
31.414067 2 1 10000.000000
31.706482 2 0 200000.000000
32.374765 2 3 10000000.000000
32.656203 2 1 10000.000000
32.771476 2 0 1000000.000000
32.886156 2 0 200000.000000
32.964415 2 3 50000.000000
33.604014 2 1 30000000.000000
34.280757 2 0 80000.000000
34.312753 2 1 80000.000000
34.423562 2 3 2000000.000000
34.564524 2 0 10000000.000000
34.603063 2 2 200000.000000
34.782482 2 0 10000.000000
35.024370 2 3 2000000.000000
35.146361 2 2 50000.000000
36.315098 2 2 5000000.000000
36.842032 2 3 30000.000000
36.908477 2 1 1000000.000000
37.269693 2 2 5000000.000000
37.315978 2 0 5000000.000000
37.413281 2 0 200000.000000
37.511632 2 3 20000.000000
38.202613 2 2 5000000.000000
38.414232 2 3 50000.000000
38.435069 2 1 50000.000000
38.800735 2 0 1000000.000000
39.055265 2 3 50000.000000
39.174966 2 3 1000000.000000
39.363675 2 1 30000000.000000
39.496219 2 1 80000.000000
39.619845 2 2 30000.000000
40.067534 2 3 30000.000000
40.183401 2 1 10000.000000
40.239610 2 3 2000000.000000
40.275768 2 1 20000.000000
41.058382 2 3 5000000.000000
41.240290 2 3 10000000.000000
41.433009 2 2 50000.000000
41.921984 2 1 1000000.000000
42.725968 2 1 1000000.000000
42.921194 2 0 5000000.000000
43.154589 2 3 50000.000000
43.693719 2 3 20000.000000
43.916784 2 3 30000.000000
44.432186 2 1 80000.000000
44.518118 2 1 200000.000000
45.203966 2 1 10000.000000
45.714213 2 2 10000.000000
45.802871 2 0 5000000.000000
46.030223 2 2 10000.000000
46.157537 2 0 20000.000000
47.493762 2 2 2000000.000000
47.559829 2 3 10000000.000000
47.608064 2 1 80000.000000
47.651430 2 2 5000000.000000
47.703140 2 2 2000000.000000
47.782110 2 3 10000.000000
48.408187 2 1 10000.000000
48.514049 2 1 30000.000000
48.567541 2 0 10000000.000000
48.605984 2 2 10000000.000000
48.677849 2 2 5000000.000000
48.810138 2 1 5000000.000000
49.184788 2 1 10000.000000
49.199119 2 1 80000.000000
49.250823 2 2 2000000.000000
49.439894 2 1 80000.000000
49.522440 2 2 50000.000000
49.707976 2 0 20000.000000
49.855873 2 1 1000000.000000
49.972143 2 2 80000.000000
50.035841 2 0 50000.000000
50.051618 2 2 10000.000000
50.374232 2 0 2000000.000000
50.475090 2 3 10000.000000
50.706803 2 1 10000000.000000
50.858800 2 1 2000000.000000
50.870544 2 0 10000.000000
51.023884 2 0 50000.000000
51.331706 2 3 50000.000000
51.357693 2 1 30000.000000
51.904942 2 0 10000.000000
52.144954 2 1 20000.000000
52.254420 2 0 30000.000000
52.661878 2 1 30000.000000
52.861186 2 0 10000000.000000
54.272632 2 1 2000000.000000
54.618076 2 1 30000.000000
56.060381 2 3 20000.000000
56.168652 2 2 10000.000000
56.614069 2 2 30000.000000
57.028813 2 3 5000000.000000
57.096811 2 0 50000.000000
57.775863 2 2 20000.000000
57.848511 2 0 80000.000000
57.996113 2 2 10000.000000
58.098788 2 3 30000.000000
58.207351 2 1 10000000.000000
58.662099 2 0 1000000.000000
59.069907 2 2 30000.000000
59.072813 2 2 10000.000000
59.176634 2 1 1000000.000000
59.427803 2 0 10000.000000
59.480590 2 3 200000.000000
59.560455 2 0 80000.000000
59.623916 2 1 10000.000000
59.704634 2 2 200000.000000
59.922367 2 1 30000.000000
60.119394 2 3 50000.000000
60.395352 2 2 200000.000000
60.461164 2 1 1000000.000000
60.668029 2 1 10000.000000
60.728619 2 3 80000.000000
60.730443 2 0 30000.000000
60.866069 2 3 2000000.000000
60.921925 2 2 10000.000000
61.006070 2 2 50000.000000
61.304112 2 2 20000.000000
61.717603 2 2 2000000.000000
61.743005 2 1 20000.000000
61.961300 2 3 5000000.000000
62.541114 2 0 10000.000000
62.631412 2 2 1000000.000000
62.648196 2 3 10000000.000000
62.854186 2 1 50000.000000
63.043620 2 0 80000.000000
63.182938 2 3 2000000.000000
63.312347 2 2 5000000.000000
63.372774 2 0 10000.000000
63.489327 2 2 10000000.000000
63.500649 2 1 20000.000000
63.581011 2 2 30000.000000
64.867190 2 0 50000.000000
64.971588 2 1 10000.000000
65.288320 2 1 30000.000000
66.299910 2 0 80000.000000
66.362295 2 0 80000.000000
66.429074 2 2 1000000.000000
66.528499 2 1 30000.000000
66.653780 2 3 30000.000000
67.359664 2 0 20000.000000
67.997809 2 0 1000000.000000
68.822937 2 2 30000.000000
69.498291 2 1 30000.000000
69.527678 2 1 200000.000000
70.170804 2 2 2000000.000000
70.176540 2 0 2000000.000000
70.220268 2 2 50000.000000
70.699586 2 0 80000.000000
70.835086 2 2 50000.000000
70.910253 2 2 10000.000000
71.157861 2 3 80000.000000
72.400961 2 2 2000000.000000
72.917318 2 1 5000000.000000
73.102147 2 3 50000.000000
73.667198 2 2 30000.000000
73.847787 2 0 50000.000000
73.932802 2 2 80000.000000
74.513059 2 1 50000.000000
74.651858 2 1 5000000.000000
74.741062 2 0 10000000.000000
74.806704 2 1 50000.000000
74.863922 2 0 2000000.000000
75.060187 2 1 2000000.000000
75.723508 2 2 1000000.000000
75.985567 2 2 80000.000000
76.216164 2 2 10000000.000000
76.950781 2 3 80000.000000
77.230958 2 3 20000.000000
77.262663 2 0 50000.000000
77.477912 2 0 10000000.000000
77.727833 2 2 200000.000000
77.994222 2 2 80000.000000
78.517146 2 3 5000000.000000
78.983538 2 0 50000.000000
79.399558 2 2 5000000.000000
79.617366 2 0 10000000.000000
80.060648 2 1 10000000.000000
80.077690 2 2 80000.000000
80.245972 2 0 5000000.000000
80.347605 2 1 10000000.000000
80.608704 2 1 80000.000000
80.863486 2 0 80000.000000
81.144951 2 0 1000000.000000
81.512441 2 0 50000.000000
81.644474 2 2 20000.000000
81.965204 2 3 200000.000000
82.276790 2 1 10000.000000
82.578588 2 0 5000000.000000
82.805330 2 1 80000.000000
82.806770 2 1 10000.000000
83.440565 2 1 80000.000000
83.465353 2 2 80000.000000
83.708357 2 1 30000.000000
84.080270 2 0 30000.000000
84.137880 2 0 10000.000000
84.502393 2 1 10000.000000
84.804558 2 1 10000.000000
84.920659 2 1 10000.000000
84.922900 2 1 20000.000000
85.211633 2 2 1000000.000000
85.362166 2 2 10000.000000
85.387350 2 3 1000000.000000
85.987330 2 3 5000000.000000
86.291105 2 0 200000.000000
86.383937 2 0 5000000.000000
86.551496 2 3 1000000.000000
86.743465 2 3 50000.000000
86.906094 2 0 80000.000000
87.037835 2 1 1000000.000000
88.184620 2 3 2000000.000000
88.464119 2 3 30000.000000
88.793713 2 3 2000000.000000
89.463147 2 1 50000.000000
89.792580 2 2 30000000.000000
90.216620 2 2 200000.000000
90.251796 2 1 50000.000000
91.427960 2 1 10000000.000000
91.563229 2 3 10000000.000000
91.622548 2 0 1000000.000000
92.663153 2 0 1000000.000000
92.941363 2 2 5000000.000000
93.227195 2 2 10000000.000000
93.615986 2 0 10000.000000
93.666644 2 2 5000000.000000
94.000531 2 0 80000.000000
94.012384 2 3 50000.000000
94.400426 2 1 10000000.000000
95.022479 2 3 1000000.000000
95.183682 2 2 5000000.000000
95.332899 2 1 30000.000000
95.409555 2 1 5000000.000000
95.461099 2 0 2000000.000000
95.520742 2 3 2000000.000000
95.716403 2 3 10000.000000
95.876440 2 0 2000000.000000
95.902408 2 0 200000.000000
95.998687 2 3 1000000.000000
96.046354 2 3 80000.000000
96.143924 2 1 80000.000000
96.291012 2 1 10000000.000000
96.351844 2 3 10000000.000000
96.448222 2 0 30000.000000
96.487806 2 2 50000.000000
97.168997 2 0 1000000.000000
97.186850 2 1 200000.000000
97.506560 2 1 2000000.000000
97.589462 2 0 1000000.000000
97.628199 2 2 2000000.000000
97.842399 2 2 2000000.000000
98.113364 2 3 80000.000000
98.153813 2 1 30000.000000
98.365774 2 0 2000000.000000
98.390792 2 2 200000.000000
98.548715 2 1 30000.000000
98.582066 2 1 30000000.000000
98.672306 2 1 80000.000000
98.957576 2 3 10000000.000000
99.248659 2 2 30000.000000
99.317171 2 1 20000.000000
99.468635 2 2 10000.000000
99.798638 2 3 10000000.000000
100.164390 2 2 1000000.000000
100.806910 2 2 80000.000000
101.088812 2 0 200000.000000
101.199412 2 1 2000000.000000
101.578314 2 2 30000.000000
101.606089 2 3 10000.000000
101.638170 2 0 80000.000000
101.664533 2 1 20000.000000
102.165886 2 0 10000.000000
102.604045 2 3 10000000.000000
102.984360 2 0 10000.000000
103.174595 2 3 30000.000000
103.209630 2 0 5000000.000000
103.229975 2 0 50000.000000
103.243278 2 3 2000000.000000
103.398086 2 2 10000000.000000
103.403827 2 3 10000000.000000
103.710766 2 1 5000000.000000
103.793062 2 0 10000.000000
103.905566 2 3 200000.000000
105.905427 2 2 2000000.000000
106.237742 2 0 30000.000000
106.238771 2 3 30000.000000
106.958471 2 3 10000.000000
107.004745 2 1 1000000.000000
107.175038 2 1 80000.000000
107.202232 2 1 80000.000000
107.764193 2 3 30000.000000
107.833973 2 0 30000.000000
108.284147 2 3 5000000.000000
108.538635 2 2 10000000.000000
109.030091 2 1 80000.000000
109.038631 2 2 30000.000000
109.141736 2 1 50000.000000
109.242435 2 2 80000.000000
109.287502 2 1 1000000.000000
109.671514 2 2 10000.000000
109.723331 2 2 200000.000000
109.875581 2 0 10000000.000000
110.066295 2 1 1000000.000000
110.338500 2 3 2000000.000000
110.342619 2 2 5000000.000000
110.787945 2 2 5000000.000000
111.253451 2 1 1000000.000000
112.074065 2 0 2000000.000000
112.100771 2 2 200000.000000
112.169793 2 3 50000.000000
112.639852 2 0 10000.000000
112.864933 2 3 5000000.000000
112.944672 2 0 80000.000000
113.399786 2 2 10000000.000000
114.051902 2 1 20000.000000
114.137409 2 0 200000.000000
114.698335 2 2 2000000.000000
115.195686 2 0 10000000.000000
115.561754 2 1 200000.000000
115.913478 2 1 10000.000000
116.613206 2 0 80000.000000
116.801124 2 0 10000.000000
117.060292 2 2 50000.000000
117.090585 2 2 30000.000000
117.273488 2 2 200000.000000
117.814737 2 0 80000.000000
118.087818 2 3 2000000.000000
118.293076 2 1 1000000.000000
118.671098 2 0 30000.000000
118.681861 2 1 50000.000000
119.332771 2 0 10000.000000
120.009664 2 0 2000000.000000
120.157314 2 1 5000000.000000
120.538986 2 2 80000.000000
121.111469 2 0 50000.000000
121.313336 2 1 80000.000000
122.595430 2 3 5000000.000000
122.822524 2 1 1000000.000000
122.960174 2 1 200000.000000
124.441242 2 2 1000000.000000
124.586143 2 1 10000.000000
124.636039 2 3 50000.000000
124.926337 2 2 80000.000000
124.977407 2 0 10000.000000
125.060322 2 3 1000000.000000
125.976305 2 0 1000000.000000
126.017218 2 3 50000.000000
126.169957 2 3 30000.000000
126.831867 2 1 10000.000000
128.994597 2 3 30000.000000
129.746957 2 1 1000000.000000
130.187218 2 1 80000.000000
130.222202 2 2 80000.000000
130.341478 2 2 20000.000000
130.520688 2 2 80000.000000
130.678409 2 3 20000.000000
130.963992 2 3 10000.000000
130.998747 2 0 30000.000000
131.167920 2 2 200000.000000
131.168313 2 3 5000000.000000
131.414947 2 2 2000000.000000
131.992978 2 2 80000.000000
132.935808 2 0 10000000.000000
133.072920 2 1 50000.000000
133.205192 2 2 10000000.000000
133.617520 2 2 200000.000000
133.700135 2 1 80000.000000
134.040198 2 1 200000.000000
134.242406 2 1 10000.000000
134.259553 2 2 80000.000000
134.520071 2 0 30000.000000
134.552780 2 0 200000.000000
134.772475 2 0 1000000.000000
135.090287 2 0 50000.000000
135.191555 2 1 30000.000000
135.397258 2 1 30000000.000000
135.466801 2 3 5000000.000000
136.193696 2 0 2000000.000000
136.212214 2 0 5000000.000000
136.439962 2 0 5000000.000000
136.772488 2 2 2000000.000000
136.846382 2 2 80000.000000
136.890341 2 1 200000.000000
137.481853 2 2 200000.000000
137.534795 2 3 5000000.000000
137.715140 2 2 5000000.000000
137.877214 2 2 1000000.000000
138.107409 2 2 5000000.000000
138.305001 2 3 50000.000000
138.496977 2 2 1000000.000000
138.644536 2 1 200000.000000
138.864351 2 3 30000.000000
139.833373 2 2 2000000.000000
140.126911 2 3 1000000.000000
140.178398 2 0 10000.000000
140.216867 2 0 5000000.000000
140.282554 2 1 10000.000000
140.418250 2 1 10000.000000
140.813294 2 2 2000000.000000
141.511931 2 1 10000.000000
141.851064 2 0 1000000.000000
142.386200 2 0 2000000.000000
142.867461 2 2 50000.000000
143.300256 2 1 30000.000000
143.842203 2 0 50000.000000
144.046611 2 1 80000.000000
144.200154 2 2 20000.000000
144.249983 2 2 5000000.000000
144.581833 2 3 1000000.000000
144.592323 2 2 10000000.000000
144.662380 2 1 20000.000000
145.003132 2 2 200000.000000
146.029742 2 2 80000.000000
146.193217 2 1 10000.000000
146.381059 2 3 2000000.000000
146.396443 2 2 30000000.000000
146.629326 2 2 200000.000000
146.910070 2 1 50000.000000
147.143386 2 1 5000000.000000
147.768614 2 1 1000000.000000
148.060648 2 2 1000000.000000
148.295121 2 3 30000.000000
148.458186 2 2 50000.000000
148.669376 2 1 20000.000000
148.876408 2 0 1000000.000000
149.127813 2 0 2000000.000000
149.231313 2 3 50000.000000
149.456323 2 0 30000.000000
149.710096 2 2 10000.000000
0.304239 3 1 30000.000000
0.650105 3 0 10000.000000
0.684908 3 0 30000.000000
0.694239 3 2 80000.000000
1.615907 3 2 10000.000000
2.005765 3 0 2000000.000000
2.422746 3 0 1000000.000000
3.660201 3 1 50000.000000
4.158933 3 0 1000000.000000
4.606873 3 2 80000.000000
4.703311 3 0 30000.000000
5.486779 3 1 80000.000000
5.597010 3 3 200000.000000
5.989006 3 3 80000.000000
5.994652 3 1 10000.000000
6.012779 3 2 30000.000000
6.152325 3 2 30000.000000
6.254415 3 2 10000.000000
6.255225 3 1 10000000.000000
6.718353 3 0 10000.000000
6.843905 3 3 5000000.000000
6.891474 3 3 30000.000000
7.491604 3 3 1000000.000000
7.497741 3 0 80000.000000
7.638343 3 0 5000000.000000
7.746359 3 1 200000.000000
8.107515 3 0 10000.000000
8.164816 3 1 2000000.000000
8.464024 3 3 2000000.000000
8.500021 3 3 1000000.000000
8.628880 3 2 10000.000000
9.185478 3 3 30000.000000
9.190142 3 0 2000000.000000
9.407116 3 3 10000000.000000
9.698464 3 2 10000000.000000
9.783282 3 0 1000000.000000
9.979744 3 0 5000000.000000
10.203099 3 2 5000000.000000
10.228536 3 0 10000.000000
10.757061 3 3 2000000.000000
10.810821 3 0 2000000.000000
10.926518 3 0 20000.000000
11.303090 3 2 80000.000000
11.360096 3 3 1000000.000000
11.745432 3 3 10000.000000
12.058956 3 2 1000000.000000
12.450462 3 0 2000000.000000
12.626319 3 2 1000000.000000
12.639576 3 3 5000000.000000
12.648447 3 1 30000.000000
12.991408 3 1 10000.000000
13.104712 3 0 10000.000000
13.913376 3 1 5000000.000000
13.992138 3 1 80000.000000
14.039998 3 0 2000000.000000
14.053504 3 1 5000000.000000
14.071196 3 0 1000000.000000
14.698353 3 0 80000.000000
14.831583 3 0 80000.000000
15.891849 3 0 5000000.000000
16.126387 3 2 200000.000000
16.717329 3 0 30000.000000
16.927494 3 3 10000000.000000
17.275775 3 3 10000000.000000
17.288982 3 1 10000000.000000
17.321925 3 1 200000.000000
17.445758 3 3 10000.000000
17.903051 3 0 10000.000000
17.978359 3 3 10000.000000
18.058335 3 2 2000000.000000
18.307040 3 1 2000000.000000
18.323656 3 3 10000.000000
19.813715 3 1 30000.000000
19.814662 3 3 10000.000000
19.838937 3 2 2000000.000000
19.845304 3 0 20000.000000
19.885331 3 1 5000000.000000
20.333715 3 0 2000000.000000
20.845014 3 0 2000000.000000
20.980825 3 0 10000.000000
21.133283 3 0 50000.000000
21.293632 3 3 50000.000000
22.202586 3 2 50000.000000
22.426996 3 0 30000.000000
22.471024 3 0 80000.000000
23.022087 3 0 10000000.000000
23.053036 3 1 30000.000000
23.213364 3 2 10000.000000
23.286279 3 2 80000.000000
23.642352 3 0 1000000.000000
23.953875 3 1 1000000.000000
24.379322 3 1 1000000.000000
24.908989 3 2 30000.000000
24.959245 3 0 5000000.000000
24.969508 3 1 10000.000000
25.426367 3 3 5000000.000000
25.507356 3 1 1000000.000000
25.627958 3 1 30000.000000
25.934440 3 2 1000000.000000
26.547669 3 0 200000.000000
27.126426 3 3 20000.000000
27.609726 3 0 50000.000000
27.727298 3 3 30000000.000000
27.933679 3 3 80000.000000
28.168351 3 0 20000.000000
28.806342 3 1 30000.000000
28.928015 3 1 10000.000000
28.978905 3 1 50000.000000
28.984233 3 0 30000.000000
30.151620 3 1 80000.000000
30.657946 3 1 2000000.000000
30.730974 3 3 30000.000000
30.979441 3 2 1000000.000000
31.104409 3 1 10000.000000
31.145365 3 1 10000.000000
31.461068 3 3 80000.000000
31.529048 3 1 1000000.000000
31.929167 3 0 2000000.000000
32.065170 3 1 50000.000000
32.337746 3 1 20000.000000
33.093966 3 0 50000.000000
33.122681 3 0 50000.000000
33.597493 3 1 50000.000000
34.238107 3 0 2000000.000000
34.719903 3 2 80000.000000
35.119406 3 3 80000.000000
35.376639 3 1 10000.000000
35.515289 3 1 10000.000000
35.815955 3 2 30000.000000
36.472204 3 0 10000.000000
36.523418 3 3 50000.000000
36.605657 3 3 1000000.000000
37.053234 3 2 80000.000000
37.202597 3 0 20000.000000
37.306537 3 0 200000.000000
37.384876 3 1 5000000.000000
37.627526 3 3 5000000.000000
38.028810 3 1 50000.000000
38.541475 3 2 80000.000000
38.834196 3 3 50000.000000
39.429934 3 2 30000.000000
39.505687 3 3 10000.000000
39.651752 3 1 1000000.000000
39.661876 3 2 1000000.000000
39.741785 3 2 30000000.000000
40.759634 3 3 50000.000000
40.797719 3 1 80000.000000
40.932869 3 1 5000000.000000
41.587703 3 2 50000.000000
41.843431 3 3 1000000.000000
41.856332 3 2 80000.000000
41.866763 3 2 50000.000000
41.989875 3 2 30000.000000
42.001154 3 3 10000.000000
42.594975 3 0 30000.000000
42.930320 3 1 1000000.000000
42.974822 3 0 10000000.000000
43.174297 3 1 80000.000000
43.443917 3 1 10000.000000
43.463704 3 1 200000.000000
43.667870 3 2 10000.000000
44.140972 3 1 50000.000000
44.230949 3 2 10000000.000000
44.414957 3 3 50000.000000
44.924885 3 0 5000000.000000
45.413023 3 3 30000.000000
45.925606 3 3 200000.000000
46.184834 3 0 30000.000000
46.253437 3 1 10000000.000000
46.573481 3 1 200000.000000
46.786913 3 1 30000.000000
47.121349 3 0 50000.000000
47.568180 3 3 80000.000000
47.608837 3 3 5000000.000000
47.826958 3 2 10000.000000
49.554530 3 3 200000.000000
50.007152 3 0 80000.000000
50.202772 3 0 1000000.000000
50.322531 3 3 30000.000000
50.605634 3 0 30000.000000
50.784038 3 2 10000.000000
50.889746 3 1 80000.000000
51.044297 3 1 30000.000000
51.390197 3 2 200000.000000
51.429124 3 1 80000.000000
51.796049 3 1 10000000.000000
51.902916 3 2 30000.000000
52.270745 3 1 1000000.000000
52.287091 3 3 1000000.000000
52.464874 3 1 30000.000000
52.557015 3 1 10000.000000
52.562216 3 2 10000000.000000
52.735579 3 1 50000.000000
53.597935 3 0 5000000.000000
53.795345 3 2 2000000.000000
54.282183 3 3 2000000.000000
54.464796 3 0 2000000.000000
54.490154 3 2 200000.000000
54.539684 3 3 80000.000000
54.633561 3 0 20000.000000
54.813480 3 1 30000.000000
54.882763 3 3 50000.000000
54.928738 3 3 50000.000000
55.115949 3 1 50000.000000
55.411616 3 1 30000000.000000
55.561415 3 0 5000000.000000
56.175432 3 3 10000.000000
56.359493 3 3 80000.000000
56.460951 3 0 10000000.000000
56.910808 3 1 30000000.000000
57.195874 3 0 10000.000000
57.963165 3 0 10000.000000
58.611462 3 2 80000.000000
58.681577 3 2 50000.000000
58.921811 3 3 5000000.000000
59.692604 3 1 80000.000000
59.856091 3 0 20000.000000
60.122818 3 0 10000.000000
60.196661 3 1 30000.000000
60.417967 3 1 200000.000000
60.556264 3 3 1000000.000000
60.684386 3 0 50000.000000
61.118241 3 3 20000.000000
61.133100 3 0 10000.000000
61.181951 3 0 1000000.000000
61.897781 3 3 50000.000000
62.033349 3 2 50000.000000
62.050330 3 1 200000.000000
62.122631 3 1 1000000.000000
62.440746 3 1 30000.000000
62.505707 3 1 80000.000000
62.648784 3 1 1000000.000000
62.834834 3 0 10000.000000
62.879038 3 0 1000000.000000
63.214650 3 2 30000.000000
63.275705 3 0 10000.000000
63.844055 3 3 1000000.000000
64.026908 3 1 1000000.000000
64.786421 3 0 30000.000000
64.950354 3 3 200000.000000
65.044827 3 2 50000.000000
65.097083 3 1 1000000.000000
65.378442 3 1 80000.000000
65.392197 3 1 80000.000000
65.442789 3 1 20000.000000
65.574660 3 3 1000000.000000
65.604503 3 2 10000000.000000
65.686387 3 0 30000.000000
65.977428 3 2 200000.000000
66.310407 3 3 30000.000000
66.774765 3 2 2000000.000000
66.780285 3 3 50000.000000
67.117704 3 0 30000.000000
67.267592 3 1 10000000.000000
67.282111 3 1 50000.000000
67.410976 3 1 10000000.000000
67.598199 3 2 200000.000000
67.811878 3 0 50000.000000
68.063879 3 0 5000000.000000
68.168948 3 1 30000.000000
68.196139 3 1 10000.000000
68.216504 3 3 30000.000000
68.682752 3 2 2000000.000000
68.837830 3 1 80000.000000
68.920021 3 0 200000.000000
69.247821 3 1 50000.000000
69.506025 3 0 10000.000000
70.010026 3 0 80000.000000
70.308683 3 0 5000000.000000
70.510420 3 0 50000.000000
71.033459 3 1 80000.000000
71.059510 3 1 5000000.000000
71.294207 3 3 10000000.000000
71.318920 3 2 10000.000000
71.457707 3 3 10000.000000
71.925055 3 0 80000.000000
72.492950 3 1 2000000.000000
72.515545 3 3 10000.000000
72.651317 3 3 2000000.000000
72.795298 3 3 30000000.000000
73.075829 3 1 2000000.000000
73.157869 3 2 5000000.000000
73.442859 3 1 200000.000000
73.445055 3 1 2000000.000000
73.820164 3 0 1000000.000000
74.104212 3 3 10000.000000
74.288997 3 3 10000000.000000
74.690147 3 1 200000.000000
75.118775 3 2 10000.000000
75.215186 3 2 30000.000000
75.511404 3 3 50000.000000
76.212967 3 2 1000000.000000
77.271001 3 2 5000000.000000
78.232306 3 3 30000.000000
78.595076 3 2 50000.000000
78.753401 3 1 10000.000000
78.872226 3 0 10000.000000
79.792212 3 0 80000.000000
80.136882 3 2 5000000.000000
80.522289 3 3 1000000.000000
80.684082 3 2 5000000.000000
81.271300 3 3 200000.000000
81.932808 3 3 200000.000000
81.974346 3 0 1000000.000000
82.235934 3 0 2000000.000000
82.291581 3 3 2000000.000000
82.642394 3 0 200000.000000
83.037988 3 0 50000.000000
83.114034 3 2 30000.000000
83.336616 3 1 20000.000000
84.288461 3 2 50000.000000
84.593500 3 3 20000.000000
85.076113 3 2 5000000.000000
85.100121 3 0 1000000.000000
85.243359 3 0 5000000.000000
85.433573 3 2 1000000.000000
85.469338 3 2 10000.000000
85.491723 3 0 30000000.000000
85.566310 3 2 5000000.000000
85.566849 3 3 5000000.000000
86.292601 3 2 200000.000000
86.312367 3 1 30000.000000
86.419343 3 3 10000.000000
86.442164 3 2 10000.000000
86.447257 3 1 1000000.000000
86.502999 3 2 80000.000000
86.757721 3 1 20000.000000
87.133214 3 2 30000000.000000
87.321653 3 1 50000.000000
87.635893 3 3 2000000.000000
87.902628 3 1 10000.000000
87.934302 3 1 80000.000000
89.552059 3 3 20000.000000
89.824399 3 2 1000000.000000
89.830337 3 2 1000000.000000
90.094502 3 3 20000.000000
90.102721 3 0 20000.000000
90.361480 3 3 5000000.000000
90.804363 3 2 10000.000000
90.963225 3 1 30000.000000
91.073447 3 0 2000000.000000
91.160645 3 2 5000000.000000
91.193571 3 2 80000.000000
91.386877 3 1 30000000.000000
91.779007 3 2 80000.000000
92.121743 3 1 20000.000000
92.134799 3 2 20000.000000
92.316615 3 0 10000.000000
92.430762 3 0 1000000.000000
92.561820 3 2 80000.000000
92.791064 3 3 5000000.000000
93.007107 3 2 80000.000000
93.056001 3 2 1000000.000000
93.188301 3 3 5000000.000000
93.191105 3 3 2000000.000000
93.551030 3 3 200000.000000
93.711675 3 0 50000.000000
93.780130 3 2 10000.000000
94.251319 3 2 30000.000000
94.595891 3 2 20000.000000
94.883503 3 0 50000.000000
94.996912 3 0 10000000.000000
95.195340 3 2 10000.000000
95.889692 3 0 5000000.000000
96.232994 3 2 5000000.000000
96.804751 3 0 10000.000000
96.931105 3 0 200000.000000
97.006405 3 1 30000.000000
97.154247 3 0 10000000.000000
98.288426 3 2 200000.000000
98.402601 3 1 1000000.000000
98.493175 3 0 50000.000000
98.557664 3 3 10000.000000
98.866884 3 0 50000.000000
98.907875 3 1 80000.000000
98.932619 3 1 30000.000000
99.139636 3 1 80000.000000
99.581254 3 1 30000.000000
99.682994 3 2 30000.000000
99.806050 3 1 2000000.000000
100.132052 3 0 10000.000000
100.165709 3 3 50000.000000
101.524034 3 0 2000000.000000
101.580055 3 3 80000.000000
102.140190 3 1 1000000.000000
102.266191 3 0 80000.000000
102.795370 3 3 2000000.000000
103.248745 3 3 10000000.000000
103.260317 3 2 2000000.000000
103.265057 3 3 5000000.000000
103.568846 3 1 80000.000000
103.677407 3 2 50000.000000
103.743857 3 3 5000000.000000
104.006361 3 2 80000.000000
104.025459 3 0 5000000.000000
104.177562 3 2 1000000.000000
105.357124 3 1 80000.000000
105.601192 3 2 20000.000000
106.114835 3 2 200000.000000
106.457361 3 2 30000000.000000
106.469758 3 3 30000.000000
106.526642 3 1 20000.000000
106.613802 3 3 5000000.000000
106.964725 3 1 80000.000000
107.024993 3 0 80000.000000
108.083389 3 1 30000.000000
108.137752 3 2 10000.000000
108.962276 3 0 5000000.000000
108.972522 3 2 50000.000000
109.459484 3 2 80000.000000
109.937105 3 3 5000000.000000
109.938407 3 0 1000000.000000
110.672641 3 2 10000.000000
110.797059 3 2 10000.000000
111.158124 3 3 10000.000000
111.277254 3 3 80000.000000
112.085861 3 2 80000.000000
112.193827 3 2 5000000.000000
112.281109 3 1 50000.000000
112.501327 3 3 80000.000000
112.522618 3 0 50000.000000
113.491230 3 2 30000.000000
113.685652 3 0 2000000.000000
114.015010 3 3 50000.000000
114.071168 3 2 5000000.000000
114.187374 3 1 5000000.000000
114.270640 3 3 10000000.000000
114.347818 3 1 10000.000000
114.534159 3 3 50000.000000
114.556670 3 2 30000.000000
114.841660 3 3 1000000.000000
114.953439 3 2 2000000.000000
114.978148 3 2 80000.000000
115.772983 3 3 200000.000000
115.826416 3 3 10000.000000
115.960323 3 0 1000000.000000
116.197282 3 3 1000000.000000
116.388495 3 2 30000000.000000
116.550961 3 1 80000.000000
117.342601 3 1 200000.000000
118.326520 3 0 30000.000000
118.445225 3 0 200000.000000
119.455194 3 0 10000000.000000
119.666586 3 0 2000000.000000
120.193742 3 1 10000.000000
120.861384 3 3 5000000.000000
121.225895 3 0 50000.000000
121.857694 3 3 80000.000000
122.200163 3 1 30000.000000
122.853978 3 1 200000.000000
123.014573 3 1 10000000.000000
123.109320 3 0 10000.000000
123.246307 3 3 10000.000000
123.270534 3 3 1000000.000000
123.304921 3 1 50000.000000
123.642031 3 0 10000.000000
124.251108 3 3 20000.000000
124.693700 3 0 5000000.000000
125.283223 3 3 1000000.000000
125.970036 3 0 80000.000000
126.214367 3 3 30000.000000
126.227354 3 1 10000.000000
127.552524 3 0 50000.000000
128.117665 3 1 50000.000000
128.897593 3 3 30000000.000000
129.005184 3 1 20000.000000
129.202338 3 3 1000000.000000
129.231803 3 0 10000.000000
129.311189 3 1 30000.000000
129.352155 3 3 200000.000000
129.944689 3 3 200000.000000
129.947841 3 3 2000000.000000
130.364882 3 1 1000000.000000
130.625974 3 3 5000000.000000
131.173249 3 3 5000000.000000
131.210715 3 0 200000.000000
131.750545 3 2 20000.000000
131.758533 3 1 2000000.000000
131.846657 3 2 1000000.000000
132.193914 3 3 50000.000000
132.476134 3 0 200000.000000
132.695209 3 1 1000000.000000
132.909941 3 2 2000000.000000
132.946208 3 2 1000000.000000
133.195676 3 0 10000.000000
134.220084 3 1 1000000.000000
134.387909 3 1 30000.000000
134.552944 3 3 5000000.000000
134.587248 3 3 1000000.000000
134.659304 3 2 2000000.000000
134.709821 3 1 1000000.000000
134.787580 3 1 1000000.000000
134.822859 3 1 80000.000000
134.896104 3 1 80000.000000
135.270627 3 1 80000.000000
135.407639 3 1 30000.000000
135.773949 3 0 50000.000000
135.836996 3 1 80000.000000
135.921849 3 0 30000.000000
137.060503 3 2 20000.000000
137.223105 3 1 50000.000000
137.622023 3 0 80000.000000
137.804437 3 0 30000.000000
138.125488 3 1 10000.000000
138.294964 3 1 2000000.000000
138.321562 3 3 50000.000000
138.442501 3 2 1000000.000000
139.056253 3 1 30000.000000
139.250125 3 3 80000.000000
140.468271 3 3 2000000.000000
141.212318 3 2 10000.000000
141.458401 3 3 1000000.000000
141.625633 3 2 10000.000000
142.188767 3 2 1000000.000000
142.321837 3 0 2000000.000000
142.753555 3 3 1000000.000000
142.870816 3 0 10000.000000
143.123873 3 3 50000.000000
143.689853 3 3 10000.000000
143.704323 3 1 2000000.000000
144.085776 3 0 5000000.000000
144.709993 3 3 1000000.000000
144.875517 3 0 30000.000000
144.923230 3 2 1000000.000000
145.001285 3 3 30000.000000
145.100037 3 1 20000.000000
145.112076 3 1 200000.000000
145.185903 3 0 50000.000000
145.346026 3 0 5000000.000000
145.579827 3 2 10000000.000000
145.975011 3 3 30000.000000
146.194548 3 1 5000000.000000
146.636767 3 0 30000.000000
146.695419 3 0 30000.000000
146.832968 3 1 30000.000000
147.070981 3 0 1000000.000000
147.101392 3 1 50000.000000
147.307984 3 0 30000.000000
147.346370 3 3 50000.000000
148.215178 3 2 30000.000000
148.409216 3 3 5000000.000000
148.774096 3 0 10000000.000000
149.043165 3 3 2000000.000000
149.315891 3 3 10000.000000
149.662588 3 3 2000000.000000
149.763227 3 0 50000.000000
