0.503060 0 2 10000.000000
1.121132 0 3 50000.000000
1.319037 0 0 10000.000000
1.731312 0 1 50000.000000
1.740440 0 1 2000000.000000
3.069593 0 0 1000000.000000
3.401825 0 3 1000000.000000
3.553150 0 0 80000.000000
3.830444 0 2 80000.000000
4.046656 0 0 50000.000000
4.163676 0 3 20000.000000
4.415177 0 3 10000.000000
4.862996 0 3 200000.000000
5.263771 0 0 20000.000000
5.390996 0 3 1000000.000000
5.928481 0 0 2000000.000000
5.960915 0 2 5000000.000000
6.570389 0 3 2000000.000000
6.637428 0 1 30000.000000
6.942257 0 1 2000000.000000
7.381336 0 3 50000.000000
7.525796 0 3 5000000.000000
7.923947 0 2 30000000.000000
7.996464 0 1 50000.000000
8.216008 0 2 5000000.000000
8.336622 0 2 200000.000000
8.822133 0 2 10000.000000
9.059997 0 0 1000000.000000
9.161276 0 1 5000000.000000
9.906843 0 2 10000.000000
9.926601 0 1 5000000.000000
10.253661 0 1 5000000.000000
10.944303 0 3 10000.000000
11.503117 0 2 1000000.000000
11.674208 0 1 2000000.000000
11.730950 0 3 30000.000000
12.078037 0 1 5000000.000000
12.314475 0 0 200000.000000
12.363319 0 1 80000.000000
12.364184 0 0 30000.000000
12.923196 0 3 10000.000000
12.929987 0 0 10000000.000000
13.604447 0 0 200000.000000
14.331385 0 3 30000.000000
14.496346 0 1 10000.000000
15.437882 0 1 200000.000000
15.440955 0 0 10000.000000
15.512895 0 1 200000.000000
16.321166 0 3 10000.000000
16.431798 0 0 5000000.000000
16.493668 0 3 1000000.000000
16.614088 0 1 5000000.000000
16.631899 0 1 30000.000000
16.682621 0 0 50000.000000
16.919727 0 3 50000.000000
17.011687 0 1 10000.000000
17.231272 0 3 80000.000000
17.243544 0 0 20000.000000
17.631001 0 2 20000.000000
17.768811 0 1 10000.000000
18.019116 0 0 2000000.000000
18.226420 0 1 10000.000000
18.855901 0 1 1000000.000000
18.906899 0 0 10000.000000
19.409252 0 2 80000.000000
19.541210 0 1 10000000.000000
19.927121 0 3 10000.000000
20.115816 0 2 1000000.000000
20.514055 0 0 2000000.000000
20.921625 0 2 200000.000000
21.184733 0 3 1000000.000000
21.575318 0 1 1000000.000000
21.714401 0 1 30000.000000
21.887836 0 2 2000000.000000
22.485339 0 0 2000000.000000
22.759901 0 2 1000000.000000
23.908756 0 3 10000.000000
23.974148 0 2 80000.000000
24.025100 0 1 30000000.000000
24.103339 0 1 10000000.000000
24.354168 0 3 20000.000000
24.366689 0 2 10000.000000
24.496383 0 0 20000.000000
24.679286 0 3 20000.000000
24.722661 0 3 2000000.000000
25.072100 0 3 10000.000000
25.083408 0 1 10000.000000
25.525014 0 0 80000.000000
25.809352 0 2 30000000.000000
26.050257 0 1 2000000.000000
26.254580 0 3 10000.000000
26.913839 0 0 5000000.000000
26.999538 0 2 30000.000000
27.270025 0 2 80000.000000
27.732272 0 0 30000000.000000
28.478801 0 3 20000.000000
28.547202 0 1 30000.000000
28.581181 0 2 200000.000000
28.871367 0 2 10000.000000
28.950120 0 2 50000.000000
29.126367 0 2 10000.000000
29.757015 0 3 1000000.000000
29.843908 0 3 10000.000000
30.275261 0 1 50000.000000
30.455994 0 2 10000000.000000
30.976218 0 0 50000.000000
31.057775 0 1 10000.000000
31.392200 0 3 5000000.000000
31.475888 0 2 200000.000000
31.864527 0 3 10000.000000
31.910445 0 1 30000.000000
31.911245 0 2 2000000.000000
32.304902 0 0 1000000.000000
32.627965 0 1 10000000.000000
32.665255 0 1 200000.000000
32.799660 0 3 80000.000000
33.150145 0 1 30000.000000
34.690764 0 3 2000000.000000
34.927584 0 1 2000000.000000
35.591255 0 2 10000.000000
35.889426 0 3 2000000.000000
36.199469 0 1 5000000.000000
36.321069 0 3 200000.000000
36.356083 0 0 50000.000000
36.837724 0 3 30000000.000000
37.068956 0 0 1000000.000000
37.536332 0 2 5000000.000000
37.777778 0 3 2000000.000000
37.818704 0 3 30000.000000
38.011489 0 0 30000.000000
38.044330 0 0 80000.000000
38.368515 0 1 80000.000000
38.712628 0 1 2000000.000000
38.943494 0 2 1000000.000000
39.124245 0 1 50000.000000
39.283557 0 2 2000000.000000
39.730055 0 2 200000.000000
39.791488 0 2 10000.000000
39.821510 0 1 30000.000000
39.851086 0 3 30000.000000
39.881792 0 2 50000.000000
40.111493 0 0 80000.000000
40.153300 0 2 10000000.000000
40.221493 0 2 30000.000000
40.345476 0 0 80000.000000
40.623075 0 3 80000.000000
41.693369 0 1 20000.000000
41.826593 0 2 2000000.000000
42.326296 0 0 1000000.000000
42.328191 0 0 200000.000000
42.406703 0 0 200000.000000
42.451316 0 3 10000.000000
42.757045 0 3 10000000.000000
42.873149 0 0 50000.000000
43.302569 0 3 10000.000000
43.367415 0 0 80000.000000
44.122854 0 2 200000.000000
44.164910 0 1 30000.000000
44.487809 0 0 2000000.000000
45.197492 0 3 2000000.000000
45.360178 0 1 10000.000000
45.770746 0 1 2000000.000000
46.462740 0 2 1000000.000000
46.476604 0 0 2000000.000000
46.745483 0 3 10000000.000000
47.310039 0 0 5000000.000000
47.378952 0 0 10000.000000
47.666675 0 2 2000000.000000
47.761068 0 0 10000.000000
48.408583 0 3 50000.000000
48.461312 0 1 1000000.000000
48.542569 0 1 2000000.000000
48.847285 0 3 50000.000000
50.300123 0 0 5000000.000000
50.405922 0 2 200000.000000
50.662005 0 1 80000.000000
50.742700 0 1 30000.000000
50.881995 0 2 80000.000000
50.979848 0 2 2000000.000000
51.830165 0 2 5000000.000000
52.050195 0 0 1000000.000000
52.312861 0 1 20000.000000
52.854726 0 2 10000.000000
52.944428 0 3 5000000.000000
53.171002 0 1 80000.000000
53.263784 0 2 10000.000000
53.365126 0 1 200000.000000
53.463154 0 1 80000.000000
53.920279 0 3 30000.000000
54.594992 0 0 10000.000000
54.746087 0 1 50000.000000
55.299569 0 1 10000000.000000
55.388404 0 0 2000000.000000
55.569425 0 2 30000.000000
55.863806 0 3 20000.000000
56.011931 0 3 1000000.000000
56.032463 0 3 30000.000000
56.071408 0 3 1000000.000000
56.623928 0 3 30000.000000
56.966014 0 3 30000.000000
57.513065 0 0 5000000.000000
57.808649 0 2 5000000.000000
57.861651 0 2 10000.000000
57.872056 0 1 50000.000000
58.331531 0 2 1000000.000000
58.450296 0 2 200000.000000
58.459574 0 3 10000.000000
58.566772 0 2 2000000.000000
58.785674 0 0 10000000.000000
60.276792 0 1 30000.000000
60.488761 0 1 200000.000000
60.983428 0 2 10000.000000
61.161933 0 1 30000.000000
62.604550 0 1 5000000.000000
62.815216 0 3 2000000.000000
63.109029 0 1 30000.000000
63.389494 0 3 5000000.000000
64.324661 0 0 80000.000000
65.090011 0 0 80000.000000
65.159555 0 2 1000000.000000
65.370589 0 3 2000000.000000
65.469195 0 1 2000000.000000
65.552731 0 0 2000000.000000
65.899221 0 2 10000.000000
66.256879 0 1 10000000.000000
66.669679 0 3 5000000.000000
67.428031 0 1 1000000.000000
67.475727 0 3 50000.000000
67.561124 0 2 10000.000000
67.677284 0 3 50000.000000
67.984016 0 1 2000000.000000
68.176096 0 0 10000000.000000
69.415516 0 1 30000.000000
69.437934 0 1 80000.000000
69.592436 0 2 30000.000000
69.707498 0 3 80000.000000
69.904692 0 0 10000000.000000
70.230430 0 0 5000000.000000
70.255137 0 0 20000.000000
70.295892 0 1 50000.000000
70.338631 0 3 20000.000000
71.358084 0 0 20000.000000
71.907543 0 2 10000.000000
71.972070 0 2 30000.000000
71.984183 0 3 5000000.000000
72.306542 0 2 80000.000000
72.382610 0 3 30000.000000
72.502645 0 1 30000.000000
72.511215 0 3 2000000.000000
72.555765 0 1 5000000.000000
72.979469 0 2 80000.000000
73.198655 0 2 1000000.000000
73.652796 0 0 10000.000000
73.664890 0 3 10000.000000
73.717005 0 2 5000000.000000
74.003205 0 2 5000000.000000
74.744360 0 0 200000.000000
74.880890 0 1 5000000.000000
75.321226 0 1 2000000.000000
75.350989 0 3 2000000.000000
75.861001 0 1 30000.000000
76.866725 0 2 1000000.000000
77.080953 0 3 30000000.000000
78.340680 0 0 10000.000000
78.420691 0 2 20000.000000
78.722603 0 3 5000000.000000
78.853798 0 1 50000.000000
79.200649 0 3 1000000.000000
79.608090 0 1 10000.000000
79.723081 0 3 10000.000000
80.022365 0 2 10000.000000
80.181934 0 0 80000.000000
80.477993 0 0 1000000.000000
80.667688 0 1 50000.000000
81.367895 0 0 10000.000000
81.410034 0 2 50000.000000
81.551495 0 1 2000000.000000
81.655992 0 2 80000.000000
81.878035 0 0 80000.000000
81.917913 0 3 200000.000000
81.979053 0 0 10000.000000
82.561707 0 3 5000000.000000
82.669546 0 1 80000.000000
82.684032 0 0 50000.000000
83.158350 0 1 10000.000000
83.292065 0 1 10000000.000000
83.856918 0 0 10000000.000000
84.018368 0 3 10000.000000
84.069872 0 2 50000.000000
84.149261 0 2 10000000.000000
84.215321 0 1 10000.000000
84.448332 0 0 30000.000000
85.063253 0 1 5000000.000000
85.166403 0 3 1000000.000000
85.171399 0 2 2000000.000000
85.395999 0 3 10000000.000000
85.831914 0 2 1000000.000000
86.109947 0 0 5000000.000000
86.333428 0 2 2000000.000000
86.399430 0 1 2000000.000000
86.517730 0 3 30000.000000
86.655568 0 3 20000.000000
86.965562 0 3 10000.000000
87.221273 0 0 5000000.000000
87.500278 0 3 20000.000000
87.532483 0 3 50000.000000
88.397032 0 3 200000.000000
88.493254 0 2 200000.000000
89.044478 0 3 30000.000000
89.631828 0 1 30000.000000
89.834200 0 1 5000000.000000
91.190642 0 3 80000.000000
91.568292 0 3 80000.000000
91.904792 0 2 2000000.000000
92.214672 0 0 10000.000000
92.961217 0 1 20000.000000
93.045217 0 1 2000000.000000
93.115355 0 0 10000.000000
93.174549 0 3 200000.000000
93.394907 0 1 80000.000000
93.757099 0 3 20000.000000
94.094190 0 2 10000.000000
94.242676 0 0 5000000.000000
94.705480 0 2 2000000.000000
95.107361 0 2 50000.000000
95.565591 0 0 2000000.000000
95.987908 0 3 2000000.000000
96.204199 0 2 2000000.000000
96.483697 0 0 30000.000000
96.487017 0 0 200000.000000
96.541876 0 3 10000.000000
97.495428 0 0 30000.000000
97.581822 0 2 1000000.000000
97.614940 0 0 5000000.000000
97.811815 0 1 30000.000000
97.963797 0 3 10000.000000
97.995738 0 2 10000.000000
98.017395 0 2 2000000.000000
98.305539 0 1 30000.000000
98.403431 0 2 20000.000000
98.884577 0 3 10000.000000
99.058394 0 3 5000000.000000
100.094567 0 2 30000.000000
101.117867 0 1 30000.000000
101.147192 0 2 2000000.000000
101.282034 0 3 30000000.000000
101.616405 0 3 1000000.000000
102.095336 0 2 5000000.000000
102.226378 0 0 20000.000000
102.550999 0 2 200000.000000
102.556763 0 0 80000.000000
103.064851 0 1 80000.000000
103.364739 0 2 5000000.000000
103.473311 0 1 80000.000000
103.551111 0 3 2000000.000000
103.763054 0 0 2000000.000000
104.084979 0 1 1000000.000000
104.184470 0 0 2000000.000000
104.518103 0 1 2000000.000000
104.677462 0 2 80000.000000
104.775171 0 0 30000.000000
104.797303 0 2 5000000.000000
104.810636 0 1 2000000.000000
106.213387 0 1 2000000.000000
106.604188 0 3 50000.000000
106.654568 0 2 10000.000000
107.313017 0 1 30000000.000000
107.649522 0 2 50000.000000
107.771385 0 2 30000.000000
107.798070 0 3 80000.000000
107.848718 0 2 10000.000000
107.968898 0 3 5000000.000000
108.573658 0 3 2000000.000000
108.855527 0 0 1000000.000000
109.404155 0 1 10000.000000
110.306007 0 0 80000.000000
110.586878 0 0 1000000.000000
110.788596 0 1 2000000.000000
111.055023 0 3 10000.000000
111.252227 0 2 200000.000000
111.791832 0 1 50000.000000
112.287729 0 2 30000.000000
112.341898 0 3 10000.000000
112.487902 0 2 20000.000000
112.900547 0 0 80000.000000
113.531384 0 2 2000000.000000
113.634905 0 1 5000000.000000
113.842799 0 3 2000000.000000
114.022656 0 0 2000000.000000
114.585460 0 0 30000.000000
115.081016 0 1 10000.000000
116.208232 0 3 200000.000000
116.355820 0 3 1000000.000000
116.363196 0 2 50000.000000
117.074173 0 2 50000.000000
117.081872 0 1 2000000.000000
118.531669 0 0 10000000.000000
118.722225 0 2 200000.000000
119.171523 0 0 2000000.000000
119.188298 0 0 5000000.000000
119.192444 0 2 5000000.000000
119.541176 0 0 10000000.000000
120.016173 0 3 2000000.000000
120.122417 0 3 50000.000000
120.431460 0 2 10000.000000
120.591109 0 2 30000.000000
120.857117 0 0 5000000.000000
121.121329 0 1 10000.000000
122.275444 0 2 1000000.000000
122.491106 0 2 50000.000000
123.424677 0 0 2000000.000000
124.804258 0 0 30000.000000
125.431007 0 3 2000000.000000
125.982799 0 0 2000000.000000
126.443964 0 3 10000.000000
126.470415 0 0 50000.000000
126.680575 0 3 2000000.000000
126.681232 0 0 20000.000000
127.398599 0 3 30000000.000000
127.525091 0 2 10000000.000000
127.932752 0 3 2000000.000000
128.227178 0 1 5000000.000000
128.524281 0 2 10000.000000
129.173503 0 3 20000.000000
129.280994 0 1 30000.000000
129.319492 0 0 5000000.000000
129.481774 0 1 30000.000000
130.960017 0 2 50000.000000
131.001225 0 0 80000.000000
131.444930 0 0 200000.000000
131.675710 0 2 50000.000000
131.819309 0 1 10000.000000
131.969468 0 1 2000000.000000
132.173139 0 0 200000.000000
132.516559 0 1 30000.000000
132.655144 0 2 50000.000000
132.843138 0 3 2000000.000000
133.074126 0 3 20000.000000
133.341495 0 1 1000000.000000
133.606738 0 1 10000.000000
134.321731 0 1 80000.000000
134.485556 0 0 200000.000000
134.622338 0 2 10000.000000
135.114179 0 3 30000.000000
135.475776 0 0 1000000.000000
136.896588 0 2 200000.000000
137.321945 0 3 30000.000000
137.332901 0 0 200000.000000
137.358252 0 0 50000.000000
137.793365 0 1 30000.000000
137.838657 0 2 2000000.000000
138.243149 0 1 20000.000000
138.980822 0 2 50000.000000
139.062510 0 2 50000.000000
140.463285 0 0 2000000.000000
140.488129 0 1 10000000.000000
140.581906 0 1 80000.000000
140.748006 0 3 10000.000000
141.159730 0 3 80000.000000
141.995780 0 2 10000.000000
142.009239 0 1 1000000.000000
142.256024 0 2 1000000.000000
142.330623 0 3 2000000.000000
142.463198 0 1 80000.000000
142.688091 0 2 50000.000000
142.764412 0 1 20000.000000
142.945985 0 1 5000000.000000
143.609194 0 2 200000.000000
143.828599 0 3 2000000.000000
143.834557 0 2 30000.000000
143.909220 0 0 80000.000000
144.072339 0 0 50000.000000
144.317022 0 1 1000000.000000
144.705296 0 0 50000.000000
144.853495 0 2 20000.000000
144.961835 0 0 2000000.000000
145.034262 0 2 200000.000000
145.305170 0 1 2000000.000000
145.344677 0 0 1000000.000000
145.368813 0 1 5000000.000000
145.558258 0 1 10000000.000000
145.649306 0 3 1000000.000000
145.850662 0 0 80000.000000
145.959682 0 2 10000.000000
146.862451 0 1 2000000.000000
147.771654 0 3 50000.000000
147.881990 0 0 80000.000000
148.155968 0 2 10000.000000
148.205091 0 0 200000.000000
148.282734 0 3 50000.000000
148.368854 0 1 10000000.000000
148.618653 0 2 200000.000000
149.187346 0 2 1000000.000000
149.223267 0 1 30000.000000
149.543080 0 2 10000.000000
149.664358 0 1 30000000.000000
0.230893 1 0 30000.000000
0.544837 1 1 50000.000000
0.590772 1 1 10000.000000
1.083108 1 1 200000.000000
1.138276 1 0 30000.000000
1.297255 1 0 200000.000000
1.375930 1 0 10000.000000
2.103201 1 2 50000.000000
2.501007 1 1 5000000.000000
2.542017 1 3 80000.000000
3.208900 1 1 10000000.000000
3.918190 1 3 2000000.000000
4.454438 1 1 50000.000000
4.769167 1 1 10000000.000000
4.897114 1 3 30000.000000
5.247253 1 2 200000.000000
5.570960 1 2 10000.000000
5.640240 1 0 50000.000000
5.660024 1 3 80000.000000
5.904105 1 2 10000.000000
6.059904 1 2 80000.000000
6.639469 1 3 5000000.000000
6.845570 1 0 80000.000000
6.955938 1 3 30000.000000
6.989022 1 3 200000.000000
7.061998 1 1 200000.000000
7.099336 1 3 20000.000000
8.086192 1 3 10000.000000
8.977243 1 0 10000000.000000
8.997008 1 3 10000.000000
9.246392 1 3 10000.000000
9.345947 1 3 50000.000000
9.632394 1 1 30000.000000
9.900077 1 1 80000.000000
10.422165 1 1 30000.000000
10.988996 1 3 50000.000000
11.481916 1 1 1000000.000000
11.505290 1 1 2000000.000000
11.670445 1 0 10000.000000
12.010506 1 0 80000.000000
12.939231 1 2 10000.000000
13.270210 1 0 30000.000000
13.338511 1 1 10000000.000000
13.752401 1 2 80000.000000
13.773544 1 1 10000000.000000
14.105887 1 1 20000.000000
14.386588 1 3 5000000.000000
14.573290 1 2 2000000.000000
15.029321 1 3 50000.000000
15.896198 1 0 2000000.000000
16.582277 1 3 20000.000000
16.674153 1 3 50000.000000
17.012179 1 2 10000000.000000
17.132346 1 3 1000000.000000
17.391710 1 1 200000.000000
17.433432 1 2 20000.000000
17.738950 1 0 1000000.000000
18.022604 1 2 10000.000000
18.529793 1 3 30000.000000
18.654106 1 2 80000.000000
18.745889 1 2 20000.000000
19.569185 1 0 30000.000000
19.753422 1 3 50000.000000
19.910165 1 2 30000.000000
20.017881 1 3 10000.000000
20.126379 1 3 10000000.000000
20.720798 1 2 2000000.000000
21.047365 1 3 30000.000000
22.316836 1 0 80000.000000
22.474132 1 3 1000000.000000
22.570895 1 1 80000.000000
22.705676 1 1 5000000.000000
22.844504 1 0 50000.000000
23.048730 1 2 50000.000000
23.539727 1 0 10000000.000000
25.095087 1 3 5000000.000000
25.218411 1 0 200000.000000
25.369590 1 0 30000.000000
25.374618 1 3 10000.000000
25.489870 1 3 2000000.000000
26.036420 1 2 10000.000000
26.276625 1 0 200000.000000
27.375074 1 1 10000.000000
27.704045 1 1 10000000.000000
28.351724 1 2 30000.000000
28.493080 1 3 200000.000000
28.746210 1 1 10000.000000
30.322875 1 1 10000.000000
30.474291 1 0 50000.000000
31.049969 1 1 10000000.000000
31.142707 1 1 30000.000000
31.758685 1 2 80000.000000
32.070354 1 1 5000000.000000
32.139064 1 1 50000.000000
32.271416 1 2 50000.000000
32.507213 1 2 10000.000000
33.488585 1 3 30000.000000
33.501651 1 0 1000000.000000
33.843904 1 2 80000.000000
34.100587 1 2 5000000.000000
34.430524 1 1 30000.000000
34.534564 1 1 1000000.000000
35.092034 1 1 5000000.000000
35.354557 1 1 10000.000000
35.538197 1 2 1000000.000000
35.893895 1 1 10000.000000
36.443066 1 3 30000.000000
37.286850 1 1 2000000.000000
37.336533 1 3 80000.000000
37.414644 1 0 10000.000000
37.713327 1 3 1000000.000000
38.104146 1 1 1000000.000000
38.216593 1 1 30000.000000
38.557212 1 2 2000000.000000
38.723790 1 3 10000.000000
38.910041 1 0 20000.000000
39.248323 1 1 80000.000000
39.363402 1 3 200000.000000
39.400929 1 0 200000.000000
40.052816 1 0 30000.000000
40.474124 1 3 1000000.000000
40.593463 1 2 200000.000000
40.719473 1 2 30000000.000000
41.209072 1 3 10000.000000
41.413710 1 1 50000.000000
41.610558 1 2 2000000.000000
42.635358 1 2 30000.000000
43.266513 1 2 80000.000000
44.136837 1 0 5000000.000000
44.719628 1 2 10000000.000000
44.749688 1 1 30000.000000
44.790708 1 0 30000.000000
45.589576 1 0 10000000.000000
45.734231 1 2 2000000.000000
45.809152 1 0 10000.000000
45.947913 1 3 2000000.000000
46.026193 1 0 5000000.000000
46.722234 1 1 2000000.000000
47.033169 1 0 10000.000000
47.535442 1 3 2000000.000000
47.610314 1 0 10000.000000
47.779763 1 2 10000.000000
48.724195 1 0 200000.000000
48.964389 1 1 10000000.000000
49.272302 1 1 1000000.000000
49.642294 1 0 10000000.000000
50.206582 1 2 10000000.000000
50.301336 1 2 2000000.000000
50.337224 1 0 10000.000000
50.399782 1 3 10000000.000000
50.505586 1 2 5000000.000000
50.608387 1 3 30000000.000000
50.668000 1 3 10000000.000000
50.684267 1 1 10000.000000
50.949470 1 1 30000.000000
50.991386 1 1 1000000.000000
51.229624 1 2 10000000.000000
51.342068 1 3 2000000.000000
51.793266 1 3 20000.000000
51.827025 1 0 10000000.000000
51.983641 1 3 200000.000000
52.056097 1 0 5000000.000000
52.141259 1 1 1000000.000000
52.872228 1 1 10000000.000000
52.959061 1 2 80000.000000
53.022381 1 1 80000.000000
53.122852 1 3 80000.000000
53.144849 1 3 1000000.000000
53.179503 1 0 30000.000000
53.222985 1 2 10000.000000
53.239000 1 2 10000.000000
53.701934 1 2 5000000.000000
54.796306 1 2 50000.000000
54.997466 1 3 80000.000000
55.066224 1 1 30000.000000
55.361315 1 2 10000000.000000
55.690508 1 0 5000000.000000
55.807155 1 3 5000000.000000
56.157497 1 0 50000.000000
56.223931 1 2 50000.000000
56.311489 1 0 2000000.000000
56.357264 1 3 2000000.000000
56.723045 1 3 50000.000000
56.793372 1 2 30000.000000
56.833836 1 3 10000.000000
57.146926 1 1 1000000.000000
57.334884 1 3 80000.000000
57.379044 1 2 10000.000000
57.839473 1 1 200000.000000
57.858206 1 2 80000.000000
57.959043 1 1 80000.000000
58.085724 1 3 1000000.000000
59.399644 1 3 30000.000000
59.689284 1 2 5000000.000000
59.903507 1 2 50000.000000
60.500400 1 2 80000.000000
61.005399 1 3 10000.000000
62.351445 1 2 80000.000000
64.108230 1 0 80000.000000
64.219961 1 1 200000.000000
64.463280 1 0 200000.000000
64.608215 1 1 1000000.000000
64.794020 1 2 2000000.000000
64.979206 1 0 30000000.000000
65.084112 1 0 30000.000000
65.115741 1 1 1000000.000000
65.771527 1 0 80000.000000
66.038666 1 2 10000.000000
66.398778 1 3 50000.000000
67.334819 1 3 5000000.000000
67.754329 1 0 20000.000000
68.154894 1 1 30000000.000000
68.214535 1 3 10000000.000000
68.235371 1 1 30000.000000
68.371388 1 0 30000.000000
68.718992 1 3 10000.000000
68.753635 1 1 1000000.000000
69.707455 1 0 80000.000000
70.023020 1 3 80000.000000
70.126151 1 2 5000000.000000
70.351872 1 3 80000.000000
70.369802 1 1 50000.000000
70.550223 1 1 10000000.000000
71.015884 1 3 200000.000000
71.018433 1 0 50000.000000
71.115876 1 2 10000.000000
71.130811 1 0 2000000.000000
71.385581 1 0 5000000.000000
71.442486 1 3 10000.000000
71.743477 1 3 200000.000000
72.169976 1 0 80000.000000
72.581366 1 3 1000000.000000
73.015406 1 2 5000000.000000
73.119314 1 1 200000.000000
74.038444 1 0 200000.000000
74.668319 1 1 10000.000000
75.013730 1 0 30000000.000000
75.034130 1 3 5000000.000000
75.916079 1 1 5000000.000000
76.019156 1 1 30000.000000
76.533405 1 0 10000000.000000
76.758017 1 2 50000.000000
77.028245 1 3 80000.000000
77.306287 1 1 50000.000000
77.390014 1 3 5000000.000000
78.226236 1 1 10000000.000000
78.285187 1 3 10000.000000
79.306033 1 2 10000000.000000
79.656673 1 0 2000000.000000
79.693523 1 3 50000.000000
79.882286 1 3 10000000.000000
80.189587 1 0 5000000.000000
80.212150 1 2 5000000.000000
80.258294 1 0 50000.000000
80.678953 1 1 2000000.000000
81.133416 1 1 10000.000000
81.392146 1 2 80000.000000
81.590474 1 2 10000000.000000
81.973756 1 1 1000000.000000
82.148167 1 0 10000.000000
82.907037 1 0 2000000.000000
83.220361 1 0 5000000.000000
83.241607 1 2 1000000.000000
83.368197 1 0 50000.000000
83.437524 1 2 5000000.000000
84.131294 1 3 30000.000000
84.808052 1 3 200000.000000
84.863441 1 1 2000000.000000
85.496286 1 2 5000000.000000
85.986975 1 1 1000000.000000
86.133524 1 3 30000.000000
86.191345 1 1 10000000.000000
86.211934 1 1 1000000.000000
86.332224 1 3 30000.000000
86.443978 1 3 20000.000000
86.646705 1 2 5000000.000000
86.802702 1 0 50000.000000
87.441490 1 2 50000.000000
87.809676 1 1 10000.000000
88.125528 1 2 10000.000000
88.979621 1 2 5000000.000000
89.077956 1 1 1000000.000000
89.101311 1 1 200000.000000
89.365665 1 3 5000000.000000
90.026840 1 3 1000000.000000
90.441570 1 3 10000.000000
90.532221 1 2 30000.000000
90.861113 1 0 10000.000000
91.642542 1 3 30000000.000000
91.854618 1 1 5000000.000000
92.645863 1 2 2000000.000000
92.806698 1 1 10000.000000
92.913734 1 2 10000000.000000
92.985083 1 2 2000000.000000
94.085517 1 2 1000000.000000
95.622802 1 3 50000.000000
96.043675 1 1 20000.000000
96.101609 1 1 80000.000000
96.129907 1 2 10000.000000
96.434061 1 2 1000000.000000
96.762230 1 0 5000000.000000
96.828639 1 1 1000000.000000
96.892682 1 1 80000.000000
97.150467 1 1 200000.000000
97.329093 1 1 20000.000000
97.625675 1 3 10000.000000
97.780579 1 2 10000.000000
97.929572 1 2 80000.000000
98.235647 1 0 2000000.000000
98.468912 1 0 10000.000000
98.756954 1 0 10000.000000
98.822185 1 2 80000.000000
99.146201 1 0 80000.000000
99.509245 1 0 10000.000000
99.514541 1 0 1000000.000000
99.557348 1 1 30000.000000
100.185525 1 3 1000000.000000
100.251123 1 3 10000.000000
100.317247 1 3 1000000.000000
100.717677 1 1 10000.000000
100.893294 1 3 200000.000000
101.202449 1 0 30000.000000
101.297225 1 0 200000.000000
101.760051 1 1 2000000.000000
101.968575 1 3 1000000.000000
102.101409 1 2 50000.000000
102.238312 1 2 2000000.000000
102.414451 1 1 80000.000000
102.437990 1 0 20000.000000
102.478488 1 1 2000000.000000
102.868206 1 0 30000.000000
102.873609 1 0 50000.000000
102.949044 1 0 80000.000000
103.290395 1 0 80000.000000
103.424231 1 0 1000000.000000
103.549306 1 0 80000.000000
103.551888 1 1 2000000.000000
103.780373 1 0 5000000.000000
104.482735 1 3 1000000.000000
104.522373 1 2 30000.000000
104.533808 1 3 80000.000000
104.777741 1 1 80000.000000
104.919218 1 1 50000.000000
105.479657 1 0 10000.000000
106.103775 1 1 10000.000000
106.168977 1 1 5000000.000000
106.408622 1 0 5000000.000000
106.472568 1 1 50000.000000
106.663211 1 1 30000.000000
107.044981 1 0 10000000.000000
107.933576 1 3 10000000.000000
108.061230 1 0 10000.000000
108.336979 1 1 2000000.000000
108.377464 1 3 10000.000000
108.415120 1 2 80000.000000
108.748813 1 2 2000000.000000
109.373424 1 2 50000.000000
109.456285 1 3 2000000.000000
110.146376 1 3 2000000.000000
110.368598 1 1 2000000.000000
110.661736 1 0 1000000.000000
110.796695 1 1 30000.000000
110.944797 1 1 80000.000000
110.964088 1 1 80000.000000
111.050530 1 1 10000000.000000
112.238160 1 0 10000.000000
112.783312 1 2 50000.000000
112.911348 1 1 200000.000000
112.996741 1 1 10000000.000000
113.268863 1 0 2000000.000000
113.274153 1 2 10000.000000
113.292719 1 0 200000.000000
114.116361 1 3 30000.000000
114.789068 1 0 1000000.000000
115.035855 1 2 1000000.000000
115.260985 1 2 10000000.000000
115.624119 1 1 2000000.000000
115.870521 1 3 30000000.000000
116.110682 1 2 2000000.000000
117.060677 1 0 50000.000000
117.473180 1 2 5000000.000000
117.662466 1 0 200000.000000
117.800012 1 1 10000.000000
117.874842 1 0 10000.000000
117.897874 1 2 10000000.000000
118.133825 1 1 80000.000000
118.344521 1 0 30000.000000
118.790643 1 0 80000.000000
119.723881 1 1 80000.000000
119.903621 1 1 1000000.000000
119.989850 1 3 1000000.000000
120.069596 1 2 10000.000000
120.070900 1 2 5000000.000000
120.162589 1 2 1000000.000000
120.231340 1 2 10000.000000
120.304049 1 0 5000000.000000
120.983429 1 3 80000.000000
121.721103 1 1 20000.000000
121.861148 1 2 2000000.000000
122.031182 1 2 80000.000000
122.077128 1 2 80000.000000
122.294711 1 0 1000000.000000
122.595796 1 0 10000.000000
122.693611 1 1 30000.000000
122.887783 1 1 30000.000000
123.239400 1 1 2000000.000000
123.281207 1 1 30000000.000000
124.056320 1 0 5000000.000000
124.163196 1 1 10000000.000000
124.231767 1 1 80000.000000
124.306408 1 1 80000.000000
124.944715 1 0 50000.000000
125.097180 1 2 5000000.000000
125.188563 1 0 10000.000000
125.261554 1 3 2000000.000000
125.325194 1 0 5000000.000000
125.715573 1 1 200000.000000
125.967948 1 0 5000000.000000
126.101727 1 0 10000.000000
126.744198 1 3 30000.000000
126.940240 1 0 10000.000000
127.336200 1 2 30000.000000
127.854388 1 3 10000000.000000
128.538460 1 1 5000000.000000
128.679472 1 1 1000000.000000
128.819452 1 1 50000.000000
129.010583 1 0 2000000.000000
129.197661 1 2 10000.000000
130.537537 1 3 30000.000000
130.721707 1 2 5000000.000000
130.863136 1 0 10000.000000
130.930843 1 3 2000000.000000
131.086562 1 2 1000000.000000
131.208190 1 3 80000.000000
131.218339 1 1 30000.000000
131.259784 1 0 1000000.000000
131.372645 1 2 50000.000000
131.502426 1 2 80000.000000
131.765186 1 2 10000.000000
132.038625 1 2 1000000.000000
132.137535 1 2 2000000.000000
132.512926 1 2 5000000.000000
132.540645 1 1 50000.000000
132.954075 1 0 20000.000000
132.957143 1 3 200000.000000
133.679806 1 2 20000.000000
134.744610 1 0 10000.000000
134.979477 1 1 80000.000000
135.108647 1 1 10000.000000
136.463889 1 1 10000.000000
136.890637 1 2 10000.000000
137.081890 1 3 2000000.000000
137.180995 1 0 10000.000000
137.191175 1 1 30000.000000
137.326046 1 1 10000.000000
138.160773 1 2 50000.000000
138.213235 1 3 80000.000000
138.233799 1 2 20000.000000
138.446571 1 0 1000000.000000
138.876707 1 0 80000.000000
139.245695 1 1 50000.000000
139.247125 1 3 80000.000000
139.469979 1 0 10000.000000
139.586676 1 0 30000.000000
140.073849 1 0 5000000.000000
140.556546 1 3 1000000.000000
140.610238 1 3 80000.000000
140.861955 1 2 10000000.000000
141.864656 1 3 10000.000000
142.273121 1 2 20000.000000
142.396140 1 3 10000.000000
143.371437 1 1 50000.000000
143.609118 1 0 2000000.000000
143.897118 1 3 10000000.000000
144.056242 1 2 10000000.000000
144.253685 1 0 1000000.000000
144.472715 1 2 1000000.000000
144.569646 1 2 50000.000000
144.574960 1 3 10000.000000
144.643356 1 3 30000000.000000
144.992743 1 0 80000.000000
145.128314 1 1 10000.000000
145.565184 1 0 10000.000000
145.898598 1 2 80000.000000
146.005014 1 2 2000000.000000
146.221810 1 1 1000000.000000
146.241493 1 0 1000000.000000
146.288295 1 1 80000.000000
146.383640 1 1 10000.000000
146.677319 1 1 50000.000000
147.975888 1 0 80000.000000
148.100417 1 0 50000.000000
148.159204 1 0 2000000.000000
148.259630 1 1 50000.000000
148.329181 1 0 5000000.000000
148.431440 1 2 10000000.000000
148.906585 1 3 10000000.000000
149.216633 1 3 2000000.000000
149.567673 1 2 200000.000000
0.148810 2 0 10000.000000
0.793618 2 2 5000000.000000
1.013514 2 2 1000000.000000
1.226391 2 3 50000.000000
1.437808 2 3 200000.000000
1.962016 2 0 10000.000000
2.190636 2 0 50000.000000
2.383384 2 1 200000.000000
2.690363 2 3 80000.000000
2.696212 2 2 50000.000000
2.997499 2 0 2000000.000000
3.091221 2 2 1000000.000000
3.213340 2 3 80000.000000
3.628727 2 1 2000000.000000
3.873659 2 1 10000.000000
4.149780 2 1 80000.000000
4.497525 2 0 10000.000000
5.409779 2 2 10000.000000
5.568557 2 2 10000.000000
6.408438 2 2 50000.000000
6.818457 2 2 30000.000000
6.862132 2 2 10000.000000
6.898818 2 2 10000000.000000
9.783920 2 3 2000000.000000
9.832277 2 1 80000.000000
9.852607 2 3 50000.000000
10.029786 2 0 5000000.000000
10.165028 2 0 200000.000000
11.180491 2 2 1000000.000000
11.223490 2 3 1000000.000000
11.435748 2 1 2000000.000000
11.739876 2 1 10000.000000
11.747265 2 3 200000.000000
11.806262 2 0 10000.000000
11.837481 2 1 80000.000000
12.055445 2 0 20000.000000
12.275329 2 0 30000000.000000
12.756752 2 2 2000000.000000
12.769989 2 2 10000000.000000
13.130180 2 0 10000.000000
13.527255 2 2 2000000.000000
13.797492 2 2 2000000.000000
13.979184 2 0 80000.000000
14.077916 2 3 80000.000000
14.284335 2 0 2000000.000000
14.575743 2 3 10000.000000
14.665091 2 2 30000.000000
14.748063 2 3 10000000.000000
14.793727 2 0 20000.000000
15.484692 2 3 80000.000000
16.266336 2 1 200000.000000
16.659487 2 1 2000000.000000
16.723932 2 2 10000000.000000
16.743439 2 0 200000.000000
17.458659 2 0 200000.000000
17.522396 2 0 50000.000000
17.623161 2 0 80000.000000
17.674824 2 2 50000.000000
17.895665 2 1 80000.000000
18.147721 2 3 10000.000000
18.241043 2 3 80000.000000
19.414204 2 3 50000.000000
19.757116 2 3 30000.000000
19.881049 2 2 1000000.000000
20.360566 2 2 50000.000000
20.407272 2 1 200000.000000
20.423196 2 1 5000000.000000
21.539530 2 1 10000.000000
21.848168 2 2 10000000.000000
21.973169 2 0 2000000.000000
22.733184 2 2 20000.000000
22.921375 2 2 50000.000000
22.941296 2 3 1000000.000000
23.174297 2 2 20000.000000
23.527646 2 1 1000000.000000
23.564210 2 1 10000000.000000
23.978797 2 0 10000000.000000
24.273069 2 1 10000.000000
24.412083 2 0 200000.000000
24.412488 2 3 30000.000000
24.912473 2 1 5000000.000000
25.209116 2 2 50000.000000
25.785162 2 3 2000000.000000
26.079748 2 2 10000.000000
26.080234 2 1 200000.000000
26.296791 2 1 30000.000000
27.281342 2 3 50000.000000
27.643158 2 1 30000000.000000
27.722376 2 3 80000.000000
28.191432 2 2 1000000.000000
28.773726 2 2 80000.000000
28.782118 2 0 50000.000000
28.907085 2 0 80000.000000
29.382355 2 2 1000000.000000
29.783914 2 0 20000.000000
29.874256 2 3 10000000.000000
30.166273 2 1 30000.000000
30.622498 2 1 30000.000000
31.221646 2 1 2000000.000000
31.445480 2 3 1000000.000000
31.543959 2 2 200000.000000
32.161402 2 2 80000.000000
32.280338 2 3 200000.000000
32.362071 2 3 5000000.000000
32.482183 2 0 20000.000000
32.667567 2 2 1000000.000000
33.066103 2 0 30000.000000
33.084636 2 0 10000.000000
33.877701 2 3 80000.000000
34.047845 2 1 2000000.000000
34.553428 2 3 1000000.000000
34.628479 2 1 30000.000000
34.844198 2 2 80000.000000
34.964261 2 2 10000000.000000
35.356722 2 2 50000.000000
35.433442 2 2 10000.000000
35.974395 2 1 200000.000000
36.064720 2 1 5000000.000000
36.122320 2 1 200000.000000
36.530414 2 2 1000000.000000
36.843728 2 1 50000.000000
37.140854 2 3 5000000.000000
37.852383 2 2 50000.000000
38.095726 2 2 5000000.000000
38.097898 2 2 1000000.000000
38.148028 2 0 10000.000000
38.239885 2 0 5000000.000000
38.308659 2 2 50000.000000
38.765864 2 0 50000.000000
39.078991 2 2 10000.000000
39.273319 2 1 80000.000000
39.457856 2 2 30000.000000
39.756311 2 1 1000000.000000
39.779078 2 2 1000000.000000
40.210849 2 3 5000000.000000
40.446318 2 3 10000000.000000
40.968752 2 0 1000000.000000
42.347804 2 2 50000.000000
42.354528 2 2 2000000.000000
42.449241 2 3 10000.000000
43.062594 2 0 5000000.000000
43.169025 2 1 5000000.000000
43.334637 2 2 10000000.000000
43.527042 2 3 10000.000000
43.781228 2 0 10000.000000
44.172576 2 1 1000000.000000
44.265884 2 2 20000.000000
44.328037 2 0 30000000.000000
45.265121 2 3 80000.000000
45.401301 2 2 200000.000000
45.804866 2 3 10000.000000
46.623257 2 3 10000.000000
46.624813 2 0 5000000.000000
47.565504 2 2 30000.000000
47.624453 2 1 10000.000000
47.654396 2 2 1000000.000000
47.813418 2 2 5000000.000000
48.485985 2 3 1000000.000000
48.777990 2 3 1000000.000000
49.220323 2 2 2000000.000000
49.245881 2 0 2000000.000000
49.340186 2 2 1000000.000000
49.346182 2 3 2000000.000000
49.473718 2 1 50000.000000
49.952506 2 1 50000.000000
50.146687 2 0 1000000.000000
50.913532 2 1 80000.000000
51.151900 2 1 10000.000000
51.450460 2 0 200000.000000
51.993972 2 3 10000000.000000
52.240711 2 1 10000.000000
52.321332 2 0 1000000.000000
52.566809 2 0 200000.000000
52.590645 2 3 50000.000000
52.802269 2 1 30000000.000000
53.726681 2 0 80000.000000
53.803447 2 1 80000.000000
54.421847 2 3 2000000.000000
54.574997 2 0 10000000.000000
54.621983 2 2 200000.000000
54.868781 2 0 10000.000000
54.898889 2 3 2000000.000000
55.002268 2 2 50000.000000
55.489822 2 2 5000000.000000
55.621395 2 3 30000.000000
55.906965 2 1 1000000.000000
56.528684 2 2 5000000.000000
56.627793 2 0 5000000.000000
56.736558 2 0 200000.000000
57.003248 2 3 20000.000000
57.416113 2 2 5000000.000000
57.808733 2 3 50000.000000
58.391207 2 1 50000.000000
58.407500 2 0 1000000.000000
58.857553 2 3 50000.000000
59.177001 2 3 1000000.000000
59.193143 2 1 30000000.000000
59.213333 2 1 80000.000000
59.443627 2 2 30000.000000
59.704351 2 3 30000.000000
59.774034 2 1 10000.000000
60.319894 2 3 2000000.000000
60.346947 2 1 20000.000000
61.234575 2 3 5000000.000000
61.928012 2 3 10000000.000000
62.160493 2 2 50000.000000
62.496431 2 1 1000000.000000
62.562950 2 1 1000000.000000
62.670170 2 0 5000000.000000
63.057357 2 3 50000.000000
63.148297 2 3 20000.000000
63.832820 2 3 30000.000000
63.844507 2 1 80000.000000
64.087622 2 1 200000.000000
64.432721 2 1 10000.000000
64.894577 2 2 10000.000000
65.488107 2 0 5000000.000000
65.784103 2 2 10000.000000
66.202208 2 0 20000.000000
66.536927 2 2 2000000.000000
66.894920 2 3 10000000.000000
67.052357 2 1 80000.000000
67.105574 2 2 5000000.000000
67.292643 2 2 2000000.000000
67.414355 2 3 10000.000000
67.712934 2 1 10000.000000
67.882071 2 1 30000.000000
68.089496 2 0 10000000.000000
68.429963 2 2 10000000.000000
68.529121 2 2 5000000.000000
69.093789 2 1 5000000.000000
69.557559 2 1 10000.000000
69.674118 2 1 80000.000000
69.681185 2 2 2000000.000000
69.693886 2 1 80000.000000
70.005943 2 2 50000.000000
70.110865 2 0 20000.000000
70.234982 2 1 1000000.000000
70.427521 2 2 80000.000000
70.439367 2 0 50000.000000
70.636574 2 2 10000.000000
70.689007 2 0 2000000.000000
71.686448 2 3 10000.000000
71.697572 2 1 10000000.000000
71.796005 2 1 2000000.000000
72.056127 2 0 10000.000000
72.767629 2 0 50000.000000
72.963932 2 3 50000.000000
73.187575 2 1 30000.000000
73.208491 2 0 10000.000000
73.315042 2 1 20000.000000
73.359131 2 0 30000.000000
74.456060 2 1 30000.000000
74.624955 2 0 10000000.000000
74.636948 2 1 2000000.000000
74.639021 2 1 30000.000000
74.666653 2 3 20000.000000
75.087645 2 2 10000.000000
75.089007 2 2 30000.000000
75.508318 2 3 5000000.000000
75.869069 2 0 50000.000000
75.870201 2 2 20000.000000
75.947191 2 0 80000.000000
76.458533 2 2 10000.000000
76.701633 2 3 30000.000000
76.829062 2 1 10000000.000000
77.194332 2 0 1000000.000000
77.494087 2 2 30000.000000
77.726202 2 2 10000.000000
77.832541 2 1 1000000.000000
78.136253 2 0 10000.000000
78.166503 2 3 200000.000000
78.868048 2 0 80000.000000
79.285919 2 1 10000.000000
79.298159 2 2 200000.000000
79.299648 2 1 30000.000000
79.481204 2 3 50000.000000
79.823104 2 2 200000.000000
79.938792 2 1 1000000.000000
80.061622 2 1 10000.000000
80.418244 2 3 80000.000000
80.737725 2 0 30000.000000
80.956148 2 3 2000000.000000
81.314563 2 2 10000.000000
81.591104 2 2 50000.000000
81.591588 2 2 20000.000000
81.600225 2 2 2000000.000000
81.701871 2 1 20000.000000
81.739610 2 3 5000000.000000
81.989201 2 0 10000.000000
82.262243 2 2 1000000.000000
82.929846 2 3 10000000.000000
83.227595 2 1 50000.000000
83.432619 2 0 80000.000000
83.665708 2 3 2000000.000000
83.891253 2 2 5000000.000000
83.920109 2 0 10000.000000
84.630234 2 2 10000000.000000
84.868330 2 1 20000.000000
85.273903 2 2 30000.000000
85.382132 2 0 50000.000000
85.446419 2 1 10000.000000
85.823302 2 1 30000.000000
85.869498 2 0 80000.000000
87.257243 2 0 80000.000000
87.606270 2 2 1000000.000000
88.327211 2 1 30000.000000
88.367170 2 3 30000.000000
88.527915 2 0 20000.000000
89.067997 2 0 1000000.000000
89.209772 2 2 30000.000000
89.295798 2 1 30000.000000
89.851479 2 1 200000.000000
89.996158 2 2 2000000.000000
90.613733 2 0 2000000.000000
90.888636 2 2 50000.000000
91.041902 2 0 80000.000000
92.053829 2 2 50000.000000
92.091341 2 2 10000.000000
92.449127 2 3 80000.000000
92.847073 2 2 2000000.000000
92.873799 2 1 5000000.000000
93.075129 2 3 50000.000000
93.183603 2 2 30000.000000
93.340662 2 0 50000.000000
93.481964 2 2 80000.000000
93.778641 2 1 50000.000000
93.816056 2 1 5000000.000000
94.046343 2 0 10000000.000000
94.468456 2 1 50000.000000
94.555420 2 0 2000000.000000
94.722870 2 1 2000000.000000
94.763592 2 2 1000000.000000
94.877409 2 2 80000.000000
95.107702 2 2 10000000.000000
95.202047 2 3 80000.000000
95.762913 2 3 20000.000000
95.912756 2 0 50000.000000
96.505716 2 0 10000000.000000
97.068006 2 2 200000.000000
97.070283 2 2 80000.000000
97.205985 2 3 5000000.000000
97.646829 2 0 50000.000000
97.724977 2 2 5000000.000000
97.800088 2 0 10000000.000000
98.717974 2 1 10000000.000000
99.138956 2 2 80000.000000
99.375603 2 0 5000000.000000
99.812864 2 1 10000000.000000
100.028087 2 1 80000.000000
100.210469 2 0 80000.000000
100.413856 2 0 1000000.000000
100.832971 2 0 50000.000000
100.885968 2 2 20000.000000
101.138824 2 3 200000.000000
101.206797 2 1 10000.000000
101.450009 2 0 5000000.000000
101.609317 2 1 80000.000000
101.684228 2 1 10000.000000
102.025818 2 1 80000.000000
103.381724 2 2 80000.000000
103.840975 2 1 30000.000000
104.441004 2 0 30000.000000
104.540342 2 0 10000.000000
104.902800 2 1 10000.000000
105.865657 2 1 10000.000000
106.352239 2 1 10000.000000
106.416258 2 1 20000.000000
106.469980 2 2 1000000.000000
106.512515 2 2 10000.000000
106.821370 2 3 1000000.000000
106.978178 2 3 5000000.000000
107.024511 2 0 200000.000000
107.744603 2 0 5000000.000000
107.916552 2 3 1000000.000000
108.154718 2 3 50000.000000
108.195268 2 0 80000.000000
108.296073 2 1 1000000.000000
109.152165 2 3 2000000.000000
109.405538 2 3 30000.000000
109.994601 2 3 2000000.000000
110.158838 2 1 50000.000000
110.340593 2 2 30000000.000000
110.408666 2 2 200000.000000
111.699231 2 1 50000.000000
111.886424 2 1 10000000.000000
112.116648 2 3 10000000.000000
113.011486 2 0 1000000.000000
113.840261 2 0 1000000.000000
114.094325 2 2 5000000.000000
114.450109 2 2 10000000.000000
114.759141 2 0 10000.000000
114.900148 2 2 5000000.000000
114.973504 2 0 80000.000000
115.361424 2 3 50000.000000
115.808375 2 1 10000000.000000
115.861291 2 3 1000000.000000
116.046025 2 2 5000000.000000
116.419022 2 1 30000.000000
116.969171 2 1 5000000.000000
117.096689 2 0 2000000.000000
117.230149 2 3 2000000.000000
117.463221 2 3 10000.000000
117.881067 2 0 2000000.000000
117.943535 2 0 200000.000000
118.379409 2 3 1000000.000000
118.400392 2 3 80000.000000
118.690126 2 1 80000.000000
118.727752 2 1 10000000.000000
118.738013 2 3 10000000.000000
118.743004 2 0 30000.000000
119.355083 2 2 50000.000000
119.472518 2 0 1000000.000000
119.800520 2 1 200000.000000
120.216817 2 1 2000000.000000
120.447782 2 0 1000000.000000
120.459067 2 2 2000000.000000
120.664813 2 2 2000000.000000
120.981568 2 3 80000.000000
123.259044 2 1 30000.000000
123.288041 2 0 2000000.000000
123.345731 2 2 200000.000000
123.911876 2 1 30000.000000
123.997822 2 1 30000000.000000
124.595137 2 1 80000.000000
124.802435 2 3 10000000.000000
125.180442 2 2 30000.000000
125.424709 2 1 20000.000000
125.813055 2 2 10000.000000
126.028898 2 3 10000000.000000
126.142407 2 2 1000000.000000
126.344915 2 2 80000.000000
127.177264 2 0 200000.000000
127.295890 2 1 2000000.000000
127.317027 2 2 30000.000000
128.106842 2 3 10000.000000
128.301806 2 0 80000.000000
128.331551 2 1 20000.000000
128.482052 2 0 10000.000000
128.602659 2 3 10000000.000000
128.680021 2 0 10000.000000
129.256801 2 3 30000.000000
129.465718 2 0 5000000.000000
129.689296 2 0 50000.000000
129.846090 2 3 2000000.000000
130.286491 2 2 10000000.000000
130.753264 2 3 10000000.000000
130.891490 2 1 5000000.000000
131.733671 2 0 10000.000000
131.925519 2 3 200000.000000
132.111730 2 2 2000000.000000
132.281528 2 0 30000.000000
132.423210 2 3 30000.000000
134.123331 2 3 10000.000000
134.185059 2 1 1000000.000000
134.827762 2 1 80000.000000
134.991017 2 1 80000.000000
135.711833 2 3 30000.000000
135.732432 2 0 30000.000000
135.868929 2 3 5000000.000000
135.871635 2 2 10000000.000000
135.907436 2 1 80000.000000
136.321345 2 2 30000.000000
136.414960 2 1 50000.000000
136.454945 2 2 80000.000000
136.585926 2 1 1000000.000000
136.861189 2 2 10000.000000
137.054110 2 2 200000.000000
137.221828 2 0 10000000.000000
137.274006 2 1 1000000.000000
137.438768 2 3 2000000.000000
138.229566 2 2 5000000.000000
138.272042 2 2 5000000.000000
138.317968 2 1 1000000.000000
138.411619 2 0 2000000.000000
138.416863 2 2 200000.000000
138.757053 2 3 50000.000000
138.925922 2 0 10000.000000
139.002213 2 3 5000000.000000
139.159864 2 0 80000.000000
139.408964 2 2 10000000.000000
139.576598 2 1 20000.000000
140.245778 2 0 200000.000000
140.502754 2 2 2000000.000000
141.007127 2 0 10000000.000000
141.216432 2 1 200000.000000
142.558130 2 1 10000.000000
143.442895 2 0 80000.000000
143.596725 2 0 10000.000000
143.689012 2 2 50000.000000
143.846782 2 2 30000.000000
144.069079 2 2 200000.000000
144.353414 2 0 80000.000000
145.423559 2 3 2000000.000000
146.430406 2 1 1000000.000000
147.015713 2 0 30000.000000
147.077728 2 1 50000.000000
147.081869 2 0 10000.000000
147.611043 2 0 2000000.000000
147.929722 2 1 5000000.000000
147.997545 2 2 80000.000000
148.358749 2 0 50000.000000
148.487820 2 1 80000.000000
148.488060 2 3 5000000.000000
148.685586 2 1 1000000.000000
148.704768 2 1 200000.000000
149.432282 2 2 1000000.000000
0.545137 3 1 10000.000000
0.727372 3 3 50000.000000
0.842354 3 2 80000.000000
1.327131 3 0 10000.000000
2.296993 3 3 1000000.000000
3.074427 3 0 1000000.000000
3.311446 3 3 50000.000000
3.419354 3 3 30000.000000
3.424937 3 1 10000.000000
3.599547 3 3 30000.000000
3.708150 3 1 1000000.000000
3.925609 3 1 80000.000000
4.150657 3 2 80000.000000
4.963041 3 2 20000.000000
5.094347 3 2 80000.000000
5.267314 3 3 20000.000000
5.417073 3 3 10000.000000
7.037517 3 0 30000.000000
7.099136 3 2 200000.000000
7.144265 3 3 5000000.000000
8.054660 3 2 2000000.000000
8.089116 3 2 80000.000000
8.210299 3 0 10000000.000000
8.383246 3 1 50000.000000
8.449393 3 2 10000000.000000
8.770335 3 2 200000.000000
8.927754 3 1 80000.000000
9.182230 3 1 200000.000000
9.305402 3 1 10000.000000
9.501538 3 2 80000.000000
9.563270 3 0 30000.000000
9.691741 3 0 200000.000000
9.904842 3 0 1000000.000000
10.558950 3 0 50000.000000
10.913154 3 1 30000.000000
11.319302 3 1 30000000.000000
11.581915 3 3 5000000.000000
11.631415 3 0 2000000.000000
12.148464 3 0 5000000.000000
12.601161 3 0 5000000.000000
12.725955 3 2 2000000.000000
13.154482 3 2 80000.000000
14.309435 3 1 200000.000000
14.950168 3 2 200000.000000
16.222919 3 3 5000000.000000
17.512619 3 2 5000000.000000
17.987835 3 2 1000000.000000
18.000623 3 2 5000000.000000
18.937729 3 3 50000.000000
18.947153 3 2 1000000.000000
19.412147 3 1 200000.000000
19.559365 3 3 30000.000000
20.018294 3 2 2000000.000000
20.248647 3 3 1000000.000000
20.282359 3 0 10000.000000
20.480082 3 0 5000000.000000
20.589644 3 1 10000.000000
21.019882 3 1 10000.000000
21.165633 3 2 2000000.000000
22.118587 3 1 10000.000000
22.192217 3 0 1000000.000000
22.547952 3 0 2000000.000000
22.770539 3 2 50000.000000
22.782123 3 1 30000.000000
22.831445 3 0 50000.000000
22.860861 3 1 80000.000000
23.129022 3 2 20000.000000
23.177559 3 2 5000000.000000
23.323957 3 3 1000000.000000
24.139239 3 2 10000000.000000
24.414336 3 1 20000.000000
24.468618 3 2 200000.000000
25.127443 3 2 80000.000000
25.697400 3 1 10000.000000
25.911811 3 3 2000000.000000
26.267061 3 2 30000000.000000
26.339430 3 2 200000.000000
26.929018 3 1 50000.000000
27.395548 3 1 5000000.000000
27.412350 3 1 1000000.000000
27.500694 3 2 1000000.000000
27.532747 3 3 30000.000000
27.763734 3 2 50000.000000
28.029865 3 1 20000.000000
28.032663 3 0 1000000.000000
29.198009 3 0 2000000.000000
29.598318 3 3 50000.000000
29.685198 3 0 30000.000000
30.177230 3 2 10000.000000
30.503507 3 1 30000.000000
30.640186 3 0 10000.000000
30.693995 3 0 30000.000000
30.887735 3 2 80000.000000
31.719697 3 2 10000.000000
31.977572 3 0 2000000.000000
32.046569 3 0 1000000.000000
32.162763 3 1 50000.000000
32.272712 3 0 1000000.000000
32.288620 3 2 80000.000000
32.314376 3 0 30000.000000
32.532302 3 1 80000.000000
32.849810 3 3 200000.000000
32.938618 3 3 80000.000000
33.013653 3 1 10000.000000
33.246905 3 2 30000.000000
33.408487 3 2 30000.000000
33.922094 3 2 10000.000000
34.399550 3 1 10000000.000000
34.837813 3 0 10000.000000
34.870738 3 3 5000000.000000
35.183857 3 3 30000.000000
35.306574 3 3 1000000.000000
35.397684 3 0 80000.000000
35.471265 3 0 5000000.000000
35.645433 3 1 200000.000000
36.304378 3 0 10000.000000
37.580603 3 1 2000000.000000
37.761558 3 3 2000000.000000
37.765967 3 3 1000000.000000
37.862632 3 2 10000.000000
37.890426 3 3 30000.000000
38.898045 3 0 2000000.000000
38.919154 3 3 10000000.000000
38.956763 3 2 10000000.000000
39.810317 3 0 1000000.000000
39.890488 3 0 5000000.000000
40.443735 3 2 5000000.000000
40.554728 3 0 10000.000000
41.661087 3 3 2000000.000000
42.007614 3 0 2000000.000000
42.096736 3 0 20000.000000
42.275527 3 2 80000.000000
42.445281 3 3 1000000.000000
42.446915 3 3 10000.000000
42.566671 3 2 1000000.000000
43.059628 3 0 2000000.000000
43.075587 3 2 1000000.000000
43.224924 3 3 5000000.000000
43.753185 3 1 30000.000000
43.813388 3 1 10000.000000
44.242302 3 0 10000.000000
44.309478 3 1 5000000.000000
44.365536 3 1 80000.000000
44.436291 3 0 2000000.000000
44.886698 3 1 5000000.000000
45.591508 3 0 1000000.000000
45.806801 3 0 80000.000000
46.027724 3 0 80000.000000
46.277590 3 0 5000000.000000
46.372067 3 2 200000.000000
46.620701 3 0 30000.000000
46.735225 3 3 10000000.000000
46.767857 3 3 10000000.000000
47.354123 3 1 10000000.000000
47.433486 3 1 200000.000000
47.755401 3 3 10000.000000
47.989498 3 0 10000.000000
48.785455 3 3 10000.000000
48.797890 3 2 2000000.000000
49.336886 3 1 2000000.000000
49.437518 3 3 10000.000000
49.970972 3 1 30000.000000
50.194537 3 3 10000.000000
51.549454 3 2 2000000.000000
51.587739 3 0 20000.000000
51.848528 3 1 5000000.000000
51.887346 3 0 2000000.000000
52.043630 3 0 2000000.000000
52.162364 3 0 10000.000000
52.403752 3 0 50000.000000
52.536891 3 3 50000.000000
52.804586 3 2 50000.000000
53.066071 3 0 30000.000000
53.460982 3 0 80000.000000
53.692369 3 0 10000000.000000
54.228684 3 1 30000.000000
54.287028 3 2 10000.000000
55.593318 3 2 80000.000000
56.504559 3 0 1000000.000000
58.370407 3 1 1000000.000000
58.572907 3 1 1000000.000000
58.680231 3 2 30000.000000
59.910422 3 0 5000000.000000
60.716860 3 1 10000.000000
60.753150 3 3 5000000.000000
61.110325 3 1 1000000.000000
61.176242 3 1 30000.000000
61.538771 3 2 1000000.000000
61.695288 3 0 200000.000000
61.745705 3 3 20000.000000
62.173909 3 0 50000.000000
62.243791 3 3 30000000.000000
62.622118 3 3 80000.000000
62.656064 3 0 20000.000000
63.017750 3 1 30000.000000
63.096633 3 1 10000.000000
63.756748 3 1 50000.000000
64.007091 3 0 30000.000000
64.222503 3 1 80000.000000
64.596152 3 1 2000000.000000
64.775865 3 3 30000.000000
64.850198 3 2 1000000.000000
65.075065 3 1 10000.000000
65.392298 3 1 10000.000000
65.580997 3 3 80000.000000
65.632812 3 1 1000000.000000
66.302341 3 0 2000000.000000
66.519478 3 1 50000.000000
67.212921 3 1 20000.000000
67.271995 3 0 50000.000000
67.657865 3 0 50000.000000
67.962290 3 1 50000.000000
68.060118 3 0 2000000.000000
68.076078 3 2 80000.000000
68.474593 3 3 80000.000000
68.748535 3 1 10000.000000
68.859215 3 1 10000.000000
68.889379 3 2 30000.000000
69.446700 3 0 10000.000000
69.463475 3 3 50000.000000
70.440023 3 3 1000000.000000
71.541163 3 2 80000.000000
71.733756 3 0 20000.000000
71.961616 3 0 200000.000000
72.512186 3 1 5000000.000000
72.592500 3 3 5000000.000000
72.858261 3 1 50000.000000
73.546914 3 2 80000.000000
73.764860 3 3 50000.000000
73.829025 3 2 30000.000000
74.654369 3 3 10000.000000
74.907182 3 1 1000000.000000
74.958616 3 2 1000000.000000
75.390452 3 2 30000000.000000
75.446397 3 3 50000.000000
75.601260 3 1 80000.000000
75.626972 3 1 5000000.000000
76.179123 3 2 50000.000000
76.588998 3 3 1000000.000000
77.118191 3 2 80000.000000
77.595246 3 2 50000.000000
78.060880 3 2 30000.000000
78.096757 3 3 10000.000000
78.837463 3 0 30000.000000
79.681609 3 1 1000000.000000
80.166895 3 0 10000000.000000
80.588008 3 1 80000.000000
80.670059 3 1 10000.000000
80.691580 3 1 200000.000000
80.734664 3 2 10000.000000
80.801266 3 1 50000.000000
82.020480 3 2 10000000.000000
82.034388 3 3 50000.000000
82.178751 3 0 5000000.000000
82.293847 3 3 30000.000000
82.594860 3 3 200000.000000
83.280089 3 0 30000.000000
83.411655 3 1 10000000.000000
83.529246 3 1 200000.000000
83.602941 3 1 30000.000000
83.650013 3 0 50000.000000
83.692483 3 3 80000.000000
83.788558 3 3 5000000.000000
83.901382 3 2 10000.000000
83.928609 3 3 200000.000000
83.948218 3 0 80000.000000
83.961056 3 0 1000000.000000
83.973062 3 3 30000.000000
84.048262 3 0 30000.000000
84.567586 3 2 10000.000000
84.580102 3 1 80000.000000
84.716435 3 1 30000.000000
85.546043 3 2 200000.000000
85.728722 3 1 80000.000000
86.092454 3 1 10000000.000000
87.012482 3 2 30000.000000
87.073449 3 1 1000000.000000
87.367718 3 3 1000000.000000
87.584204 3 1 30000.000000
87.770349 3 1 10000.000000
88.003763 3 2 10000000.000000
88.088136 3 1 50000.000000
88.313848 3 0 5000000.000000
88.396237 3 2 2000000.000000
88.600334 3 3 2000000.000000
88.746439 3 0 2000000.000000
88.758004 3 2 200000.000000
89.398095 3 3 80000.000000
90.876855 3 0 20000.000000
91.218389 3 1 30000.000000
91.309043 3 3 50000.000000
91.503228 3 3 50000.000000
91.598103 3 1 50000.000000
91.926118 3 1 30000000.000000
92.103757 3 0 5000000.000000
92.185252 3 3 10000.000000
92.686118 3 3 80000.000000
93.424185 3 0 10000000.000000
93.722315 3 1 30000000.000000
94.306747 3 0 10000.000000
94.602309 3 0 10000.000000
94.621727 3 2 80000.000000
94.954712 3 2 50000.000000
95.634189 3 3 5000000.000000
95.920240 3 1 80000.000000
96.088840 3 0 20000.000000
96.385464 3 0 10000.000000
96.410814 3 1 30000.000000
96.840951 3 1 200000.000000
96.900543 3 3 1000000.000000
97.394799 3 0 50000.000000
97.501774 3 3 20000.000000
97.519847 3 0 10000.000000
97.597186 3 0 1000000.000000
97.989544 3 3 50000.000000
98.090970 3 2 50000.000000
98.250102 3 1 200000.000000
98.387014 3 1 1000000.000000
98.447865 3 1 30000.000000
101.105371 3 1 80000.000000
101.433071 3 1 1000000.000000
101.589846 3 0 10000.000000
101.793358 3 0 1000000.000000
101.952635 3 2 30000.000000
102.026859 3 0 10000.000000
102.067067 3 3 1000000.000000
102.234413 3 1 1000000.000000
102.291738 3 0 30000.000000
102.878762 3 3 200000.000000
103.254928 3 2 50000.000000
103.770393 3 1 1000000.000000
104.581812 3 1 80000.000000
104.623391 3 1 80000.000000
104.639608 3 1 20000.000000
104.791831 3 3 1000000.000000
105.327141 3 2 10000000.000000
105.737817 3 0 30000.000000
105.874964 3 2 200000.000000
105.958956 3 3 30000.000000
106.106202 3 2 2000000.000000
106.214242 3 3 50000.000000
107.977405 3 0 30000.000000
108.778041 3 1 10000000.000000
108.794299 3 1 50000.000000
108.913279 3 1 10000000.000000
109.199896 3 2 200000.000000
109.213133 3 0 50000.000000
109.902379 3 0 5000000.000000
110.352859 3 1 30000.000000
110.529535 3 1 10000.000000
110.972778 3 3 30000.000000
111.196436 3 2 2000000.000000
111.314013 3 1 80000.000000
111.461937 3 0 200000.000000
111.972131 3 1 50000.000000
112.280415 3 0 10000.000000
112.439067 3 0 80000.000000
112.499022 3 0 5000000.000000
112.586884 3 0 50000.000000
112.662873 3 1 80000.000000
113.662836 3 1 5000000.000000
114.196187 3 3 10000000.000000
114.694327 3 2 10000.000000
115.301273 3 3 10000.000000
115.487318 3 0 80000.000000
115.768618 3 1 2000000.000000
115.820570 3 3 10000.000000
116.305970 3 3 2000000.000000
116.572612 3 3 30000000.000000
116.688250 3 1 2000000.000000
116.882685 3 2 5000000.000000
117.007014 3 1 200000.000000
117.190049 3 1 2000000.000000
117.560286 3 0 1000000.000000
117.671981 3 3 10000.000000
117.775791 3 3 10000000.000000
118.267512 3 1 200000.000000
119.085323 3 2 10000.000000
120.111189 3 2 30000.000000
120.149599 3 3 50000.000000
120.176795 3 2 1000000.000000
120.461424 3 2 5000000.000000
121.026018 3 3 30000.000000
123.039401 3 2 50000.000000
123.101907 3 1 10000.000000
123.255305 3 0 10000.000000
123.504457 3 0 80000.000000
123.649748 3 2 5000000.000000
123.922198 3 3 1000000.000000
124.850232 3 2 5000000.000000
124.885435 3 3 200000.000000
124.887372 3 3 200000.000000
125.601955 3 0 1000000.000000
125.714863 3 0 2000000.000000
125.854793 3 3 2000000.000000
126.177115 3 0 200000.000000
126.730560 3 0 50000.000000
126.945491 3 2 30000.000000
127.071585 3 1 20000.000000
127.803756 3 2 50000.000000
128.003022 3 3 20000.000000
128.345586 3 2 5000000.000000
128.664243 3 0 1000000.000000
129.236791 3 0 5000000.000000
130.219017 3 2 1000000.000000
130.233244 3 2 10000.000000
130.553481 3 0 30000000.000000
130.645102 3 2 5000000.000000
130.805965 3 3 5000000.000000
131.144474 3 2 200000.000000
131.148473 3 1 30000.000000
131.352095 3 3 10000.000000
131.856042 3 2 10000.000000
132.373740 3 1 1000000.000000
132.530647 3 2 80000.000000
133.560132 3 1 20000.000000
133.594817 3 2 30000000.000000
133.633660 3 1 50000.000000
133.838862 3 3 2000000.000000
133.876305 3 1 10000.000000
134.122779 3 1 80000.000000
134.233982 3 3 20000.000000
134.484882 3 2 1000000.000000
134.585647 3 2 1000000.000000
134.596455 3 3 20000.000000
134.679973 3 0 20000.000000
135.133378 3 3 5000000.000000
135.233324 3 2 10000.000000
135.778566 3 1 30000.000000
135.982472 3 0 2000000.000000
136.177833 3 2 5000000.000000
136.827069 3 2 80000.000000
136.968498 3 1 30000000.000000
137.544055 3 2 80000.000000
138.241624 3 1 20000.000000
138.241631 3 2 20000.000000
138.572377 3 0 10000.000000
138.596317 3 0 1000000.000000
138.723132 3 2 80000.000000
139.053650 3 3 5000000.000000
140.047215 3 2 80000.000000
140.563612 3 2 1000000.000000
140.814489 3 3 5000000.000000
140.860806 3 3 2000000.000000
140.969533 3 3 200000.000000
141.171834 3 0 50000.000000
141.780165 3 2 10000.000000
141.808688 3 2 30000.000000
141.939648 3 2 20000.000000
142.093832 3 0 50000.000000
142.197052 3 0 10000000.000000
142.358647 3 2 10000.000000
143.859386 3 0 5000000.000000
143.994129 3 2 5000000.000000
144.094094 3 0 10000.000000
144.263978 3 0 200000.000000
144.472218 3 1 30000.000000
144.511772 3 0 10000000.000000
144.605385 3 2 200000.000000
145.854381 3 1 1000000.000000
146.106548 3 0 50000.000000
146.381665 3 3 10000.000000
146.726897 3 0 50000.000000
147.840844 3 1 80000.000000
147.870584 3 1 30000.000000
147.943187 3 1 80000.000000
148.848362 3 1 30000.000000
148.887802 3 2 30000.000000
148.971971 3 1 2000000.000000
149.932839 3 0 10000.000000
