0.307190 0 2 10000.000000
0.965003 0 3 50000.000000
1.097531 0 0 10000.000000
1.244409 0 1 50000.000000
1.333712 0 1 2000000.000000
1.395498 0 0 1000000.000000
1.398361 0 3 1000000.000000
1.585634 0 0 80000.000000
2.482114 0 2 80000.000000
2.553954 0 0 50000.000000
2.697775 0 3 20000.000000
2.992121 0 3 10000.000000
3.615842 0 3 200000.000000
3.823217 0 0 20000.000000
3.927276 0 3 1000000.000000
4.081975 0 0 2000000.000000
4.356012 0 2 5000000.000000
4.378509 0 3 2000000.000000
5.100226 0 1 30000.000000
5.522408 0 1 2000000.000000
5.637695 0 3 50000.000000
5.940146 0 3 5000000.000000
5.966085 0 2 30000000.000000
6.140469 0 1 50000.000000
6.331467 0 2 5000000.000000
7.499037 0 2 200000.000000
7.691627 0 2 10000.000000
7.791501 0 0 1000000.000000
7.851553 0 1 5000000.000000
8.092075 0 2 10000.000000
8.154775 0 1 5000000.000000
8.247810 0 1 5000000.000000
8.604021 0 3 10000.000000
8.881712 0 2 1000000.000000
8.893423 0 1 2000000.000000
9.338452 0 3 30000.000000
9.359726 0 1 5000000.000000
9.579452 0 0 200000.000000
9.675995 0 1 80000.000000
9.866112 0 0 30000.000000
9.986304 0 3 10000.000000
10.350398 0 0 10000000.000000
10.521434 0 0 200000.000000
10.797837 0 3 30000.000000
11.343055 0 1 10000.000000
11.399268 0 1 200000.000000
11.424001 0 0 10000.000000
11.520619 0 1 200000.000000
12.125016 0 3 10000.000000
12.232964 0 0 5000000.000000
12.755277 0 3 1000000.000000
13.014858 0 1 5000000.000000
13.316004 0 1 30000.000000
13.322679 0 0 50000.000000
13.402918 0 3 50000.000000
13.425804 0 1 10000.000000
13.576308 0 3 80000.000000
13.652538 0 0 20000.000000
13.768387 0 2 20000.000000
13.890572 0 1 10000.000000
14.880027 0 0 2000000.000000
15.470488 0 1 10000.000000
15.610801 0 1 1000000.000000
15.749606 0 0 10000.000000
15.768742 0 2 80000.000000
15.958165 0 1 10000000.000000
15.988862 0 3 10000.000000
16.135333 0 2 1000000.000000
16.910957 0 0 2000000.000000
17.074204 0 2 200000.000000
17.233772 0 3 1000000.000000
17.247563 0 1 1000000.000000
17.634433 0 1 30000.000000
17.772548 0 2 2000000.000000
17.977221 0 0 2000000.000000
18.724573 0 2 1000000.000000
18.777615 0 3 10000.000000
19.037395 0 2 80000.000000
19.626806 0 1 30000000.000000
19.655711 0 1 10000000.000000
19.803278 0 3 20000.000000
20.303318 0 2 10000.000000
20.473662 0 0 20000.000000
20.562122 0 3 20000.000000
20.753119 0 3 2000000.000000
21.136704 0 3 10000.000000
21.176600 0 1 10000.000000
21.223952 0 0 80000.000000
21.927208 0 2 30000000.000000
21.950919 0 1 2000000.000000
21.999045 0 3 10000.000000
22.368276 0 0 5000000.000000
22.570753 0 2 30000.000000
22.681809 0 2 80000.000000
22.873444 0 0 30000000.000000
22.957187 0 3 20000.000000
22.983910 0 1 30000.000000
22.999811 0 2 200000.000000
23.151225 0 2 10000.000000
23.653917 0 2 50000.000000
24.329165 0 2 10000.000000
24.347041 0 3 1000000.000000
24.402180 0 3 10000.000000
24.767986 0 1 50000.000000
24.917292 0 2 10000000.000000
24.981830 0 0 50000.000000
25.041736 0 1 10000.000000
25.922222 0 3 5000000.000000
26.189409 0 2 200000.000000
26.974306 0 3 10000.000000
27.970401 0 1 30000.000000
28.574111 0 2 2000000.000000
28.592532 0 0 1000000.000000
28.720062 0 1 10000000.000000
28.913160 0 1 200000.000000
29.026179 0 3 80000.000000
29.139036 0 1 30000.000000
29.689227 0 3 2000000.000000
29.765791 0 1 2000000.000000
29.809235 0 2 10000.000000
29.905784 0 3 2000000.000000
29.940004 0 1 5000000.000000
30.104904 0 3 200000.000000
30.446228 0 0 50000.000000
31.103869 0 3 30000000.000000
31.337332 0 0 1000000.000000
31.856847 0 2 5000000.000000
31.965759 0 3 2000000.000000
32.027448 0 3 30000.000000
32.194614 0 0 30000.000000
32.481856 0 0 80000.000000
32.534833 0 1 80000.000000
32.559198 0 1 2000000.000000
32.630178 0 2 1000000.000000
32.835021 0 1 50000.000000
32.853627 0 2 2000000.000000
32.978084 0 2 200000.000000
32.979134 0 2 10000.000000
33.076523 0 1 30000.000000
33.096500 0 3 30000.000000
33.472312 0 2 50000.000000
34.153453 0 0 80000.000000
34.711111 0 2 10000000.000000
34.960380 0 2 30000.000000
35.083769 0 0 80000.000000
35.269420 0 3 80000.000000
35.325998 0 1 20000.000000
36.039493 0 2 2000000.000000
36.362290 0 0 1000000.000000
36.875660 0 0 200000.000000
37.345256 0 0 200000.000000
37.370071 0 3 10000.000000
37.516519 0 3 10000000.000000
37.892904 0 0 50000.000000
38.216589 0 3 10000.000000
38.605770 0 0 80000.000000
38.909261 0 2 200000.000000
39.074128 0 1 30000.000000
39.514020 0 0 2000000.000000
39.710915 0 3 2000000.000000
39.821703 0 1 10000.000000
40.850871 0 1 2000000.000000
40.970531 0 2 1000000.000000
40.995588 0 0 2000000.000000
41.200907 0 3 10000000.000000
41.296127 0 0 5000000.000000
41.322094 0 0 10000.000000
41.914776 0 2 2000000.000000
42.018234 0 0 10000.000000
42.096102 0 3 50000.000000
42.231560 0 1 1000000.000000
42.244793 0 1 2000000.000000
42.509919 0 3 50000.000000
42.901567 0 0 5000000.000000
43.073755 0 2 200000.000000
43.099461 0 1 80000.000000
43.410585 0 1 30000.000000
43.776116 0 2 80000.000000
44.497176 0 2 2000000.000000
44.573586 0 2 5000000.000000
45.697637 0 0 1000000.000000
46.112860 0 1 20000.000000
46.361665 0 2 10000.000000
47.349047 0 3 5000000.000000
47.863484 0 1 80000.000000
47.943729 0 2 10000.000000
48.583370 0 1 200000.000000
48.786669 0 1 80000.000000
48.787863 0 3 30000.000000
49.138678 0 0 10000.000000
49.486589 0 1 50000.000000
49.707087 0 1 10000000.000000
49.751391 0 0 2000000.000000
49.767367 0 2 30000.000000
50.718421 0 3 20000.000000
50.894043 0 3 1000000.000000
51.027666 0 3 30000.000000
51.367070 0 3 1000000.000000
51.517186 0 3 30000.000000
51.651323 0 3 30000.000000
51.686598 0 0 5000000.000000
51.916810 0 2 5000000.000000
52.206705 0 2 10000.000000
52.246162 0 1 50000.000000
52.285716 0 2 1000000.000000
52.947967 0 2 200000.000000
53.552733 0 3 10000.000000
54.183797 0 2 2000000.000000
54.267075 0 0 10000000.000000
54.350952 0 1 30000.000000
54.776907 0 1 200000.000000
54.982691 0 2 10000.000000
55.344546 0 1 30000.000000
55.665057 0 1 5000000.000000
56.227543 0 3 2000000.000000
56.326753 0 1 30000.000000
56.798170 0 3 5000000.000000
56.871846 0 0 80000.000000
57.047652 0 0 80000.000000
57.173919 0 2 1000000.000000
57.781085 0 3 2000000.000000
57.902374 0 1 2000000.000000
58.304024 0 0 2000000.000000
58.394591 0 2 10000.000000
58.619804 0 1 10000000.000000
58.758541 0 3 5000000.000000
59.728958 0 1 1000000.000000
59.994853 0 3 50000.000000
60.147662 0 2 10000.000000
60.168760 0 3 50000.000000
60.178536 0 1 2000000.000000
60.483524 0 0 10000000.000000
60.679547 0 1 30000.000000
61.481833 0 1 80000.000000
61.771197 0 2 30000.000000
61.801534 0 3 80000.000000
62.203277 0 0 10000000.000000
62.307007 0 0 5000000.000000
62.310539 0 0 20000.000000
62.620581 0 1 50000.000000
62.675642 0 3 20000.000000
62.759334 0 0 20000.000000
63.077816 0 2 10000.000000
63.253206 0 2 30000.000000
63.776680 0 3 5000000.000000
64.031101 0 2 80000.000000
64.355013 0 3 30000.000000
64.607077 0 1 30000.000000
65.211567 0 3 2000000.000000
65.739046 0 1 5000000.000000
66.280627 0 2 80000.000000
66.350716 0 2 1000000.000000
66.572671 0 0 10000.000000
66.614477 0 3 10000.000000
66.794266 0 2 5000000.000000
66.873375 0 2 5000000.000000
68.089200 0 0 200000.000000
68.110266 0 1 5000000.000000
68.601916 0 1 2000000.000000
69.097250 0 3 2000000.000000
69.140006 0 1 30000.000000
69.170365 0 2 1000000.000000
69.973334 0 3 30000000.000000
70.107275 0 0 10000.000000
70.318903 0 2 20000.000000
70.435867 0 3 5000000.000000
70.493223 0 1 50000.000000
70.781123 0 3 1000000.000000
70.942218 0 1 10000.000000
71.373230 0 3 10000.000000
71.714183 0 2 10000.000000
71.793877 0 0 80000.000000
72.089914 0 0 1000000.000000
72.174545 0 1 50000.000000
72.380886 0 0 10000.000000
73.070269 0 2 50000.000000
73.325770 0 1 2000000.000000
73.681672 0 2 80000.000000
74.691455 0 0 80000.000000
75.176976 0 3 200000.000000
75.442301 0 0 10000.000000
75.530310 0 3 5000000.000000
75.537895 0 1 80000.000000
75.674798 0 0 50000.000000
76.093311 0 1 10000.000000
76.352024 0 1 10000000.000000
76.360447 0 0 10000000.000000
76.427195 0 3 10000.000000
76.946417 0 2 50000.000000
77.225696 0 2 10000000.000000
77.231432 0 1 10000.000000
77.412877 0 0 30000.000000
77.413626 0 1 5000000.000000
78.143373 0 3 1000000.000000
78.338160 0 2 2000000.000000
78.953381 0 3 10000000.000000
78.982914 0 2 1000000.000000
80.164959 0 0 5000000.000000
80.540770 0 2 2000000.000000
82.132473 0 1 2000000.000000
82.278719 0 3 30000.000000
82.426915 0 3 20000.000000
82.451717 0 3 10000.000000
82.968933 0 0 5000000.000000
83.070327 0 3 20000.000000
83.439593 0 3 50000.000000
83.567950 0 3 200000.000000
83.988957 0 2 200000.000000
84.156278 0 3 30000.000000
84.332552 0 1 30000.000000
84.443742 0 1 5000000.000000
84.458122 0 3 80000.000000
84.464020 0 3 80000.000000
84.562665 0 2 2000000.000000
84.740181 0 0 10000.000000
84.887561 0 1 20000.000000
85.324555 0 1 2000000.000000
85.915109 0 0 10000.000000
86.408669 0 3 200000.000000
86.827584 0 1 80000.000000
87.174148 0 3 20000.000000
87.199071 0 2 10000.000000
87.265476 0 0 5000000.000000
87.907201 0 2 2000000.000000
88.232378 0 2 50000.000000
88.471187 0 0 2000000.000000
88.791647 0 3 2000000.000000
88.794611 0 2 2000000.000000
88.867131 0 0 30000.000000
89.143652 0 0 200000.000000
89.426613 0 3 10000.000000
89.465772 0 0 30000.000000
90.043841 0 2 1000000.000000
90.373100 0 0 5000000.000000
90.627573 0 1 30000.000000
90.757336 0 3 10000.000000
91.380976 0 2 10000.000000
91.800249 0 2 2000000.000000
91.908341 0 1 30000.000000
92.628656 0 2 20000.000000
93.050638 0 3 10000.000000
93.098245 0 3 5000000.000000
93.460576 0 2 30000.000000
94.065313 0 1 30000.000000
94.278325 0 2 2000000.000000
94.586355 0 3 30000000.000000
94.686547 0 3 1000000.000000
95.240800 0 2 5000000.000000
95.679547 0 0 20000.000000
96.830481 0 2 200000.000000
96.851854 0 0 80000.000000
97.493022 0 1 80000.000000
97.892737 0 2 5000000.000000
98.773674 0 1 80000.000000
98.899170 0 3 2000000.000000
99.098205 0 0 2000000.000000
99.670367 0 1 1000000.000000
99.776399 0 0 2000000.000000
100.065765 0 1 2000000.000000
100.379396 0 2 80000.000000
100.431017 0 0 30000.000000
100.570879 0 2 5000000.000000
100.802655 0 1 2000000.000000
101.399136 0 1 2000000.000000
101.686158 0 3 50000.000000
101.817364 0 2 10000.000000
102.010032 0 1 30000000.000000
102.167922 0 2 50000.000000
102.433984 0 2 30000.000000
102.887319 0 3 80000.000000
102.915924 0 2 10000.000000
103.070675 0 3 5000000.000000
103.288851 0 3 2000000.000000
103.751516 0 0 1000000.000000
104.054984 0 1 10000.000000
104.100535 0 0 80000.000000
104.105794 0 0 1000000.000000
104.160401 0 1 2000000.000000
104.248345 0 3 10000.000000
104.544946 0 2 200000.000000
104.580315 0 1 50000.000000
105.013382 0 2 30000.000000
105.780063 0 3 10000.000000
105.814563 0 2 20000.000000
105.967842 0 0 80000.000000
106.238473 0 2 2000000.000000
106.965007 0 1 5000000.000000
107.147345 0 3 2000000.000000
107.959248 0 0 2000000.000000
108.157600 0 0 30000.000000
108.616408 0 1 10000.000000
108.879161 0 3 200000.000000
109.201200 0 3 1000000.000000
110.089987 0 2 50000.000000
110.271742 0 2 50000.000000
110.665349 0 1 2000000.000000
111.201002 0 0 10000000.000000
111.520130 0 2 200000.000000
111.618839 0 0 2000000.000000
111.797505 0 0 5000000.000000
111.882638 0 2 5000000.000000
111.995055 0 0 10000000.000000
112.177325 0 3 2000000.000000
112.351109 0 3 50000.000000
112.357271 0 2 10000.000000
112.829085 0 2 30000.000000
113.045007 0 0 5000000.000000
113.190626 0 1 10000.000000
113.843561 0 2 1000000.000000
113.862639 0 2 50000.000000
113.979343 0 0 2000000.000000
114.006037 0 0 30000.000000
114.018132 0 3 2000000.000000
114.082824 0 0 2000000.000000
114.445196 0 3 10000.000000
114.488470 0 0 50000.000000
114.854359 0 3 2000000.000000
115.443183 0 0 20000.000000
115.624695 0 3 30000000.000000
115.757195 0 2 10000000.000000
116.048818 0 3 2000000.000000
116.783263 0 1 5000000.000000
117.194475 0 2 10000.000000
117.606232 0 3 20000.000000
117.617450 0 1 30000.000000
117.624032 0 0 5000000.000000
117.803009 0 1 30000.000000
117.900007 0 2 50000.000000
118.096078 0 0 80000.000000
118.134599 0 0 200000.000000
118.619378 0 2 50000.000000
118.766408 0 1 10000.000000
118.917294 0 1 2000000.000000
119.273159 0 0 200000.000000
119.322629 0 1 30000.000000
119.868411 0 2 50000.000000
120.238491 0 3 2000000.000000
120.343443 0 3 20000.000000
120.850062 0 1 1000000.000000
121.031530 0 1 10000.000000
121.793469 0 1 80000.000000
121.796628 0 0 200000.000000
121.940789 0 2 10000.000000
122.094044 0 3 30000.000000
122.664804 0 0 1000000.000000
122.692714 0 2 200000.000000
122.695419 0 3 30000.000000
122.713445 0 0 200000.000000
122.794627 0 0 50000.000000
122.930603 0 1 30000.000000
122.962462 0 2 2000000.000000
122.979775 0 1 20000.000000
123.530834 0 2 50000.000000
123.672624 0 2 50000.000000
123.840895 0 0 2000000.000000
124.022667 0 1 10000000.000000
124.790188 0 1 80000.000000
125.094718 0 3 10000.000000
125.123213 0 3 80000.000000
125.398128 0 2 10000.000000
125.416533 0 1 1000000.000000
125.426627 0 2 1000000.000000
125.704684 0 3 2000000.000000
125.971307 0 1 80000.000000
126.154867 0 2 50000.000000
126.514710 0 1 20000.000000
126.740647 0 1 5000000.000000
126.796556 0 2 200000.000000
126.963919 0 3 2000000.000000
127.028290 0 2 30000.000000
127.386968 0 0 80000.000000
127.582607 0 0 50000.000000
127.897933 0 1 1000000.000000
128.169259 0 0 50000.000000
128.311721 0 2 20000.000000
128.414600 0 0 2000000.000000
128.500889 0 2 200000.000000
128.647178 0 1 2000000.000000
128.790852 0 0 1000000.000000
129.007430 0 1 5000000.000000
129.512562 0 1 10000000.000000
129.601393 0 3 1000000.000000
130.031028 0 0 80000.000000
130.224207 0 2 10000.000000
130.230417 0 1 2000000.000000
130.274068 0 3 50000.000000
130.352509 0 0 80000.000000
131.168962 0 2 10000.000000
131.216418 0 0 200000.000000
131.798346 0 3 50000.000000
132.036068 0 1 10000000.000000
132.077266 0 2 200000.000000
132.123006 0 2 1000000.000000
132.516970 0 1 30000.000000
133.724251 0 2 10000.000000
133.911397 0 1 30000000.000000
134.219024 0 0 30000.000000
134.824109 0 1 50000.000000
135.155071 0 1 10000.000000
135.677784 0 1 200000.000000
135.967359 0 0 30000.000000
136.187535 0 0 200000.000000
136.353577 0 0 10000.000000
136.445258 0 2 50000.000000
136.727583 0 1 5000000.000000
137.157936 0 3 80000.000000
137.376090 0 1 10000000.000000
137.569759 0 3 2000000.000000
138.122519 0 1 50000.000000
138.268660 0 1 10000000.000000
138.310843 0 3 30000.000000
138.502147 0 2 200000.000000
138.876423 0 2 10000.000000
139.000069 0 0 50000.000000
139.008581 0 3 80000.000000
139.179850 0 2 10000.000000
139.362184 0 2 80000.000000
139.465499 0 3 5000000.000000
139.525588 0 0 80000.000000
139.763723 0 3 30000.000000
140.067628 0 3 200000.000000
140.470362 0 1 200000.000000
140.703356 0 3 20000.000000
141.050596 0 3 10000.000000
141.713097 0 0 10000000.000000
141.915767 0 3 10000.000000
141.984756 0 3 10000.000000
142.073750 0 3 50000.000000
142.259302 0 1 30000.000000
142.793438 0 1 80000.000000
142.943742 0 1 30000.000000
143.021011 0 3 50000.000000
143.553305 0 1 1000000.000000
143.634025 0 1 2000000.000000
143.669933 0 0 10000.000000
143.725090 0 0 80000.000000
144.128195 0 2 10000.000000
144.193006 0 0 30000.000000
144.253833 0 1 10000000.000000
144.526715 0 2 80000.000000
145.210570 0 1 10000000.000000
145.381181 0 1 20000.000000
145.557997 0 3 5000000.000000
145.695935 0 2 2000000.000000
145.989496 0 3 50000.000000
146.207545 0 0 2000000.000000
146.354799 0 3 20000.000000
146.790338 0 3 50000.000000
147.285295 0 2 10000000.000000
147.317585 0 3 1000000.000000
147.398830 0 1 200000.000000
147.425794 0 2 20000.000000
147.739323 0 0 1000000.000000
147.950144 0 2 10000.000000
148.051835 0 3 30000.000000
149.145799 0 2 80000.000000
149.663769 0 2 20000.000000
0.055866 1 0 30000.000000
0.542519 1 3 50000.000000
0.899287 1 2 30000.000000
1.038196 1 3 10000.000000
1.038630 1 3 10000000.000000
1.058793 1 2 2000000.000000
1.790578 1 3 30000.000000
1.959635 1 0 80000.000000
2.011475 1 3 1000000.000000
2.347672 1 1 80000.000000
2.724169 1 1 5000000.000000
3.343192 1 0 50000.000000
3.413230 1 2 50000.000000
3.573359 1 0 10000000.000000
3.658434 1 3 5000000.000000
3.669034 1 0 200000.000000
3.858843 1 0 30000.000000
4.034045 1 3 10000.000000
4.078653 1 3 2000000.000000
4.431849 1 2 10000.000000
4.780452 1 0 200000.000000
4.937780 1 1 10000.000000
5.217695 1 1 10000000.000000
5.239156 1 2 30000.000000
5.348920 1 3 200000.000000
5.365185 1 1 10000.000000
5.435531 1 1 10000.000000
5.717197 1 0 50000.000000
5.762622 1 1 10000000.000000
6.113794 1 1 30000.000000
6.945683 1 2 80000.000000
7.109595 1 1 5000000.000000
7.827540 1 1 50000.000000
8.139314 1 2 50000.000000
8.216251 1 2 10000.000000
8.786460 1 3 30000.000000
8.831641 1 0 1000000.000000
8.888337 1 2 80000.000000
9.139933 1 2 5000000.000000
9.671797 1 1 30000.000000
9.877047 1 1 1000000.000000
9.901924 1 1 5000000.000000
9.981411 1 1 10000.000000
10.184142 1 2 1000000.000000
10.407875 1 1 10000.000000
10.817388 1 3 30000.000000
10.962039 1 1 2000000.000000
10.972093 1 3 80000.000000
11.310441 1 0 10000.000000
11.692653 1 3 1000000.000000
11.712179 1 1 1000000.000000
11.954573 1 1 30000.000000
11.981035 1 2 2000000.000000
12.142859 1 3 10000.000000
12.339144 1 0 20000.000000
12.648469 1 1 80000.000000
12.933154 1 3 200000.000000
12.976952 1 0 200000.000000
13.938053 1 0 30000.000000
14.073171 1 3 1000000.000000
14.388855 1 2 200000.000000
14.527192 1 2 30000000.000000
14.566576 1 3 10000.000000
14.653958 1 1 50000.000000
15.299078 1 2 2000000.000000
15.723538 1 2 30000.000000
15.936531 1 2 80000.000000
16.013329 1 0 5000000.000000
16.032027 1 2 10000000.000000
16.051940 1 1 30000.000000
16.289582 1 0 30000.000000
16.319392 1 0 10000000.000000
16.560265 1 2 2000000.000000
16.630033 1 0 10000.000000
17.240236 1 3 2000000.000000
17.853495 1 0 5000000.000000
18.062971 1 1 2000000.000000
18.172719 1 0 10000.000000
18.176859 1 3 2000000.000000
18.197951 1 0 10000.000000
18.291666 1 2 10000.000000
18.351234 1 0 200000.000000
18.516978 1 1 10000000.000000
18.704714 1 1 1000000.000000
18.857538 1 0 10000000.000000
19.137886 1 2 10000000.000000
19.149011 1 2 2000000.000000
19.376208 1 0 10000.000000
19.667054 1 3 10000000.000000
19.814787 1 2 5000000.000000
20.141393 1 3 30000000.000000
20.158956 1 3 10000000.000000
20.376322 1 1 10000.000000
20.667169 1 1 30000.000000
20.700670 1 1 1000000.000000
21.345761 1 2 10000000.000000
21.784631 1 3 2000000.000000
21.961214 1 3 20000.000000
22.170520 1 0 10000000.000000
22.258048 1 3 200000.000000
22.444874 1 0 5000000.000000
22.504363 1 1 1000000.000000
22.777138 1 1 10000000.000000
22.799463 1 2 80000.000000
23.118135 1 1 80000.000000
23.408561 1 3 80000.000000
23.475130 1 3 1000000.000000
23.525745 1 0 30000.000000
23.607542 1 2 10000.000000
23.668103 1 2 10000.000000
23.919163 1 2 5000000.000000
24.107675 1 2 50000.000000
24.320848 1 3 80000.000000
24.358353 1 1 30000.000000
24.642170 1 2 10000000.000000
24.686386 1 0 5000000.000000
24.772060 1 3 5000000.000000
24.958305 1 0 50000.000000
25.026903 1 2 50000.000000
26.155592 1 0 2000000.000000
26.226099 1 3 2000000.000000
26.281623 1 3 50000.000000
26.892961 1 2 30000.000000
27.417356 1 3 10000.000000
27.686231 1 1 1000000.000000
28.757905 1 3 80000.000000
28.809827 1 2 10000.000000
28.857569 1 1 200000.000000
28.956200 1 2 80000.000000
29.012511 1 1 80000.000000
29.636952 1 3 1000000.000000
29.845252 1 3 30000.000000
29.921339 1 2 5000000.000000
30.087760 1 2 50000.000000
30.128364 1 2 80000.000000
31.076867 1 3 10000.000000
31.315532 1 2 80000.000000
31.617568 1 0 80000.000000
31.813437 1 1 200000.000000
32.282941 1 0 200000.000000
32.435832 1 1 1000000.000000
32.569664 1 2 2000000.000000
32.715744 1 0 30000000.000000
32.864459 1 0 30000.000000
33.161064 1 1 1000000.000000
33.163076 1 0 80000.000000
33.171298 1 2 10000.000000
33.425862 1 3 50000.000000
33.626364 1 3 5000000.000000
33.692858 1 0 20000.000000
33.872856 1 1 30000000.000000
34.130759 1 3 10000000.000000
34.343365 1 1 30000.000000
34.514032 1 0 30000.000000
34.941730 1 3 10000.000000
35.229852 1 1 1000000.000000
35.376772 1 0 80000.000000
35.498602 1 3 80000.000000
36.034528 1 2 5000000.000000
36.170300 1 3 80000.000000
36.358196 1 1 50000.000000
36.633080 1 1 10000000.000000
36.736173 1 3 200000.000000
36.742470 1 0 50000.000000
37.834972 1 2 10000.000000
37.987853 1 0 2000000.000000
38.009549 1 0 5000000.000000
38.102852 1 3 10000.000000
38.236940 1 3 200000.000000
38.456017 1 0 80000.000000
38.965544 1 3 1000000.000000
39.288147 1 2 5000000.000000
39.551946 1 1 200000.000000
39.710442 1 0 200000.000000
40.206357 1 1 10000.000000
40.616914 1 0 30000000.000000
40.773058 1 3 5000000.000000
41.330924 1 1 5000000.000000
41.438034 1 1 30000.000000
41.526206 1 0 10000000.000000
42.126278 1 2 50000.000000
42.225883 1 3 80000.000000
42.289503 1 1 50000.000000
42.369718 1 3 5000000.000000
42.537060 1 1 10000000.000000
42.537648 1 3 10000.000000
42.592706 1 2 10000000.000000
42.730296 1 0 2000000.000000
42.949924 1 3 50000.000000
43.072811 1 3 10000000.000000
43.807754 1 0 5000000.000000
43.826737 1 2 5000000.000000
44.010778 1 0 50000.000000
44.389044 1 1 2000000.000000
44.432230 1 1 10000.000000
45.268576 1 2 80000.000000
45.891644 1 2 10000000.000000
46.308386 1 1 1000000.000000
46.498052 1 0 10000.000000
46.574343 1 0 2000000.000000
46.643937 1 0 5000000.000000
47.265005 1 2 1000000.000000
47.405442 1 0 50000.000000
47.690306 1 2 5000000.000000
47.750821 1 3 30000.000000
47.800381 1 3 200000.000000
48.560672 1 1 2000000.000000
48.681506 1 2 5000000.000000
48.684704 1 1 1000000.000000
48.896009 1 3 30000.000000
49.741904 1 1 10000000.000000
49.783566 1 1 1000000.000000
50.054172 1 3 30000.000000
50.348662 1 3 20000.000000
50.895847 1 2 5000000.000000
51.186985 1 0 50000.000000
51.224984 1 2 50000.000000
51.275763 1 1 10000.000000
51.847582 1 2 10000.000000
51.927227 1 2 5000000.000000
51.961185 1 1 1000000.000000
52.305196 1 1 200000.000000
52.715626 1 3 5000000.000000
52.955184 1 3 1000000.000000
53.372576 1 3 10000.000000
53.427021 1 2 30000.000000
53.880667 1 0 10000.000000
54.815052 1 3 30000000.000000
55.024709 1 1 5000000.000000
55.879378 1 2 2000000.000000
55.965698 1 1 10000.000000
56.063584 1 2 10000000.000000
56.384432 1 2 2000000.000000
56.401125 1 2 1000000.000000
56.877151 1 3 50000.000000
57.317446 1 1 20000.000000
57.603394 1 1 80000.000000
57.725198 1 2 10000.000000
57.844519 1 2 1000000.000000
58.429102 1 0 5000000.000000
58.985696 1 1 1000000.000000
59.024931 1 1 80000.000000
59.261104 1 1 200000.000000
59.356729 1 1 20000.000000
59.764751 1 3 10000.000000
59.780199 1 2 10000.000000
60.126376 1 2 80000.000000
60.847527 1 0 2000000.000000
61.203705 1 0 10000.000000
61.406572 1 0 10000.000000
61.590587 1 2 80000.000000
61.957167 1 0 80000.000000
62.029831 1 0 10000.000000
62.036504 1 0 1000000.000000
62.435389 1 1 30000.000000
62.606618 1 3 1000000.000000
62.710435 1 3 10000.000000
63.275840 1 3 1000000.000000
63.386614 1 1 10000.000000
63.506388 1 3 200000.000000
63.525160 1 0 30000.000000
63.855782 1 0 200000.000000
64.019864 1 1 2000000.000000
64.108301 1 3 1000000.000000
64.147193 1 2 50000.000000
64.359136 1 2 2000000.000000
64.530790 1 1 80000.000000
65.476295 1 0 20000.000000
65.574573 1 1 2000000.000000
65.720317 1 0 30000.000000
66.228946 1 0 50000.000000
66.989065 1 0 80000.000000
67.520213 1 0 80000.000000
67.982169 1 0 1000000.000000
67.987615 1 0 80000.000000
68.018792 1 1 2000000.000000
68.086566 1 0 5000000.000000
68.353763 1 3 1000000.000000
68.518484 1 2 30000.000000
68.807077 1 3 80000.000000
69.849454 1 1 80000.000000
70.035563 1 1 50000.000000
70.056984 1 0 10000.000000
70.197903 1 1 10000.000000
70.235672 1 1 5000000.000000
70.344125 1 0 5000000.000000
70.408732 1 1 50000.000000
70.492664 1 1 30000.000000
70.836237 1 0 10000000.000000
70.876016 1 3 10000000.000000
70.990030 1 0 10000.000000
71.588520 1 1 2000000.000000
71.676901 1 3 10000.000000
71.868862 1 2 80000.000000
72.685437 1 2 2000000.000000
72.806193 1 2 50000.000000
72.976853 1 3 2000000.000000
73.178541 1 3 2000000.000000
73.261247 1 1 2000000.000000
73.772125 1 0 1000000.000000
73.946819 1 1 30000.000000
74.325337 1 1 80000.000000
74.572000 1 1 80000.000000
74.653934 1 1 10000000.000000
74.750911 1 0 10000.000000
74.959676 1 2 50000.000000
74.985785 1 1 200000.000000
76.029339 1 1 10000000.000000
76.258466 1 0 2000000.000000
76.327730 1 2 10000.000000
76.799884 1 0 200000.000000
77.136943 1 3 30000.000000
77.246669 1 0 1000000.000000
77.602101 1 2 1000000.000000
77.613090 1 2 10000000.000000
77.855185 1 1 2000000.000000
77.898524 1 3 30000000.000000
78.161774 1 2 2000000.000000
78.316239 1 0 50000.000000
78.913856 1 2 5000000.000000
80.608820 1 0 200000.000000
80.803513 1 1 10000.000000
81.055132 1 0 10000.000000
81.222581 1 2 10000000.000000
81.546665 1 1 80000.000000
81.550153 1 0 30000.000000
82.649753 1 0 80000.000000
82.804158 1 1 80000.000000
82.924809 1 1 1000000.000000
83.050061 1 3 1000000.000000
83.621638 1 2 10000.000000
84.540739 1 2 5000000.000000
85.076164 1 2 1000000.000000
85.431175 1 2 10000.000000
85.521410 1 0 5000000.000000
85.904869 1 3 80000.000000
86.554529 1 1 20000.000000
87.080771 1 2 2000000.000000
87.127741 1 2 80000.000000
87.245295 1 2 80000.000000
87.275300 1 0 1000000.000000
87.385460 1 0 10000.000000
87.936552 1 1 30000.000000
88.222161 1 1 30000.000000
88.835310 1 1 2000000.000000
88.864971 1 1 30000000.000000
88.974960 1 0 5000000.000000
89.011141 1 1 10000000.000000
89.761244 1 1 80000.000000
90.020898 1 1 80000.000000
90.383205 1 0 50000.000000
90.682822 1 2 5000000.000000
91.558047 1 0 10000.000000
91.905461 1 3 2000000.000000
92.040675 1 0 5000000.000000
92.773829 1 1 200000.000000
93.048113 1 0 5000000.000000
93.259945 1 0 10000.000000
93.377229 1 3 30000.000000
95.040323 1 0 10000.000000
95.428445 1 2 30000.000000
95.493204 1 3 10000000.000000
95.520807 1 1 5000000.000000
95.555725 1 1 1000000.000000
95.579915 1 1 50000.000000
95.925835 1 0 2000000.000000
96.564455 1 2 10000.000000
97.041653 1 3 30000.000000
97.176901 1 2 5000000.000000
97.192305 1 0 10000.000000
97.362950 1 3 2000000.000000
97.637395 1 2 1000000.000000
97.770182 1 3 80000.000000
97.782879 1 1 30000.000000
98.138748 1 0 1000000.000000
98.140133 1 2 50000.000000
98.240431 1 2 80000.000000
98.305185 1 2 10000.000000
98.671100 1 2 1000000.000000
98.763973 1 2 2000000.000000
98.943124 1 2 5000000.000000
99.030091 1 1 50000.000000
99.050666 1 0 20000.000000
99.544771 1 3 200000.000000
100.032075 1 2 20000.000000
100.209268 1 0 10000.000000
100.900589 1 1 80000.000000
101.473850 1 1 10000.000000
101.814211 1 1 10000.000000
102.015553 1 2 10000.000000
102.085984 1 3 2000000.000000
102.199901 1 0 10000.000000
102.214959 1 1 30000.000000
102.299527 1 1 10000.000000
103.003470 1 2 50000.000000
103.153787 1 3 80000.000000
103.259436 1 2 20000.000000
103.337307 1 0 1000000.000000
103.758343 1 0 80000.000000
103.910286 1 1 50000.000000
104.313584 1 3 80000.000000
104.704738 1 0 10000.000000
104.914365 1 0 30000.000000
104.950381 1 0 5000000.000000
105.132182 1 3 1000000.000000
105.634989 1 3 80000.000000
105.981588 1 2 10000000.000000
106.271169 1 3 10000.000000
106.476903 1 2 20000.000000
106.774988 1 3 10000.000000
106.802363 1 1 50000.000000
106.975342 1 0 2000000.000000
107.142884 1 3 10000000.000000
107.639139 1 2 10000000.000000
107.813296 1 0 1000000.000000
108.056413 1 2 1000000.000000
109.544413 1 2 50000.000000
110.233187 1 3 10000.000000
110.367151 1 3 30000000.000000
110.923977 1 0 80000.000000
110.969772 1 1 10000.000000
111.123474 1 0 10000.000000
111.219861 1 2 80000.000000
111.357145 1 2 2000000.000000
112.144889 1 1 1000000.000000
112.151226 1 0 1000000.000000
112.383533 1 1 80000.000000
112.536585 1 1 10000.000000
112.771625 1 1 50000.000000
113.538537 1 0 80000.000000
113.653056 1 0 50000.000000
113.701542 1 0 2000000.000000
113.752299 1 1 50000.000000
114.056909 1 0 5000000.000000
114.157936 1 2 10000000.000000
114.162365 1 3 10000000.000000
114.506518 1 3 2000000.000000
114.552647 1 2 200000.000000
114.885803 1 0 10000.000000
114.943437 1 2 5000000.000000
115.675205 1 2 1000000.000000
116.175566 1 3 50000.000000
116.327501 1 3 200000.000000
116.374722 1 0 10000.000000
117.025762 1 0 50000.000000
117.194406 1 1 200000.000000
117.500247 1 3 80000.000000
117.699885 1 2 50000.000000
117.742490 1 0 2000000.000000
117.819603 1 2 1000000.000000
118.287341 1 3 80000.000000
118.949037 1 1 2000000.000000
119.480291 1 1 10000.000000
119.505417 1 1 80000.000000
119.595852 1 0 10000.000000
119.688998 1 2 10000.000000
119.861319 1 2 10000.000000
120.106591 1 2 50000.000000
120.706824 1 2 30000.000000
120.737763 1 2 10000.000000
120.970219 1 2 10000000.000000
121.002159 1 3 2000000.000000
121.096943 1 1 80000.000000
121.195895 1 3 50000.000000
121.252016 1 0 5000000.000000
121.316961 1 0 200000.000000
121.652180 1 2 1000000.000000
121.929228 1 3 1000000.000000
121.941764 1 1 2000000.000000
121.949590 1 1 10000.000000
122.011565 1 3 200000.000000
122.258705 1 0 10000.000000
122.666048 1 1 80000.000000
122.743745 1 0 20000.000000
122.787523 1 0 30000000.000000
123.392763 1 2 2000000.000000
123.705404 1 2 10000000.000000
123.721734 1 0 10000.000000
123.919575 1 2 2000000.000000
123.981902 1 2 2000000.000000
124.239285 1 0 80000.000000
124.292308 1 3 80000.000000
124.599563 1 0 2000000.000000
124.773978 1 3 10000.000000
124.828345 1 2 30000.000000
124.917277 1 3 10000000.000000
124.963897 1 0 20000.000000
125.095348 1 3 80000.000000
125.644245 1 1 200000.000000
125.687152 1 1 2000000.000000
125.997061 1 2 10000000.000000
126.051298 1 0 200000.000000
126.070740 1 0 200000.000000
126.235358 1 0 50000.000000
126.585838 1 0 80000.000000
126.713855 1 2 50000.000000
127.206790 1 1 80000.000000
127.221224 1 3 10000.000000
127.415948 1 3 80000.000000
127.523513 1 3 50000.000000
127.562127 1 3 30000.000000
127.600881 1 2 1000000.000000
127.670727 1 2 50000.000000
127.901278 1 1 200000.000000
128.023653 1 1 5000000.000000
128.026288 1 1 10000.000000
128.106312 1 2 10000000.000000
128.334325 1 0 2000000.000000
128.460885 1 2 20000.000000
128.515229 1 2 50000.000000
128.780827 1 3 1000000.000000
128.916466 1 2 20000.000000
129.176564 1 1 1000000.000000
129.192235 1 1 10000000.000000
129.372113 1 0 10000000.000000
129.835199 1 1 10000.000000
129.904353 1 0 200000.000000
130.110520 1 3 30000.000000
130.412893 1 1 5000000.000000
130.753154 1 2 50000.000000
131.831883 1 3 2000000.000000
131.928370 1 2 10000.000000
132.155810 1 1 200000.000000
132.426193 1 1 30000.000000
132.730774 1 3 50000.000000
133.205592 1 1 30000000.000000
133.242308 1 3 80000.000000
133.264081 1 2 1000000.000000
133.431506 1 2 80000.000000
133.589995 1 0 50000.000000
134.021108 1 0 80000.000000
134.057027 1 2 1000000.000000
134.588824 1 0 20000.000000
135.107301 1 3 10000000.000000
135.121032 1 1 30000.000000
135.477748 1 1 30000.000000
136.017072 1 1 2000000.000000
136.435280 1 3 1000000.000000
137.022505 1 2 200000.000000
138.250196 1 2 80000.000000
138.347330 1 3 200000.000000
138.656278 1 3 5000000.000000
138.824384 1 0 20000.000000
139.109202 1 2 1000000.000000
139.645717 1 0 30000.000000
139.672063 1 0 10000.000000
139.953766 1 3 80000.000000
140.079552 1 1 2000000.000000
140.329357 1 3 1000000.000000
140.846797 1 1 30000.000000
141.171862 1 2 80000.000000
141.510145 1 2 10000000.000000
141.838669 1 2 50000.000000
142.136068 1 2 10000.000000
142.165928 1 1 200000.000000
142.632788 1 1 5000000.000000
142.723110 1 1 200000.000000
143.185838 1 2 1000000.000000
143.348480 1 1 50000.000000
143.465843 1 3 5000000.000000
143.589911 1 2 50000.000000
143.750499 1 2 5000000.000000
143.868382 1 2 1000000.000000
143.884615 1 0 10000.000000
144.002979 1 0 5000000.000000
144.237089 1 2 50000.000000
144.284611 1 0 50000.000000
144.871826 1 2 10000.000000
145.251976 1 1 80000.000000
145.453336 1 2 30000.000000
146.000677 1 1 1000000.000000
146.558956 1 2 1000000.000000
147.081935 1 3 5000000.000000
147.170888 1 3 10000000.000000
147.459513 1 0 1000000.000000
147.859704 1 2 50000.000000
148.285811 1 2 2000000.000000
148.634662 1 3 10000.000000
148.942664 1 0 5000000.000000
149.182096 1 1 5000000.000000
149.289329 1 2 10000000.000000
149.502732 1 3 10000.000000
149.817114 1 0 10000.000000
149.821101 1 1 1000000.000000
149.866382 1 2 20000.000000
149.871427 1 0 30000000.000000
149.883765 1 3 80000.000000
0.119638 2 2 200000.000000
0.395469 2 3 10000.000000
0.423883 2 3 10000.000000
0.445157 2 0 5000000.000000
0.562238 2 2 30000.000000
0.876106 2 1 10000.000000
1.828801 2 2 1000000.000000
2.321761 2 2 5000000.000000
2.324611 2 3 1000000.000000
2.453059 2 3 1000000.000000
2.507586 2 2 2000000.000000
2.663186 2 0 2000000.000000
2.685969 2 2 1000000.000000
2.807900 2 3 2000000.000000
2.840621 2 1 50000.000000
3.529352 2 1 50000.000000
4.055154 2 0 1000000.000000
4.778453 2 1 80000.000000
4.964476 2 1 10000.000000
5.322787 2 0 200000.000000
5.368174 2 3 10000000.000000
5.587653 2 1 10000.000000
5.717057 2 0 1000000.000000
6.016390 2 0 200000.000000
6.132672 2 3 50000.000000
6.422423 2 1 30000000.000000
6.842883 2 0 80000.000000
7.277764 2 1 80000.000000
7.450070 2 3 2000000.000000
8.069626 2 0 10000000.000000
8.160550 2 2 200000.000000
8.201362 2 0 10000.000000
8.297338 2 3 2000000.000000
8.373761 2 2 50000.000000
9.666989 2 2 5000000.000000
9.671542 2 3 30000.000000
9.898148 2 1 1000000.000000
10.451304 2 2 5000000.000000
10.864648 2 0 5000000.000000
10.924815 2 0 200000.000000
10.998447 2 3 20000.000000
11.360748 2 2 5000000.000000
11.378215 2 3 50000.000000
11.457552 2 1 50000.000000
13.201700 2 0 1000000.000000
13.284218 2 3 50000.000000
13.607562 2 3 1000000.000000
13.958541 2 1 30000000.000000
14.026104 2 1 80000.000000
14.087376 2 2 30000.000000
15.154330 2 3 30000.000000
15.230016 2 1 10000.000000
15.636304 2 3 2000000.000000
15.738695 2 1 20000.000000
15.806392 2 3 5000000.000000
15.871976 2 3 10000000.000000
16.574562 2 2 50000.000000
16.662059 2 1 1000000.000000
17.099024 2 1 1000000.000000
17.110617 2 0 5000000.000000
17.355181 2 3 50000.000000
17.402120 2 3 20000.000000
17.424701 2 3 30000.000000
17.506666 2 1 80000.000000
17.887974 2 1 200000.000000
17.897388 2 1 10000.000000
17.900407 2 2 10000.000000
18.015103 2 0 5000000.000000
18.589675 2 2 10000.000000
18.767476 2 0 20000.000000
18.852502 2 2 2000000.000000
19.032142 2 3 10000000.000000
19.689185 2 1 80000.000000
19.732677 2 2 5000000.000000
19.966265 2 2 2000000.000000
20.198947 2 3 10000.000000
20.435860 2 1 10000.000000
20.572337 2 1 30000.000000
20.747830 2 0 10000000.000000
21.127154 2 2 10000000.000000
21.768981 2 2 5000000.000000
21.835048 2 1 5000000.000000
21.864702 2 1 10000.000000
21.944331 2 1 80000.000000
22.097691 2 2 2000000.000000
22.508540 2 1 80000.000000
22.724347 2 2 50000.000000
22.760493 2 0 20000.000000
22.890653 2 1 1000000.000000
23.262009 2 2 80000.000000
23.315936 2 0 50000.000000
23.361700 2 2 10000.000000
24.021600 2 0 2000000.000000
24.106419 2 3 10000.000000
24.130039 2 1 10000000.000000
24.495240 2 1 2000000.000000
24.648472 2 0 10000.000000
25.171613 2 0 50000.000000
25.214138 2 3 50000.000000
25.408318 2 1 30000.000000
25.731928 2 0 10000.000000
25.991155 2 1 20000.000000
26.251299 2 0 30000.000000
26.791609 2 1 30000.000000
27.341339 2 0 10000000.000000
27.365394 2 1 2000000.000000
28.260722 2 1 30000.000000
28.413259 2 3 20000.000000
28.749006 2 2 10000.000000
29.131438 2 2 30000.000000
29.455619 2 3 5000000.000000
29.668990 2 0 50000.000000
29.697120 2 2 20000.000000
29.823884 2 0 80000.000000
29.857217 2 2 10000.000000
30.136565 2 3 30000.000000
30.265292 2 1 10000000.000000
30.319480 2 0 1000000.000000
30.408719 2 2 30000.000000
30.769866 2 2 10000.000000
30.816276 2 1 1000000.000000
31.069307 2 0 10000.000000
31.202673 2 3 200000.000000
31.819917 2 0 80000.000000
32.269919 2 1 10000.000000
32.364085 2 2 200000.000000
32.901578 2 1 30000.000000
33.280224 2 3 50000.000000
33.971944 2 2 200000.000000
34.108929 2 1 1000000.000000
34.364067 2 1 10000.000000
34.700396 2 3 80000.000000
34.856780 2 0 30000.000000
34.895374 2 3 2000000.000000
35.654722 2 2 10000.000000
36.398064 2 2 50000.000000
36.407994 2 2 20000.000000
36.711817 2 2 2000000.000000
37.000552 2 1 20000.000000
37.062471 2 3 5000000.000000
37.272292 2 0 10000.000000
37.292618 2 2 1000000.000000
37.300231 2 3 10000000.000000
37.427646 2 1 50000.000000
37.612354 2 0 80000.000000
37.982600 2 3 2000000.000000
38.221104 2 2 5000000.000000
38.492455 2 0 10000.000000
38.529184 2 2 10000000.000000
38.654775 2 1 20000.000000
39.708389 2 2 30000.000000
39.768687 2 0 50000.000000
39.907442 2 1 10000.000000
40.305922 2 1 30000.000000
41.346733 2 0 80000.000000
41.444875 2 0 80000.000000
41.464400 2 2 1000000.000000
41.476198 2 1 30000.000000
41.646048 2 3 30000.000000
41.688119 2 0 20000.000000
41.725777 2 0 1000000.000000
41.790055 2 2 30000.000000
41.943823 2 1 30000.000000
43.527222 2 1 200000.000000
43.884870 2 2 2000000.000000
44.222359 2 0 2000000.000000
44.234240 2 2 50000.000000
44.259273 2 0 80000.000000
44.964201 2 2 50000.000000
45.142123 2 2 10000.000000
45.360813 2 3 80000.000000
46.062179 2 2 2000000.000000
46.355527 2 1 5000000.000000
46.599755 2 3 50000.000000
46.707010 2 2 30000.000000
46.913923 2 0 50000.000000
47.209714 2 2 80000.000000
47.496968 2 1 50000.000000
47.548508 2 1 5000000.000000
48.198564 2 0 10000000.000000
48.209805 2 1 50000.000000
48.280742 2 0 2000000.000000
48.587972 2 1 2000000.000000
48.597174 2 2 1000000.000000
49.487418 2 2 80000.000000
49.619072 2 2 10000000.000000
50.252625 2 3 80000.000000
50.373395 2 3 20000.000000
50.476042 2 0 50000.000000
50.550678 2 0 10000000.000000
50.555858 2 2 200000.000000
50.559663 2 2 80000.000000
50.772463 2 3 5000000.000000
51.743344 2 0 50000.000000
52.017650 2 2 5000000.000000
52.085202 2 0 10000000.000000
52.183984 2 1 10000000.000000
52.226553 2 2 80000.000000
52.306842 2 0 5000000.000000
53.094507 2 1 10000000.000000
53.295676 2 1 80000.000000
53.329960 2 0 80000.000000
53.354264 2 0 1000000.000000
53.692397 2 0 50000.000000
53.871353 2 2 20000.000000
54.250354 2 3 200000.000000
54.464712 2 1 10000.000000
54.698109 2 0 5000000.000000
54.854016 2 1 80000.000000
55.431491 2 1 10000.000000
55.648153 2 1 80000.000000
55.954012 2 2 80000.000000
56.468450 2 1 30000.000000
56.676675 2 0 30000.000000
56.924282 2 0 10000.000000
57.283738 2 1 10000.000000
57.567211 2 1 10000.000000
57.593516 2 1 10000.000000
57.629988 2 1 20000.000000
57.646507 2 2 1000000.000000
57.650539 2 2 10000.000000
58.208135 2 3 1000000.000000
59.042062 2 3 5000000.000000
59.175193 2 0 200000.000000
59.343637 2 0 5000000.000000
59.546286 2 3 1000000.000000
59.784502 2 3 50000.000000
60.208665 2 0 80000.000000
60.601012 2 1 1000000.000000
60.672978 2 3 2000000.000000
60.872047 2 3 30000.000000
60.911662 2 3 2000000.000000
60.921182 2 1 50000.000000
61.362931 2 2 30000000.000000
61.430718 2 2 200000.000000
61.715197 2 1 50000.000000
61.885243 2 1 10000000.000000
62.018959 2 3 10000000.000000
62.065116 2 0 1000000.000000
62.774042 2 0 1000000.000000
62.907153 2 2 5000000.000000
62.958550 2 2 10000000.000000
63.001223 2 0 10000.000000
63.056214 2 2 5000000.000000
63.299795 2 0 80000.000000
63.322923 2 3 50000.000000
63.598466 2 1 10000000.000000
63.755967 2 3 1000000.000000
64.289589 2 2 5000000.000000
64.329353 2 1 30000.000000
64.364059 2 1 5000000.000000
64.663539 2 0 2000000.000000
64.981938 2 3 2000000.000000
65.041501 2 3 10000.000000
65.264727 2 0 2000000.000000
65.479834 2 0 200000.000000
65.835818 2 3 1000000.000000
66.180353 2 3 80000.000000
66.192088 2 1 80000.000000
66.488670 2 1 10000000.000000
66.528376 2 3 10000000.000000
66.977167 2 0 30000.000000
67.544968 2 2 50000.000000
67.555124 2 0 1000000.000000
67.629242 2 1 200000.000000
68.083176 2 1 2000000.000000
68.145032 2 0 1000000.000000
68.266504 2 2 2000000.000000
68.431848 2 2 2000000.000000
68.707072 2 3 80000.000000
69.038576 2 1 30000.000000
69.074300 2 0 2000000.000000
69.408863 2 2 200000.000000
69.508741 2 1 30000.000000
69.704133 2 1 30000000.000000
70.219427 2 1 80000.000000
70.748619 2 3 10000000.000000
70.871109 2 2 30000.000000
71.737952 2 1 20000.000000
71.830179 2 2 10000.000000
71.947104 2 3 10000000.000000
72.066608 2 2 1000000.000000
72.134164 2 2 80000.000000
72.680048 2 0 200000.000000
72.899425 2 1 2000000.000000
73.369718 2 2 30000.000000
73.602522 2 3 10000.000000
73.984261 2 0 80000.000000
74.037385 2 1 20000.000000
74.165931 2 0 10000.000000
74.252318 2 3 10000000.000000
74.605841 2 0 10000.000000
74.769411 2 3 30000.000000
75.338140 2 0 5000000.000000
75.363279 2 0 50000.000000
76.009237 2 3 2000000.000000
76.273227 2 2 10000000.000000
76.953027 2 3 10000000.000000
77.896974 2 1 5000000.000000
78.083584 2 0 10000.000000
78.309152 2 3 200000.000000
78.424898 2 2 2000000.000000
79.117980 2 0 30000.000000
79.489918 2 3 30000.000000
79.622391 2 3 10000.000000
80.107394 2 1 1000000.000000
80.124445 2 1 80000.000000
80.934488 2 1 80000.000000
81.205376 2 3 30000.000000
81.689204 2 0 30000.000000
81.920512 2 3 5000000.000000
82.016142 2 2 10000000.000000
82.715460 2 1 80000.000000
82.787236 2 2 30000.000000
82.962330 2 1 50000.000000
82.986033 2 2 80000.000000
83.114806 2 1 1000000.000000
83.689950 2 2 10000.000000
83.848832 2 2 200000.000000
83.928870 2 0 10000000.000000
84.851412 2 1 1000000.000000
84.852480 2 3 2000000.000000
84.915936 2 2 5000000.000000
85.088104 2 2 5000000.000000
85.270151 2 1 1000000.000000
85.769395 2 0 2000000.000000
85.883921 2 2 200000.000000
86.594750 2 3 50000.000000
86.660896 2 0 10000.000000
86.809977 2 3 5000000.000000
87.337375 2 0 80000.000000
88.247136 2 2 10000000.000000
88.355053 2 1 20000.000000
88.384218 2 0 200000.000000
88.412357 2 2 2000000.000000
88.783848 2 0 10000000.000000
89.509749 2 1 200000.000000
89.749831 2 1 10000.000000
89.829876 2 0 80000.000000
90.048985 2 0 10000.000000
90.158597 2 2 50000.000000
90.445954 2 2 30000.000000
90.513319 2 2 200000.000000
90.616672 2 0 80000.000000
90.719160 2 3 2000000.000000
91.276103 2 1 1000000.000000
91.344605 2 0 30000.000000
92.337804 2 1 50000.000000
92.384368 2 0 10000.000000
92.398990 2 0 2000000.000000
92.616336 2 1 5000000.000000
93.165910 2 2 80000.000000
93.869760 2 0 50000.000000
93.966095 2 1 80000.000000
93.987957 2 3 5000000.000000
94.082718 2 1 1000000.000000
94.495438 2 1 200000.000000
95.277326 2 2 1000000.000000
95.315180 2 1 10000.000000
95.741975 2 3 50000.000000
96.270596 2 2 80000.000000
96.970696 2 0 10000.000000
97.102681 2 3 1000000.000000
97.542409 2 0 1000000.000000
97.643371 2 3 50000.000000
97.736714 2 3 30000.000000
97.947586 2 1 10000.000000
98.092166 2 3 30000.000000
98.592414 2 1 1000000.000000
98.700998 2 1 80000.000000
98.718708 2 2 80000.000000
98.723155 2 2 20000.000000
98.810671 2 2 80000.000000
99.257850 2 3 20000.000000
99.429865 2 3 10000.000000
99.496959 2 0 30000.000000
99.576003 2 2 200000.000000
100.435220 2 3 5000000.000000
100.722095 2 2 2000000.000000
101.258581 2 2 80000.000000
101.687348 2 0 10000000.000000
102.283823 2 1 50000.000000
103.027767 2 2 10000000.000000
103.175994 2 2 200000.000000
103.222737 2 1 80000.000000
103.519126 2 1 200000.000000
104.467657 2 1 10000.000000
104.553885 2 2 80000.000000
104.786389 2 0 30000.000000
104.820492 2 0 200000.000000
104.829212 2 0 1000000.000000
105.249236 2 0 50000.000000
105.418714 2 1 30000.000000
105.427836 2 1 30000000.000000
105.831578 2 3 5000000.000000
105.836453 2 0 2000000.000000
105.930563 2 0 5000000.000000
105.944968 2 0 5000000.000000
106.114030 2 2 2000000.000000
106.411472 2 2 80000.000000
106.617001 2 1 200000.000000
106.772749 2 2 200000.000000
106.914785 2 3 5000000.000000
107.113775 2 2 5000000.000000
107.280096 2 2 1000000.000000
107.454639 2 2 5000000.000000
107.913991 2 3 50000.000000
108.088493 2 2 1000000.000000
108.643841 2 1 200000.000000
108.927109 2 3 30000.000000
109.023235 2 2 2000000.000000
109.107159 2 3 1000000.000000
109.537661 2 0 10000.000000
109.861057 2 0 5000000.000000
109.885122 2 1 10000.000000
110.162748 2 1 10000.000000
110.223575 2 2 2000000.000000
110.930487 2 1 10000.000000
111.123628 2 0 1000000.000000
111.164800 2 0 2000000.000000
111.314147 2 2 50000.000000
113.309063 2 1 30000.000000
113.363870 2 0 50000.000000
113.456537 2 1 80000.000000
113.653805 2 2 20000.000000
114.601748 2 2 5000000.000000
114.619994 2 3 1000000.000000
114.734615 2 2 10000000.000000
114.955285 2 1 20000.000000
115.275234 2 2 200000.000000
115.305878 2 2 80000.000000
115.544890 2 1 10000.000000
115.694780 2 3 2000000.000000
116.031236 2 2 30000000.000000
116.413166 2 2 200000.000000
117.351638 2 1 50000.000000
117.381163 2 1 5000000.000000
117.485730 2 1 1000000.000000
117.618526 2 2 1000000.000000
117.940195 2 3 30000.000000
118.107486 2 2 50000.000000
118.730990 2 1 20000.000000
118.911804 2 0 1000000.000000
118.969798 2 0 2000000.000000
119.680344 2 3 50000.000000
120.035481 2 0 30000.000000
120.825710 2 2 10000.000000
120.844910 2 1 30000.000000
120.923075 2 0 10000.000000
121.005289 2 0 30000.000000
121.023684 2 2 80000.000000
121.049799 2 2 10000.000000
121.153494 2 0 2000000.000000
121.610898 2 0 1000000.000000
122.580289 2 1 50000.000000
122.959361 2 0 1000000.000000
123.479645 2 2 80000.000000
124.051946 2 0 30000.000000
124.111435 2 1 80000.000000
124.163631 2 3 200000.000000
124.684072 2 3 80000.000000
125.201349 2 1 10000.000000
125.386556 2 2 30000.000000
125.429433 2 2 30000.000000
125.465499 2 2 10000.000000
125.798953 2 1 10000000.000000
126.182523 2 0 10000.000000
126.271864 2 3 5000000.000000
126.895143 2 3 30000.000000
127.023893 2 3 1000000.000000
127.274892 2 0 80000.000000
128.807398 2 0 5000000.000000
128.850031 2 1 200000.000000
129.858015 2 0 10000.000000
130.235315 2 1 2000000.000000
130.305206 2 3 2000000.000000
130.980520 2 3 1000000.000000
131.311755 2 2 10000.000000
131.452677 2 3 30000.000000
131.602559 2 0 2000000.000000
131.926334 2 3 10000000.000000
132.530507 2 2 10000000.000000
132.553562 2 0 1000000.000000
132.617701 2 0 5000000.000000
133.196182 2 2 5000000.000000
133.308363 2 0 10000.000000
133.719614 2 3 2000000.000000
134.001149 2 0 2000000.000000
134.145049 2 0 20000.000000
134.398580 2 2 80000.000000
134.551738 2 3 1000000.000000
134.741771 2 3 10000.000000
134.999937 2 2 1000000.000000
135.168193 2 0 2000000.000000
135.313498 2 2 1000000.000000
135.718345 2 3 5000000.000000
135.851142 2 1 30000.000000
135.993426 2 1 10000.000000
136.416761 2 0 10000.000000
136.662718 2 1 5000000.000000
137.111410 2 1 80000.000000
137.422435 2 0 2000000.000000
137.589793 2 1 5000000.000000
138.974145 2 0 1000000.000000
139.070073 2 0 80000.000000
139.116316 2 0 80000.000000
139.347167 2 0 5000000.000000
139.362206 2 2 200000.000000
139.757276 2 0 30000.000000
139.884058 2 3 10000000.000000
141.072450 2 3 10000000.000000
142.351716 2 1 10000000.000000
142.783509 2 1 200000.000000
143.041046 2 3 10000.000000
143.241494 2 0 10000.000000
143.272642 2 3 10000.000000
143.669219 2 2 2000000.000000
143.744571 2 1 2000000.000000
143.929864 2 3 10000.000000
144.476084 2 1 30000.000000
144.668960 2 3 10000.000000
145.080835 2 2 2000000.000000
145.208450 2 0 20000.000000
145.627612 2 1 5000000.000000
145.797240 2 0 2000000.000000
147.042583 2 0 2000000.000000
147.401147 2 0 10000.000000
147.690189 2 0 50000.000000
147.844317 2 3 50000.000000
148.839674 2 2 50000.000000
148.895815 2 0 30000.000000
149.646842 2 0 80000.000000
0.052534 3 0 10000000.000000
0.478564 3 1 30000.000000
0.777308 3 2 10000.000000
0.988375 3 2 80000.000000
1.126681 3 0 1000000.000000
2.091481 3 1 1000000.000000
2.264288 3 1 1000000.000000
2.584358 3 2 30000.000000
3.314197 3 0 5000000.000000
3.867125 3 1 10000.000000
4.027920 3 3 5000000.000000
5.157265 3 1 1000000.000000
5.366324 3 1 30000.000000
5.513750 3 2 1000000.000000
5.574740 3 0 200000.000000
5.576740 3 3 20000.000000
5.742351 3 0 50000.000000
6.895133 3 3 30000000.000000
6.935111 3 3 80000.000000
6.975302 3 0 20000.000000
7.426769 3 1 30000.000000
7.517945 3 1 10000.000000
7.529536 3 1 50000.000000
7.830341 3 0 30000.000000
7.917079 3 1 80000.000000
8.402934 3 1 2000000.000000
8.785186 3 3 30000.000000
8.951749 3 2 1000000.000000
9.567818 3 1 10000.000000
9.591452 3 1 10000.000000
9.930009 3 3 80000.000000
9.998777 3 1 1000000.000000
10.099712 3 0 2000000.000000
10.109488 3 1 50000.000000
10.285114 3 1 20000.000000
10.776014 3 0 50000.000000
11.102734 3 0 50000.000000
11.221005 3 1 50000.000000
11.449799 3 0 2000000.000000
12.571448 3 2 80000.000000
12.574994 3 3 80000.000000
12.623436 3 1 10000.000000
12.755948 3 1 10000.000000
12.839571 3 2 30000.000000
13.093965 3 0 10000.000000
13.241905 3 3 50000.000000
13.404716 3 3 1000000.000000
14.542939 3 2 80000.000000
14.830648 3 0 20000.000000
15.054583 3 0 200000.000000
15.221930 3 1 5000000.000000
15.243648 3 3 5000000.000000
15.404374 3 1 50000.000000
16.686109 3 2 80000.000000
16.838036 3 3 50000.000000
16.853638 3 2 30000.000000
17.033322 3 3 10000.000000
17.532843 3 1 1000000.000000
17.594056 3 2 1000000.000000
17.861983 3 2 30000000.000000
17.907066 3 3 50000.000000
17.973288 3 1 80000.000000
18.084836 3 1 5000000.000000
18.112592 3 2 50000.000000
18.500084 3 3 1000000.000000
19.069281 3 2 80000.000000
19.124228 3 2 50000.000000
19.313978 3 2 30000.000000
19.440672 3 3 10000.000000
19.784013 3 0 30000.000000
19.894888 3 1 1000000.000000
19.906040 3 0 10000000.000000
20.460051 3 1 80000.000000
20.518146 3 1 10000.000000
21.131738 3 1 200000.000000
21.322146 3 2 10000.000000
21.619100 3 1 50000.000000
21.739827 3 2 10000000.000000
21.776340 3 3 50000.000000
21.883059 3 0 5000000.000000
22.287689 3 3 30000.000000
22.851562 3 3 200000.000000
22.868518 3 0 30000.000000
23.358491 3 1 10000000.000000
23.852682 3 1 200000.000000
24.446460 3 1 30000.000000
24.457735 3 0 50000.000000
25.198356 3 3 80000.000000
25.216525 3 3 5000000.000000
25.227441 3 2 10000.000000
25.637779 3 3 200000.000000
26.336539 3 0 80000.000000
26.411484 3 0 1000000.000000
26.457081 3 3 30000.000000
26.750270 3 0 30000.000000
26.964878 3 2 10000.000000
27.106656 3 1 80000.000000
27.110970 3 1 30000.000000
27.196202 3 2 200000.000000
27.621899 3 1 80000.000000
28.418489 3 1 10000000.000000
28.481095 3 2 30000.000000
28.490050 3 1 1000000.000000
28.645054 3 3 1000000.000000
28.980375 3 1 30000.000000
29.739235 3 1 10000.000000
29.749361 3 2 10000000.000000
30.706564 3 1 50000.000000
30.755307 3 0 5000000.000000
31.696829 3 2 2000000.000000
31.778336 3 3 2000000.000000
32.526911 3 0 2000000.000000
32.667275 3 2 200000.000000
32.672249 3 3 80000.000000
32.693444 3 0 20000.000000
32.858485 3 1 30000.000000
33.111990 3 3 50000.000000
33.158045 3 3 50000.000000
33.200284 3 1 50000.000000
33.767642 3 1 30000000.000000
33.985755 3 0 5000000.000000
34.896731 3 3 10000.000000
35.098190 3 3 80000.000000
35.108344 3 0 10000000.000000
35.206610 3 1 30000000.000000
35.441789 3 0 10000.000000
35.832552 3 0 10000.000000
36.328120 3 2 80000.000000
36.340939 3 2 50000.000000
37.015600 3 3 5000000.000000
37.145360 3 1 80000.000000
37.326353 3 0 20000.000000
37.349071 3 0 10000.000000
37.939838 3 1 30000.000000
38.510688 3 1 200000.000000
38.681066 3 3 1000000.000000
38.861878 3 0 50000.000000
38.960980 3 3 20000.000000
40.548321 3 0 10000.000000
40.861067 3 0 1000000.000000
40.966235 3 3 50000.000000
40.984566 3 2 50000.000000
41.115632 3 1 200000.000000
41.143369 3 1 1000000.000000
41.485482 3 1 30000.000000
41.585490 3 1 80000.000000
41.641531 3 1 1000000.000000
41.735317 3 0 10000.000000
41.935397 3 0 1000000.000000
41.958489 3 2 30000.000000
42.092844 3 0 10000.000000
43.040191 3 3 1000000.000000
43.060084 3 1 1000000.000000
43.395795 3 0 30000.000000
43.945339 3 3 200000.000000
44.078915 3 2 50000.000000
44.796633 3 1 1000000.000000
45.043125 3 1 80000.000000
45.552176 3 1 80000.000000
45.813049 3 1 20000.000000
46.047498 3 3 1000000.000000
46.098774 3 2 10000000.000000
46.666936 3 0 30000.000000
47.354079 3 2 200000.000000
47.515302 3 3 30000.000000
47.580983 3 2 2000000.000000
47.668801 3 3 50000.000000
47.672250 3 0 30000.000000
47.868348 3 1 10000000.000000
47.908630 3 1 50000.000000
47.973947 3 1 10000000.000000
49.033448 3 2 200000.000000
49.100501 3 0 50000.000000
49.105125 3 0 5000000.000000
49.121926 3 1 30000.000000
49.337521 3 1 10000.000000
49.548394 3 3 30000.000000
49.554788 3 2 2000000.000000
49.714970 3 1 80000.000000
49.719145 3 0 200000.000000
49.934481 3 1 50000.000000
51.118961 3 0 10000.000000
51.317491 3 0 80000.000000
51.407351 3 0 5000000.000000
51.555616 3 0 50000.000000
51.608981 3 1 80000.000000
52.128104 3 1 5000000.000000
52.283399 3 3 10000000.000000
52.556835 3 2 10000.000000
52.599682 3 3 10000.000000
52.684175 3 0 80000.000000
52.851678 3 1 2000000.000000
52.962339 3 3 10000.000000
53.133888 3 3 2000000.000000
53.445790 3 3 30000000.000000
53.647527 3 1 2000000.000000
53.813058 3 2 5000000.000000
53.883068 3 1 200000.000000
54.009510 3 1 2000000.000000
54.216934 3 0 1000000.000000
54.419152 3 3 10000.000000
54.776616 3 3 10000000.000000
54.823327 3 1 200000.000000
55.073111 3 2 10000.000000
55.539796 3 2 30000.000000
55.662331 3 3 50000.000000
56.404770 3 2 1000000.000000
56.930936 3 2 5000000.000000
57.190244 3 3 30000.000000
57.359761 3 2 50000.000000
58.095191 3 1 10000.000000
58.121166 3 0 10000.000000
58.378750 3 0 80000.000000
58.597587 3 2 5000000.000000
58.875516 3 3 1000000.000000
59.032080 3 2 5000000.000000
59.354358 3 3 200000.000000
59.640214 3 3 200000.000000
59.921109 3 0 1000000.000000
60.623894 3 0 2000000.000000
60.722586 3 3 2000000.000000
61.182500 3 0 200000.000000
61.266943 3 0 50000.000000
61.551038 3 2 30000.000000
61.815397 3 1 20000.000000
61.852330 3 2 50000.000000
62.047679 3 3 20000.000000
62.117437 3 2 5000000.000000
62.619200 3 0 1000000.000000
63.574636 3 0 5000000.000000
63.718401 3 2 1000000.000000
63.719713 3 2 10000.000000
63.723149 3 0 30000000.000000
63.920510 3 2 5000000.000000
64.178893 3 3 5000000.000000
64.191889 3 2 200000.000000
64.253429 3 1 30000.000000
64.365630 3 3 10000.000000
64.521186 3 2 10000.000000
64.975310 3 1 1000000.000000
65.006009 3 2 80000.000000
65.132399 3 1 20000.000000
65.483842 3 2 30000000.000000
65.635620 3 1 50000.000000
65.904744 3 3 2000000.000000
66.069817 3 1 10000.000000
66.346371 3 1 80000.000000
66.504327 3 3 20000.000000
67.194722 3 2 1000000.000000
67.300194 3 2 1000000.000000
68.284966 3 3 20000.000000
68.678778 3 0 20000.000000
68.961171 3 3 5000000.000000
69.020098 3 2 10000.000000
69.542417 3 1 30000.000000
69.559029 3 0 2000000.000000
70.181789 3 2 5000000.000000
70.300979 3 2 80000.000000
70.477795 3 1 30000000.000000
70.622914 3 2 80000.000000
70.749717 3 1 20000.000000
70.865380 3 2 20000.000000
71.027769 3 0 10000.000000
71.287640 3 0 1000000.000000
71.455215 3 2 80000.000000
72.452835 3 3 5000000.000000
73.419247 3 2 80000.000000
73.469761 3 2 1000000.000000
73.560375 3 3 5000000.000000
73.787250 3 3 2000000.000000
74.160718 3 3 200000.000000
74.538828 3 0 50000.000000
74.661018 3 2 10000.000000
74.874004 3 2 30000.000000
75.039395 3 2 20000.000000
75.406829 3 0 50000.000000
75.519125 3 0 10000000.000000
76.056268 3 2 10000.000000
76.090409 3 0 5000000.000000
77.462630 3 2 5000000.000000
77.551631 3 0 10000.000000
77.783183 3 0 200000.000000
77.967411 3 1 30000.000000
78.089873 3 0 10000000.000000
78.327573 3 2 200000.000000
78.372622 3 1 1000000.000000
78.389493 3 0 50000.000000
78.536116 3 3 10000.000000
79.101774 3 0 50000.000000
79.241763 3 1 80000.000000
79.817105 3 1 30000.000000
80.274227 3 1 80000.000000
80.668258 3 1 30000.000000
80.905376 3 2 30000.000000
81.057172 3 1 2000000.000000
81.367169 3 0 10000.000000
81.593892 3 3 50000.000000
82.318570 3 0 2000000.000000
84.411600 3 3 80000.000000
84.665116 3 1 1000000.000000
85.188452 3 0 80000.000000
85.541037 3 3 2000000.000000
86.334440 3 3 10000000.000000
87.143589 3 2 2000000.000000
87.207247 3 3 5000000.000000
87.474481 3 1 80000.000000
87.877759 3 2 50000.000000
88.273329 3 3 5000000.000000
88.766806 3 2 80000.000000
88.769964 3 0 5000000.000000
89.217627 3 2 1000000.000000
90.145643 3 1 80000.000000
90.589093 3 2 20000.000000
90.774273 3 2 200000.000000
91.337839 3 2 30000000.000000
91.475302 3 3 30000.000000
92.056546 3 1 20000.000000
92.582929 3 3 5000000.000000
92.611619 3 1 80000.000000
92.770375 3 0 80000.000000
92.843186 3 1 30000.000000
92.900121 3 2 10000.000000
93.128577 3 0 5000000.000000
93.465859 3 2 50000.000000
93.789201 3 2 80000.000000
94.417531 3 3 5000000.000000
94.825952 3 0 1000000.000000
96.080476 3 2 10000.000000
96.827192 3 2 10000.000000
97.130922 3 3 10000.000000
97.270487 3 3 80000.000000
97.807546 3 2 80000.000000
98.125077 3 2 5000000.000000
98.171836 3 1 50000.000000
98.809480 3 3 80000.000000
98.896214 3 0 50000.000000
99.087630 3 2 30000.000000
99.231764 3 0 2000000.000000
99.529277 3 3 50000.000000
99.606274 3 2 5000000.000000
99.667638 3 1 5000000.000000
99.829383 3 3 10000000.000000
99.932500 3 1 10000.000000
99.934470 3 3 50000.000000
100.012040 3 2 30000.000000
100.098698 3 3 1000000.000000
101.036082 3 2 2000000.000000
101.160186 3 2 80000.000000
101.271698 3 3 200000.000000
101.478746 3 3 10000.000000
101.684922 3 0 1000000.000000
102.011753 3 3 1000000.000000
102.257215 3 2 30000000.000000
102.267372 3 1 80000.000000
102.465971 3 1 200000.000000
103.437444 3 0 30000.000000
103.653508 3 0 200000.000000
103.914068 3 0 10000000.000000
104.010562 3 0 2000000.000000
104.220723 3 1 10000.000000
104.469059 3 3 5000000.000000
104.574758 3 0 50000.000000
104.603145 3 3 80000.000000
104.948152 3 1 30000.000000
105.040775 3 1 200000.000000
105.488018 3 1 10000000.000000
105.532932 3 0 10000.000000
105.713536 3 3 10000.000000
105.795850 3 3 1000000.000000
106.064282 3 1 50000.000000
106.291727 3 0 10000.000000
106.377564 3 3 20000.000000
106.535261 3 0 5000000.000000
106.628976 3 3 1000000.000000
106.981564 3 0 80000.000000
107.242794 3 3 30000.000000
107.384808 3 1 10000.000000
107.857696 3 0 50000.000000
108.249001 3 1 50000.000000
108.289780 3 3 30000000.000000
108.450824 3 1 20000.000000
108.460371 3 3 1000000.000000
108.504103 3 0 10000.000000
108.710307 3 1 30000.000000
109.361602 3 3 200000.000000
109.477716 3 3 200000.000000
109.837571 3 3 2000000.000000
110.261339 3 1 1000000.000000
110.460568 3 3 5000000.000000
110.467922 3 3 5000000.000000
110.514892 3 0 200000.000000
110.818404 3 2 20000.000000
110.887145 3 1 2000000.000000
110.926153 3 2 1000000.000000
111.101645 3 3 50000.000000
111.392278 3 0 200000.000000
111.425831 3 1 1000000.000000
111.609345 3 2 2000000.000000
111.788907 3 2 1000000.000000
112.486177 3 0 10000.000000
112.646429 3 1 1000000.000000
112.686976 3 1 30000.000000
113.040396 3 3 5000000.000000
113.491453 3 3 1000000.000000
113.662268 3 2 2000000.000000
114.488004 3 1 1000000.000000
114.536758 3 1 1000000.000000
114.792929 3 1 80000.000000
115.192790 3 1 80000.000000
115.666992 3 1 80000.000000
115.836225 3 1 30000.000000
116.124364 3 0 50000.000000
116.175961 3 1 80000.000000
116.583358 3 0 30000.000000
117.383231 3 2 20000.000000
117.569424 3 1 50000.000000
117.581108 3 0 80000.000000
118.293399 3 0 30000.000000
118.561737 3 1 10000.000000
118.774002 3 1 2000000.000000
118.939134 3 3 50000.000000
119.333419 3 2 1000000.000000
119.591725 3 1 30000.000000
119.984031 3 3 80000.000000
120.094060 3 3 2000000.000000
120.213472 3 2 10000.000000
120.767792 3 3 1000000.000000
120.780145 3 2 10000.000000
122.307680 3 2 1000000.000000
122.429598 3 0 2000000.000000
122.580814 3 3 1000000.000000
122.652427 3 0 10000.000000
122.655034 3 3 50000.000000
122.812768 3 3 10000.000000
122.837404 3 1 2000000.000000
123.212899 3 0 5000000.000000
123.413717 3 3 1000000.000000
123.679007 3 0 30000.000000
123.823278 3 2 1000000.000000
123.878717 3 3 30000.000000
124.198942 3 1 20000.000000
124.294106 3 1 200000.000000
124.436994 3 0 50000.000000
124.618087 3 0 5000000.000000
124.645344 3 2 10000000.000000
125.292163 3 3 30000.000000
125.342874 3 1 5000000.000000
125.409314 3 0 30000.000000
126.392834 3 0 30000.000000
126.496162 3 1 30000.000000
127.083727 3 0 1000000.000000
127.229922 3 1 50000.000000
127.493750 3 0 30000.000000
127.553878 3 3 50000.000000
127.574794 3 2 30000.000000
127.628401 3 3 5000000.000000
127.686194 3 0 10000000.000000
127.890279 3 3 2000000.000000
127.910228 3 3 10000.000000
128.176059 3 3 2000000.000000
128.853949 3 0 50000.000000
128.860865 3 2 1000000.000000
128.964387 3 1 5000000.000000
129.135419 3 2 200000.000000
129.242530 3 2 30000.000000
129.638789 3 3 30000.000000
129.735714 3 1 10000.000000
129.847314 3 1 30000.000000
129.982532 3 3 1000000.000000
130.166625 3 3 10000.000000
130.242714 3 3 30000.000000
130.562458 3 0 5000000.000000
130.624206 3 2 80000.000000
130.995099 3 0 200000.000000
131.220689 3 2 5000000.000000
131.225623 3 3 10000.000000
131.325692 3 1 5000000.000000
131.387285 3 0 80000.000000
131.706324 3 1 1000000.000000
132.214127 3 0 5000000.000000
132.878300 3 2 5000000.000000
133.469912 3 2 2000000.000000
133.977373 3 1 30000.000000
134.147335 3 1 1000000.000000
134.509696 3 0 30000.000000
134.711099 3 1 50000.000000
134.900136 3 3 50000.000000
134.994834 3 3 5000000.000000
135.043631 3 0 50000.000000
135.303098 3 0 50000.000000
135.330613 3 2 5000000.000000
135.651468 3 1 80000.000000
135.729484 3 1 30000.000000
136.031983 3 2 5000000.000000
136.130665 3 3 80000.000000
136.240423 3 2 2000000.000000
136.419679 3 2 10000000.000000
136.513425 3 2 50000.000000
137.357575 3 3 1000000.000000
137.754291 3 3 200000.000000
137.780697 3 0 2000000.000000
138.180929 3 0 10000.000000
138.482917 3 1 200000.000000
138.534051 3 2 80000.000000
138.817410 3 3 80000.000000
139.061418 3 0 1000000.000000
139.516219 3 1 50000.000000
140.875913 3 1 80000.000000
141.789869 3 2 200000.000000
141.820081 3 1 10000000.000000
141.830350 3 1 10000.000000
142.823201 3 3 80000.000000
143.058269 3 3 5000000.000000
143.407484 3 3 30000.000000
143.672038 3 1 30000.000000
143.713363 3 3 80000.000000
143.732793 3 3 30000.000000
144.027025 3 1 1000000.000000
144.095727 3 2 1000000.000000
144.233711 3 2 2000000.000000
144.875506 3 1 80000.000000
145.699835 3 3 30000000.000000
145.776003 3 3 10000.000000
145.789320 3 2 5000000.000000
146.365488 3 3 50000.000000
146.690346 3 3 1000000.000000
146.700997 3 3 1000000.000000
146.934982 3 0 1000000.000000
146.975914 3 0 10000000.000000
147.416079 3 1 80000.000000
148.514199 3 3 30000.000000
148.742348 3 2 30000.000000
148.800166 3 3 20000.000000
148.908984 3 3 50000.000000
149.012402 3 3 10000.000000
149.019091 3 3 80000.000000
149.084116 3 0 200000.000000
149.153471 3 0 30000.000000
149.252660 3 2 80000.000000
149.747198 3 1 30000.000000
