0.001372 0 2 10000.000000
0.494603 0 3 50000.000000
1.291387 0 0 10000.000000
3.722858 0 1 50000.000000
3.884043 0 1 2000000.000000
4.024396 0 0 1000000.000000
4.272369 0 3 1000000.000000
4.989818 0 0 80000.000000
5.673440 0 2 80000.000000
5.737975 0 0 50000.000000
6.590674 0 3 20000.000000
6.616662 0 3 10000.000000
8.663368 0 3 200000.000000
10.238808 0 0 20000.000000
10.319884 0 3 1000000.000000
10.372458 0 0 2000000.000000
10.439435 0 2 5000000.000000
11.016257 0 3 2000000.000000
11.045245 0 1 30000.000000
11.200270 0 1 2000000.000000
11.623137 0 3 50000.000000
12.008418 0 3 5000000.000000
12.096285 0 2 30000000.000000
12.178084 0 1 50000.000000
12.434123 0 2 5000000.000000
12.669805 0 2 200000.000000
13.027931 0 2 10000.000000
13.708581 0 0 1000000.000000
14.438292 0 1 5000000.000000
14.665360 0 2 10000.000000
14.910061 0 1 5000000.000000
14.965251 0 1 5000000.000000
15.025831 0 3 10000.000000
15.368092 0 2 1000000.000000
17.628213 0 1 2000000.000000
18.091280 0 3 30000.000000
18.229687 0 1 5000000.000000
18.291989 0 0 200000.000000
18.555665 0 1 80000.000000
19.303029 0 0 30000.000000
19.569446 0 3 10000.000000
19.685528 0 0 10000000.000000
20.191311 0 0 200000.000000
21.016535 0 3 30000.000000
23.129197 0 1 10000.000000
23.393189 0 1 200000.000000
23.888954 0 0 10000.000000
24.834874 0 1 200000.000000
25.478904 0 3 10000.000000
25.801610 0 0 5000000.000000
26.276216 0 3 1000000.000000
26.391124 0 1 5000000.000000
26.693997 0 1 30000.000000
27.717634 0 0 50000.000000
28.923038 0 3 50000.000000
29.264117 0 1 10000.000000
29.782992 0 3 80000.000000
29.929862 0 0 20000.000000
30.382958 0 2 20000.000000
30.426366 0 1 10000.000000
31.188956 0 0 2000000.000000
32.089788 0 1 10000.000000
32.115446 0 1 1000000.000000
32.185499 0 0 10000.000000
32.538017 0 2 80000.000000
32.793634 0 1 10000000.000000
33.229168 0 3 10000.000000
34.039295 0 2 1000000.000000
34.097929 0 0 2000000.000000
34.443793 0 2 200000.000000
34.478844 0 3 1000000.000000
36.020259 0 1 1000000.000000
36.072076 0 1 30000.000000
37.396378 0 2 2000000.000000
37.445205 0 0 2000000.000000
38.018573 0 2 1000000.000000
38.622923 0 3 10000.000000
38.901090 0 2 80000.000000
39.527606 0 1 30000000.000000
39.612570 0 1 10000000.000000
39.806563 0 3 20000.000000
40.145528 0 2 10000.000000
40.307941 0 0 20000.000000
40.308259 0 3 20000.000000
41.181828 0 3 2000000.000000
41.283478 0 3 10000.000000
41.520839 0 1 10000.000000
42.125857 0 0 80000.000000
42.466016 0 2 30000000.000000
42.509516 0 1 2000000.000000
43.119405 0 3 10000.000000
43.159017 0 0 5000000.000000
43.491427 0 2 30000.000000
43.625304 0 2 80000.000000
44.042167 0 0 30000000.000000
44.203315 0 3 20000.000000
44.237407 0 1 30000.000000
45.208149 0 2 200000.000000
45.407918 0 2 10000.000000
46.143414 0 2 50000.000000
47.008065 0 2 10000.000000
47.108124 0 3 1000000.000000
48.022273 0 3 10000.000000
49.896747 0 1 50000.000000
50.669083 0 2 10000000.000000
51.981457 0 0 50000.000000
51.998669 0 1 10000.000000
52.230918 0 3 5000000.000000
52.299380 0 2 200000.000000
52.926931 0 3 10000.000000
53.434039 0 1 30000.000000
53.793990 0 2 2000000.000000
53.903129 0 0 1000000.000000
54.127828 0 1 10000000.000000
54.869520 0 1 200000.000000
56.463926 0 3 80000.000000
57.430902 0 1 30000.000000
57.779439 0 3 2000000.000000
58.441521 0 1 2000000.000000
59.794511 0 2 10000.000000
61.588303 0 3 2000000.000000
61.737003 0 1 5000000.000000
62.104028 0 3 200000.000000
62.333534 0 0 50000.000000
62.577902 0 3 30000000.000000
64.054848 0 0 1000000.000000
64.369877 0 2 5000000.000000
64.943365 0 3 2000000.000000
68.393069 0 3 30000.000000
69.058369 0 0 30000.000000
69.711764 0 0 80000.000000
70.422823 0 1 80000.000000
70.574249 0 1 2000000.000000
70.977480 0 2 1000000.000000
71.429989 0 1 50000.000000
71.478306 0 2 2000000.000000
72.639586 0 2 200000.000000
73.876741 0 2 10000.000000
74.828321 0 1 30000.000000
75.208542 0 3 30000.000000
76.051080 0 2 50000.000000
76.253241 0 0 80000.000000
78.522784 0 2 10000000.000000
78.612668 0 2 30000.000000
79.029707 0 0 80000.000000
79.229419 0 3 80000.000000
79.602537 0 1 20000.000000
80.358120 0 2 2000000.000000
80.521188 0 0 1000000.000000
80.545266 0 0 200000.000000
80.880197 0 0 200000.000000
81.110528 0 3 10000.000000
82.072999 0 3 10000000.000000
82.073232 0 0 50000.000000
82.200238 0 3 10000.000000
82.594111 0 0 80000.000000
83.028893 0 2 200000.000000
83.129297 0 1 30000.000000
83.366919 0 0 2000000.000000
86.447710 0 3 2000000.000000
87.635422 0 1 10000.000000
88.342281 0 1 2000000.000000
88.420414 0 2 1000000.000000
88.664174 0 0 2000000.000000
88.670464 0 3 10000000.000000
88.735668 0 0 5000000.000000
88.992431 0 0 10000.000000
89.156349 0 2 2000000.000000
89.273485 0 0 10000.000000
89.315931 0 3 50000.000000
89.422796 0 1 1000000.000000
89.715033 0 1 2000000.000000
90.498860 0 3 50000.000000
90.615368 0 0 5000000.000000
91.012716 0 2 200000.000000
91.524567 0 1 80000.000000
92.950345 0 1 30000.000000
93.236459 0 2 80000.000000
93.307326 0 2 2000000.000000
93.393252 0 2 5000000.000000
93.451771 0 0 1000000.000000
93.523518 0 1 20000.000000
93.970132 0 2 10000.000000
96.396160 0 3 5000000.000000
96.550289 0 1 80000.000000
97.555952 0 2 10000.000000
98.342391 0 1 200000.000000
98.454167 0 1 80000.000000
98.739616 0 3 30000.000000
99.333912 0 0 10000.000000
99.886745 0 1 50000.000000
100.054334 0 1 10000000.000000
100.694252 0 0 2000000.000000
102.169136 0 2 30000.000000
102.314350 0 3 20000.000000
102.650210 0 3 1000000.000000
102.905941 0 3 30000.000000
103.051950 0 3 1000000.000000
103.101152 0 3 30000.000000
103.225833 0 3 30000.000000
103.347624 0 0 5000000.000000
103.579119 0 2 5000000.000000
103.630873 0 2 10000.000000
103.796233 0 1 50000.000000
104.030763 0 2 1000000.000000
106.117387 0 2 200000.000000
106.308959 0 3 10000.000000
106.693447 0 2 2000000.000000
107.401375 0 0 10000000.000000
107.509079 0 1 30000.000000
107.978267 0 1 200000.000000
108.289455 0 2 10000.000000
108.530788 0 1 30000.000000
108.884513 0 1 5000000.000000
110.142988 0 3 2000000.000000
111.474600 0 1 30000.000000
112.495387 0 3 5000000.000000
113.567540 0 0 80000.000000
113.731376 0 0 80000.000000
114.060404 0 2 1000000.000000
114.573251 0 3 2000000.000000
115.358904 0 1 2000000.000000
115.947909 0 0 2000000.000000
116.282806 0 2 10000.000000
116.482576 0 1 10000000.000000
117.560197 0 3 5000000.000000
117.599858 0 1 1000000.000000
119.305339 0 3 50000.000000
120.175251 0 2 10000.000000
120.240807 0 3 50000.000000
121.815193 0 1 2000000.000000
122.619344 0 0 10000000.000000
124.183645 0 1 30000.000000
124.251276 0 1 80000.000000
124.461905 0 2 30000.000000
125.237881 0 3 80000.000000
125.389091 0 0 10000000.000000
125.481878 0 0 5000000.000000
125.494504 0 0 20000.000000
125.828884 0 1 50000.000000
125.913204 0 3 20000.000000
126.313820 0 0 20000.000000
126.971456 0 2 10000.000000
126.983907 0 2 30000.000000
127.182636 0 3 5000000.000000
127.329232 0 2 80000.000000
128.344105 0 3 30000.000000
128.601056 0 1 30000.000000
128.727106 0 3 2000000.000000
129.250379 0 1 5000000.000000
130.165144 0 2 80000.000000
130.333861 0 2 1000000.000000
130.348832 0 0 10000.000000
130.447951 0 3 10000.000000
130.951109 0 2 5000000.000000
131.020351 0 2 5000000.000000
131.397860 0 0 200000.000000
131.407478 0 1 5000000.000000
133.369048 0 1 2000000.000000
133.551591 0 3 2000000.000000
134.906014 0 1 30000.000000
135.110259 0 2 1000000.000000
135.120046 0 3 30000000.000000
135.471834 0 0 10000.000000
135.816230 0 2 20000.000000
135.927752 0 3 5000000.000000
136.238916 0 1 50000.000000
137.402638 0 3 1000000.000000
137.484653 0 1 10000.000000
138.309558 0 3 10000.000000
139.565820 0 2 10000.000000
139.624177 0 0 80000.000000
144.577742 0 0 1000000.000000
144.874282 0 1 50000.000000
145.150288 0 0 10000.000000
145.517591 0 2 50000.000000
145.587963 0 1 2000000.000000
145.870955 0 2 80000.000000
146.121135 0 0 80000.000000
146.227493 0 3 200000.000000
146.460418 0 0 10000.000000
146.788294 0 3 5000000.000000
146.803015 0 1 80000.000000
147.145115 0 0 50000.000000
147.962743 0 1 10000.000000
148.972028 0 1 10000000.000000
149.199648 0 0 10000000.000000
149.221497 0 3 10000.000000
0.180471 1 2 50000.000000
0.640008 1 2 10000000.000000
0.811795 1 1 10000.000000
0.918425 1 0 30000.000000
0.973764 1 1 5000000.000000
1.055310 1 3 1000000.000000
2.383818 1 2 2000000.000000
3.687909 1 3 10000000.000000
3.898760 1 2 1000000.000000
4.391896 1 0 5000000.000000
4.438577 1 2 2000000.000000
4.852924 1 1 2000000.000000
4.905644 1 3 30000.000000
5.181958 1 3 20000.000000
5.331833 1 3 10000.000000
5.609234 1 0 5000000.000000
6.095943 1 3 20000.000000
6.664260 1 3 50000.000000
6.956897 1 3 200000.000000
7.429880 1 2 200000.000000
9.636558 1 3 30000.000000
10.331818 1 1 30000.000000
10.803922 1 1 5000000.000000
11.911992 1 3 80000.000000
12.448497 1 3 80000.000000
13.185418 1 2 2000000.000000
13.635851 1 0 10000.000000
14.009159 1 1 20000.000000
14.406599 1 1 2000000.000000
16.016937 1 0 10000.000000
16.020635 1 3 200000.000000
17.527031 1 1 80000.000000
17.925871 1 3 20000.000000
18.620164 1 2 10000.000000
18.976918 1 0 5000000.000000
19.058594 1 2 2000000.000000
19.878120 1 2 50000.000000
20.100682 1 0 2000000.000000
20.890035 1 3 2000000.000000
21.807913 1 2 2000000.000000
22.025076 1 0 30000.000000
22.984981 1 0 200000.000000
23.039281 1 3 10000.000000
23.281628 1 0 30000.000000
23.461294 1 2 1000000.000000
23.934081 1 0 5000000.000000
24.029599 1 1 30000.000000
24.127880 1 3 10000.000000
24.133722 1 2 10000.000000
24.248795 1 2 2000000.000000
24.318034 1 1 30000.000000
25.358261 1 2 20000.000000
27.226518 1 3 10000.000000
27.245680 1 3 5000000.000000
27.484778 1 2 30000.000000
27.532022 1 1 30000.000000
27.561884 1 2 2000000.000000
27.713011 1 3 30000000.000000
28.537560 1 3 1000000.000000
28.922515 1 2 5000000.000000
30.001422 1 0 20000.000000
31.164147 1 2 200000.000000
31.932072 1 0 80000.000000
32.202843 1 1 80000.000000
32.477151 1 2 5000000.000000
32.579734 1 1 80000.000000
32.740793 1 3 2000000.000000
32.816046 1 0 2000000.000000
32.893127 1 1 1000000.000000
33.156022 1 0 2000000.000000
33.410548 1 1 2000000.000000
33.609694 1 2 80000.000000
34.083055 1 0 30000.000000
34.881289 1 2 5000000.000000
34.990479 1 1 2000000.000000
35.274369 1 1 2000000.000000
35.463968 1 3 50000.000000
35.485898 1 2 10000.000000
36.715261 1 1 30000000.000000
36.862091 1 2 50000.000000
37.007184 1 2 30000.000000
37.020093 1 3 80000.000000
37.545999 1 2 10000.000000
37.638370 1 3 5000000.000000
37.885695 1 3 2000000.000000
40.419881 1 0 1000000.000000
41.532687 1 1 10000.000000
42.167041 1 0 80000.000000
43.376573 1 0 1000000.000000
43.716735 1 1 2000000.000000
44.283656 1 3 10000.000000
45.760755 1 2 200000.000000
46.186333 1 1 50000.000000
46.266876 1 2 30000.000000
46.758842 1 3 10000.000000
47.063865 1 2 20000.000000
47.238817 1 0 80000.000000
47.580406 1 2 2000000.000000
48.604692 1 1 5000000.000000
48.660714 1 3 2000000.000000
48.718099 1 0 2000000.000000
49.029262 1 0 30000.000000
49.537208 1 1 10000.000000
50.349989 1 3 200000.000000
50.857308 1 3 1000000.000000
52.376607 1 2 50000.000000
52.442089 1 2 50000.000000
52.965377 1 1 2000000.000000
53.548405 1 0 10000000.000000
54.407800 1 2 200000.000000
54.665756 1 0 2000000.000000
55.329147 1 0 5000000.000000
55.817482 1 2 5000000.000000
56.069972 1 0 10000000.000000
56.292037 1 3 2000000.000000
56.445120 1 3 50000.000000
57.511031 1 2 10000.000000
57.966893 1 2 30000.000000
58.157981 1 0 5000000.000000
58.883935 1 1 10000.000000
59.674496 1 2 1000000.000000
60.200472 1 2 50000.000000
60.576771 1 0 2000000.000000
61.132196 1 0 30000.000000
62.282138 1 3 2000000.000000
62.322257 1 0 2000000.000000
63.359830 1 3 10000.000000
63.911834 1 0 50000.000000
64.434187 1 3 2000000.000000
64.992732 1 0 20000.000000
65.227988 1 3 30000000.000000
65.501786 1 2 10000000.000000
65.868569 1 3 2000000.000000
66.933934 1 1 5000000.000000
67.165226 1 2 10000.000000
67.512049 1 3 20000.000000
67.701000 1 1 30000.000000
67.777194 1 0 5000000.000000
68.452976 1 1 30000.000000
68.604558 1 2 50000.000000
68.736183 1 0 80000.000000
68.865750 1 0 200000.000000
69.019448 1 2 50000.000000
70.907839 1 1 10000.000000
70.968464 1 1 2000000.000000
71.348713 1 0 200000.000000
71.536935 1 1 30000.000000
71.916552 1 2 50000.000000
71.925874 1 3 2000000.000000
71.939187 1 3 20000.000000
72.245735 1 1 1000000.000000
72.332122 1 1 10000.000000
72.588142 1 1 80000.000000
72.833028 1 0 200000.000000
73.768389 1 2 10000.000000
74.070609 1 3 30000.000000
75.159050 1 0 1000000.000000
75.748163 1 2 200000.000000
76.143407 1 3 30000.000000
76.409365 1 0 200000.000000
76.867406 1 0 50000.000000
76.946812 1 1 30000.000000
77.462116 1 2 2000000.000000
77.863939 1 1 20000.000000
78.079644 1 2 50000.000000
78.656887 1 2 50000.000000
78.925609 1 0 2000000.000000
80.711143 1 1 10000000.000000
80.766317 1 1 80000.000000
81.001492 1 3 10000.000000
81.176125 1 3 80000.000000
81.258361 1 2 10000.000000
81.302655 1 1 1000000.000000
81.600687 1 2 1000000.000000
81.822257 1 3 2000000.000000
81.920979 1 1 80000.000000
82.038419 1 2 50000.000000
82.544498 1 1 20000.000000
82.727293 1 1 5000000.000000
83.920885 1 2 200000.000000
83.964385 1 3 2000000.000000
84.404881 1 2 30000.000000
84.514551 1 0 80000.000000
85.125788 1 0 50000.000000
85.223320 1 1 1000000.000000
85.552278 1 0 50000.000000
86.532149 1 2 20000.000000
86.929374 1 0 2000000.000000
87.102889 1 2 200000.000000
88.835238 1 1 2000000.000000
89.072897 1 0 1000000.000000
89.290679 1 1 5000000.000000
89.555881 1 1 10000000.000000
89.612578 1 3 1000000.000000
90.016906 1 0 80000.000000
91.239849 1 2 10000.000000
91.555961 1 1 2000000.000000
91.998441 1 3 50000.000000
92.144571 1 0 80000.000000
92.435665 1 2 10000.000000
92.595981 1 0 200000.000000
94.022131 1 3 50000.000000
94.696667 1 1 10000000.000000
94.703003 1 2 200000.000000
95.083555 1 2 1000000.000000
95.637607 1 1 30000.000000
95.786036 1 2 10000.000000
97.997367 1 1 30000000.000000
98.631951 1 0 30000.000000
99.990645 1 1 50000.000000
100.311449 1 1 10000.000000
100.358735 1 1 200000.000000
101.836934 1 0 30000.000000
102.793034 1 0 200000.000000
103.398210 1 0 10000.000000
104.500930 1 2 50000.000000
105.303932 1 1 5000000.000000
106.007181 1 3 80000.000000
108.734631 1 1 10000000.000000
109.436713 1 3 2000000.000000
110.293636 1 1 50000.000000
110.631375 1 1 10000000.000000
111.386564 1 3 30000.000000
111.530288 1 2 200000.000000
111.702989 1 2 10000.000000
112.137619 1 0 50000.000000
112.722440 1 3 80000.000000
112.943026 1 2 10000.000000
114.065301 1 2 80000.000000
114.162955 1 3 5000000.000000
115.058820 1 0 80000.000000
115.098867 1 3 30000.000000
116.473446 1 3 200000.000000
117.017059 1 1 200000.000000
117.056789 1 3 20000.000000
117.432682 1 3 10000.000000
117.476167 1 0 10000000.000000
118.412595 1 3 10000.000000
119.840535 1 3 10000.000000
120.092095 1 3 50000.000000
120.258985 1 1 30000.000000
120.933365 1 1 80000.000000
123.194853 1 1 30000.000000
123.416258 1 3 50000.000000
124.379000 1 1 1000000.000000
124.621202 1 1 2000000.000000
125.173096 1 0 10000.000000
125.905224 1 0 80000.000000
127.231775 1 2 10000.000000
127.471457 1 0 30000.000000
127.526615 1 1 10000000.000000
127.891071 1 2 80000.000000
128.314790 1 1 10000000.000000
128.651330 1 1 20000.000000
128.688234 1 3 5000000.000000
128.696222 1 2 2000000.000000
130.792215 1 3 50000.000000
131.117957 1 0 2000000.000000
131.338567 1 3 20000.000000
131.788368 1 3 50000.000000
131.869255 1 2 10000000.000000
132.968215 1 3 1000000.000000
133.268586 1 1 200000.000000
134.029049 1 2 20000.000000
135.168783 1 0 1000000.000000
135.422228 1 2 10000.000000
135.785130 1 3 30000.000000
136.117950 1 2 80000.000000
138.221937 1 2 20000.000000
139.559287 1 0 30000.000000
139.736522 1 3 50000.000000
139.825388 1 2 30000.000000
141.617697 1 3 10000.000000
142.917519 1 3 10000000.000000
143.715015 1 2 2000000.000000
144.344249 1 3 30000.000000
144.750848 1 0 80000.000000
145.035994 1 3 1000000.000000
145.158130 1 1 80000.000000
145.457303 1 1 5000000.000000
145.533241 1 0 50000.000000
145.873299 1 2 50000.000000
145.973423 1 0 10000000.000000
146.298565 1 3 5000000.000000
146.315116 1 0 200000.000000
148.004194 1 0 30000.000000
148.065498 1 3 10000.000000
148.947043 1 3 2000000.000000
0.573707 2 2 10000.000000
0.779055 2 0 200000.000000
1.526743 2 1 10000.000000
3.057740 2 1 10000000.000000
3.251609 2 2 30000.000000
3.502010 2 3 200000.000000
4.288718 2 1 10000.000000
4.774129 2 1 10000.000000
6.342425 2 0 50000.000000
6.651538 2 1 10000000.000000
6.725847 2 1 30000.000000
6.726324 2 2 80000.000000
7.045037 2 1 5000000.000000
7.792694 2 1 50000.000000
8.964229 2 2 50000.000000
9.083608 2 2 10000.000000
9.113221 2 3 30000.000000
9.194733 2 0 1000000.000000
9.312865 2 2 80000.000000
9.341092 2 2 5000000.000000
10.018505 2 1 30000.000000
10.052480 2 1 1000000.000000
10.525984 2 1 5000000.000000
11.741252 2 1 10000.000000
11.827757 2 2 1000000.000000
12.126151 2 1 10000.000000
12.755653 2 3 30000.000000
13.145759 2 1 2000000.000000
13.306845 2 3 80000.000000
15.687782 2 0 10000.000000
16.322124 2 3 1000000.000000
16.861637 2 1 1000000.000000
17.369275 2 1 30000.000000
18.004978 2 2 2000000.000000
19.094772 2 3 10000.000000
19.146442 2 0 20000.000000
19.397108 2 1 80000.000000
19.672196 2 3 200000.000000
21.259674 2 0 200000.000000
21.391602 2 0 30000.000000
21.645950 2 3 1000000.000000
22.025120 2 2 200000.000000
23.430292 2 2 30000000.000000
23.500142 2 3 10000.000000
24.974379 2 1 50000.000000
25.060507 2 2 2000000.000000
25.727511 2 2 30000.000000
26.365781 2 2 80000.000000
26.446798 2 0 5000000.000000
27.332236 2 2 10000000.000000
28.165283 2 1 30000.000000
28.333120 2 0 30000.000000
28.549764 2 0 10000000.000000
29.148572 2 2 2000000.000000
30.130983 2 0 10000.000000
30.972085 2 3 2000000.000000
32.111017 2 0 5000000.000000
32.357177 2 1 2000000.000000
32.997551 2 0 10000.000000
33.277661 2 3 2000000.000000
34.037894 2 0 10000.000000
35.505660 2 2 10000.000000
35.530987 2 0 200000.000000
35.611990 2 1 10000000.000000
35.693071 2 1 1000000.000000
36.052416 2 0 10000000.000000
36.363468 2 2 10000000.000000
36.829779 2 2 2000000.000000
37.048650 2 0 10000.000000
37.833967 2 3 10000000.000000
38.658488 2 2 5000000.000000
38.664745 2 3 30000000.000000
39.032291 2 3 10000000.000000
39.641692 2 1 10000.000000
39.994604 2 1 30000.000000
40.226071 2 1 1000000.000000
40.287114 2 2 10000000.000000
41.113802 2 3 2000000.000000
41.488988 2 3 20000.000000
42.671689 2 0 10000000.000000
43.228217 2 3 200000.000000
43.941437 2 0 5000000.000000
44.228641 2 1 1000000.000000
44.436203 2 1 10000000.000000
44.630208 2 2 80000.000000
45.071896 2 1 80000.000000
45.162253 2 3 80000.000000
45.931978 2 3 1000000.000000
48.105875 2 0 30000.000000
48.523586 2 2 10000.000000
48.694092 2 2 10000.000000
50.174661 2 2 5000000.000000
50.475350 2 2 50000.000000
51.027856 2 3 80000.000000
52.161496 2 1 30000.000000
52.645902 2 2 10000000.000000
52.915302 2 0 5000000.000000
53.562427 2 3 5000000.000000
53.733545 2 0 50000.000000
53.926397 2 2 50000.000000
55.249048 2 0 2000000.000000
55.497168 2 3 2000000.000000
55.718405 2 3 50000.000000
56.416934 2 2 30000.000000
57.451491 2 3 10000.000000
58.212036 2 1 1000000.000000
58.310673 2 3 80000.000000
59.346538 2 2 10000.000000
59.455024 2 1 200000.000000
60.237513 2 2 80000.000000
60.256553 2 1 80000.000000
60.679067 2 3 1000000.000000
60.875957 2 3 30000.000000
61.003844 2 2 5000000.000000
61.064526 2 2 50000.000000
61.463024 2 2 80000.000000
61.530730 2 3 10000.000000
62.591097 2 2 80000.000000
62.806829 2 0 80000.000000
62.899544 2 1 200000.000000
62.905398 2 0 200000.000000
63.810265 2 1 1000000.000000
64.523857 2 2 2000000.000000
64.538927 2 0 30000000.000000
64.755470 2 0 30000.000000
64.775008 2 1 1000000.000000
64.996915 2 0 80000.000000
65.019409 2 2 10000.000000
65.359460 2 3 50000.000000
65.449897 2 3 5000000.000000
67.169660 2 0 20000.000000
67.313072 2 1 30000000.000000
67.341608 2 3 10000000.000000
67.620240 2 1 30000.000000
69.357459 2 0 30000.000000
70.371531 2 3 10000.000000
70.421068 2 1 1000000.000000
70.485916 2 0 80000.000000
71.372685 2 3 80000.000000
71.378486 2 2 5000000.000000
72.144590 2 3 80000.000000
72.159786 2 1 50000.000000
72.660301 2 1 10000000.000000
73.603933 2 3 200000.000000
73.615415 2 0 50000.000000
73.745060 2 2 10000.000000
74.377698 2 0 2000000.000000
75.276817 2 0 5000000.000000
76.089127 2 3 10000.000000
76.101395 2 3 200000.000000
76.200093 2 0 80000.000000
76.231027 2 3 1000000.000000
76.309321 2 2 5000000.000000
76.795732 2 1 200000.000000
77.079518 2 0 200000.000000
77.559207 2 1 10000.000000
77.791060 2 0 30000000.000000
77.955523 2 3 5000000.000000
78.539242 2 1 5000000.000000
79.147446 2 1 30000.000000
79.416206 2 0 10000000.000000
80.856835 2 2 50000.000000
80.975322 2 3 80000.000000
81.594512 2 1 50000.000000
81.981347 2 3 5000000.000000
82.751579 2 1 10000000.000000
83.375152 2 3 10000.000000
83.867686 2 2 10000000.000000
84.351276 2 0 2000000.000000
84.546238 2 3 50000.000000
84.660892 2 3 10000000.000000
84.876560 2 0 5000000.000000
85.040809 2 2 5000000.000000
85.405114 2 0 50000.000000
85.486992 2 1 2000000.000000
85.667958 2 1 10000.000000
86.265292 2 2 80000.000000
86.342483 2 2 10000000.000000
87.186266 2 1 1000000.000000
87.214172 2 0 10000.000000
87.356796 2 0 2000000.000000
88.333985 2 0 5000000.000000
88.383995 2 2 1000000.000000
88.390810 2 0 50000.000000
89.851568 2 2 5000000.000000
91.791746 2 3 30000.000000
92.462099 2 3 200000.000000
92.769584 2 1 2000000.000000
92.974226 2 2 5000000.000000
95.638369 2 1 1000000.000000
95.846421 2 3 30000.000000
96.024592 2 1 10000000.000000
96.061947 2 1 1000000.000000
96.241519 2 3 30000.000000
96.293859 2 3 20000.000000
96.325991 2 2 5000000.000000
96.931377 2 0 50000.000000
98.380404 2 2 50000.000000
98.527031 2 1 10000.000000
99.251528 2 2 10000.000000
99.443917 2 2 5000000.000000
99.896198 2 1 1000000.000000
100.429402 2 1 200000.000000
100.716505 2 3 5000000.000000
101.122986 2 3 1000000.000000
101.247732 2 3 10000.000000
101.371783 2 2 30000.000000
102.212839 2 0 10000.000000
103.667581 2 3 30000000.000000
104.324087 2 1 5000000.000000
104.941829 2 2 2000000.000000
105.595008 2 1 10000.000000
105.709612 2 2 10000000.000000
105.807626 2 2 2000000.000000
107.071624 2 2 1000000.000000
107.843730 2 3 50000.000000
108.223692 2 1 20000.000000
108.276112 2 1 80000.000000
109.529515 2 2 10000.000000
109.677510 2 2 1000000.000000
109.786129 2 0 5000000.000000
109.954308 2 1 1000000.000000
110.064219 2 1 80000.000000
111.279526 2 1 200000.000000
112.345508 2 1 20000.000000
112.428194 2 3 10000.000000
112.686753 2 2 10000.000000
113.500217 2 2 80000.000000
113.961304 2 0 2000000.000000
115.951296 2 0 10000.000000
117.181302 2 0 10000.000000
117.476918 2 2 80000.000000
117.817846 2 0 80000.000000
118.933034 2 0 10000.000000
119.282040 2 0 1000000.000000
119.959490 2 1 30000.000000
120.034094 2 3 1000000.000000
120.257446 2 3 10000.000000
120.268232 2 3 1000000.000000
120.719467 2 1 10000.000000
121.396658 2 3 200000.000000
121.480459 2 0 30000.000000
121.566193 2 0 200000.000000
121.582725 2 1 2000000.000000
121.646521 2 3 1000000.000000
122.194835 2 2 50000.000000
123.773467 2 2 2000000.000000
124.625362 2 1 80000.000000
124.999005 2 0 20000.000000
125.324771 2 1 2000000.000000
126.001265 2 0 30000.000000
126.835578 2 0 50000.000000
127.215151 2 0 80000.000000
127.687435 2 0 80000.000000
128.019280 2 0 1000000.000000
128.524990 2 0 80000.000000
128.747417 2 1 2000000.000000
128.978885 2 0 5000000.000000
129.464250 2 3 1000000.000000
129.990301 2 2 30000.000000
130.221495 2 3 80000.000000
131.553441 2 1 80000.000000
132.762557 2 1 50000.000000
133.104890 2 0 10000.000000
133.325132 2 1 10000.000000
133.344805 2 1 5000000.000000
133.746710 2 0 5000000.000000
135.297760 2 1 50000.000000
135.835401 2 1 30000.000000
136.173803 2 0 10000000.000000
136.913695 2 3 10000000.000000
138.290618 2 0 10000.000000
138.372644 2 1 2000000.000000
140.142908 2 3 10000.000000
140.209579 2 2 80000.000000
140.324670 2 2 2000000.000000
141.022212 2 2 50000.000000
141.824205 2 3 2000000.000000
142.588359 2 3 2000000.000000
142.766190 2 1 2000000.000000
144.010357 2 0 1000000.000000
144.108485 2 1 30000.000000
147.524341 2 1 80000.000000
148.001832 2 1 80000.000000
149.480962 2 1 10000000.000000
149.918751 2 0 10000.000000
0.351961 3 2 50000.000000
0.635689 3 1 200000.000000
0.804702 3 1 10000000.000000
2.198216 3 0 2000000.000000
2.221344 3 2 10000.000000
3.586816 3 0 200000.000000
3.752297 3 3 30000.000000
4.289074 3 0 1000000.000000
4.919189 3 2 1000000.000000
4.950730 3 2 10000000.000000
5.501970 3 1 2000000.000000
6.872515 3 3 30000000.000000
7.305743 3 2 2000000.000000
9.401613 3 0 50000.000000
11.154372 3 2 5000000.000000
12.031513 3 0 200000.000000
12.511172 3 1 10000.000000
12.840659 3 0 10000.000000
13.008250 3 2 10000000.000000
13.095556 3 1 80000.000000
14.453923 3 0 30000.000000
15.063866 3 0 80000.000000
15.536353 3 1 80000.000000
17.562250 3 1 1000000.000000
18.381092 3 3 1000000.000000
18.407765 3 2 10000.000000
19.276936 3 2 5000000.000000
19.553926 3 2 1000000.000000
19.645836 3 2 10000.000000
20.293718 3 0 5000000.000000
21.090924 3 3 80000.000000
22.717446 3 1 20000.000000
22.809686 3 2 2000000.000000
23.000896 3 2 80000.000000
23.426902 3 2 80000.000000
24.144762 3 0 1000000.000000
24.623193 3 0 10000.000000
24.698304 3 1 30000.000000
24.913445 3 1 30000.000000
25.168393 3 1 2000000.000000
25.364071 3 1 30000000.000000
25.785390 3 0 5000000.000000
25.814355 3 1 10000000.000000
26.175925 3 1 80000.000000
27.153703 3 1 80000.000000
27.836149 3 0 50000.000000
28.037207 3 2 5000000.000000
28.118977 3 0 10000.000000
28.165655 3 3 2000000.000000
29.368313 3 0 5000000.000000
29.694162 3 1 200000.000000
30.840482 3 0 5000000.000000
30.925388 3 0 10000.000000
31.065283 3 3 30000.000000
31.142240 3 0 10000.000000
31.431658 3 2 30000.000000
31.976375 3 3 10000000.000000
31.981045 3 1 5000000.000000
33.209029 3 1 1000000.000000
33.655689 3 1 50000.000000
33.675559 3 0 2000000.000000
33.703646 3 2 10000.000000
33.867448 3 3 30000.000000
33.911639 3 2 5000000.000000
34.044206 3 0 10000.000000
35.326664 3 3 2000000.000000
35.428656 3 2 1000000.000000
35.750525 3 3 80000.000000
35.948383 3 1 30000.000000
36.328471 3 0 1000000.000000
36.564060 3 2 50000.000000
36.634058 3 2 80000.000000
37.830142 3 2 10000.000000
37.843945 3 2 1000000.000000
37.937313 3 2 2000000.000000
38.146182 3 2 5000000.000000
38.241836 3 1 50000.000000
38.358164 3 0 20000.000000
39.706141 3 3 200000.000000
40.115994 3 2 20000.000000
40.236524 3 0 10000.000000
40.621533 3 1 80000.000000
40.628100 3 1 10000.000000
40.849873 3 1 10000.000000
41.702437 3 2 10000.000000
41.902324 3 3 2000000.000000
42.207767 3 0 10000.000000
42.525808 3 1 30000.000000
42.945928 3 1 10000.000000
43.489243 3 2 50000.000000
44.347013 3 3 80000.000000
44.870317 3 2 20000.000000
45.342846 3 0 1000000.000000
45.740423 3 0 80000.000000
45.980456 3 1 50000.000000
47.021088 3 3 80000.000000
47.983391 3 0 10000.000000
48.712355 3 0 30000.000000
49.453447 3 0 5000000.000000
49.455239 3 3 1000000.000000
49.887586 3 3 80000.000000
50.332360 3 2 10000000.000000
50.468153 3 3 10000.000000
51.226886 3 2 20000.000000
51.433048 3 3 10000.000000
52.331217 3 1 50000.000000
52.371024 3 0 2000000.000000
53.033983 3 3 10000000.000000
54.569714 3 2 10000000.000000
54.614696 3 0 1000000.000000
55.064690 3 2 1000000.000000
55.405338 3 2 50000.000000
55.724564 3 3 10000.000000
55.898218 3 3 30000000.000000
55.928956 3 0 80000.000000
56.232984 3 1 10000.000000
57.500421 3 0 10000.000000
57.719821 3 2 80000.000000
57.783817 3 2 2000000.000000
58.096755 3 1 1000000.000000
58.336390 3 0 1000000.000000
59.476856 3 1 80000.000000
60.703873 3 1 10000.000000
60.767478 3 1 50000.000000
61.330363 3 0 80000.000000
61.797811 3 0 50000.000000
62.522051 3 0 2000000.000000
63.401842 3 1 50000.000000
63.454443 3 0 5000000.000000
64.274501 3 2 10000000.000000
65.424548 3 3 10000000.000000
66.142572 3 3 2000000.000000
66.302011 3 2 200000.000000
67.068927 3 0 10000.000000
67.433485 3 2 5000000.000000
67.498725 3 2 1000000.000000
67.580175 3 3 50000.000000
69.524798 3 3 200000.000000
69.660395 3 0 10000.000000
69.873973 3 0 50000.000000
70.099440 3 1 200000.000000
70.373539 3 3 80000.000000
72.468930 3 2 50000.000000
72.474361 3 0 2000000.000000
73.273407 3 2 1000000.000000
73.973583 3 3 80000.000000
74.131949 3 1 2000000.000000
74.380623 3 1 10000.000000
74.882722 3 1 80000.000000
76.570613 3 0 10000.000000
77.524452 3 2 10000.000000
79.200717 3 2 10000.000000
79.278881 3 2 50000.000000
79.536317 3 2 30000.000000
79.598903 3 2 10000.000000
79.732418 3 2 10000000.000000
80.447391 3 3 2000000.000000
80.821420 3 1 80000.000000
81.411854 3 3 50000.000000
82.631190 3 0 5000000.000000
82.639960 3 0 200000.000000
83.228241 3 2 1000000.000000
84.507291 3 3 1000000.000000
85.186012 3 1 2000000.000000
85.230158 3 1 10000.000000
86.552132 3 3 200000.000000
86.639730 3 0 10000.000000
86.755622 3 1 80000.000000
87.108462 3 0 20000.000000
88.176951 3 0 30000000.000000
88.445320 3 2 2000000.000000
89.445732 3 2 10000000.000000
89.581247 3 0 10000.000000
91.768844 3 2 2000000.000000
92.759221 3 2 2000000.000000
93.117509 3 0 80000.000000
94.303283 3 3 80000.000000
96.026413 3 0 2000000.000000
99.923864 3 3 10000.000000
100.640067 3 2 30000.000000
102.679292 3 3 10000000.000000
102.809215 3 0 20000.000000
104.654803 3 3 80000.000000
104.980395 3 1 200000.000000
105.132383 3 1 2000000.000000
105.248240 3 2 10000000.000000
105.546641 3 0 200000.000000
107.159694 3 0 200000.000000
107.271325 3 0 50000.000000
107.695866 3 0 80000.000000
108.534132 3 2 50000.000000
109.228671 3 1 80000.000000
110.487331 3 3 10000.000000
110.797227 3 3 80000.000000
111.373052 3 3 50000.000000
111.929197 3 3 30000.000000
112.351457 3 2 1000000.000000
112.650483 3 2 50000.000000
113.479204 3 1 200000.000000
114.790366 3 1 5000000.000000
116.567339 3 1 10000.000000
117.290497 3 2 10000000.000000
117.630665 3 0 2000000.000000
118.366557 3 2 20000.000000
118.456482 3 2 50000.000000
119.438239 3 3 1000000.000000
119.458767 3 2 20000.000000
119.500775 3 1 1000000.000000
120.701602 3 1 10000000.000000
121.173798 3 0 10000000.000000
121.276106 3 1 10000.000000
121.502049 3 0 200000.000000
122.086104 3 3 30000.000000
122.229566 3 1 5000000.000000
122.466707 3 2 50000.000000
122.544704 3 3 2000000.000000
122.562211 3 2 10000.000000
124.161132 3 1 200000.000000
124.769610 3 1 30000.000000
125.455976 3 3 50000.000000
125.722189 3 1 30000000.000000
126.717730 3 3 80000.000000
128.120574 3 2 1000000.000000
128.604953 3 2 80000.000000
128.610072 3 0 50000.000000
128.919416 3 0 80000.000000
129.143856 3 2 1000000.000000
129.299832 3 0 20000.000000
129.742400 3 3 10000000.000000
130.112329 3 1 30000.000000
130.201339 3 1 30000.000000
130.396451 3 1 2000000.000000
130.624913 3 3 1000000.000000
131.522389 3 2 200000.000000
131.697218 3 2 80000.000000
132.808798 3 3 200000.000000
132.845338 3 3 5000000.000000
133.344323 3 0 20000.000000
133.938706 3 2 1000000.000000
134.885493 3 0 30000.000000
135.277091 3 0 10000.000000
135.567032 3 3 80000.000000
136.773520 3 1 2000000.000000
137.885929 3 3 1000000.000000
138.253547 3 1 30000.000000
138.688340 3 2 80000.000000
138.954827 3 2 10000000.000000
139.750621 3 2 50000.000000
139.868976 3 2 10000.000000
140.326981 3 1 200000.000000
140.793204 3 1 5000000.000000
141.644656 3 1 200000.000000
142.534580 3 2 1000000.000000
142.820724 3 1 50000.000000
142.878752 3 3 5000000.000000
143.418237 3 2 50000.000000
143.747523 3 2 5000000.000000
143.915582 3 2 1000000.000000
144.598920 3 0 10000.000000
146.687853 3 0 5000000.000000
147.051391 3 2 50000.000000
147.227607 3 0 50000.000000
147.759614 3 2 10000.000000
149.033581 3 1 80000.000000
149.253047 3 2 30000.000000
149.496081 3 1 1000000.000000
149.589104 3 2 1000000.000000
